%UBV photoelectric observations
%
% No    Ref    V       B-V     U-B     N
%
 0001   578  13.040   1.020   0.740    1
 0002    82  14.820   0.790   0.360    3
 0002    82  14.900   0.770   0.370    3
 0004    82  13.300   0.320   0.160    1
 0004    82  13.280   0.360   0.170    1
 0005    82  12.880   0.690   0.100    4
 0005    82  12.900   0.700   0.160    4
 0006    82  12.100   0.540   0.050    4
 0006    82  12.090   0.520   0.020    4
 0008   578   8.760   0.930   0.640    2
 0010   109  10.890   1.420   1.520    3
 0010   578  10.930   1.390   1.470    1
 0014    82  10.770   0.620   0.200    2
 0014    82  10.760   0.620   0.210    2
 1001    82  11.880   1.140   0.820    2
 1001   109  12.000   1.130   0.880    3
 1003    82  13.960   0.480   0.070    2
 1004    82  16.280   0.830   0.270    1
 1005    82  14.790   0.640   0.340    1
 1006    82  14.850   0.950   0.610    1
 1008    82  16.430   0.720   0.250    1
 1009    82  15.480   0.840   0.380    2
 1010    82  14.900   0.760   0.220    2
 1014    82  15.450   0.720   0.130    1
 1015    82  14.810   0.820   0.330    2
 1016    82  15.910   0.840   0.380    1
 1017    82  14.990   0.690   0.170    2
 1020    82  14.200   0.940   0.510    3
 1020   578  14.310   0.880   0.490    2
 1031    82  16.240   0.780   0.300    1
 1032    82  14.400   0.640   0.140    2
 1033    82  14.530   0.760   0.260    2
 1034    82  15.830   0.730   0.220    1
 1041    82  15.230   0.730   0.190    2
 1042    82  15.060   0.970   0.660    2
 1043    82  14.930   0.620   0.130    2
 1044    82  16.360   0.750   0.290    1
 1045    82  15.000   0.720   0.140    2
 1047    82  14.930   0.720   0.170    2
 1047    82  14.920   0.720   0.210    2
 1048    82  14.870   0.780   0.260    2
 1048    82  14.900   0.720   0.290    2
 1049    82  15.640   0.740   0.180    1
 1049    82  15.660   0.700   0.180    1
 1050    82  13.860   0.550   0.030    3
 1056    82  16.410   0.820   0.260    1
 1057    82  13.590   1.140   0.920    1
 1058    82  16.770   0.680  -0.050    1
 1059    82  13.950   1.010   0.690    1
 1060    82  15.170   0.670   0.120    1
 1061    82  14.100   1.100   0.860    1
 1062    82  14.810   0.780   0.220    1
 1063    82  15.850   0.720   0.100    1
 1065    82  15.350   0.680   0.130    1
 1066    82  14.970   0.880   0.420    1
 1069    82  12.260   1.300   1.350    3
 1069   109  12.340   1.310   1.390    4
 1069   578  12.360   1.270   1.350    1
 1071    82  15.090   0.670   0.140    1
 1075    82  13.870   1.080   0.840    1
 1075   109  13.890   1.120   1.010    3
 1076    82  14.940   0.680   0.150    1
 1080    82  15.350   0.720   0.130    2
 1081    82  15.800   0.760   0.160    2
 1082    82  16.720   0.820            2
 1082    82  16.770   0.800            2
 1083    82  16.740   0.810   0.550    1
 1085    82  14.570   1.040   0.760    1
 1090    82  15.690   0.750   0.240    1
 1091    82  14.840   0.710   0.140    1
 1092    82  15.390   0.690   0.130    1
 1093    82  14.530   0.700   0.150    1
 1094    82  16.390   0.790   0.220    1
 1095    82  16.050   0.720   0.260    1
 1096    82  16.560   0.860   0.330    1
 1097    82  14.980   0.970   0.630    1
 1099    82  14.940   0.730   0.260    1
 1100    82  15.230   0.700   0.210    1
 1101    82  15.000   0.680   0.070    2
 1102    82  14.500   0.600   0.100    2
 1103    82  15.140   0.620   0.100    2
 1104    82  15.390   0.690   0.110    3
 1105    82  12.300   1.170   1.070    3
 1105   109  12.330   1.210   1.140    3
 1106    82  11.810   0.530   0.010    4
 1106    82  11.760   0.540  -0.050    4
 1107    82  15.950   1.390   1.110    1
 1108    82  15.150   0.720   0.250    1
 1108    82  15.160   0.730   0.260    1
 1109    82  16.220   0.760   0.220    2
 1110    82  16.860   0.800   0.530    1
 1111    82  15.210   0.680   0.160    1
 1112    82  14.400   0.690   0.130    2
 1113    82  15.970   0.780   0.290    1
 1113    82  15.970   0.790   0.290    1
 1116    82  13.840   0.950   0.480    1
 1117    82  17.350   0.920   0.800    1
 1118    82  16.980   1.060   0.760    1
 1122    82  17.500   1.000   0.620    1
 1124    82  17.130   1.020   0.600    1
 1134    82  17.600   1.060            1
 1135    82  16.970   0.930   0.450    1
 1165    82  17.850   0.770            1
 1166    82  17.960   1.260            1
 1167    82  18.420   0.840            1
 1168    82  17.760   0.930   0.600    1
 1169    82  17.590   0.970   0.730    1
 1170    82  18.950   1.410            2
 1171    82  18.690   1.020            1
 1172    82  19.030   1.300            2
 1173    82  18.620   0.820            1
 1174    82  18.700   1.270            1
 1175    82  19.960   1.560            1
 1176    82  18.500   0.900            1
 1177    82  18.570   1.200            2
 1178    82  19.160   1.840            2
 1179    82  18.270   1.120            2
 1200    82  14.890   0.780              
 1201    82  12.250   0.620   0.060    1
 2009    82  15.310   0.740   0.190    1
 2012    82  16.230   0.720   0.240    1
 2025    82  15.570   0.920   0.490    1
 2026   578  13.680   0.950   0.650    1
 2027    82  15.300   0.680   0.220    1
 2028    82  15.860   0.700   0.230    1
 2029    82   9.550   0.500   0.030    7
 2043    82  15.870   0.730   0.200    1
 2046    82  13.320   0.570   0.130    6
 2046    82  13.340   0.540   0.150    6
 2047    82  13.470   0.660   0.090    1
 2055    82  15.380   0.650   0.180    1
 2067    82  14.930   0.750   0.230    1
 2072   109  12.480   1.310   1.360    3
 2073    82  15.030   0.690   0.170    1
 2076   109  12.460   1.210   1.190    3
 2080    82  15.690   0.690   0.150    1
 2088   109  12.990   1.220            2
 2093    82  14.940   0.810   0.400    1
 2112    82  16.120   0.730   0.280    1
 2113    82  16.450   0.810   0.400    1
 2115    82  15.850   0.730   0.260    1
 2116    82  15.970   0.700   0.210    1
 2121    82  16.260   0.710   0.300    1
 2131    82  16.350   0.760   0.340    1
 2177    82  16.030   0.740   0.270    1
 2185    82  15.410   0.700   0.180    1
 2202    82  17.210   0.840   0.590    1
 2211    82  17.380   0.950   0.660    1
 2212    82  17.160   0.920   0.770    1
 2223    82  17.520   1.080   0.700    1
 2224    82  17.600   1.200   0.890    2
 2231    82  17.710   1.100   0.900    1
 2233    82  18.050   1.120            1
 2234    82  18.000   1.200            1
 3001    82  15.520   0.690   0.210    2
 3002    82  15.600   0.570   0.030    1
 3004    82  11.660   1.140   1.080    7
 3018    82  11.340   1.590   1.860    1
 3018   109  11.400   1.560            2
 3018   578  11.400   1.530   1.780    1
 3022    82  15.280   0.690   0.220    1
 3026   578  14.120   0.910   0.360    1
 3029    82  15.380   0.680   0.220    1
 3033    82  15.530   0.660   0.170    1
 3049    82  15.350   0.660   0.200    1
 3057    82  15.760   0.710   0.140    1
 3070    82  15.420   0.710   0.230    1
 3094   109  13.270   1.340   1.320    3
 3096    82  15.430   0.660   0.100    1
 3108    82  15.510   0.730   0.200    1
 3117    82  12.460   0.700   0.170    2
 3125    82  16.320   0.760   0.290    1
 3136    82  12.260   0.640   0.090    6
 3136    82  12.280   0.630   0.090    6
 3137    82  12.690   0.570   0.030    2
 3137    82  12.750   0.560   0.030    2
 3138    82   9.780   1.520   1.730    5
 3145    82  14.970   0.690   0.120    1
 3149    82  15.300   0.820   0.420    1
 3155    82  16.100   0.740   0.260    1
 3159    82  16.940   0.910            1
 3160    82  17.580   1.060            1
 3161    82  16.980   0.900            1
 3162    82  17.180   0.950            1
 3163    82  17.410   0.750            1
 5014   578  12.270   1.470   1.620    1
 5015   578  10.910   1.630   1.780    1
 5020   578  10.910   1.630   1.780    1
 5021   578  12.640   1.240   1.370    1
 5026   578  12.950   1.100   0.920    1
 5215   578  13.440   1.150   1.070    1