UBV CCD observations

  No    Ref    V       B-V     U-B

 0006   368  19.972   1.619         
 0019   368  18.636   1.596         
 0021   368  19.163   2.303         
 0030   368  18.890   2.045         
 0032   368  17.398   1.547         
 0032   495  17.425   1.500         
 0034   368  15.676   1.241   0.632
 0034   495  15.726   1.079         
 0040   368  18.678   1.319         
 0042   368  20.006   1.643         
 0046   368  19.214   1.591         
 0050   368  20.547   1.852         
 0051   368  20.390   2.009         
 0052   368  19.426   1.622         
 0056   368  18.251   1.415         
 0056   495  18.274   1.135         
 0062   368  18.644   2.050         
 0067   368  19.485   2.166         
 0068   368  14.837   1.841   1.676
 0068   495  14.803   1.945         
 0071   368  15.880   1.378   1.043
 0071   495  15.862   1.399         
 0072   368  20.025   1.823         
 0075   368  18.865   1.623         
 0076   368  19.352   1.490         
 0082   368  19.151   1.900         
 0085   368  19.904   2.043         
 0090   368  18.658   1.608         
 0091   368  19.734   1.953         
 0094   368  20.005   1.816         
 0100   368  20.138   1.776         
 0102   368  18.751   1.524         
 0106   368  18.969   2.798         
 0107   368  20.330   2.247         
 0112   368  18.315   1.545         
 0113   368  19.024   2.294         
 0114   368  17.723   1.419   0.731
 0114   495  17.763   1.477         
 0121   368  19.535   1.539         
 0127   368  15.585   1.413   0.822
 0127   495  15.591   1.302         
 0137   368  20.015   1.470         
 0144   368  16.010   1.412   1.074
 0144   495  15.995   1.413         
 0147   368  19.908   1.633         
 0156   368  19.862   1.815         
 0157   368  19.886   1.838         
 0159   368  18.027   1.525         
 0159   495  17.898   1.583         
 0162   368  17.687   2.980         
 0162   495  17.395   1.579         
 0165   368  17.951   1.385         
 0165   495  18.098   1.427         
 0169   368  15.944   1.565   1.151
 0169   495  15.902   1.544         
 0170   368  15.876   1.583   1.060
 0170   495  15.888   1.535         
 0175   368  19.292   1.911         
 0176   368  20.075   2.241         
 0179   368  20.798   1.841         
 0186   368  20.498   1.693         
 0195   368  15.870   1.264   0.890
 0195   495  15.915   1.155         
 0206   368  19.359   2.162         
 0209   368  17.548   1.382         
 0209   495  17.467   1.427         
 0210   368  16.507   1.091   0.969
 0210   495  16.519   1.045         
 0211   368  19.150   1.668         
 0221   368  19.056   1.554         
 0225   368  16.008   1.482   1.154
 0225   495  16.021   1.512         
 0226   368  19.698   1.637         
 0233   368  17.150   2.163         
 0233   495  17.168   2.190         
 0234   368  17.285   1.473   1.059
 0234   495  17.293   1.668         
 0235   368  19.475   1.620         
 0236   368  14.591   1.359   0.962
 0236   495  15.769  -0.233         
 0238   368  18.554   1.588         
 0243   368  16.977   1.257   0.929
 0246   368  17.411   1.386   1.108
 0253   368  16.911   1.353   1.103
 0253   495  16.883   1.422         
 0256   368  18.437   1.525         
 0258   368  21.408   0.858         
 0259   368  17.208   1.473   1.094
 0259   495  17.246   1.607         
 0261   368  18.316   1.621         
 0262   368  19.154   1.506         
 0267   368  18.855   1.527         
 0269   368  18.610   1.621         
 0270   368  19.136   1.942         
 0276   368  19.382   1.548         
 0277   368  19.271   1.657         
 0280   368  16.222   2.031   1.753
 0280   495  16.209   2.140         
 0284   368  20.220   1.556         
 0286   368  16.270   1.382   0.907
 0286   495  16.256   1.371         
 0290   368  19.231   1.430         
 0292   368  19.852   1.741  -1.034
 0294   368  18.953   2.199         
 0300   368  17.239   1.270   0.854
 0300   495  17.065   1.411         
 0304   368  18.775   1.656         
 0309   368  17.599   1.441   1.051
 0309   495  17.622   1.256         
 0310   368  18.843   1.474         
 0313   368  20.421   1.975         
 0319   368  17.188   1.718         
 0320   368  20.525   1.793         
 0325   368  18.608   1.407         
 0335   368  16.970   2.476         
 0335   495  16.808   2.380         
 0338   368  19.683   2.853         
 0340   368  20.106   1.773         
 0348   368  16.895   1.210   0.795
 0348   495  16.795   1.293         
 0349   368  18.069   1.631         
 0349   495  18.106   1.932         
 0353   368  18.595   1.506   0.436
 0354   368  15.785   1.307   0.907
 0354   495  15.931   1.059         
 0355   368  20.128   1.922         
 0356   368  19.128   1.463         
 0358   368  20.060   1.762         
 0361   368  17.250   1.384   0.961
 0361   495  17.251   1.459         
 0364   368  20.399   1.491         
 0365   368  18.849   1.725         
 0372   368  18.084   1.521         
 0375   368  18.782   1.451         
 0381   368  15.538   1.107   0.835
 0381   495  15.513   1.112         
 0385   368  18.737   1.393         
 0389   368  21.048   1.154         
 0398   368  18.226   1.354         
 0398   495  18.384   1.206         
 0399   368  17.920   1.324   0.853
 0400   368  20.186   1.588         
 0405   368  20.209   1.663         
 0406   368  19.031   1.488         
 0407   368  17.547   1.421   0.944
 0410   368  15.953   1.928   1.978
 0410   495  15.685   1.808         
 0411   368  16.722   1.352   0.765
 0412   368  18.874   1.506         
 0413   368  19.320   1.388         
 0414   368  20.183   1.667         
 0419   368  20.205   1.364         
 0420   368  18.064   1.408   0.623
 0422   368  15.223   1.761   1.520
 0422   495  15.996   0.872         
 0423   368  18.792   1.430         
 0426   368  17.169   1.377   0.936
 0426   495  17.151   1.500         
 0430   368  17.499   1.302   0.916
 0431   368  19.131   1.381         
 0436   368  17.196   1.183   0.797
 0436   495  16.843   1.522         
 0439   368  16.202   1.124   0.895
 0439   495  15.926   1.267         
 0442   368  19.906   1.590         
 0447   368  19.089   1.416         
 0452   368  18.771   1.390         
 0453   368  15.263   1.293   0.882
 0453   495  15.269   1.217         
 0456   368  19.174   1.524         
 0458   368  20.055   1.831         
 0459   368  16.070   1.299   1.041
 0462   368  17.418   1.120   0.802
 0464   368  16.573   1.143   0.975
 0468   368  15.090   2.037   1.949
 0468   495  14.896   1.910         
 0472   368  19.150   1.830         
 0473   368  20.505   1.339         
 0478   368  20.089   1.802         
 0483   368  18.883   1.782         
 0487   368  19.602   1.543         
 0488   368  20.434   1.717         
 0491   368  15.671   1.084   0.825
 0491   495  15.628   1.057         
 0498   368  16.497   1.099   0.727
 0501   368  19.721   1.759         
 0504   368  18.590   1.483         
 0505   368  16.594   1.294   0.854
 0505   495  15.867   1.236         
 0506   368  15.590   1.676   1.501
 0506   495  15.174   1.542         
 0509   368  20.812   1.499         
 0510   368  18.655   1.615         
 0513   368  19.946   1.803         
 0514   368  16.619   1.163   0.845
 0515   368  16.721   1.862         
 0516   368  19.890   1.894         
 0517   368  15.753   1.307   0.930
 0517   495  15.716   1.260         
 0522   368  19.149   1.474         
 0524   368  20.315   1.536         
 0527   368  20.175   1.387         
 0535   368  19.450   1.588         
 0537   368  18.508   1.486         
 0538   368  17.117   1.197   0.760
 0542   368  17.542   1.306   0.764
 0542   495  17.481   1.295         
 0543   368  19.645   1.682         
 0547   368  17.928   1.477         
 0547   495  17.876   2.432         
 0553   368  20.622   1.684         
 0554   368  17.393   1.212   0.694
 0554   495  17.404   1.315         
 0556   368  20.520   1.673         
 0557   368  18.068   1.243   0.690
 0558   368  19.444   1.993         
 0559   368  20.384   1.864         
 0563   368  17.482   1.543         
 0563   495  17.455   1.616         
 0569   368  19.619   1.790         
 0574   368  18.686   1.451         
 0575   368  18.539   1.423         
 0577   368  15.538   1.410   0.692
 0577   495  15.582   1.411         
 0584   368  18.753   2.039         
 0585   368  18.021   1.264   0.634
 0585   495  17.922   1.402         
 0588   368  18.752   1.369         
 0589   368  17.909   1.382         
 0592   368  16.312   1.231   0.597
 0592   495  16.236   1.195         
 0594   368  19.723   1.546         
 0595   368  19.315   2.799         
 0597   368  14.702   1.780   1.606
 0597   495  14.629   1.907         
 0601   368  16.915   1.399   0.827
 0602   368  18.583   1.461         
 0604   368  15.318   1.234   0.756
 0607   368  19.091   1.469         
 0608   368  19.259   1.620         
 0609   368  15.213   1.142   0.801
 0609   495  15.014   1.085         
 0611   368  20.691   1.708         
 0613   368  19.150   1.557         
 0614   368  15.136   1.352   0.863
 0614   495  15.105   1.343         
 0618   368  19.976   1.689         
 0624   368  20.415   1.975         
 0626   368  19.100   1.540         
 0630   368  15.594   1.327   0.747
 0630   495  15.413   1.335         
 0633   368  14.455   1.537   0.954
 0633   495  14.472   1.550         
 0634   368  15.329   1.208   0.829
 0634   495  15.122   1.191         
 0635   368  16.658   1.499   1.175
 0637   368  19.682   1.561         
 0641   368  20.064   1.892         
 0648   368  15.670   1.878   1.438
 0648   495  15.748   1.919         
 0649   368  19.038   1.388         
 0650   368  18.981   1.819         
 0651   368  20.869   3.403         
 0652   368  19.858   1.946         
 0655   368  19.058   1.602         
 0656   368  15.896   2.056   1.485
 0656   495  15.899   2.074         
 0657   368  20.864   1.553         
 0663   368  15.605   1.175   0.814
 0663   495  15.573   1.160         
 0665   368  19.177   1.606         
 0669   368  17.873   1.364         
 0669   495  18.025   1.242         
 0670   368  20.850   1.410         
 0672   368  15.364   1.135   0.724
 0672   495  15.186   1.538         
 0673   368  16.422   1.326   0.724
 0673   495  16.380   1.315         
 0676   368  17.112   1.313   0.676
 0676   495  16.983   1.436         
 0678   368  18.544   1.255         
 0682   368  18.043   1.510         
 0682   495  17.916   2.315         
 0686   368  19.530   1.626         
 0689   368  19.667   1.333         
 0693   368  19.771   1.564         
 0694   368  17.116   1.110   0.655
 0695   368  18.895   1.275         
 0697   368  19.763   1.770         
 0698   368  19.410   1.632         
 0699   368  19.079   1.297         
 0700   368  19.028   1.348         
 0701   368  17.672   1.250         
 0711   368  18.555   1.506         
 0714   368  19.692   1.485         
 0716   368  14.570   1.740   1.157
 0716   495  14.480   1.682         
 0718   368  15.461   1.165   0.771
 0718   495  15.304   1.115         
 0719   368  17.562   1.847         
 0721   368  19.776   1.531         
 0723   368  19.612   1.685         
 0730   368  19.486   1.500         
 0731   368  14.924   1.603   1.069
 0731   495  14.917   1.725         
 0733   368  17.359   1.334   0.665
 0736   368  17.102   1.286   0.578
 0736   495  17.087   1.465         
 0739   368  20.116   1.434         
 0743   368  16.340   1.212   0.677
 0743   495  16.275   1.226         
 0744   368  16.598   1.237   0.724
 0744   495  16.355   1.214         
 0746   368  17.665   1.444         
 0746   495  17.669   1.620         
 0754   368  17.699   1.241   0.568
 0754   495  17.627   1.065         
 0759   368  15.586   1.254   0.696
 0759   495  15.569   1.255         
 0764   368  20.541   1.804         
 0767   368  16.872   1.191   0.588
 0767   495  16.643   1.081         
 0768   368  16.351   1.185   0.671
 0768   495  16.264   1.083         
 0769   368  20.043   1.737         
 0770   368  19.598   1.967         
 0773   368  19.675   1.435         
 0774   368  20.084   1.612         
 0777   368  18.243   2.073         
 0778   368  20.522   1.606         
 0780   368  17.696   1.642         
 0780   495  17.185   1.759         
 0784   368  15.711   1.297   0.735
 0784   495  15.651   1.256         
 0787   368  19.160   1.466         
 0793   368  15.061   1.223   0.729
 0793   495  15.039   1.292         
 0797   368  19.399   1.586         
 0801   368  17.982   1.453         
 0803   368  19.959   2.127         
 0804   368  16.951   1.401   0.896
 0804   495  16.946   1.405         
 0810   368  15.783   1.142   0.796
 0810   495  15.495   1.155         
 0817   368  17.973   1.208         
 0817   495  17.280   1.270         
 0818   368  15.060   1.734   1.215
 0818   495  14.985   1.591         
 0822   368  20.354   1.602         
 0823   368  17.512   1.364   0.758
 0823   495  17.637   1.583         
 0835   368  19.037   1.251         
 0836   368  18.594   1.416         
 0841   368  19.545   1.578         
 0842   368  18.398   1.655         
 0845   368  16.743   1.261   0.580
 0845   495  16.890   1.043         
 0846   368  19.424   1.435         
 0850   368  19.243   1.339         
 0851   368  17.750   1.449         
 0851   495  17.787   1.720         
 0853   368  18.524   1.332         
 0857   368  16.546   1.139   0.584
 0857   495  16.424   1.200         
 0858   368  17.487   1.470   0.944
 0858   495  17.012   1.607         
 0862   368  19.129   2.060         
 0868   368  19.007   1.837         
 0870   368  18.707   1.440         
 0872   368  18.934   1.927         
 0873   368  20.069   1.758         
 0874   368  19.927   1.413         
 0878   368  15.235   1.223   0.589
 0878   495  15.196   1.174         
 0879   368  20.498   1.505         
 0882   368  17.900   1.682         
 0886   495  17.114   1.314         
 0887   368  14.615   1.612   1.135
 0887   495  14.630   1.632         
 0888   368  15.901   1.093   0.685
 0888   495  15.929   0.982         
 0889   368  19.783   1.711         
 0893   368  17.068   1.293   0.669
 0894   368  19.076   1.457         
 0899   368  19.724   1.599         
 0900   368  15.644   1.117   0.647
 0904   368  15.381   0.991   0.600
 0904   495  15.211   0.936         
 0906   368  19.794   1.607         
 0909   368  17.176   1.447   0.605
 0909   495  17.188   1.465         
 0912   368  16.207   1.094   0.571
 0914   368  15.766   1.077   0.675
 0916   368  18.939   1.467         
 0921   368  20.612   1.634         
 0923   368  19.423   1.361         
 0926   368  19.613   1.498         
 0927   368  17.282   1.342   0.595
 0927   495  17.236   1.395         
 0929   368  15.871   1.171   0.702
 0929   495  15.856   1.105         
 0933   368  20.165   1.550         
 0941   368  18.364   1.396         
 0944   368  20.180   1.413         
 0947   495  16.362   1.581         
 0948   368  19.345   1.947         
 0950   368  20.522   1.354         
 0951   368  17.289   1.298   0.628
 0951   495  17.007   1.262         
 0952   368  19.639   1.656         
 0954   368  18.675   1.322         
 0956   368  16.570   1.128   0.658
 0959   368  19.569   1.598         
 0963   368  17.831   1.234         
 0965   495  16.938   1.546         
 0968   368  17.487   1.166   0.499
 0968   495  17.146   1.227         
 0971   368  19.190   1.861         
 0972   368  19.658   1.480         
 0974   368  17.295   1.082   0.597
 0975   368  20.078   1.380         
 0976   368  14.883   1.178   0.636
 0976   495  14.759   1.042         
 0977   368  19.993   1.532         
 0978   368  19.876   2.044         
 0980   368  20.341   1.783         
 0981   368  18.424   1.259   0.478
 0981   495  18.424   1.607         
 0987   368  17.018   1.156   0.581
 0987   495  16.381   1.097         
 0988   368  15.991   1.399   0.709
 0988   495  15.980   1.418         
 0992   368  19.310   1.527         
 0994   368  20.115   1.715         
 0995   368  17.296   1.288   0.791
 0995   495  17.015   1.417         
 0998   368  19.658   1.630         
 1005   368  19.972   1.375         
 1008   368  16.245   1.231   0.676
 1011   368  17.743   1.272   0.605
 1011   495  17.564   1.345         
 1012   368  20.114   1.669         
 1013   368  19.643   1.588         
 1016   368  20.302   1.516         
 1017   368  15.549   1.160   0.552
 1017   495  15.425   1.177         
 1020   368  17.667   1.392   0.558
 1020   495  17.802   1.400         
 1021   368  18.942   1.543         
 1023   368  20.098   1.685         
 1026   368  19.597   1.361         
 1028   368  18.741   1.404         
 1030   368  16.818   1.267   0.788
 1030   495  16.772   1.295         
 1035   368  19.701   1.536         
 1037   368  15.528   1.126   0.691
 1037   495  15.440   1.083         
 1039   368  19.826   1.745         
 1041   368  20.500   1.594         
 1044   368  17.465   1.235   0.497
 1044   495  17.529   1.177         
 1046   368  18.153   2.063         
 1048   368  18.449   1.515         
 1049   368  17.691   1.490   0.534
 1049   495  17.643   1.471         
 1050   368  19.797   1.644         
 1051   368  16.326   1.490   0.729
 1051   495  16.388   1.446         
 1055   368  18.638   1.420         
 1056   368  17.994   1.880         
 1058   368  17.003   1.220   0.460
 1058   495  16.383   1.277         
 1065   368  18.639   1.415         
 1070   368  18.241   1.760         
 1073   368  19.503   1.774         
 1076   368  13.405   1.725   1.179
 1076   495  13.424   1.711         
 1081   368  14.867   1.759   1.393
 1081   495  14.836   1.811         
 1082   368  19.491   1.570         
 1085   368  16.326   1.115   0.525
 1085   495  16.284   1.090         
 1091   368  18.479   1.453         
 1092   368  18.999   1.351         
 1093   368  19.008   1.396         
 1094   368  18.072   1.377   0.457
 1094   495  17.951   1.645         
 1099   368  16.356   2.177         
 1099   495  16.429   2.185         
 1102   368  19.808   1.652         
 1103   368  19.855   1.709         
 1104   368  16.559   1.355   0.629
 1104   495  16.525   1.391         
 1105   368  20.032   1.564         
 1108   368  19.966   1.600         
 1110   368  20.005   1.468         
 1112   368  18.535   1.381         
 1113   368  15.827   1.004   0.629
 1113   495  15.693   1.074         
 1114   368  20.944   1.620         
 1115   368  18.331   1.596         
 1117   368  19.407   1.739         
 1122   368  18.634   1.466         
 1123   368  19.438   1.752         
 1124   368  18.499   1.587         
 1129   368  18.556   1.522         
 1132   368  17.930   1.267         
 1132   495  17.940   1.461         
 1135   368  17.937   1.486         
 1135   495  17.885   1.547         
 1136   368  19.765   1.626         
 1142   368  19.777   1.416         
 1143   368  18.928   1.469         
 1144   368  19.738   1.533         
 1145   368  20.972   1.794         
 1147   368  17.814   1.460   0.230
 1147   495  17.740   1.680         
 1150   368  17.590   1.475   0.723
 1150   495  17.569   1.559         
 1155   368  18.552   1.275         
 1157   368  17.726   1.517   0.577
 1157   495  17.668   1.659         
 1158   368  19.304   1.554         
 1159   368  18.215   1.440         
 1159   495  18.069   1.612         
 1160   368  18.910   1.369         
 1161   368  18.992   1.645         
 1169   368  18.289   1.567         
 1169   495  18.281   1.547         
 1172   368  17.314   1.246   0.661
 1172   495  17.291   1.293         
 1176   368  16.557   1.114   0.580
 1176   495  16.438   1.193         
 1180   368  20.651   1.829         
 1183   368  18.550   1.515         
 1186   368  20.059   1.611         
 1187   368  18.874   1.586         
 1198   368  20.071   1.582         
 1200   368  17.646   1.351   0.611
 1200   495  17.498   1.623         
 1202   368  14.982   1.857   1.243
 1202   495  14.986   1.799         
 1203   368  19.672   1.533         
 1213   368  19.652   1.654         
 1214   368  17.290   1.410   0.413
 1214   495  17.319   1.524         
 1216   368  16.262   1.970   1.113
 1216   495  16.261   1.984         
 1217   368  20.484   1.602         
 1218   368  21.314   1.455         
 1220   368  15.072   1.165   0.651
 1220   495  15.071   1.096         
 1223   368  16.776   1.648   0.876
 1223   495  16.714   1.565         
 1227   368  18.439   1.410         
 1231   368  18.801   1.470         
 1233   368  17.257   1.244   0.536
 1234   368  17.156   1.282   0.438
 1234   495  17.114   1.400         
 1235   368  19.534   1.663         
 1239   368  16.228   1.872   1.121
 1239   495  16.132   1.797         
 1242   368  19.548   1.604         
 1246   368  20.097   1.773         
 1248   368  17.043   1.179   0.551
 1248   495  16.986   1.287         
 1257   368  20.151   1.589         
 1273   368  18.014   1.413         
 1273   495  17.728   1.559         
 1274   368  20.060   1.685         
 1282   368  19.130   1.545         
 1283   368  20.365   1.700         
 1291   368  15.974   1.258   0.439
 1291   495  15.950   1.257         
 1300   368  16.552   1.387   0.506
 1300   495  16.509   1.440         
 1301   368  20.325   1.928         
 1302   368  17.176   1.593   0.486
 1306   368  19.968   1.712         
 1309   368  16.978   1.451   0.434
 1309   495  16.801   1.521         
 1312   368  17.347   1.259   0.502
 1312   495  17.322   1.190         
 1314   368  19.353   1.745         
 1327   368  20.415   1.555         
 1334   368  20.513   2.203         
 1359   368  18.037   1.426         
 1359   495  17.954   1.358         
 1367   368  19.539   1.731         
 2002   495  17.034   1.402         
 2004   495  18.112   1.605         
 2006   495  15.719   2.004         
 2007   495  13.598   2.828         
 2008   495  15.420   1.341         
 2010   495  16.389   1.958         
 2011   495  16.971   1.517         
 2012   495  18.143   1.735         
 2014   495  16.022   1.636         
 2018   495  17.888   2.233         
 2022   495  18.086   1.684         
 2025   495  17.118   1.378         
 2026   495  15.353   1.377         
 2027   495  15.392   1.273         
 2028   495  16.316   1.228         
 2030   495  18.418   1.460         
 2031   495  15.940   1.508         
 2032   495  17.855   1.132         
 2033   495  16.868   2.189         
 2034   495  17.820   1.659         
 2035   495  16.544   1.684         
 2036   495  17.590   1.415         
 2037   495  17.329   1.225         
 2038   495  17.780   1.229         
 2039   495  17.559   1.693         
 2041   495  16.178   1.147         
 2042   495  17.817   1.251         
 2043   495  16.843   1.116         
 2045   495  13.129   1.104         
 2047   495  17.837   1.414         
 2048   495  17.746   1.322         
 2049   495  15.953   1.432         
 2050   495  17.881   1.550         
 2052   495  17.704   1.862         
 2053   495  14.233   1.629         
 2054   495  17.367   1.330         
 2059   495  15.693   1.412         
 2060   495  15.829   1.191         
 2063   495  17.895   1.595         
 2065   495  12.927   2.058         
 2066   495  13.480   1.354         
 2067   495  17.050   2.080         
 2069   495  17.152   1.628         
 2070   495  17.473   1.337         
 2072   495  16.814   1.262         
 2073   495  17.641   1.317         
 2078   495  18.444   1.035         
 2082   495  16.523   2.028         
 2083   495  15.517   1.809         
 2086   495  14.748   1.040         
 2089   495  16.198   2.406         
 2090   495  17.214   1.253         
 2091   495  12.939   0.940         
 2092   495  16.424   1.059         
 2093   495  17.102   1.161         
 2094   495  18.073   1.566         
 2096   495  16.453   0.970         
 2099   495  15.548   2.004         
 2100   495  18.021   1.308         
 2101   495  18.294   1.917         
 2103   495  15.867   1.040         
 2104   495  16.807   1.596         
 2106   495  17.754   2.055         
 2107   495  17.898   1.487         
 2112   495  18.009  -1.173         
 2113   495  15.219   1.174         
 2115   495  17.371   1.576         
 2116   495  14.213   1.748         
 2119   495  14.847   1.169         
 2120   495  17.355   1.191         
 2122   495  17.336   1.285         
 2123   495  17.334   1.670         
 2125   495  16.264   1.690         
 2126   495  17.296   1.686         
 2130   495  18.362   1.470         
 2131   495  16.374   1.243         
 2133   495  17.846   1.246         
 2135   495  17.703   1.128         
 2136   495  15.347   1.743         
 2137   495  16.838   1.120         
 2138   495  16.555   1.113         
 2139   495  16.692   1.230         
 2142   495  17.709   1.275         
 2144   495  17.044   1.397         
 2145   495  17.466   3.130         
 2146   495  17.778   1.539         
 2149   495  16.895   1.361         
 2151   495  16.495   1.201         
 2152   495  17.844   1.593         
 2160   495  18.285   1.316         
 2162   495  17.145   2.282         
 2164   495  17.747   1.602         
 2165   495  18.200   1.040         
 2166   495  16.829   1.294         
 2167   495  15.940   2.090         
 2170   495  17.352   1.280         
 2174   495  15.626   1.008         
 2175   495  17.766   1.568         
 2178   495  16.691   1.078         
 2179   495  17.715   1.462         
 2181   495  17.706   1.142         
 2183   495  17.264   1.287         
 2184   495  15.811   1.568         
 2187   495  16.963   1.116         
 2189   495  17.137   1.132         
 2190   495  18.250   1.251         
 2191   495  16.584   1.213         
 2193   495  15.767   1.127         
 2194   495  14.509   1.689         
 2196   495  16.936   1.980         
 2198   495  18.153   1.493         
 2199   495  16.212   0.895         
 2201   495  17.059   1.017         
 2202   495  17.406   1.803         
 2204   495  17.380   1.698         
 2205   495  17.975   1.866         
 2211   495  17.301   1.453         
 2212   495  17.230   1.408         
 2213   495  15.654   1.156         
 2215   495  16.568   1.151         
 2216   495  13.967   1.954         
 2219   495  16.548   1.242         
 2220   495  17.860   1.241         
 2221   495  15.199   1.192         
 2226   495  15.753   1.273         
 2230   495  17.573   1.427         
 2231   495  17.492   1.137         
 2233   495  17.037   1.175         
 2234   495  18.091   1.464         
 2235   495  16.851   1.457         
 2236   495  17.196   1.692         
 2238   495  18.423   1.733         
 2239   495  17.019   1.569         
 2240   495  17.883   1.538         
 2241   495  16.762   1.137         
 2242   495  17.445   1.938         
 2244   495  16.849   1.417         
 2245   495  17.988   1.875         
 2246   495  16.619   1.476         
 2247   495  17.153   1.279         
 2248   495  16.073   1.274         
 2249   495  18.577   1.472         
 2250   495  17.758   1.443         
 2251   495  17.562   1.745         
 2252   495  14.411   0.881         
 2253   495  17.843   1.855         
 2254   495  17.270   1.785         
 2256   495  17.169   1.346         
 2259   495  16.505   1.315         
 2260   495  17.442   1.668         
 2261   495  17.463   2.010         
 2262   495  16.982   1.899         
 2264   495  17.043   1.345         
 2265   495  17.511   2.251         
 2266   495  16.206   1.311         
 2267   495  17.034   1.180         
 2268   495  12.012   1.070         
 2271   495  15.388   1.910         
 2272   495  18.088   1.480         
 2273   495  17.438   1.546         
 2275   495  16.401   1.341         
 2276   495  17.289   2.288         
 2277   495  15.726   1.319         
 2279   495  17.723   1.610         
 2280   495  18.074   1.644         
 2281   495  18.044   1.312         
 2282   495  16.987   1.369         
 2283   495  16.456   1.396         
 2285   495  16.554   1.036         
 2287   495  15.848   1.874         
 2290   495  17.300   1.866         
 2291   495  17.984   1.411         
 2292   495  17.230   2.003         
 2295   495  15.576   1.534         
 2296   495  16.239   2.009         
 2299   495  15.489   1.227         
 2300   495  15.902   2.741         
 2302   495  18.110   1.386         
 2303   495  15.456   1.674         
 2305   495  16.800   1.108         
 2306   495  15.674   1.888         
 2310   495  17.881   1.750         
 2311   495  17.791   1.520         
 2312   495  16.988   2.531         
 2313   495  15.600   1.137         
 2318   495  15.866   1.439         
 2319   495  15.276   1.411         
 2320   495  14.337   1.020         
 2321   495  17.016   1.226         
 2322   495  17.790   2.106         
 2323   495  17.104   1.332         
 2324   495  15.219   1.409         
 2326   495  17.030   1.593         
 2327   495  18.421   2.269         
 2328   495  16.850   1.332         
 2329   495  17.482   1.635         
 2331   495  17.405   1.555         
 2332   495  16.058   2.438         
 2338   495  18.016   1.858         
 2340   495  18.025   1.536         
 2341   495  18.192   1.364         
 2342   495  16.214   1.539         
 2344   495  17.811   1.422         
 2345   495  17.862   1.547         
 2346   495  15.653   0.909         
 2347   495  16.177   1.221         
 2348   495  17.357   1.404         
 2349   495  16.807   1.426         
 2350   495  18.091   1.441         
 2351   495  17.303   1.499         
 2352   495  16.116   1.199         
 2353   495  16.652   1.606         
 2354   495  16.716   1.557         
 2355   495  18.010   1.599         
 2357   495  18.512   1.975         
 2359   495  17.844   1.806         
 2360   495  17.786   1.726         
 2365   495  17.559   1.539         
 2368   495  14.720   2.463         
 2371   495  16.825   1.392         
 2374   495  17.923   1.599         
 2375   495  17.128   1.410         
 2376   495  16.997   1.406         
 2377   495  14.305   1.603         
 2379   495  17.934   1.414         
 2380   495  17.799   1.626         
 2383   495  18.628   1.118         
 2384   495  15.402   1.082         
 2385   495  15.508   1.065         
 2386   495  18.078   1.490         
 2388   495  15.196   1.230         
 2393   495  16.238   1.445         
 2395   495  17.197   1.524         
 2397   495  17.236   1.254         
 2398   495  14.913   1.360         
 2399   495  17.512   1.533         
 2400   495  17.616   1.713         
 2403   495  17.566   1.366         
 2404   495  12.160   0.620         
 2405   495  16.856   1.921         
 2406   495  16.951   1.742         
 2409   495  15.904   1.337         
 2410   495  14.877   0.979         
 2412   495  17.847   1.692         
 2415   495  15.494   3.083         
 2416   495  17.255   1.659         
 2417   495  12.846   1.092         
 2418   495  17.209   1.448         
 2421   495  17.090   1.452         
 2423   495  17.201   1.213         
 2424   495  15.771   2.604         
 2425   495  14.533   2.074         
 2426   495  17.547   1.458         
 2427   495  17.580   1.341         
 2428   495  15.127   1.761         
 2429   495  17.810   2.068         
 2430   495  13.683  -1.134         
 2431   495  13.825   2.443         
 2433   495  17.698   1.269         
 2438   495  17.711   1.177         
 2439   495  17.504   1.403         
 2442   495  17.533   1.436         
 2443   495  16.512   1.964         
 2444   495  15.389   1.314         
 2445   495  17.264   1.298         
 2446   495  16.336   1.312         
 2447   495  17.641   1.774         
 2448   495  16.321   2.157         
 2450   495  17.320   1.212         
 2451   495  17.646   1.684         
 2452   495  14.836   1.000         
 2454   495  18.344   1.125         
 2456   495  16.429   1.667         
 2459   495  16.855   2.293         
 2462   495  16.509   1.215         
 2463   495  16.793   1.197         
 2464   495  16.312   1.199         
 2465   495  15.251   0.913         
 2467   495  16.178   1.146         
 2468   495  17.363   1.168         
 2469   495  17.798   1.582         
 2470   495  16.677   1.358         
 2471   495  17.383   1.762         
 2472   495  14.299   2.351         
 2473   495  16.718   1.255         
 2474   495  18.380   1.236         
 2476   495  17.239   1.423         
 2478   495  18.189   1.145         
 2480   495  17.958   1.361         
 2483   495  15.424   1.263         
 2485   495  16.245   1.856         
 2486   495  14.204   1.990         
 2487   495  18.503   0.996         
 2489   495  17.877   1.579         
 2493   495  18.175   1.303         
 2494   495  16.730   1.295         
 2496   495  18.392   1.734         
 2497   495  17.875   1.719         
 2501   495  16.628   1.272         
 2505   495  17.481   1.339         
 2506   495  17.150   2.326         
 2507   495  15.544   1.055         
 2508   495  18.390   1.809         
 2510   495  17.646   1.399         
 2511   495  15.642   1.224         
 2513   495  15.677   1.630         
 2515   495  16.925   1.302         
 2517   495  15.706   1.259         
 2521   495  17.322   1.902         
 2522   495  15.914   1.311         
 2524   495  17.503   1.485         
 2525   495  17.097   1.690         
 2527   495  17.545   1.720         
 2528   495  17.157   2.309         
 2529   495  17.891   1.539         
 2530   495  12.643   0.867         
 2531   495  14.422   1.603         
 2534   495  16.123   1.594         
 2535   495  18.323   1.728         
 2537   495  15.613   1.285         
 2538   495  18.470   1.481         
 2539   495  15.570   1.688         
 2541   495  18.514   1.357         
 2542   495  15.456   1.745         
 2543   495  16.438   1.187         
 2545   495  17.548   1.403         
 2546   495  16.667   1.268         
 2549   495  18.217   1.408         
 2551   495  16.475   1.194         
 2552   495  14.625   1.221         
 2555   495  17.005   1.159         
 2562   495  17.350   1.470         
 2565   495  16.842   1.249         
 2566   495  17.500   1.390         
 2567   495  18.277   1.392         
 2568   495  16.871   1.460         
 2571   495  17.883   1.231         
 2572   495  15.700   1.199         
 2574   495  12.591   0.752         
 2575   495  17.385   1.496         
 2577   495  14.883   1.306         
 2581   495  14.061   1.873         
 2586   495  16.069   1.279         
 2587   495  18.343   1.699         
 2588   495  17.763   1.252         
 2592   495  18.243   1.765         
 2593   495  17.830   2.181         
 2595   495  16.963   1.538         
 2596   495  17.795   1.452         
 2597   495  17.530   1.395         
 2598   495  17.263   1.325         
 2599   495  17.762   1.646         
 2600   495  15.351   1.015         
 2601   495  17.324   1.493         
 2603   495  15.396   2.154         
 2607   495  18.191   2.045         
 2608   495  16.829   1.545         
 2609   495  14.378   1.260         
 2611   495  17.961   1.179         
 2612   495  17.057   1.477         
 2614   495  17.345   1.962         
 2615   495  17.173   1.712         
 2616   495  16.325   1.147         
 2617   495  14.768   1.723         
 2620   495  16.808   1.442         
 2622   495  18.457   1.569         
 2625   495  13.959   1.088         
 2627   495  17.452   0.886         
 2629   495  17.611   1.678         
 2630   495  17.699   1.571         
 2632   495  16.908   1.337         
 2633   495  15.612   1.119         
 2635   495  16.716   1.246         
 2636   495  17.010   1.433         
 2639   495  16.128   2.012         
 2640   495  16.065   1.111         
 2642   495  16.319   1.860         
 2644   495  15.653   0.908         
 2645   495  17.216   1.942         
 2646   495  16.789   1.260         
 2647   495  16.703   1.207         
 2648   495  17.222   1.499         
 2649   495  16.476   1.552         
 2651   495  18.375   1.519         
 2652   495  16.993   2.163         
 2653   495  14.547   1.397         
 2654   495  17.103   1.469         
 2655   495  17.193   1.341         
 2656   495  15.712   1.951         
 2657   495  17.497   1.664         
 2658   495  17.898   1.803         
 2660   495  17.436   1.666         
 2661   495  15.918   1.129         
 2662   495  17.721   1.767         
 2663   495  17.311   1.365         
 2664   495  17.508   1.143         
 2666   495  16.554   1.272         
 2667   495  15.509   1.979         
 2669   495  15.472   1.007         
 2670   495  17.968   1.245         
 2671   495  18.197   1.548         
 2672   495  15.279   2.855         
 2673   495  16.005   1.200         
 2674   495  17.155   1.296         
 2675   495  17.892   1.417         
 2676   495  18.188   1.401         
 2678   495  17.975   1.511         
 2679   495  17.167   1.587         
 2681   495  17.949   1.795         
 2684   495  18.153   1.145         
 2685   495  15.936   1.000         
 2686   495  17.776   2.555         
 2688   495  12.013   0.881         
 2689   495  17.175   1.045         
 2693   495  17.246   1.307         
 2694   495  17.262   1.385         
 2695   495  17.979   1.502         
 2696   495  16.906   1.335         
 2698   495  17.616   1.565         
 2702   495  18.014   0.565         
 2704   495  15.817   2.249         
 2706   495  17.375   1.229         
 2707   495  16.860   1.375         
 2708   495  17.626   1.505         
 2709   495  15.845   1.939         
 2710   495  16.630   1.171         
 2711   495  16.952   2.773         
 2712   495  11.626   0.753         
 2713   495  16.183   1.069         
 2714   495  15.947   1.308         
 2715   495  15.251   1.335         
 2716   495  16.359   1.132         
 2717   495  16.360   0.839         
 2718   495  17.964   1.597         
 2719   495  16.826   1.212         
 2720   495  15.507   1.839         
 2721   495  15.841   0.910         
 2723   495  15.287   0.454         
 2727   495  17.087   1.185         
 2728   495  16.579   1.227         
 2729   495  17.898   1.177         
 2731   495  16.387   1.283         
 2732   495  13.885   0.824         
 2733   495  17.538   1.886         
 2734   495  17.014   1.113         
 2735   495  17.552   1.090         
 2738   495  12.565   0.879         
 2740   495  17.465   1.200         
 2741   495  17.518   1.087         
 2742   495  18.194   1.844         
 2743   495  15.129   1.515         
 2745   495  15.701   1.430         
 2746   495  14.428   0.738         
 2747   495  17.999   1.517         
 2748   495  18.725   0.735         
 2749   495  16.584   1.249         
 2750   495  17.783   1.358         
 2751   495  15.911   1.210         
 2754   495  18.501   1.662         
 2755   495  18.226   1.722         
 2758   495  16.245   0.970         
 2759   495  17.730   1.213         
 2761   495  16.055   1.527         
 2763   495  17.260   1.588         
 2764   495  16.967   1.156         
 2766   495  17.642   1.181         
 2767   495  18.046   1.512         
 2769   495  14.552   1.503         
 2771   495  16.626   1.213         
 2772   495  16.726   1.430         
 2773   495  18.192   1.528         
 2774   495  15.976   1.940         
 2775   495  14.848   1.863         
 2777   495  17.937   1.224         
 2778   495  16.412   1.265         
 2779   495  16.061   0.943         
 2780   495  16.458   1.365         
 2781   495  18.763   1.671         
 2782   495  16.430   1.355         
 2783   495  16.449   1.379         
 2784   495  17.814   1.224         
 2785   495  18.225   1.237         
 2786   495  17.955   1.580         
 2787   495  15.542   1.822         
 2788   495  16.929   1.072         
 2789   495  16.248   0.977         
 2790   495  16.975   1.141         
 2791   495  17.035   0.888         
 2793   495  16.965   1.234         
 2794   495  15.819   1.873         
 2795   495  18.012   1.289         
 2798   495  12.220   0.535         
 2800   495  17.701   1.376         
 2801   495  18.113   1.514         
 2804   495  14.719   1.511         
 2805   495  12.473   1.586         
 2807   495  16.287   1.832         
 2809   495  15.245   0.978         
 2810   495  16.942   1.214         
 2811   495  16.177   1.430         
 2812   495  16.526   1.235         
 2815   495  18.008   1.839         
 2816   495  15.332   1.039         
 2817   495  17.499   1.210         
 2818   495  17.793   1.234         
 2819   495  17.018   1.137         
 2822   495  18.182   1.145         
 2824   495  17.511   1.313