UBV CCD observations

  No    Ref    V       B-V     U-B

 0001   447  13.114   1.588         
 0001   536  12.949   1.536   0.594
 0003   447  13.972   0.861         
 0003   536  13.660   0.831   0.193
 0004   447  14.347   1.094         
 0004   536  14.061   1.124   0.216
 0005   447  14.976   1.073         
 0005   536  14.684   1.082   0.174
 0006   447  15.118   1.004         
 0006   536  14.841   1.023   0.089
 0007   447  15.219   1.045         
 0007   536  14.931   1.062   0.214
 0008   447  15.280   1.000         
 0008   536  14.995   1.011   0.060
 0009   447  15.342   1.056         
 0009   536  15.031   1.078   0.312
 0010   447  15.394   1.025         
 0010   536  15.107   1.046   0.215
 0011   447  16.578   2.862         
 0011   536  16.338   2.576         
 0012   447  15.511   1.098         
 0012   536  15.276   1.114   0.200
 0013   447  15.687   1.110         
 0013   536  15.386   1.127   0.392
 0014   447  15.814   1.138         
 0014   536  15.517   1.115   0.358
 0015   447  15.884   1.165         
 0015   536  15.559   1.159   0.275
 0016   447  15.847   1.050         
 0016   536  15.554   1.056   0.235
 0017   447  15.832   1.071         
 0017   536  15.488   1.085   0.359
 0018   447  15.853   1.195         
 0018   536  15.563   1.162   0.348
 0019   447  15.945   1.128         
 0019   536  15.612   1.139   0.415
 0020   447  16.106   1.065         
 0020   536  15.798   1.058   0.346
 0021   447  16.098   1.225         
 0021   536  15.782   1.234   0.518
 0022   447  17.250   3.129         
 0022   536  17.043   2.754         
 0023   447  16.963   2.992         
 0023   536  16.742   2.496         
 0024   447  16.209   1.104         
 0024   536  15.748   1.124   0.312
 0025   447  16.247   1.059         
 0025   536  15.935   1.070   0.265
 0026   447  17.459   2.902         
 0026   536  17.230   2.642         
 0027   447  16.358   0.952         
 0027   536  15.846   1.068   0.353
 0028   447  16.537   1.190         
 0028   536  16.252   1.142   0.365
 0030   447  17.235   2.378         
 0030   536  16.971   2.191         
 0031   447  17.226   2.285         
 0032   447  17.730   3.030         
 0032   536  17.511   2.589         
 0033   447  17.595   2.641         
 0033   536  17.328   2.312         
 0034   447  16.945   1.245         
 0034   536  16.661   1.237   0.604
 0035   447  17.100   1.735         
 0036   447  16.956   1.229         
 0036   536  16.626   1.126   0.362
 0037   536  15.961   0.977         
 0038   447  17.101   1.279         
 0038   536  16.756   1.276         
 0039   447  17.061   1.447         
 0039   536  16.753   1.188   0.588
 0040   447  17.071   1.148         
 0040   536  16.594   1.248   0.461
 0041   447  17.176   1.306         
 0041   536  16.873   1.153   0.498
 0042   447  17.207   1.340         
 0042   536  16.892   1.185         
 0043   447  17.195   1.690         
 0043   536  16.867   1.214   0.286
 0044   447  18.572   3.195         
 0046   447  17.363   1.366         
 0046   536  17.078   1.309   0.579
 0047   447  17.330   1.278         
 0047   536  17.035   1.249   0.597
 0048   447  17.310   1.376         
 0048   536  17.008   1.256   0.613
 0049   447  17.641   1.695         
 0049   536  17.314   1.697         
 0050   447  17.312   1.276         
 0050   536  17.019   1.185         
 0051   536  17.012   1.191         
 0052   447  17.359   1.455         
 0052   536  17.088   1.272         
 0053   447  17.653   1.713         
 0053   536  17.304   1.470         
 0055   447  17.558   1.523         
 0056   447  17.512   1.328         
 0056   536  17.182   1.316         
 0057   447  17.547   1.397         
 0057   536  17.245   1.277         
 0058   447  17.622   1.694         
 0058   536  17.318   1.484         
 0059   447  18.555   2.761         
 0060   447  17.644   1.291         
 0060   536  17.346   1.262         
 0061   447  17.607   1.368         
 0061   536  17.311   1.334         
 0062   447  17.634   1.301         
 0062   536  17.295   1.338         
 0063   447  18.180   2.616         
 0064   447  17.632   1.559         
 0064   536  17.312   1.530         
 0065   447  17.741   1.690         
 0065   536  17.449   1.320         
 0068   447  17.723   1.450         
 0068   536  17.403   1.367         
 0069   447  18.633   2.976         
 0071   447  17.814   1.713         
 0071   536  17.484   1.306         
 0072   536  18.139   2.484         
 0074   447  18.034   2.088         
 0074   536  17.717   1.882         
 0078   447  17.815   1.331         
 0078   536  16.843   0.647         
 0079   447  18.909   3.043         
 0080   447  17.857   1.301         
 0080   536  17.589   1.305         
 0081   447  17.977   1.639         
 0081   536  17.695   1.434         
 0082   447  18.159   1.773         
 0082   536  17.827   1.687         
 0083   447  18.356   1.561         
 0083   536  18.065   1.466         
 0084   447  18.357   2.240         
 0084   536  18.110   1.990         
 0085   447  18.304   1.916         
 0085   536  17.975   1.810         
 0086   447  18.049   1.456         
 0086   536  17.731   1.339         
 0087   447  19.273   2.643         
 0089   536  18.253   2.120         
 0091   447  18.310   1.816         
 0091   536  18.027   1.730         
 0094   447  18.359   1.973         
 0094   536  18.129   1.640         
 0095   447  18.340   2.122         
 0095   536  18.049   1.623         
 0096   447  18.097   1.433         
 0096   536  17.813   1.192         
 0097   447  18.954   2.774         
 0098   447  18.351   1.527         
 0098   536  18.090   1.480         
 0099   447  18.361   1.855         
 0099   536  18.058   1.648         
 0100   447  18.358   1.843         
 0100   536  18.072   1.644         
 0101   447  18.253   1.477         
 0101   536  17.937   1.354         
 0102   447  18.520   2.172         
 0102   536  18.227   1.849         
 0103   447  18.365   1.962         
 0103   536  18.070   1.603         
 0104   447  21.424   0.951         
 0105   447  18.319   1.485         
 0105   536  17.975   1.475         
 0106   536  18.071   1.473         
 0109   447  18.335   1.386         
 0110   447  18.361   1.605         
 0110   536  18.112   1.483         
 0111   447  18.464   1.871         
 0111   536  18.178   1.656         
 0112   447  18.471   1.359         
 0112   536  17.701   1.443         
 0113   447  18.429   1.655         
 0113   536  18.169   1.632         
 0114   447  18.740   2.444         
 0115   447  18.408   1.798         
 0115   536  18.067   1.489         
 0116   447  18.504   1.808         
 0116   536  18.218   1.902         
 0118   447  18.376   1.624         
 0118   536  18.102   1.505         
 0122   536  18.189   1.453         
 0123   447  18.461   2.112         
 0123   536  17.821   1.584         
 0124   447  18.725   2.551         
 0124   536  18.377   2.066         
 0125   447  19.403   1.650         
 0126   447  19.675   2.338         
 0127   447  18.487   1.515         
 0127   536  18.119   1.512         
 0128   447  18.730   2.038         
 0130   447  18.901   1.954         
 0131   447  18.708   1.542         
 0131   536  18.210   1.512         
 0132   447  18.890   2.202         
 0132   536  18.622   1.502         
 0134   447  19.014   1.901         
 0143   447  18.833   1.797         
 0143   536  18.373   1.315         
 0145   447  18.965   1.542         
 0145   536  18.250   2.323         
 0148   447  18.987   1.840         
 0149   447  18.993   2.835         
 0149   536  18.611   1.462         
 0151   447  19.035   2.654         
 0151   536  18.779   1.400         
 0153   447  18.920   2.311         
 0154   447  19.049   2.364         
 0154   536  18.675   1.763         
 0155   447  19.054   1.768         
 0156   447  19.072   1.912         
 0157   447  20.328   1.713         
 0159   536  18.721   1.859         
 0160   447  19.001   1.499         
 0160   536  18.674   1.718         
 0162   447  19.095   2.209         
 0166   536  18.910   1.601         
 0167   447  20.167   2.711         
 0168   447  19.131   1.634         
 0169   447  18.930   1.541         
 0170   447  19.313   2.026         
 0173   447  19.256   2.462         
 0173   536  18.887   1.618         
 0179   447  19.910   2.454         
 0180   447  19.754   1.740         
 0181   447  19.282   2.074         
 0183   447  19.255   2.446         
 0185   447  20.680   1.705         
 0187   447  19.513   2.646         
 0192   447  19.343   2.149         
 0195   447  20.450   1.591         
 0198   447  20.791   1.884         
 0200   447  19.419   2.395         
 0200   536  19.187   1.673         
 0204   447  19.697   1.773         
 0209   447  21.579   1.140         
 0210   447  19.804   1.751         
 0214   447  19.702   2.104         
 0216   447  21.111   1.842         
 0222   447  20.220   2.516         
 0223   447  19.620   1.953         
 0226   447  19.872   2.230         
 0226   536  19.369   2.111         
 0229   447  19.696   1.718         
 0235   447  19.824   1.708         
 0240   447  19.820   1.998         
 0242   447  19.700   1.544         
 0243   447  19.814   1.619         
 0244   447  19.849   1.202         
 0248   447  19.957   2.022         
 0250   447  20.451   1.719         
 0251   447  19.977   1.920         
 0251   536  19.852   1.873         
 0254   447  20.011   1.604         
 0261   447  19.792   2.248         
 0262   447  20.243   2.264         
 0268   447  20.413   2.029         
 0269   447  20.360   1.487         
 0270   447  21.177   1.247         
 0274   447  20.316   2.538         
 0279   447  20.111   1.572         
 0281   447  20.217   2.144         
 0286   447  20.198   2.135         
 0287   447  20.108   1.571         
 0295   447  20.102   1.643         
 0296   447  21.202   1.205         
 0303   447  20.095   1.784         
 0305   447  20.574   1.750         
 0306   447  20.152   1.843         
 0313   447  20.602   1.861         
 0319   447  22.343   0.361         
 0321   447  20.814   1.853         
 0366   447  20.604   1.747         
 0371   447  20.407   1.613         
 0375   447  20.880   1.410         
 0384   447  20.547   1.774         
 0386   447  20.783   1.532         
 0393   447  20.709   1.439         
 0403   447  20.672   1.916         
 0408   447  21.147   1.173         
 0419   447  21.799   1.125         
 0444   447  23.285  -0.272         
 0447   447  22.797  -0.430         
 0451   447  21.224   1.349         
 0467   447  21.544   1.258         
 0470   447  21.225   1.000         
 0474   447  21.880   0.245         
 0484   447  21.936   0.917         
 0485   447  21.200   1.215         
 0504   447  21.528   0.232         
 0514   447  21.222   1.084         
 0519   447  21.301   1.536         
 0552   447  22.390   0.704         
 0560   447  22.286   0.795         
 0566   447  21.988   0.766         
 0572   447  21.922   0.834         
 0579   447  22.113   0.946         
 0616   447  22.315   0.253         
 0626   447  22.467   0.817         
 0646   447  22.830   0.147         
 0656   447  21.905   0.351         
 0681   447  22.526   0.028         
 0689   447  22.818   0.055         
 0690   447  22.743  -0.553         
 0712   447  22.155   0.472         
 0725   447  22.273   0.794         
 0732   447  23.112  -0.068         
 0738   447  23.528  -0.531         
 0746   447  22.793  -0.221         
 0756   447  23.131   0.010         
 0762   447  22.738   0.090         
 1000   536  15.490   1.425   0.449
 1001   536  17.101   1.381   0.638
 1003   536  16.467   1.052   0.556
 1004   536  15.368   0.919   0.002
 1005   536  16.087   1.015   0.341
 1006   536  15.661   1.068   0.248
 1007   536  16.115   1.287   0.525
 1008   536  19.684   2.104  -0.290
 1009   536  16.451   1.523   0.730
 1010   536  16.093   1.156   0.465
 1011   536  15.904   1.353   0.621
 1012   536  15.595   1.075   0.188
 1013   536  16.264   1.152   0.347
 1014   536  17.358   1.353   0.740
 1015   536  16.925   1.044   0.982
 1016   536  15.591   1.149   0.224
 1018   536  15.918   1.172   0.482
 1019   536  15.873   1.106   0.320
 1020   536  16.476   1.117   0.480
 1021   536  15.838   1.067   0.341
 1022   536  14.659   1.014   0.094
 1023   536  16.319   1.164   0.361
 1024   536  15.569   1.034   0.292
 1025   536  14.852   1.160   0.266
 1026   536  15.756   1.127   0.431
 1027   536  14.412   1.037   0.129
 1028   536  16.664   1.147   0.723
 1029   536  16.539   1.155   0.225
 1030   536  15.861   1.972   1.243
 1031   536  16.812   1.195   0.607
 1032   536  16.056   1.480   0.696
 1033   536  14.239   1.040   0.011
 1034   536  16.947   1.166   0.450
 1035   536  13.736   2.533   1.812
 1036   536  15.680   1.155   0.332
 1037   536  16.027   1.151   0.291
 1038   536  16.795   1.079   0.226
 1039   536  17.395   1.835   0.406
 1040   536  18.207   0.922  -1.126
 1041   536  16.782   1.232   0.582
 1042   536  16.259   1.320   0.660
 1043   536  15.842   1.048   0.298
 1044   536  17.203   1.250   1.068
 1045   536  16.178   1.349   0.565
 1046   536  16.684   1.196   0.569
 1047   536  16.169   1.101   0.359
 1049   536  15.998   1.395   0.776
 1050   536  16.959   1.267   0.350
 1051   536  16.812   1.237   0.583
 1053   536  17.284   1.272   0.662
 1054   536  17.312   1.301   0.495
 1055   536  15.434   1.552   0.697
 1056   536  16.669   1.456   0.999
 1057   536  16.986   1.580  -0.058
 1058   536  16.433   2.357         
 1059   536  17.769   1.591         
 1060   536  18.508   1.439         
 1061   536  18.778   1.204         
 1062   536  18.488   1.341         
 1063   536  17.788   1.683         
 1064   536  17.678   1.189         
 1065   536  17.770   2.086         
 1066   536  17.983   1.436         
 1067   536  17.475   1.390         
 1068   536  17.528   1.342         
 1069   536  18.448   1.426         
 1070   536  18.419   1.337         
 1071   536  15.557   1.995         
 1072   536  18.068   2.652         
 1073   536  17.413   2.186         
 1074   536  17.229   1.684         
 1075   536  16.311   2.253         
 1076   536  18.458   1.175         
 1077   536  18.766   1.917         
 1078   536  17.853   1.441         
 1079   536  17.604   2.299         
 1080   536  19.186   1.303         
 1081   536  17.313   2.188         
 1082   536  17.638   1.547         
 1083   536  18.456   1.808         
 1084   536  16.258   1.855         
 1085   536  17.440   2.285         
 1086   536  18.035   1.672         
 1087   536  18.444   1.702         
 1088   536  18.921   1.328         
 1089   536  17.588   1.509         
 1090   536  17.233   1.557         
 1091   536  18.323   1.676         
 1092   536  18.267   0.773         
 1093   536  16.928   1.634         
 1094   536  17.661   1.224         
 1095   536  17.777   2.205         
 1096   536  18.435   1.975         
 1097   536  18.641   1.403         
 1098   536  18.122   1.554         
 1099   536  17.751   1.709         
 1100   536  17.857   1.609         
 1101   536  19.629   2.478         
 1102   536  16.668   1.686         
 1103   536  15.806   2.014         
 1104   536  18.345   1.716         
 1105   536  16.793   1.698         
 1106   536  17.272   1.273         
 1107   536  17.823   1.399         
 1108   536  15.125   2.438         
 1109   536  18.583   1.558         
 1110   536  17.380   1.364         
 1111   536  16.688   1.589         
 1112   536  18.619   1.837         
 1113   536  17.740   1.390         
 1114   536  16.926   1.477         
 1115   536  17.620   1.265         
 1116   536  18.275   1.445         
 1117   536  18.996   2.199         
 1118   536  16.639   0.888         
 1119   536  16.566   2.204         
 1120   536  18.723   1.440         
 1121   536  16.764   1.210         
 1122   536  17.599   1.502         
 1123   536  17.318   1.493         
 1124   536  16.801   1.127         
 1125   536  16.798   1.397         
 1126   536  17.492   0.994         
 1127   536  17.806   1.555         
 1128   536  18.448   1.355         
 1129   536  18.853   1.655         
 1130   536  17.555   1.812         
 1131   536  17.316   1.165         
 1132   536  16.738   2.152         
 1133   536  17.730   1.498         
 1134   536  17.376   2.137         
 1135   536  18.901   1.711         
 1136   536  18.362   1.866         
 1137   536  18.132   1.400         
 1138   536  17.695   2.000         
 1139   536  18.714   2.260         
 1140   536  16.090   1.059         
 1141   536  18.106   1.482         
 1142   536  17.188   2.168         
 1143   536  18.794   1.398         
 1144   536  16.529   2.037         
 1145   536  18.061   1.768         
 1146   536  17.939   1.359         
 1147   536  17.381   1.591         
 1148   536  17.684   1.286         
 1149   536  17.422   1.238         
 1150   536  17.181   1.248         
 1151   536  17.337   1.218         
 1152   536  18.360   1.460         
 1153   536  18.666   1.498         
 1154   536  18.502   1.495         
 1155   536  18.138   1.702         
 1156   536  17.790   1.541         
 1157   536  16.161   1.982         
 1158   536  17.039   1.580         
 1159   536  17.789   1.370         
 1160   536  17.992   1.429         
 1161   536  18.579   1.642         
 1162   536  18.176   1.627         
 1163   536  20.157   1.357         
 1164   536  18.048   2.031         
 1165   536  18.178   1.756         
 1166   536  17.036   1.309         
 1167   536  17.639   2.260         
 1168   536  17.712   1.505         
 1169   536  16.685   1.170         
 1170   536  17.184   1.248         
 1171   536  18.666   1.524         
 1172   536  19.223   1.270         
 1173   536  18.777   1.613         
 1174   536  17.073   1.463         
 1175   536  17.615   1.509         
 1176   536  16.524   1.204         
 1177   536  18.225   1.469         
 1178   536  17.469   1.528         
 1179   536  17.814   1.694         
 1180   536  18.065   1.428         
 1181   536  18.314   1.343         
 1182   536  17.129   2.208         
 1183   536  18.079   1.400         
 1184   536  16.978   2.203         
 1185   536  18.352   1.850         
 1186   536  17.409   1.496         
 1187   536  17.420   2.241         
 1188   536  17.226   1.581         
 1189   536  19.210   1.448         
 1190   536  17.963   1.825         
 1191   536  18.385   1.838         
 1192   536  16.219   2.196         
 1193   536  17.442   1.674         
 1194   536  18.303   1.357         
 1195   536  17.490   1.317         
 1196   536  17.806   1.330         
 1197   536  18.610   1.493         
 1198   536  14.852   2.535         
 1199   536  17.783   1.737         
 1200   536  18.180   1.475         
 1201   536  17.112   1.257         
 1202   536  18.119   1.421         
 1203   536  17.067   1.484         
 1204   536  17.899   1.396         
 1205   536  18.070   1.773         
 1206   536  18.756   1.543         
 1207   536  17.862   1.636         
 1208   536  18.183   1.785         
 1209   536  17.372   2.280         
 1210   536  16.805   1.262         
 1211   536  16.710   1.445         
 1212   536  18.117   1.358         
 1213   536  17.890   1.288         
 1214   536  18.101   1.804         
 1215   536  16.834   2.065         
 1216   536  17.102   1.168         
 1217   536  18.272   1.600         
 1218   536  17.441   3.051         
 1219   536  18.422   1.476         
 1220   536  17.179   1.293         
 1221   536  17.545   1.401         
 1222   536  18.741   1.381         
 1223   536  17.748   1.494         
 1224   536  17.551   1.293         
 1225   536  17.326   2.022         
 1226   536  18.397   1.632         
 1227   536  18.018   1.577         
 1228   536  16.968   2.093         
 1229   536  17.078   1.356         
 1230   536  17.134   1.654         
 1231   536  16.647   2.258         
 1232   536  18.158   2.101         
 1233   536  17.400   1.376         
 1234   536  18.494   1.294         
 1235   536  15.341   2.343         
 1236   536  16.301   2.139         
 1237   536  17.710   1.827         
 1238   536  16.948   2.148         
 1239   536  18.189   1.444         
 1240   536  17.133   1.455         
 1241   536  17.580   1.698         
 1242   536  18.746   1.370         
 1243   536  15.386   1.593         
 1244   536  18.075   1.353         
 1245   536  18.574   1.176         
 1246   536  17.786   1.524         
 1247   536  16.836   1.150         
 1248   536  17.250   1.445         
 1249   536  17.519   1.389         
 1250   536  16.741   1.470         
 1251   536  18.609   1.463         
 1252   536  18.984   1.798         
 1253   536  16.928   2.821         
 1254   536  18.266   1.524         
 1255   536  18.279   1.355         
 1256   536  18.004   2.137         
 1257   536  17.145   2.015         
 1258   536  18.922   1.499         
 1259   536  17.766   1.578         
 1260   536  17.674   1.622         
 1261   536  18.304   1.736         
 1262   536  18.582   1.565         
 1263   536  18.811   1.873         
 1264   536  17.338   1.631         
 1265   536  17.434   1.825         
 1266   536  18.090   1.474         
 1267   536  17.459   1.740         
 1268   536  18.640   1.711         
 1269   536  17.230   2.075         
 1270   536  17.228   1.445         
 1271   536  17.498   1.260         
 1272   536  18.105   1.547         
 1273   536  18.484   1.810         
 1274   536  16.872   1.297         
 1275   536  18.323   1.387         
 1276   536  17.181   2.210         
 1277   536  18.301   1.605         
 1278   536  17.630   1.562         
 1279   536  16.777   1.915         
 1280   536  18.549   1.483         
 1281   536  17.507   1.375         
 1282   536  18.567   1.502         
 1283   536  17.119   1.549         
 1284   536  17.285   1.654         
 1285   536  17.061   1.339         
 1286   536  18.316   1.872         
 1287   536  16.619   2.258         
 1288   536  17.974   1.258         
 1289   536  16.436   2.357         
 1290   536  18.450   1.427         
 1291   536  15.415   2.569         
 1292   536  18.259   1.332         
 1293   536  17.284   1.474         
 1294   536  18.640   1.649         
 1295   536  18.142   1.580         
 1296   536  18.703   1.929         
 1297   536  18.393   1.439         
 1298   536  19.116   1.658         
 1299   536  18.003   1.422         
 1300   536  17.537   2.626         
 1301   536  18.557   1.578         
 1302   536  19.366   1.210         
 1303   536  18.486   1.924         
 1304   536  19.004   2.782         
 1305   536  17.948   1.721         
 1306   536  18.414   1.923         
 1307   536  17.980   2.334         
 1308   536  18.393   1.684         
 1309   536  17.498   1.271         
 1310   536  18.599   1.399         
 1311   536  16.077   1.639         
 1312   536  18.166   1.421         
 1313   536  18.076   1.514         
 1314   536  19.491   1.457         
 1315   536  17.893   1.791         
 1316   536  18.400   1.879         
 1317   536  17.315   2.332         
 1318   536  18.497   1.459         
 1319   536  18.042   1.512         
 1320   536  18.397   1.626         
 1321   536  18.170   1.382         
 1322   536  18.049   1.406         
 1323   536  18.178   1.688         
 1324   536  18.828   1.470         
 1325   536  18.208   1.410         
 1326   536  17.114   2.174         
 1327   536  17.807   2.251         
 1328   536  18.270   1.964         
 1329   536  16.164   1.723         
 1330   536  18.248   1.635         
 1331   536  18.122   1.396         
 1332   536  17.857   1.457         
 1333   536  17.992   2.506         
 1334   536  18.199   1.882         
 1335   536  18.585   2.810         
 1336   536  18.980   2.183         
 1337   536  17.947   0.670         
 1338   536  18.656   1.937         
 1339   536  17.346   1.079         
 1340   536  18.608   1.479         
 1341   536  18.891   0.855         
 1342   536  17.978   2.145         
 1343   536  19.210   1.481         
 1344   536  18.077   1.434         
 1345   536  18.878   1.277         
 1346   536  18.398   1.820         
 1347   536  17.505   1.868         
 1348   536  19.084   1.313         
 1349   536  18.788   1.596         
 1350   536  18.194   1.680         
 1351   536  19.192   1.587         
 1352   536  19.897   1.799         
 1353   536  16.711   2.248         
 1354   536  18.311   1.780         
 1355   536  18.999   1.152         
 1356   536  18.410   2.219