UBV CCD observations

  No    Ref    V       B-V     U-B

 0101   150  17.529   0.840   0.464
 0102   150  19.211   1.202         
 0103   150  14.378   1.209   1.019
 0104   150  20.386   1.344         
 0105   150  16.638   0.693   0.536
 0106   150  17.118   0.761   0.552
 0107   150  19.319   1.052         
 0108   150  17.621   0.828   0.516
 0109   150  19.048   1.201         
 0110   150  19.333   1.084         
 0111   150  19.052   0.998         
 0112   150  17.454   0.989   0.541
 0113   150  15.559   0.682   0.605
 0114   150  15.242   0.711   0.252
 0115   150  17.665   0.922         
 0116   150  19.629   1.516         
 0117   150  14.909   0.693   0.618
 0118   150  16.164   0.588   0.579
 0119   150  16.006   0.597   0.575
 0120   150  14.535   1.265   1.004
 0121   150  18.254   0.916         
 0122   150  16.650   0.869   0.645
 0123   150  19.000   1.252         
 0124   150  19.241   1.105         
 0125   150  17.384   0.816         
 0126   150  17.735   0.986   0.772
 0127   150  17.813   0.960         
 0128   150  16.294   0.774   0.569
 0129   150  19.511   1.023         
 0130   150  14.971   1.148   0.849
 0131   150  16.873   0.970   0.582
 0132   150  17.829   1.134         
 0133   150  15.735   0.728   0.326
 0134   150  17.765   0.952         
 0135   150  18.260   0.894         
 0136   150  16.362   0.861   0.438
 0137   150  18.110   0.811   0.680
 0138   150  17.157   0.983   0.585
 0139   150  18.074   0.825   0.461
 0140   150  18.098   1.007         
 0141   150  15.925   0.735   0.697
 0142   150  18.958   1.071         
 0143   150  15.544   0.696   0.626
 0144   150  19.200   1.197         
 0145   150  16.443   0.972   0.621
 0146   150  15.898   1.568         
 0147   150  15.309   0.751   0.631
 0148   150  19.235   1.211         
 0149   150  18.657   1.038         
 0150   150  18.899   1.104         
 0151   150  18.155   0.989   0.354
 0152   150  16.929   0.656   0.527
 0153   150  17.993   1.126   0.161
 0154   150  18.496   1.351         
 0155   150  18.078   1.560         
 0156   150  19.407   1.332         
 0157   150  17.048   0.969   0.474
 0158   150  19.663   1.071         
 0159   150  16.465   0.936   0.426
 0160   150  17.460   1.219         
 0161   150  16.545   0.747   0.667
 0162   150  18.828   0.946         
 0163   150  15.609   0.852   0.563
 0164   150  18.931   1.000         
 0165   150  16.925   0.794   0.687
 0166   150  18.241   0.899         
 0167   150  17.549   0.888         
 0168   150  17.199   1.964         
 0201   150  19.020   0.903         
 0202   150  17.973   1.017   0.381
 0203   150  17.110   0.974   0.336
 0204   150  18.687   1.048         
 0205   150  17.471   1.009   0.615
 0206   150  15.801   0.762   0.641
 0207   150  19.486   1.244         
 0208   150  17.558   0.936   0.415
 0209   150  19.214   1.172         
 0210   150  19.048   1.238         
 0211   150  19.648   1.201         
 0212   150  15.220   1.305   0.946
 0213   150  15.442   0.870   0.593
 0214   150  15.354   0.895   0.723
 0215   150  16.886   1.013   0.510
 0216   150  18.220   1.100         
 0217   150  17.814   1.013         
 0218   150  16.390   0.762   0.613
 0219   150  14.946   0.839   0.392
 0220   150  14.895   1.434   1.052
 0221   150  15.220   1.123   0.775
 0222   150  17.379   1.036         
 0223   150  16.542   0.891   0.605
 0224   150  15.468   0.886   0.354
 0225   150  17.380   1.023   0.593
 0226   150  18.816   1.018         
 0227   150  15.924   0.806   0.265
 0228   150  13.009   1.579   1.378
 0229   150  14.728   1.475   1.167
 0230   150  17.156   0.988   0.586
 0231   150  17.151   1.053   0.408
 0232   150  16.014   0.797   0.629
 0233   150  17.014   0.837   0.616
 0234   150  16.505   0.881   0.747
 0235   150  17.503   1.060   0.572
 0236   150  16.390   0.911   0.654
 0237   150  18.524   1.059         
 0238   150  17.501   0.828   0.490
 0239   150  18.748   1.220         
 0240   150  16.336   0.808   0.681
 0241   150  18.403   1.051         
 0242   150  17.949   1.029         
 0243   150  19.112   1.291         
 0244   150  17.870   1.006         
 0245   150  18.859   1.093         
 0246   150  15.559   0.740   0.716
 0247   150  17.228   1.017   0.587
 0248   150  17.661   0.935   0.452
 0249   150  17.756   1.031   0.379
 0250   150  16.612   0.835   0.723
 0251   150  15.974   0.749   0.709
 0252   150  18.661   0.995         
 0253   150  13.632   1.096   0.899
 0254   150  17.017   0.910   0.711
 0255   150  19.664   1.141         
 0256   150  16.760   0.831   0.686
 0257   150  19.049   0.946         
 0258   150  17.237   0.862   0.707
 0259   150  18.959   1.059         
 0260   150  18.381   1.110         
 0261   150  15.408   0.834   0.348
 0262   150  19.075   1.137         
 0263   150  18.521   1.146         
 0264   150  16.814   0.826   0.568
 0265   150  19.299   1.356         
 0266   150  19.358   1.232         
 0267   150  16.854   0.820   0.631
 0268   150  19.050   1.315         
 0269   150  17.310   0.852   0.602
 0270   150  17.170   0.977   0.443
 0271   150  19.386   0.960         
 0272   150  17.981   1.248         
 0273   150  18.709   1.000         
 0274   150  17.582   0.936         
 0275   150  15.135   0.642   0.439
 0276   150  18.593   0.669   0.497