UBV CCD observations

  No    Ref    V       B-V     U-B

 0002    78  16.859   1.142         
 0005    78  21.512   1.632         
 0006    78  19.354   1.048         
 0006   420  19.359   1.070         
 0007    78  18.449   1.250         
 0007   420  18.430   1.348         
 0010    78  21.721   1.328         
 0011    78  19.680   1.460         
 0011   420  19.671   1.406         
 0013    78  21.275   1.298         
 0013   420  21.341   1.194         
 0014    78  20.462   1.122         
 0014   420  20.501   1.209         
 0016    78  19.585   1.296         
 0016   420  19.579   1.332         
 0018    78  19.794   1.140         
 0018   420  19.796   1.167         
 0019    78  21.246   1.241         
 0019   420  21.232   1.335         
 0021    78  17.569   1.194         
 0021   420  17.576   1.201         
 0024    78  19.150   1.429         
 0024   420  19.145   1.538         
 0026    78  21.065   1.429         
 0026   420  21.041   1.527         
 0027    78  19.771   1.236         
 0027   420  19.759   1.238         
 0030    78  21.036   1.649         
 0030   420  20.980   1.717         
 0031    78  20.569   1.424         
 0031   420  20.554   1.537         
 0032    78  18.091   1.068         
 0032   420  18.099   1.135         
 0034    78  21.387   1.272         
 0034   420  21.413   1.136         
 0036    78  17.565   1.428         
 0036   420  17.549   1.491         
 0038    78  20.292   1.566         
 0038   420  20.349   1.634         
 0041    78  18.798   1.105         
 0041   420  18.801   1.148         
 0042    78  18.981   1.242         
 0042   420  18.980   1.307         
 0045    78  21.979   1.357         
 0045   420  21.847   1.520         
 0046    78  20.878   1.257         
 0046   420  20.890   1.303         
 0047    78  20.861   1.226         
 0047   420  20.906   1.359         
 0048    78  20.590   1.115         
 0048   420  20.567   1.276         
 0050    78  19.665   1.211         
 0050   420  19.681   1.258         
 0051    78  17.311   1.269         
 0051   420  17.316   1.239         
 0053    78  19.700   1.426         
 0053   420  19.680   1.508         
 0054    78  20.549   1.622         
 0054   420  20.560   1.568         
 0055    78  20.256   1.851         
 0055   420  20.230   1.884         
 0057    78  21.491   1.454         
 0057   420  21.493   1.320         
 0061    78  19.503   1.403         
 0061   420  19.501   1.414         
 0063    78  20.312   1.234         
 0063   420  20.338   1.156         
 0065    78  20.597   1.255         
 0065   420  20.619   1.257         
 0067    78  21.375   1.605         
 0068    78  16.760   1.021         
 0068   420  16.781   1.030         
 0069    78  18.871   1.642         
 0069   420  18.881   1.650         
 0072    78  19.730   1.110         
 0072   420  19.722   1.196         
 0073    78  20.357   1.090         
 0073   420  20.369   1.186         
 0075    78  21.187   1.214         
 0075   420  21.139   1.467         
 0076    78  21.423   1.445         
 0076   420  21.371   1.612         
 0077    78  20.757   1.540         
 0077   420  20.723   1.744         
 0078    78  16.169   0.844         
 0078   420  16.196   0.882         
 0079    78  20.545   1.069         
 0079   420  20.532   1.147         
 0081    78  21.553   1.414         
 0081   420  21.542   1.442         
 0082    78  21.589   1.350         
 0082   420  21.541   1.454         
 0085    78  21.461   1.276         
 0085   420  21.422   1.305         
 0086    78  19.184   1.050         
 0086   420  19.178   1.105         
 0087    78  20.414   1.664         
 0087   420  20.444   1.527         
 0088    78  19.244   1.130         
 0088   420  19.240   1.112         
 0089    78  21.546   1.652         
 0089   420  21.558   1.612         
 0090   420  21.254   2.032         
 0091    78  16.715   1.655         
 0091   420  16.730   1.646         
 0095    78  22.062   0.153         
 0095   420  21.980   0.454         
 0096    78  20.746   1.925         
 0096   420  20.708   1.831         
 0097    78  16.820   0.989         
 0097   420  16.827   1.026         
 0102    78  20.885   1.286         
 0102   420  20.855   1.311         
 0103    78  20.090   1.181         
 0103   420  20.082   1.187         
 0105    78  20.543   1.237         
 0105   420  20.563   1.280         
 0108    78  20.900   1.814         
 0108   420  20.907   1.845         
 0109    78  20.900   1.238         
 0109   420  20.908   1.257         
 0110    78  20.207   1.100         
 0110   420  20.207   1.147         
 0111   420  22.611   1.671         
 0112    78  21.164   0.991         
 0113   420  22.558   1.988         
 0114   420  22.171   1.907         
 0116   420  22.648   1.476         
 0117    78  21.659   1.274         
 0117   420  21.607   1.362         
 0119    78  19.762   1.072         
 0119   420  19.763   1.034         
 0120    78  18.782   1.134         
 0120   420  18.783   1.121         
 0121    78  20.726   1.182         
 0121   420  20.687   1.283         
 0122    78  20.153   1.509         
 0122   420  20.151   1.572         
 0123    78  19.536   1.470         
 0123   420  19.549   1.451         
 0124    78  15.515   1.530         
 0124   420  15.519   1.594         
 0125   420  22.578   1.571         
 0128   420  22.253   1.585         
 0131   420  22.651   1.503         
 0134    78  16.599   1.798         
 0134   420  16.587   1.875         
 0136    78  21.665   0.116         
 0138    78  21.283   0.152         
 0142    78  21.444   0.063         
 0143    78  19.810   1.128         
 0143   420  19.807   1.127         
 0144    78  20.835   1.583         
 0144   420  20.810   1.711         
 0145    78  20.812   1.273         
 0145   420  20.826   1.234         
 0148    78  20.579   1.611         
 0148   420  20.519   1.710         
 0149   420  22.285   1.411         
 0150    78  20.359   1.158         
 0150   420  20.377   1.134         
 0151    78  19.648   1.708         
 0151   420  19.965   1.205         
 0153    78  20.781   1.210         
 0153   420  20.768   1.195         
 0154    78  19.532   1.154         
 0154   420  19.538   1.137         
 0156    78  12.482   0.529         
 0159    78  19.061   1.023         
 0159   420  19.082   1.061         
 0160   420  21.884   1.365         
 0161   420  21.856   1.321         
 0164    78  21.204   1.343         
 0164   420  21.253   1.281         
 0165    78  21.305   0.141         
 0166    78  20.970   1.971         
 0166   420  21.015   1.918         
 0168    78  20.669   1.195         
 0168   420  20.652   1.235         
 0169    78  20.112   1.146         
 0169   420  20.115   1.155         
 0170    78  15.499   1.518         
 0170   420  15.508   1.577         
 0172    78  21.376   0.310         
 0173    78  22.148   1.163         
 0173   420  22.102   1.418         
 0174    78  21.237   0.331         
 0175    78  18.761   1.272         
 0175   420  18.773   1.350         
 0176    78  18.900   1.257         
 0176   420  18.909   1.331         
 0177    78  20.697   1.255         
 0177   420  20.706   1.206         
 0178    78  20.508   1.222         
 0178   420  20.520   1.183         
 0179    78  21.629   1.242         
 0179   420  21.663   1.342         
 0180   420  22.185   1.450         
 0181   420  21.575   0.996         
 0184    78  19.898   1.152         
 0184   420  19.893   1.167         
 0186   420  22.243   1.491         
 0187    78  19.759   1.877         
 0187   420  19.747   1.950         
 0188    78  21.151   1.250         
 0188   420  21.146   1.246         
 0189    78  20.428   1.212         
 0189   420  20.450   1.239         
 0191    78  20.574   1.168         
 0191   420  20.637   1.152         
 0192    78  16.945   1.268         
 0192   420  16.957   1.290         
 0193    78  21.205   1.245         
 0193   420  21.172   1.318         
 0194    78  21.098   1.319         
 0194   420  21.018   1.413         
 0195    78  16.123   1.462         
 0195   420  16.126   1.485         
 0196    78  20.542   1.351         
 0196   420  20.548   1.301         
 0197    78  20.767   1.442         
 0197   420  20.797   1.510         
 0198    78  21.746   1.214         
 0198   420  21.778   1.226         
 0199    78  21.363   1.359         
 0199   420  21.411   1.273         
 0200   420  21.776   1.301         
 0201    78  18.969   1.365         
 0201   420  18.991   1.401         
 0202    78  21.702   1.275         
 0202   420  21.673   1.441         
 0203    78  19.477   1.079         
 0203   420  19.489   1.114         
 0204    78  20.761   0.942         
 0204   420  20.761   1.119         
 0205    78  20.787   1.321         
 0205   420  20.833   1.218         
 0206    78  19.340   1.174         
 0206   420  19.353   1.175         
 0208    78  19.688   1.090         
 0208   420  19.728   1.105         
 0210    78  21.831   1.351         
 0210   420  21.802   1.365         
 0211    78  16.451   1.740         
 0211   420  16.461   1.731         
 0213    78  20.341   1.349         
 0213   420  20.353   1.356         
 0214    78  20.767   1.192         
 0214   420  20.777   1.226         
 0215    78  22.293   1.370         
 0215   420  22.202   1.502         
 0216    78  20.023   1.272         
 0216   420  20.013   1.303         
 0217    78  21.292   1.157         
 0217   420  21.276   1.289         
 0220   420  22.576   1.469         
 0221    78  18.630   1.164         
 0221   420  18.637   1.178         
 0222   420  22.392   1.596         
 0223    78  22.269   1.541         
 0223   420  22.242   1.486         
 0224    78  21.245   1.275         
 0224   420  21.256   1.300         
 0227    78  20.876   1.201         
 0227   420  20.866   1.231         
 0228    78  21.456   1.415         
 0228   420  21.474   1.376         
 0230    78  20.924   1.970         
 0230   420  20.936   1.911         
 0231    78  18.917   1.646         
 0231   420  18.910   1.677         
 0232    78  20.243   1.157         
 0232   420  20.258   1.151         
 0233    78  21.640   1.309         
 0233   420  21.678   1.319         
 0234    78  17.729   1.535         
 0234   420  17.753   1.540         
 0235    78  21.627   1.445         
 0235   420  21.661   1.512         
 0236    78  19.523   1.149         
 0236   420  19.530   1.121         
 0237    78  21.883   0.742         
 0238    78  21.823   1.495         
 0238   420  21.870   1.415         
 0239   420  22.360   1.777         
 0241    78  18.476   1.365         
 0241   420  18.482   1.404         
 0242    78  21.155   1.365         
 0242   420  21.185   1.280         
 0243    78  21.095   0.503         
 0244    78  19.013   1.085         
 0244   420  19.029   1.096         
 0245    78  17.630   1.410         
 0245   420  17.631   1.483         
 0247    78  22.358   1.305         
 0247   420  22.353   1.278         
 0249    78  19.694   1.224         
 0249   420  19.694   1.230         
 0250    78  21.863   2.008         
 0250   420  21.809   1.935         
 0251    78  20.270   1.185         
 0251   420  20.309   1.169         
 0253   420  22.618   1.444         
 0255    78  21.061   1.246         
 0255   420  21.074   1.265         
 0256    78  21.540   1.272         
 0256   420  21.513   1.325         
 0257    78  22.043   1.408         
 0257   420  22.024   1.418         
 0258    78  19.478   1.111         
 0258   420  19.511   1.130         
 0259    78  20.869   1.268         
 0259   420  20.883   1.273         
 0260    78  21.905   1.475         
 0260   420  21.949   1.597         
 0261    78  20.868   1.302         
 0261   420  20.891   1.306         
 0262    78  19.645   1.112         
 0262   420  19.644   1.148         
 0263    78  22.159   1.460         
 0263   420  22.184   1.455         
 0264    78  20.928   1.292         
 0264   420  20.955   1.244         
 0265    78  18.468   1.319         
 0265   420  18.486   1.328         
 0268    78  18.737   1.405         
 0268   420  18.763   1.432         
 0270    78  20.443   1.141         
 0270   420  20.504   1.209         
 0271    78  21.992   1.659         
 0271   420  22.054   1.580         
 0272    78  22.077   1.424         
 0272   420  22.074   1.398         
 0273    78  19.839   1.119         
 0273   420  19.853   1.146         
 0274    78  22.591   1.426         
 0274   420  22.445   1.680         
 0275    78  18.662   1.501         
 0275   420  18.680   1.493         
 0276    78  20.359   1.158         
 0276   420  20.393   1.165         
 0278    78  20.110   1.149         
 0278   420  20.115   1.161         
 0279    78  21.827   1.302         
 0279   420  21.787   1.352         
 0280   420  22.346   2.081         
 0281    78  20.862   1.311         
 0281   420  20.873   1.356         
 0282    78  21.909   1.370         
 0282   420  21.866   1.479         
 0284    78  20.271   1.068         
 0284   420  20.274   1.142         
 0285    78  22.109   1.978         
 0285   420  22.138   1.838         
 0286    78  20.813   1.277         
 0286   420  20.847   1.239         
 0287    78  19.067   1.472         
 0287   420  19.085   1.473         
 0288    78  21.626   1.402         
 0288   420  21.614   1.386         
 0292    78  19.572   1.121         
 0292   420  19.593   1.134         
 0294    78  21.470   1.452         
 0294   420  21.429   1.570         
 0295    78  20.793   1.176         
 0295   420  20.796   1.204         
 0296    78  21.319   0.985         
 0297    78  21.255   1.255         
 0297   420  21.239   1.303         
 0298   420  22.130   1.502         
 0300    78  21.001   1.274         
 0300   420  21.003   1.300         
 0301    78  21.213   1.284         
 0301   420  21.198   1.333         
 0302    78  21.969   1.456         
 0303    78  20.374   1.204         
 0303   420  20.376   1.199         
 0304    78  21.046   1.248         
 0304   420  21.040   1.270         
 0305    78  22.073   1.304         
 0305   420  22.042   1.449         
 0306    78  21.679   1.452         
 0306   420  21.758   1.421         
 0307    78  20.725   1.277         
 0307   420  20.738   1.279         
 0308    78  19.663   1.178         
 0308   420  19.681   1.159         
 0310    78  21.648   1.809         
 0310   420  21.632   1.816         
 0312    78  21.796   1.592         
 0312   420  21.820   1.669         
 0313    78  19.307   1.109         
 0313   420  19.329   1.137         
 0314    78  21.040   1.416         
 0314   420  21.101   1.285         
 0317    78  21.073   1.286         
 0317   420  21.125   1.293         
 0318    78  16.605   1.568         
 0318   420  16.618   1.559         
 0319    78  18.902   1.159         
 0319   420  18.913   1.171         
 0320    78  19.348   1.081         
 0320   420  19.357   1.105         
 0321   420  22.765   1.353         
 0322    78  22.132   1.500         
 0322   420  22.109   1.536         
 0323    78  21.611   1.327         
 0324   420  21.627   1.360         
 0325    78  18.797   1.233         
 0325   420  18.818   1.256         
 0326    78  19.588   1.082         
 0326   420  19.592   1.099         
 0328   420  22.229   1.604         
 0330    78  19.901   1.191         
 0330   420  19.921   1.223         
 0332    78  19.193   1.458         
 0332   420  19.204   1.469         
 0333    78  20.436   1.108         
 0334    78  20.456   1.062         
 0334   420  20.461   1.299         
 0335    78  22.008   1.303         
 0335   420  21.960   1.482         
 0336   420  22.425   1.599         
 0337    78  20.235   1.170         
 0337   420  20.249   1.195         
 0338    78  21.610   1.454         
 0338   420  21.592   1.494         
 0339    78  19.149   1.131         
 0339   420  19.162   1.166         
 0340    78  18.800   1.181         
 0340   420  18.816   1.197         
 0342    78  21.017   1.268         
 0342   420  21.037   1.275         
 0343    78  19.050   1.183         
 0343   420  19.074   1.192         
 0344    78  21.174   1.423         
 0344   420  21.183   1.450         
 0345    78  20.137   1.135         
 0345   420  20.145   1.152         
 0346    78  23.171   1.344         
 0348    78  22.503   1.142         
 0350    78  19.558   1.190         
 0350   420  19.577   1.201         
 0351    78  21.306   1.434         
 0351   420  21.299   1.465         
 0353    78  20.971   1.142         
 0353   420  20.945   1.239         
 0355   420  23.508   1.145         
 0357    78  19.528   1.086         
 0357   420  19.542   1.094         
 0358    78  16.051   1.517         
 0358   420  16.065   1.537         
 0359    78  21.354   1.351         
 0359   420  21.386   1.324         
 0360    78  21.961   1.374         
 0360   420  21.933   1.400         
 0362    78  20.279   1.226         
 0362   420  20.301   1.228         
 0363    78  20.814   1.356         
 0363   420  20.742   1.460         
 0364    78  19.592   1.185         
 0364   420  19.597   1.214         
 0366    78  20.415   1.204         
 0366   420  20.464   1.192         
 0367    78  20.333   1.112         
 0367   420  20.356   1.165         
 0368    78  17.316   1.473         
 0368   420  17.331   1.485         
 0369    78  21.150   1.268         
 0369   420  21.153   1.315         
 0371    78  17.260   1.658         
 0371   420  17.272   1.678         
 0372    78  18.885   1.504         
 0372   420  18.893   1.501         
 0373    78  21.272   1.926         
 0374   420  21.295   1.850         
 0376   420  22.786   1.530         
 0377    78  20.468   1.201         
 0377   420  20.487   1.201         
 0378   420  22.538   1.499         
 0379    78  18.375   1.088         
 0379   420  18.384   1.103         
 0380   420  22.410   2.051         
 0381    78  21.022   1.193         
 0381   420  21.023   1.264         
 0383    78  18.877   1.219         
 0383   420  18.928   1.216         
 0385    78  19.561   1.299         
 0385   420  19.567   1.334         
 0388    78  19.564   1.042         
 0388   420  19.627   1.063         
 0391    78  20.519   1.661         
 0391   420  20.550   1.721         
 0392    78  22.107   1.477         
 0392   420  22.115   1.527         
 0393    78  19.813   1.100         
 0393   420  19.831   1.139         
 0394    78  22.669   1.430         
 0396    78  19.279   1.073         
 0396   420  19.287   1.108         
 0397    78  22.092   1.473         
 0397   420  22.093   1.572         
 0398   420  22.596   2.371         
 0399    78  21.015   1.265         
 0399   420  21.044   1.283         
 0400    78  16.695   1.580         
 0400   420  16.711   1.583         
 0401    78  20.891   1.232         
 0401   420  20.872   1.264         
 0402    78  21.948   1.392         
 0402   420  21.997   1.363         
 0404    78  21.479   1.416         
 0404   420  21.497   1.347         
 0405    78  19.706   1.075         
 0405   420  19.712   1.100         
 0406    78  20.537   1.180         
 0406   420  20.557   1.198         
 0408    78  21.388   1.201         
 0408   420  21.411   1.315         
 0409    78  20.462   1.527         
 0409   420  20.474   1.629         
 0410    78  20.272   1.179         
 0410   420  20.285   1.206         
 0411    78  21.538   1.259         
 0411   420  21.545   1.306         
 0412    78  21.981   1.345         
 0412   420  21.946   1.477         
 0413    78  18.521   1.209         
 0413   420  18.536   1.227         
 0414    78  15.762   1.874         
 0414   420  15.769   1.923         
 0416    78  19.682   1.189         
 0416   420  19.703   1.221         
 0417    78  20.099   1.207         
 0417   420  20.123   1.206         
 0419    78  20.372   1.170         
 0419   420  20.336   1.228         
 0420    78  21.666   1.557         
 0420   420  21.685   1.460         
 0421   420  22.914   1.574         
 0422    78  21.310   1.262         
 0422   420  21.281   1.301         
 0423    78  21.631   1.483         
 0423   420  21.641   1.468         
 0424    78  21.449   1.730         
 0424   420  21.458   1.687         
 0426   420  22.556   1.708         
 0427    78  18.134   0.988         
 0427   420  18.165   1.023         
 0428    78  20.115   1.152         
 0428   420  20.106   1.191         
 0429    78  18.930   1.061         
 0429   420  18.942   1.084         
 0430    78  22.515   1.244         
 0431    78  21.071   1.659         
 0432    78  20.957   1.740         
 0432   420  20.976   1.727         
 0433    78  21.033   1.835         
 0434    78  20.483   1.198         
 0434   420  20.483   1.198         
 0435    78  21.475   1.282         
 0435   420  21.512   1.327         
 0436    78  19.843   1.123         
 0436   420  19.835   1.139         
 0438    78  17.882   0.795         
 0438   420  17.908   0.851         
 0439    78  21.042   1.407         
 0439   420  21.021   1.438         
 0440    78  21.154   1.353         
 0440   420  21.182   1.286         
 0441    78  22.112   1.497         
 0441   420  22.169   1.495         
 0442    78  20.606   1.317         
 0442   420  20.602   1.335         
 0443    78  19.137   1.063         
 0443   420  19.146   1.078         
 0444    78  20.616   1.205         
 0444   420  20.638   1.215         
 0445    78  21.953   1.378         
 0445   420  21.928   1.414         
 0446    78  18.978   1.089         
 0446   420  18.992   1.118         
 0447    78  20.077   1.116         
 0447   420  20.070   1.137         
 0448   420  22.850   1.531         
 0450    78  20.950   1.369         
 0450   420  20.936   1.449         
 0452   420  22.616   1.439         
 0456    78  21.205   1.194         
 0456   420  21.208   1.244         
 0457    78  17.435   0.818         
 0457   420  17.435   0.859         
 0458    78  20.736   1.163         
 0458   420  20.763   1.217         
 0459    78  19.140   1.157         
 0459   420  19.137   1.171         
 0460    78  21.764   1.361         
 0462    78  21.398   1.354         
 0462   420  21.414   1.343         
 0463    78  20.504   1.165         
 0463   420  20.555   1.251         
 0464    78  18.920   1.155         
 0464   420  18.933   1.178         
 0466    78  20.759   0.479         
 0466   420  20.452   0.940         
 0468    78  21.379   1.319         
 0468   420  21.366   1.277         
 0469    78  19.070   1.042         
 0469   420  19.077   1.075         
 0470    78  19.382   1.117         
 0470   420  19.385   1.124         
 0471    78  20.963   1.233         
 0471   420  20.961   1.261         
 0472    78  20.753   1.189         
 0472   420  20.764   1.189         
 0473    78  22.444   1.268         
 0473   420  22.324   1.537         
 0474    78  21.621   1.439         
 0474   420  21.644   1.392         
 0476   420  22.437   1.578         
 0477    78  18.288   0.617         
 0477   420  17.964   1.034         
 0478    78  21.784   1.344         
 0478   420  21.751   1.338         
 0479    78  20.950   1.378         
 0479   420  20.967   1.391         
 0480   420  22.227   1.783         
 0481    78  21.785   1.446         
 0481   420  21.858   1.401         
 0482    78  20.580   1.273         
 0482   420  20.617   1.263         
 0483    78  19.684   1.111         
 0483   420  19.700   1.142         
 0484    78  22.758   1.409         
 0484   420  22.665   1.564         
 0486    78  19.330   1.252         
 0486   420  19.366   1.287         
 0487    78  19.487   1.139         
 0487   420  19.489   1.136         
 0488    78  21.353   1.288         
 0488   420  21.336   1.388         
 0489    78  19.314   1.134         
 0489   420  19.318   1.139         
 0490    78  20.413   1.699         
 0490   420  20.432   1.753         
 0491    78  20.252   1.233         
 0491   420  20.248   1.253         
 0492    78  19.961   1.157         
 0492   420  19.954   1.178         
 0493    78  18.142   1.010         
 0493   420  18.149   1.062         
 0495    78  19.940   1.138         
 0495   420  19.939   1.142         
 0496    78  22.050   1.588         
 0496   420  22.143   1.495         
 0497    78  19.030   1.039         
 0497   420  19.075   1.063         
 0498   420  22.435   1.700         
 0499    78  16.539   1.497         
 0499   420  16.545   1.524         
 0500    78  20.696   1.339         
 0500   420  20.691   1.358         
 0502    78  19.651   1.198         
 0502   420  19.666   1.249         
 0503   420  22.384   1.597         
 0504    78  20.977   1.209         
 0504   420  20.954   1.233         
 0505    78  22.592   1.399         
 0505   420  22.423   1.494         
 0506    78  18.710   0.924         
 0506   420  18.658   0.960         
 0507    78  22.347   1.450         
 0507   420  22.309   1.442         
 0508    78  21.623   1.358         
 0508   420  21.630   1.408         
 0510    78  20.516   0.802         
 0510   420  20.329   1.180         
 0511    78  18.173   1.194         
 0511   420  18.186   1.297         
 0512    78  20.066   1.135         
 0512   420  20.082   1.145         
 0513    78  19.500   1.126         
 0513   420  19.492   1.129         
 0514    78  22.344   1.506         
 0514   420  22.264   1.597         
 0515    78  20.643   1.106         
 0515   420  20.566   1.276         
 0516    78  20.244   1.179         
 0516   420  20.247   1.179         
 0517    78  21.052   1.239         
 0517   420  21.038   1.259         
 0518    78  20.675   1.257         
 0518   420  20.688   1.276         
 0519    78  20.192   0.951         
 0519   420  20.016   1.130         
 0520    78  21.123   1.361         
 0520   420  21.163   1.299         
 0521    78  20.741   1.235         
 0521   420  20.753   1.262         
 0522    78  21.053   1.288         
 0522   420  21.153   1.311         
 0523    78  20.783   1.145         
 0523   420  20.792   1.234         
 0524    78  18.927   1.536         
 0524   420  18.753   1.583         
 0525    78  19.166   1.041         
 0525   420  19.174   1.082         
 0527    78  21.416   1.340         
 0527   420  21.405   1.340         
 0528    78  18.120   0.917         
 0528   420  18.156   0.922         
 0529    78  20.767   1.261         
 0531    78  21.235   1.092         
 0531   420  21.273   1.155         
 0532    78  21.636   1.544         
 0532   420  21.729   1.376         
 0533   420  22.686   1.606         
 0534    78  20.077   1.097         
 0534   420  20.064   1.130         
 0535    78  22.282   1.409         
 0535   420  22.290   1.506         
 0536    78  19.547   1.157         
 0536   420  19.583   1.063         
 0537   420  22.562   1.556         
 0538    78  18.854   1.126         
 0538   420  18.872   1.157         
 0541    78  20.447   1.210         
 0541   420  20.424   1.251         
 0542    78  18.840   1.150         
 0542   420  18.862   1.178         
 0543    78  18.750   1.122         
 0543   420  18.768   1.154         
 0544    78  18.044   0.802         
 0544   420  18.050   0.862         
 0545    78  20.311   1.205         
 0545   420  20.321   1.225         
 0546    78  20.508   1.177         
 0546   420  20.526   1.210         
 0547   420  22.328   1.433         
 0548    78  21.205   1.252         
 0548   420  21.234   1.280         
 0549    78  16.785   1.601         
 0549   420  16.782   1.634         
 0550    78  18.891   1.176         
 0550   420  18.935   1.194         
 0551    78  19.332   1.150         
 0551   420  19.337   1.161         
 0552    78  20.259   1.262         
 0552   420  20.227   1.341         
 0553    78  18.933   1.163         
 0553   420  18.980   1.177         
 0554    78  18.920   1.105         
 0554   420  18.891   1.173         
 0555    78  19.520   1.110         
 0555   420  19.532   1.155         
 0556   420  22.489   1.848         
 0557    78  18.293   1.441         
 0557   420  18.307   1.469         
 0558    78  18.544   1.332         
 0558   420  18.510   1.333         
 0559    78  19.124   1.126         
 0559   420  19.123   1.138         
 0560    78  19.455   1.140         
 0560   420  19.443   1.191         
 0561    78  21.424   1.308         
 0561   420  21.501   1.371         
 0562    78  19.291   1.105         
 0562   420  19.311   1.127         
 0563    78  19.652   1.118         
 0563   420  19.650   1.138         
 0564    78  19.722   1.172         
 0564   420  19.741   1.201         
 0565    78  21.368   1.721         
 0565   420  21.386   1.865         
 0566    78  16.692   1.603         
 0566   420  16.695   1.636         
 0567    78  21.211   1.314         
 0567   420  21.260   1.290         
 0568    78  18.745   1.083         
 0568   420  18.766   1.102         
 0569   420  22.525   1.548         
 0570   420  22.616   1.593         
 0571    78  19.040   1.375         
 0571   420  19.041   1.374         
 0572    78  18.302   1.076         
 0572   420  18.307   1.098         
 0574    78  21.121   1.210         
 0574   420  21.124   1.251         
 0575   420  22.200   1.702         
 0576    78  21.787   1.379         
 0576   420  21.852   1.498         
 0577    78  16.679   1.257         
 0577   420  16.693   1.285         
 0578    78  19.131   1.209         
 0578   420  19.161   1.230         
 0579    78  16.876   1.662         
 0579   420  16.889   1.683         
 0581    78  21.835   1.083         
 0581   420  21.738   1.314         
 0582    78  20.966   1.332         
 0583    78  20.703   1.221         
 0583   420  20.718   1.224         
 0584    78  21.024   0.982         
 0584   420  21.031   1.151         
 0585    78  19.930   1.195         
 0585   420  19.942   1.223         
 0586    78  17.302   0.684         
 0586   420  17.306   0.748         
 0587    78  19.563   1.117         
 0587   420  19.564   1.129         
 0588    78  20.900   1.346         
 0588   420  20.912   1.402         
 0589    78  17.844   1.790         
 0589   420  17.872   1.782         
 0590    78  19.804   1.204         
 0590   420  19.822   1.223         
 0591    78  16.683   1.677         
 0591   420  16.692   1.689         
 0592    78  18.500   1.106         
 0592   420  18.506   1.135         
 0593    78  20.251   1.090         
 0593   420  20.237   1.185         
 0594    78  20.367   1.208         
 0594   420  20.368   1.249         
 0595   420  22.318   1.549         
 0596    78  21.432   1.416         
 0596   420  21.476   1.414         
 0597    78  20.519   1.380         
 0597   420  20.589   1.415         
 0598    78  21.646   1.377         
 0598   420  21.615   1.357         
 0599    78  22.165   1.482         
 0601    78  20.008   1.143         
 0601   420  19.999   1.160         
 0602    78  17.658   1.622         
 0602   420  17.680   1.640         
 0603    78  18.655   1.060         
 0603   420  18.657   1.103         
 0604    78  19.287   0.999         
 0604   420  19.311   1.048         
 0605    78  19.372   1.177         
 0605   420  19.425   1.194         
 0607    78  21.472   1.351         
 0607   420  21.575   1.498         
 0609   420  22.619   1.517         
 0610    78  18.432   1.412         
 0610   420  18.456   1.443         
 0611    78  18.903   1.174         
 0611   420  18.940   1.184         
 0613    78  18.134   1.525         
 0613   420  18.162   1.554         
 0614    78  19.501   1.176         
 0614   420  19.556   1.190         
 0615    78  20.900   1.220         
 0615   420  20.874   1.218         
 0617    78  19.102   1.220         
 0617   420  19.153   1.238         
 0619    78  17.141   1.549         
 0619   420  17.188   1.546         
 0620    78  22.384   1.637         
 0621    78  21.428   1.382         
 0621   420  21.458   1.391         
 0622    78  21.052   1.190         
 0622   420  21.071   1.393         
 0623    78  19.174   1.136         
 0623   420  19.173   1.148         
 0624    78  22.125   1.364         
 0624   420  22.061   1.598         
 0625    78  18.176   1.214         
 0625   420  18.176   1.232         
 0626    78  17.847   1.477         
 0626   420  17.862   1.489         
 0628    78  20.913   1.386         
 0628   420  20.979   1.257         
 0629   420  21.624   1.881         
 0630    78  20.703   1.206         
 0630   420  20.712   1.231         
 0631    78  21.168   1.145         
 0631   420  21.133   1.216         
 0632    78  22.240   1.620         
 0632   420  22.274   1.453         
 0633    78  19.631   1.130         
 0633   420  19.635   1.153         
 0634    78  20.024   1.139         
 0634   420  20.046   1.166         
 0635    78  21.751   1.469         
 0635   420  21.730   1.584         
 0637    78  21.631   1.744         
 0637   420  22.008   1.609         
 0639    78  19.426   1.204         
 0639   420  19.457   1.235         
 0640    78  19.923   1.222         
 0640   420  19.960   1.223         
 0642    78  20.411   1.170         
 0642   420  20.386   1.206         
 0643    78  14.313   2.286         
 0643   420  14.328   2.363         
 0644    78  22.721   1.700         
 0645    78  21.421   1.264         
 0645   420  21.428   1.344         
 0647    78  20.475   1.244         
 0647   420  20.541   1.230         
 0649    78  21.808   1.239         
 0649   420  21.376   1.184         
 0650    78  18.867   1.159         
 0650   420  18.943   1.137         
 0651    78  21.200   1.426         
 0651   420  21.165   1.462         
 0653    78  21.673   1.454         
 0653   420  21.732   1.477         
 0654    78  18.847   1.128         
 0654   420  18.877   1.152         
 0655    78  20.050   1.820         
 0655   420  20.067   1.865         
 0656    78  18.097   1.481         
 0656   420  18.105   1.504         
 0657    78  20.570   1.197         
 0657   420  20.573   1.241         
 0658    78  20.832   1.247         
 0658   420  20.877   1.268         
 0660    78  18.061   1.113         
 0660   420  18.081   1.143         
 0661    78  19.055   1.981         
 0662    78  22.271   1.450         
 0662   420  22.473   1.475         
 0663    78  20.114   1.172         
 0663   420  20.144   1.195         
 0665    78  21.557   1.501         
 0665   420  21.468   1.377         
 0666    78  18.241   1.508         
 0666   420  18.261   1.478         
 0667    78  19.792   1.233         
 0667   420  19.801   1.258         
 0668    78  18.863   1.143         
 0669    78  21.062   1.157         
 0669   420  21.104   1.293         
 0670    78  21.468   1.342         
 0670   420  21.570   1.461         
 0672    78  20.587   1.244         
 0672   420  20.620   1.330         
 0673    78  20.035   1.203         
 0673   420  20.003   1.221         
 0676    78  18.794   1.167         
 0676   420  18.838   1.200         
 0679    78  20.620   1.313         
 0679   420  20.660   1.307         
 0680   420  22.905   1.355         
 0681    78  18.239   1.152         
 0681   420  18.285   1.184         
 0682    78  21.585   1.459         
 0682   420  21.631   1.332         
 0683    78  19.220   1.155         
 0683   420  19.271   1.194         
 0684   420  22.492   1.570         
 0686    78  19.611   1.262         
 0686   420  19.710   1.231         
 0687    78  18.286   1.154         
 0687   420  18.299   1.179         
 0688    78  20.631   1.643         
 0688   420  20.721   1.648         
 0689    78  20.570   1.361         
 0689   420  20.631   1.381         
 0690    78  21.173   1.218         
 0690   420  21.155   1.298         
 0691    78  22.036   1.783         
 0691   420  22.071   1.917         
 0692    78  19.461   1.130         
 0692   420  19.481   1.150         
 0693    78  20.035   1.197         
 0693   420  20.034   1.215         
 0694    78  15.165   1.577         
 0694   420  15.172   1.612         
 0695    78  18.723   1.111         
 0695   420  18.738   1.153         
 0696    78  21.495   1.949         
 0696   420  21.574   1.875         
 0697    78  19.999   1.236         
 0697   420  20.069   1.229         
 0698    78  19.827   1.215         
 0698   420  19.847   1.251         
 0699    78  21.723   1.593         
 0699   420  21.790   1.542         
 0700    78  20.387   1.219         
 0700   420  20.390   1.242         
 0701    78  19.166   1.170         
 0701   420  19.224   1.174         
 0702    78  20.875   1.222         
 0702   420  20.897   1.226         
 0703    78  19.842   1.203         
 0703   420  19.854   1.200         
 0704    78  19.515   1.092         
 0704   420  19.551   1.144         
 0705    78  19.191   1.096         
 0705   420  19.224   1.151         
 0706    78  19.357   1.050         
 0706   420  19.354   1.081         
 0708    78  20.668   1.168         
 0708   420  20.679   1.198         
 0709    78  22.189   1.315         
 0710   420  21.749   1.396         
 0711    78  18.862   1.124         
 0711   420  18.889   1.158         
 0712    78  17.680   0.942         
 0712   420  17.667   1.031         
 0713    78  21.645   1.145         
 0713   420  21.674   1.257         
 0715    78  22.526   1.729         
 0715   420  22.550   1.659         
 0716    78  19.033   1.071         
 0716   420  19.047   1.102         
 0717    78  20.522   1.226         
 0717   420  20.546   1.255         
 0719    78  20.772   1.265         
 0719   420  20.875   1.399         
 0720    78  19.353   1.184         
 0720   420  19.366   1.220         
 0721    78  21.049   1.941         
 0722    78  20.049   1.162         
 0722   420  20.067   1.184         
 0723    78  21.717   1.437         
 0723   420  21.841   1.322         
 0724    78  18.367   0.821         
 0724   420  18.399   0.884         
 0725    78  19.045   1.094         
 0725   420  19.043   1.138         
 0726    78  19.596   1.086         
 0726   420  19.592   1.149         
 0727    78  19.750   1.157         
 0727   420  19.764   1.186         
 0728    78  19.299   1.121         
 0728   420  19.314   1.152         
 0729    78  20.508   1.288         
 0729   420  20.512   1.342         
 0730    78  18.721   1.443         
 0730   420  18.776   1.489         
 0731    78  21.073   1.266         
 0731   420  21.080   1.305         
 0732    78  18.931   1.168         
 0732   420  18.956   1.201         
 0734    78  20.930   1.202         
 0734   420  20.941   1.212         
 0735    78  20.242   1.159         
 0735   420  20.262   1.205         
 0736    78  19.113   1.404         
 0736   420  19.125   1.429         
 0738    78  22.418   1.719         
 0738   420  22.440   1.731         
 0739    78  21.384   1.179         
 0739   420  21.355   1.287         
 0740    78  20.106   1.164         
 0740   420  20.102   1.175         
 0742    78  19.894   1.146         
 0742   420  19.922   1.184         
 0744    78  19.657   0.785         
 0745    78  19.744   1.148         
 0745   420  19.742   1.168         
 0748    78  18.681   1.325         
 0748   420  18.363   1.203         
 0751    78  20.746   1.204         
 0751   420  20.764   1.249         
 0753    78  21.723   1.416         
 0753   420  21.758   1.422         
 0754    78  19.641   1.196         
 0754   420  19.642   1.204         
 0755    78  21.702   0.811         
 0757    78  19.358   1.101         
 0757   420  19.369   1.135         
 0758    78  21.860   1.379         
 0758   420  21.840   1.447         
 0759    78  20.628   1.298         
 0759   420  20.684   1.237         
 0760    78  19.889   1.182         
 0760   420  19.937   1.189         
 0761    78  21.826   1.530         
 0761   420  21.870   1.397         
 0764    78  22.410   1.501         
 0764   420  22.387   1.533         
 0765    78  19.759   1.247         
 0765   420  19.782   1.261         
 0767    78  21.830   1.415         
 0767   420  21.824   1.461         
 0769    78  21.737   1.527         
 0769   420  21.737   1.493         
 0772    78  21.673   1.350         
 0773    78  21.204   1.383         
 0773   420  21.233   1.406         
 0775    78  21.867   1.457         
 0775   420  21.869   1.391         
 0776    78  21.916   1.489         
 0776   420  21.896   1.560         
 0779    78  21.705   1.394         
 0779   420  21.772   1.321         
 0780    78  19.371   1.097         
 0780   420  19.381   1.114         
 0781    78  20.685   1.222         
 0781   420  20.701   1.267         
 0782    78  20.077   1.204         
 0782   420  20.088   1.210         
 0783    78  21.891   1.438         
 0783   420  21.900   1.476         
 0784    78  21.560   1.167         
 0786    78  12.933   0.804         
 0786   420  12.951   0.830         
 0788    78  21.003   1.274         
 0788   420  20.994   1.275         
 0789    78  20.158   1.044         
 0789   420  20.164   1.105         
 0790    78  21.218   1.228         
 0790   420  21.226   1.259         
 0791    78  21.044   1.286         
 0791   420  21.080   1.277         
 0792    78  19.222   1.159         
 0792   420  19.243   1.187         
 0793    78  19.866   1.181         
 0793   420  19.913   1.159         
 0794    78  19.600   1.086         
 0794   420  19.605   1.111         
 0797    78  21.690   1.010         
 0798    78  21.342   1.421         
 0798   420  21.290   1.513         
 0799    78  20.872   1.245         
 0799   420  20.868   1.245         
 0800    78  20.836   1.284         
 0800   420  20.850   1.316         
 0801    78  19.076   1.157         
 0801   420  19.098   1.208         
 0802    78  19.695   1.236         
 0802   420  19.705   1.243         
 0803    78  21.364   1.524         
 0804    78  16.939   1.287         
 0804   420  16.997   1.324         
 0805    78  21.140   0.162         
 0806    78  17.970   1.391         
 0806   420  18.022   1.431         
 0808    78  19.982   1.199         
 0808   420  19.992   1.216         
 0809    78  18.636   1.323         
 0809   420  18.624   1.420         
 0812    78  19.810   1.190         
 0812   420  19.813   1.191         
 0813    78  21.528   0.900         
 0815    78  20.451   1.219         
 0815   420  20.427   1.114         
 0817    78  19.015   1.468         
 0817   420  19.030   1.465         
 0819    78  20.292   1.128         
 0819   420  20.300   1.165         
 0820    78  19.681   1.153         
 0820   420  19.704   1.195         
 0821    78  20.456   1.261         
 0821   420  20.428   1.275         
 0822    78  21.349   1.263         
 0822   420  21.400   1.270         
 0824    78  21.239   1.399         
 0827   420  22.915   1.379         
 0828    78  21.344   1.268         
 0828   420  21.345   1.304         
 0829    78  16.756   0.991         
 0829   420  16.774   1.020         
 0830    78  21.105   1.503         
 0830   420  21.239   1.441         
 0831    78  19.003   1.162         
 0831   420  19.020   1.196         
 0832    78  21.820   1.254         
 0832   420  21.781   1.393         
 0833    78  20.404   1.843         
 0833   420  20.392   1.791         
 0835    78  16.975   1.704         
 0835   420  16.983   1.756         
 0836    78  20.572   1.070         
 0836   420  20.568   1.144         
 0837    78  19.187   1.482         
 0837   420  19.207   1.523         
 0838    78  20.587   1.226         
 0838   420  20.596   1.275         
 0839    78  21.118   1.168         
 0839   420  21.135   1.223         
 0841    78  21.836   1.495         
 0841   420  21.894   1.472         
 0842    78  22.187   1.542         
 0842   420  22.199   1.640         
 0843    78  19.556   1.183         
 0843   420  19.612   1.194         
 0844    78  21.346   1.300         
 0844   420  21.338   1.357         
 0845   420  22.460   2.091         
 0846    78  19.755   1.299         
 0846   420  19.780   1.326         
 0847    78  22.386   1.420         
 0847   420  22.320   1.457         
 0848    78  21.518   1.362         
 0848   420  21.518   1.371         
 0850    78  20.607   1.247         
 0850   420  20.613   1.307         
 0851    78  19.972   1.837         
 0851   420  19.959   1.979         
 0852    78  20.409   1.976         
 0852   420  20.476   1.952         
 0854    78  18.428   1.316         
 0854   420  18.436   1.364         
 0855    78  19.885   1.034         
 0855   420  19.889   1.096         
 0856    78  19.429   1.097         
 0856   420  19.452   1.109         
 0857    78  21.715   1.216         
 0857   420  21.740   1.275         
 0858    78  19.494   1.195         
 0858   420  19.509   1.236         
 0860    78  19.978   1.105         
 0860   420  19.974   1.141         
 0861    78  20.915   1.162         
 0861   420  20.897   1.223         
 0862    78  22.515   1.202         
 0862   420  22.466   1.668         
 0863    78  19.305   1.152         
 0863   420  19.351   1.181         
 0866    78  21.195   1.401         
 0866   420  21.153   1.426         
 0867    78  21.972   1.502         
 0867   420  22.024   1.553         
 0868    78  22.072   1.470         
 0868   420  22.056   1.490         
 0869    78  21.905   1.580         
 0870    78  19.276   1.153         
 0870   420  19.299   1.188         
 0871    78  17.817   1.385         
 0871   420  17.831   1.432         
 0872    78  22.074   1.534         
 0872   420  22.116   1.512         
 0873    78  21.792   1.309         
 0873   420  21.825   1.467         
 0874    78  20.270   1.138         
 0874   420  20.265   1.161         
 0875    78  22.087   1.535         
 0875   420  22.059   1.411         
 0876    78  17.548   0.740         
 0876   420  17.565   0.794         
 0877    78  19.734   1.113         
 0877   420  19.769   1.153         
 0878    78  18.582   1.126         
 0878   420  18.612   1.156         
 0880    78  21.574   1.343         
 0880   420  21.660   1.306         
 0881    78  21.465   1.288         
 0881   420  21.437   1.394         
 0882    78  21.167   1.281         
 0882   420  21.189   1.359         
 0883    78  21.550   1.269         
 0883   420  21.532   1.368         
 0884    78  19.843   1.205         
 0884   420  19.920   1.208         
 0885   420  22.672   1.541         
 0886   420  22.470   1.595         
 0887    78  18.319   1.142         
 0887   420  18.359   1.181         
 0888   420  22.258   1.974         
 0889    78  20.896   1.249         
 0889   420  20.978   1.287         
 0890   420  22.313   1.488         
 0891    78  18.564   1.060         
 0891   420  18.572   1.101         
 0892    78  19.319   1.141         
 0892   420  19.385   1.175         
 0893    78  20.784   1.094         
 0893   420  20.791   1.129         
 0895    78  20.524   1.870         
 0895   420  20.532   1.692         
 0896   420  22.105   1.461         
 0898    78  15.879   1.122         
 0898   420  15.915   0.959         
 0899    78  21.708   1.385         
 0899   420  21.740   1.405         
 0900    78  21.665   1.365         
 0900   420  21.723   1.376         
 0902    78  21.505   1.494         
 0902   420  21.519   1.519         
 0903    78  17.791   1.049         
 0904    78  21.963   1.462         
 0904   420  22.018   1.535         
 0905    78  18.684   1.156         
 0905   420  18.752   1.189         
 0906    78  22.223   1.209         
 0906   420  22.198   1.490         
 0907    78  21.245   1.340         
 0907   420  21.351   1.346         
 0909   420  22.475   1.794         
 0910    78  19.514   1.111         
 0910   420  19.512   1.146         
 0911    78  20.900   1.380         
 0911   420  20.999   1.400         
 0912    78  18.733   1.169         
 0912   420  18.759   1.197         
 0913    78  19.690   1.112         
 0913   420  19.717   1.132         
 0914    78  19.711   1.101         
 0914   420  19.772   1.144         
 0915    78  21.723   1.418         
 0915   420  21.752   1.462         
 0916    78  21.304   1.304         
 0916   420  21.304   1.354         
 0918    78  18.452   1.139         
 0918   420  18.469   1.168         
 0919    78  19.559   1.617         
 0919   420  19.569   1.648         
 0920    78  19.375   1.141         
 0920   420  19.401   1.177         
 0921   420  22.221   1.355         
 0922    78  20.137   1.304         
 0922   420  20.186   1.414         
 0923   420  22.323   1.830         
 0924    78  21.466   1.445         
 0924   420  21.423   1.520         
 0925    78  20.085   1.138         
 0925   420  20.122   1.190         
 0926   420  22.960   1.761         
 0927    78  19.703   1.212         
 0927   420  19.761   1.222         
 0929    78  19.175   1.063         
 0929   420  19.216   1.080         
 0930    78  21.398   1.309         
 0930   420  21.467   1.376         
 0932    78  19.801   1.289         
 0932   420  19.850   1.234         
 0933    78  20.370   1.105         
 0933   420  20.389   1.204         
 0934    78  18.333   1.472         
 0934   420  18.343   1.490         
 0935    78  22.196   1.479         
 0935   420  22.211   1.427         
 0936    78  15.439   0.887         
 0936   420  15.471   0.888         
 0938    78  20.562   1.231         
 0938   420  20.598   1.239         
 0939   420  22.233   1.384         
 0940    78  21.683   1.288         
 0940   420  21.637   1.374         
 0941    78  20.422   1.228         
 0941   420  20.420   1.259         
 0942    78  22.211   1.486         
 0942   420  22.282   1.415         
 0943    78  20.148   1.154         
 0943   420  20.145   1.179         
 0945    78  21.270   1.334         
 0945   420  21.249   1.428         
 0946    78  20.538   1.193         
 0946   420  20.556   1.233         
 0947    78  18.721   1.129         
 0947   420  18.757   1.202         
 0948    78  21.217   1.623         
 0948   420  21.410   1.348         
 0949    78  22.016   1.380         
 0949   420  22.037   1.399         
 0951    78  21.020   1.215         
 0951   420  21.034   1.234         
 0952    78  21.359   1.229         
 0954    78  20.483   1.216         
 0954   420  20.533   1.239         
 0955    78  19.533   1.065         
 0955   420  19.527   1.115         
 0956    78  20.786   1.190         
 0956   420  20.882   1.251         
 0957    78  22.205   1.205         
 0958   420  22.294   1.459         
 0959   420  21.943   1.387         
 0960    78  19.959   1.109         
 0960   420  20.009   1.146         
 0961    78  18.665   1.184         
 0961   420  18.680   1.231         
 0962    78  19.390   1.097         
 0962   420  19.399   1.155         
 0963    78  19.886   1.198         
 0963   420  19.904   1.222         
 0965    78  19.922   1.139         
 0965   420  19.941   1.180         
 0966    78  19.404   1.130         
 0966   420  19.407   1.175         
 0968   420  22.495   1.581         
 0969    78  20.777   1.429         
 0969   420  20.948   1.472         
 0970    78  20.942   1.262         
 0970   420  20.965   1.290         
 0972    78  21.874   1.357         
 0972   420  21.937   1.515         
 0974    78  19.986   1.569         
 0974   420  20.002   1.624         
 0975    78  18.644   1.127         
 0975   420  18.657   1.167         
 0976    78  18.951   1.468         
 0976   420  18.961   1.485         
 0979   420  22.167   1.496         
 0980    78  21.486   1.405         
 0980   420  21.489   1.448         
 0981    78  19.292   1.135         
 0981   420  19.297   1.158         
 0982    78  21.000   1.251         
 0982   420  20.995   1.312         
 0984    78  19.392   1.157         
 0984   420  19.403   1.204         
 0985    78  21.075   1.378         
 0985   420  21.069   1.417         
 0986    78  21.729   1.437         
 0986   420  21.709   1.616         
 0987    78  20.990   1.375         
 0987   420  21.064   1.395         
 0988    78  20.000   1.132         
 0988   420  19.992   1.179         
 0989    78  19.673   1.085         
 0989   420  19.664   1.161         
 0990    78  19.679   1.102         
 0990   420  19.731   1.156         
 0991    78  20.706   1.335         
 0991   420  20.802   1.371         
 0992    78  18.806   1.145         
 0992   420  18.819   1.166         
 0993   420  21.863   1.643         
 0994    78  18.771   1.092         
 0994   420  18.800   1.130         
 0995    78  19.651   1.109         
 0995   420  19.660   1.157         
 0996    78  21.153   1.245         
 0996   420  21.145   1.320         
 0997    78  21.908   1.411         
 0997   420  21.897   1.463         
 1000    78  20.239   1.295         
 1000   420  20.300   1.199         
 1002    78  20.165   1.838         
 1002   420  20.186   1.815         
 1003    78  20.221   1.655         
 1003   420  20.249   1.765         
 1004    78  21.265   1.921         
 1004   420  21.273   1.942         
 1005    78  21.058   1.976         
 1005   420  21.110   1.912         
 1006   420  22.444   1.803         
 1007    78  22.541   1.595         
 1007   420  22.606   1.542         
 1010    78  15.996   1.372         
 1010   420  15.725   1.071         
 1011    78  20.476   1.190         
 1011   420  20.489   1.226         
 1012    78  20.670   1.185         
 1012   420  20.674   1.213         
 1013    78  22.001   1.636         
 1013   420  22.061   1.435         
 1014    78  22.435   1.745         
 1014   420  22.491   1.610         
 1015   420  21.956   1.381         
 1016    78  22.025   1.475         
 1016   420  22.048   1.635         
 1017    78  21.439   1.405         
 1017   420  21.448   1.436         
 1018    78  18.439   1.158         
 1018   420  18.467   1.191         
 1019   420  22.329   1.509         
 1020    78  21.034   1.357         
 1020   420  21.045   1.350         
 1021    78  21.520   1.394         
 1021   420  21.576   1.366         
 1022   420  22.193   1.480         
 1023    78  21.409   1.286         
 1023   420  21.411   1.399         
 1024    78  17.780   0.957         
 1024   420  17.808   1.007         
 1026    78  21.007   1.350         
 1026   420  21.013   1.416         
 1027    78  19.069   1.088         
 1027   420  19.085   1.140         
 1028    78  21.379   1.353         
 1028   420  21.356   1.294         
 1029   420  21.950   1.355         
 1030    78  19.812   1.136         
 1030   420  19.836   1.145         
 1031    78  21.719   1.124         
 1031   420  21.635   1.209         
 1032    78  17.775   1.209         
 1032   420  17.787   1.261         
 1033    78  19.887   1.076         
 1033   420  19.878   1.145         
 1034    78  20.446   1.170         
 1034   420  20.502   1.203         
 1035   420  22.199   1.523         
 1036    78  15.130   1.516         
 1036   420  15.149   1.525         
 1037    78  20.880   1.254         
 1037   420  20.883   1.287         
 1038    78  19.067   1.104         
 1038   420  19.130   1.105         
 1039    78  18.803   1.079         
 1039   420  18.840   1.095         
 1040    78  17.860   1.248         
 1040   420  17.903   1.291         
 1041    78  19.086   1.125         
 1041   420  19.101   1.152         
 1042    78  21.148   1.192         
 1042   420  21.177   1.301         
 1043   420  22.093   1.421         
 1045    78  20.619   1.857         
 1045   420  20.675   1.856         
 1046    78  20.499   1.337         
 1046   420  20.527   1.308         
 1047    78  20.561   1.238         
 1047   420  20.565   1.350         
 1048    78  18.671   1.153         
 1048   420  18.687   1.189         
 1049    78  18.622   1.182         
 1049   420  18.647   1.229         
 1050    78  19.334   1.108         
 1050   420  19.390   1.121         
 1051    78  19.610   1.127         
 1051   420  19.639   1.150         
 1052    78  20.266   1.209         
 1052   420  20.317   1.134         
 1053    78  20.701   1.165         
 1053   420  20.741   1.189         
 1054    78  19.528   1.686         
 1054   420  19.535   1.702         
 1055    78  20.955   1.306         
 1055   420  20.962   1.263         
 1056    78  20.522   1.204         
 1056   420  20.547   1.237         
 1057    78  19.600   1.051         
 1057   420  19.599   1.096         
 1058    78  21.000   1.214         
 1058   420  20.964   1.268         
 1059   420  21.803   1.327         
 1060    78  21.058   1.245         
 1060   420  21.154   1.289         
 1061    78  19.888   1.090         
 1061   420  19.887   1.127         
 1062   420  22.184   1.801         
 1063    78  20.223   1.114         
 1063   420  20.230   1.142         
 1064    78  20.253   1.126         
 1064   420  20.273   1.164         
 1065    78  21.933   1.403         
 1065   420  22.041   1.368         
 1066    78  21.300   1.342         
 1066   420  21.330   1.339         
 1067   420  22.427   1.488         
 1068   420  22.499   1.366         
 1069    78  19.430   1.046         
 1069   420  19.436   1.082         
 1070    78  18.650   1.282         
 1070   420  18.694   1.300         
 1073   420  22.681   1.401         
 1074    78  19.422   1.086         
 1074   420  19.462   1.131         
 1075    78  19.261   1.041         
 1075   420  19.282   1.084         
 1076    78  19.946   1.876         
 1076   420  19.969   1.908         
 1079   420  21.993   1.396         
 1080    78  22.015   1.246         
 1080   420  22.012   1.491         
 1083    78  20.249   1.101         
 1083   420  20.271   1.171         
 1084    78  21.632   1.522         
 1084   420  21.684   1.660         
 1085   420  21.798   1.315         
 1086    78  19.384   1.074         
 1086   420  19.418   1.123         
 1087    78  19.862   1.134         
 1087   420  19.896   1.139         
 1088   420  21.793   1.390         
 1089    78  17.569   1.268         
 1089   420  17.586   1.312         
 1090    78  21.365   1.274         
 1090   420  21.416   1.427         
 1091    78  18.895   1.340         
 1091   420  18.953   1.373         
 1092    78  21.105   1.301         
 1092   420  21.187   1.287         
 1093    78  21.135   1.545         
 1093   420  21.214   1.340         
 1094    78  21.605   1.456         
 1094   420  21.685   1.450         
 1095    78  19.077   1.085         
 1095   420  19.125   1.113         
 1096    78  18.887   1.057         
 1096   420  18.910   1.133         
 1097   420  22.150   1.067         
 1098    78  21.431   1.561         
 1098   420  21.439   1.561         
 1099   420  21.311   1.827         
 1100   420  21.450   1.348         
 1101    78  20.622   1.152         
 1101   420  20.703   1.187         
 1103    78  20.453   1.201         
 1103   420  20.479   1.248         
 1104    78  19.055   1.051         
 1104   420  19.087   1.105         
 1106    78  19.411   0.999         
 1106   420  19.443   1.072         
 1107    78  19.528   1.076         
 1107   420  19.555   1.159         
 1108    78  21.562   1.458         
 1108   420  21.665   1.387         
 1109    78  16.332   1.449         
 1109   420  16.368   1.467         
 1110   420  22.885   1.505         
 1111    78  19.092   1.042         
 1111   420  19.133   1.097         
 1112    78  19.284   1.862         
 1112   420  19.327   1.905         
 1113    78  21.191   1.186         
 1113   420  21.201   1.251         
 1114    78  21.034   1.131         
 1114   420  21.067   1.184         
 1115    78  19.530   1.109         
 1115   420  19.594   1.116         
 1116   420  22.569   1.530         
 1117   420  22.176   1.877         
 1118    78  20.131   1.143         
 1118   420  20.178   1.158         
 1120    78  21.637   1.428         
 1120   420  21.715   1.366         
 1121    78  17.807   1.471         
 1121   420  17.845   1.477         
 1122    78  20.870   1.209         
 1122   420  20.901   1.237         
 1123    78  18.964   1.082         
 1123   420  18.992   1.108         
 1124   420  22.307   1.599         
 1125    78  21.587   1.372         
 1125   420  21.694   1.416         
 1126    78  20.629   1.101         
 1126   420  20.641   1.175         
 1128    78  21.759   1.284         
 1128   420  21.829   1.345         
 1129    78  19.117   1.305         
 1129   420  19.166   1.324         
 1130   420  21.828   1.507         
 1131   420  22.180   1.454         
 1133   420  22.327   1.692         
 1134    78  20.274   1.123         
 1134   420  20.326   1.169         
 1135    78  18.944   1.056         
 1135   420  18.988   1.120         
 1136    78  16.328   1.081         
 1136   420  16.373   1.120         
 1137    78  19.422   1.099         
 1137   420  19.484   1.118         
 1139    78  17.806   1.043         
 1140    78  20.282   1.152         
 1141    78  20.979   1.972         
 1142    78  16.880   1.469         
 1143    78  21.601   1.306         
 1145    78  20.032   1.168         
 1147    78  18.036   0.916         
 1149    78  19.008   1.163         
 1151    78  19.467   1.552         
 1152    78  21.345   1.362         
 1153    78  20.384   1.791         
 1155    78  21.245   1.192         
 1157    78  15.938   1.032         
 1158    78  18.526   1.630         
 2336   420  18.580   1.609         
 2337   420  19.102   1.122         
 2341   420  19.754   1.061         
 2343   420  20.284   1.257         
 2350   420  20.643   1.209         
 2353   420  20.474   1.854         
 2360   420  20.482   1.221         
 2365   420  20.594   1.678         
 2367   420  18.491   1.041         
 2383   420  18.741   1.161         
 2392   420  19.144   1.464         
 2397   420  19.645   1.174         
 2399   420  17.313   1.134         
 2402   420  18.050   1.628         
 2409   420  20.685   1.412         
 2427   420  19.591   1.157         
 2433   420  20.049   1.633         
 2437   420  15.941   1.312         
 2442   420  16.193   1.443         
 2445   420  18.672   1.190         
 2446   420  21.132   1.297         
 2448   420  19.408   1.157         
 2457   420  20.786   1.346         
 2466   420  19.244   1.223         
 2474   420  19.427   1.169         
 2491   420  19.949   1.244         
 2502   420  20.169   1.793         
 2506   420  16.771   1.622         
 2508   420  20.924   1.621         
 2513   420  16.835   1.197         
 2521   420  19.409   1.116         
 2527   420  18.809   1.163         
 2531   420  21.404   1.401         
 2546   420  20.387   1.222         
 2547   420  18.788   1.154         
 2988   420  20.390   1.235         
 2992   420  17.214   1.355         
 3000   420  19.477   1.447         
 3005   420  20.526   1.139         
 3008   420  20.094   1.165         
 3010   420  20.548   1.289         
 3012   420  20.594   1.188         
 3013   420  19.999   1.081         
 3018   420  18.008   1.497         
 3020   420  20.175   1.699         
 3022   420  20.598   1.167         
 3025   420  16.809   1.109         
 3027   420  20.022   1.672         
 3030   420  20.798   1.211         
 3031   420  19.421   1.104         
 3034   420  19.781   1.107         
 3035   420  18.686   0.950         
 3036   420  18.382   1.118         
 3037   420  19.152   1.124         
 3038   420  18.666   1.047         
 3039   420  19.959   1.069         
 3040   420  19.275   1.099         
 3043   420  20.936   1.199         
 3044   420  21.588   1.893         
 3047   420  16.286   1.536         
 3048   420  19.198   1.100         
 3049   420  19.329   1.081         
 3051   420  19.899   1.297         
 3052   420  19.507   1.075         
 3053   420  20.595   1.206         
 3054   420  19.615   1.040         
 3055   420  20.437   1.137         
 3056   420  17.977   1.251         
 3058   420  20.148   1.091         
 3059   420  19.005   1.051         
 3060   420  20.257   1.291         
 3062   420  19.968   1.244         
 3067   420  20.564   1.167         
 3068   420  20.866   1.189         
 3070   420  19.592   1.496         
 3071   420  19.739   1.334         
 3072   420  16.541   1.533         
 3073   420  15.767   1.031         
 3074   420  19.676   1.094         
 3075   420  19.020   1.075         
 3078   420  20.100   1.117         
 3079   420  14.618   1.055         
 3080   420  20.731   1.258         
 3082   420  20.795   1.199         
 3083   420  19.876   1.272         
 3086   420  20.119   1.179         
 3088   420  18.492   1.051         
 3089   420  21.008   1.235         
 3090   420  18.439   1.408         
 3091   420  21.154   1.238         
 3092   420  20.742   1.140         
 3093   420  20.829   1.193         
 3094   420  19.642   1.056         
 3095   420  21.133   1.841         
 3097   420  20.525   1.358         
 3100   420  18.844   1.012         
 3101   420  20.943   1.316         
 3102   420  21.093   1.417         
 3103   420  17.626   1.565         
 3105   420  18.413   1.134         
 3106   420  15.393   0.785         
 3107   420  18.833   1.173         
 3108   420  21.341   1.251         
 3109   420  20.436   1.112         
 3110   420  20.685   1.159         
 3111   420  20.073   1.124         
 3112   420  19.546   1.050         
 3114   420  19.763   1.045         
 3116   420  19.618   1.055         
 3118   420  18.904   0.998         
 3120   420  19.975   1.067         
 3121   420  19.571   1.854         
 3123   420  19.631   1.088         
 3127   420  19.014   1.488         
 3128   420  20.689   1.163         
 3130   420  20.468   1.135         
 3131   420  20.317   1.191         
 3132   420  19.581   1.030         
 3133   420  18.160   1.002         
 3134   420  18.975   1.047         
 3135   420  18.799   1.045         
 3136   420  19.561   1.138         
 3137   420  19.804   1.236         
 3139   420  18.473   1.171         
 3140   420  21.145   1.440         
 3141   420  19.154   1.002         
 3142   420  19.561   1.036         
 3143   420  16.351   1.484         
 3145   420  20.406   1.222         
 3147   420  20.164   1.753         
 3148   420  21.803   1.312         
 3151   420  19.361   1.519         
 3152   420  17.980   1.285         
 3155   420  14.453   1.999         
 3156   420  21.125   1.862         
 3159   420  21.140   1.182         
 3160   420  19.132   1.016         
 3162   420  20.228   1.708         
 3167   420  19.648   1.276         
 3169   420  21.086   1.230         
 3171   420  19.651   1.339         
 3172   420  19.736   1.258         
 3173   420  16.960   1.079         
 3501   420  21.410   1.419         
 3502   420  22.510   1.299         
 3503   420  21.436   1.993         
 3504   420  22.767   2.064         
 3505   420  22.683   1.530         
 3506   420  22.158   1.398         
 3507   420  21.658   1.494         
 3508   420  21.906   1.436         
 3509   420  20.852   1.274         
 3510   420  22.096   1.467         
 3511   420  22.720   1.544         
 3512   420  20.578   1.561         
 3513   420  21.509   1.338         
 3514   420  21.592   1.341         
 3515   420  21.978   1.389         
 3516   420  22.097   1.633         
 3517   420  20.965   1.458         
 3518   420  22.709   1.514         
 3519   420  22.343   1.593         
 3520   420  22.854   1.519         
 3521   420  21.747   1.326         
 3522   420  20.802   1.192         
 3523   420  21.359   1.320         
 3524   420  21.464   1.266         
 3525   420  21.590   1.301         
 3526   420  22.059   1.190         
 3527   420  21.016   1.361         
 3528   420  20.684   1.221         
 3529   420  21.217   1.160         
 3530   420  21.506   1.360         
 3531   420  21.125   1.453         
 3532   420  21.254   1.103         
 3533   420  22.425   1.528         
 3534   420  21.109   1.232         
 3535   420  21.757   1.386         
 3536   420  21.830   1.369         
 3537   420  20.898   1.117         
 3538   420  20.914   1.410         
 3539   420  21.006   1.196         
 3540   420  21.664   1.741         
 3541   420  21.875   1.055         
 3542   420  21.637   1.354         
 3543   420  21.347   1.318         
 3544   420  21.087   1.318         
 3545   420  21.593   1.186         
 3546   420  22.234   1.435         
 3547   420  18.894   1.028         
 3548   420  22.424   1.492         
 3549   420  21.712   1.411         
 3550   420  21.713   1.809         
 3551   420  21.504   1.975         
 3552   420  21.166   1.270         
 3553   420  21.436   1.319         
 3554   420  21.356   1.497         
 3555   420  23.036   1.545         
 3556   420  21.024   1.300         
 3557   420  22.512   1.428         
 3558   420  22.467   1.447         
 3559   420  22.626   1.650         
 3560   420  21.825   1.710         
 3561   420  21.711   1.329         
 3562   420  21.989   1.460         
 3563   420  21.878   1.693         
 3564   420  22.133   1.898         
 3565   420  21.302   1.793         
 3566   420  21.715   1.374         
 3567   420  22.422   1.521         
 3568   420  21.234   1.269         
 3569   420  21.406   1.311         
 3570   420  20.482   1.456         
 3571   420  20.897   1.360         
 3572   420  21.148   1.464         
 3573   420  21.827   1.375         
 3574   420  21.799   1.381         
 3575   420  20.924   1.893         
 3576   420  21.282   1.247         
 3577   420  21.577   1.329         
 3578   420  19.221   1.184         
 3579   420  19.028   1.065         
 3580   420  21.068   1.246         
 3581   420  22.058   1.366         
 3582   420  21.730   1.461         
 3583   420  20.842   1.257         
 3584   420  21.107   2.167         
 3585   420  21.772   1.305         
 3586   420  21.658   1.282         
 3587   420  22.115   1.481         
 3588   420  21.466   1.451         
 3589   420  13.626   0.751         
 3590   420  22.589   1.528         
 3591   420  21.374   1.321         
 3592   420  21.434   1.873         
 3593   420  22.391   1.541         
 3594   420  22.322   1.432         
 3595   420  22.488   1.450         
 3596   420  22.726   1.859         
 3597   420  22.688   1.498         
 3598   420  22.753   1.644         
 3599   420  22.739   1.746         
 3600   420  23.002   1.919         
 3601   420  22.776   1.598         
 3602   420  23.011   1.643         
 3603   420  22.972   1.294         
 3604   420  23.272   1.269         
 3605   420  23.324   1.352         
 3606   420  23.207   1.573         
 3607   420  22.954   1.505         
 3608   420  23.004   1.316         
 3609   420  23.120   1.506         
 3610   420  23.763   1.697         
 3611   420  20.802   1.367         
 3612   420  21.346   1.259         
 3613   420  22.319   1.442         
 3614   420  20.880   1.204         
 3615   420  20.950   1.388         
 3616   420  21.246   1.116         
 3617   420  21.447   1.968         
 3618   420  21.588   1.262         
 3619   420  21.682   1.408         
 3620   420  22.062   1.623         
 3621   420  22.464   1.872         
 3622   420  22.588   1.777         
 3623   420  22.475   1.451         
 3624   420  22.622   1.461         
 3625   420  22.699   1.620         
 3626   420  22.864   1.502         
 3627   420  22.869   1.491         
 3628   420  22.952   1.358         
 3629   420  22.883   0.968         
 3630   420  23.005   1.708         
 3631   420  23.078   1.427         
 3632   420  23.184   1.505         
 3633   420  23.259   2.038         
 3634   420  23.349   1.455         
 3635   420  23.600   1.566         
 3636   420  23.630   1.426         
 3637   420  23.307   1.404         
 3638   420  23.356   1.450         
 3639   420  24.054   1.517         
 3640   420  17.652   1.557