UBV CCD observations

  No    Ref    V       B-V     U-B

 0006    30  20.680   1.680         
 0007    30  20.010   2.930         
 0011    30  16.120   1.290   0.590
 0012    30  20.940   2.180         
 0014    30  19.210   2.860         
 0016    30  19.790   1.970         
 0017    30  19.080   3.000         
 0025    30  20.750   1.990         
 0026    30  19.490   2.870         
 0031    30  20.610   2.010         
 0032    30  19.140   1.800         
 0035    30  20.600   2.230         
 0038    30  21.320   2.120         
 0039    30  13.390   1.870   1.900
 0040    30  15.800   1.080   0.400
 0041    30  20.320   2.140         
 0045    30  18.000   2.560         
 0048    30  21.260   2.500         
 0049    30  21.200   2.360         
 0050    30  17.510   1.360   0.580
 0052    30  19.310   1.700         
 0061    30  15.220   1.350   0.700
 0062    30  21.200   2.010         
 0064    30  20.970   2.050         
 0065    30  20.700   2.180         
 0069    30  15.550   1.160   0.400
 0071    30  20.430   2.010         
 0072    30  17.450   1.630   0.840
 0074    30  20.690   2.450         
 0077    30  20.840   2.410         
 0079    30  19.910   2.050         
 0080    30  18.880   1.620   1.450
 0082    30  18.200   1.770   0.910
 0083    30  19.790   2.120   0.700
 0084    30  21.390   1.980         
 0085    30  20.360   2.090         
 0086    30  20.810   2.280         
 0087    30  21.100   2.110         
 0089    30  19.770   2.060         
 0093    30  19.930   2.920         
 0096    30  20.740   2.280         
 0099    30  21.530   2.140         
 0101    30  21.080   2.000         
 0102    30  19.640   1.600   1.130
 0103    30  19.690   2.780         
 0104    30  20.570   3.070         
 0105    30  21.090   2.350         
 0107    30  20.790   2.100         
 0108    30  16.780   1.220   0.450
 0109    30  19.370   2.850         
 0111    30  20.720   1.930         
 0118    30  18.540   2.790         
 0119    30  20.520   2.100         
 0124    30  19.680   2.050         
 0128    30  19.340   1.820   0.810
 0129    30  20.810   2.060         
 0131    30  17.690   1.530   0.700
 0132    30  19.040   2.760         
 0143    30  18.790   2.000   1.140
 0148    30  17.250   1.450   0.880
 0149    30  20.770   2.060         
 0152    30  20.840   2.920         
 0154    30  14.620   1.670   1.600
 0155    30  20.230   1.970         
 0156    30  20.580   2.080         
 0157    30  19.560   2.850         
 0158    30  19.790   2.740         
 0159    30  18.920   1.850         
 0160    30  20.430   2.150         
 0161    30  13.450   0.790   0.110
 0163    30  18.910   3.150         
 0171    30  20.630   3.210         
 0177    30  19.780   1.990         
 0178    30  21.270   2.250         
 0181    30  20.780   2.370         
 0183    30  20.370   2.790         
 0187    30  19.800   3.150         
 0188    30  17.820   1.450   1.000
 0191    30  19.490   2.220         
 0200    30  20.260   1.850         
 0201    30  18.370   1.760   0.800
 0202    30  17.910   2.630         
 0203    30  20.100   2.430         
 0204    30  20.960   1.870         
 0205    30  17.340   1.260   0.590
 0207    30  19.210   1.790   0.770
 0208    30  21.610   2.090         
 0211    30  20.160   2.070         
 0212    30  18.550   2.880         
 0214    30  20.490   3.410         
 0219    30  20.120   2.000         
 0222    30  18.780   1.740   1.590
 0224    30  20.620   2.930         
 0225    30  20.380   2.350         
 0227    30  21.340   2.420         
 0234    30  17.500   1.450   0.850
 0235    30  19.800   2.200         
 0236    30  20.500   3.010         
 0237    30  21.450   2.440         
 0239    30  19.290   1.570   1.230
 0240    30  21.170   2.730         
 0241    30  20.220   1.990         
 0242    30  20.870   3.110         
 0243    30  21.100   1.590         
 0248    30  20.670   1.960         
 0249    30  20.360   2.360         
 0250    30  19.690   2.380         
 0251    30  20.200   2.010         
 0252    30  20.780   2.270         
 0253    30  21.210   2.090         
 0255    30  20.630   1.960         
 0256    30  17.060   3.010         
 0258    30  18.610   1.700         
 0259    30  21.510   2.110         
 0260    30  18.800   2.680         
 0262    30  19.990   1.540         
 0264    30  20.300   2.820         
 0265    30  20.450   2.270         
 0266    30  18.930   2.770         
 0267    30  19.420   2.160         
 0268    30  19.180   2.970         
 0270    30  20.210   2.750         
 0275    30  20.270   2.010         
 0278    30  20.260   1.690         
 0279    30  19.430   2.870         
 0281    30  21.000   2.200         
 0282    30  20.230   3.260         
 0287    30  20.650   1.890         
 0290    30  20.920   2.280         
 0291    30  21.800   1.920         
 0296    30  21.210   2.190         
 0302    30  19.480   1.720         
 0306    30  18.490   1.960   1.040
 0308    30  20.530   2.710         
 0309    30  19.540   2.550         
 0310    30  18.140   1.760   0.980
 0312    30  20.480   2.000         
 0317    30  20.510   2.070         
 0320    30  21.060   1.980         
 0321    30  21.720   2.030         
 0322    30  21.090   1.970         
 0329    30  19.500   2.180         
 0330    30  18.800   1.890   1.040
 0332    30  20.700   2.270         
 0335    30  16.510   1.260   0.460
 0337    30  21.300   2.110         
 0339    30  21.060   2.110         
 0342    30  15.880   2.290   2.230
 0344    30  20.720   2.110         
 0345    30  19.160   1.800   0.880
 0348    30  20.080   1.950         
 0350    30  20.630   1.890         
 0355    30  20.820   1.990         
 0357    30  21.200   2.050         
 0358    30  18.700   1.960         
 0360    30  21.040   2.070         
 0362    30  20.350   1.980         
 0364    30  20.420   1.860         
 0365    30  20.110   1.950         
 0366    30  19.600   3.300         
 0367    30  21.090   1.740         
 0368    30  18.200   2.790         
 0369    30  16.070   2.930   2.550
 0370    30  20.610   2.060         
 0372    30  20.960   1.990         
 0375    30  20.900   2.070         
 0377    30  19.950   3.360         
 0379    30  19.170   2.840         
 0380    30  15.990   1.310   0.600
 0382    30  18.210   1.630   1.280
 0384    30  20.250   2.030         
 0386    30  20.070   1.990         
 0387    30  21.260   2.010         
 0391    30  20.760   1.910         
 0392    30  20.910   2.080         
 0393    30  20.420   1.780         
 0394    30  20.150   2.460         
 0398    30  19.890   1.720   0.920
 0400    30  19.180   1.720   0.790
 0403    30  20.630   3.030         
 0406    30  19.380   2.140         
 0408    30  17.240   1.560   0.740
 0409    30  18.110   1.550   0.770
 0417    30  21.200   2.540         
 0420    30  13.360   1.830   1.430
 0422    30  20.480   2.760         
 0424    30  20.060   3.220         
 0425    30  19.860   1.850         
 0428    30  19.580   1.690         
 0429    30  20.190   2.170         
 0430    30  20.070   1.750         
 0432    30  19.460   3.010         
 0438    30  20.170   2.120         
 0439    30  20.180   3.290         
 0440    30  21.560   2.120         
 0441    30  18.200   3.270         
 0442    30  20.940   1.780         
 0445    30  20.620   2.900         
 0446    30  20.870   2.230         
 0449    30  17.570   3.140         
 0450    30  17.040   1.260   0.460
 0452    30  20.240   2.170         
 0453    30  21.040   2.070         
 0454    30  20.900   2.080         
 0455    30  19.050   1.420   0.780
 0458    30  21.200   1.970         
 0459    30  20.300   1.970         
 0462    30  19.240   1.760   0.830
 0463    30  21.390   2.080         
 0465    30  19.800   2.650         
 0469    30  20.770   2.860         
 0471    30  20.630   2.190         
 0472    30  19.570   1.660         
 0473    30  20.060   2.050         
 0474    30  21.030   2.080         
 0475    30  17.630   2.600         
 0477    30  21.170   2.030         
 0478    30  20.290   2.360         
 0480    30  20.940   2.490         
 0482    30  17.710   1.330   0.480
 0484    30  19.570   1.820   0.730
 0486    30  19.710   1.710         
 0487    30  21.220   2.190         
 0489    30  20.380   2.000         
 0491    30  21.670   2.280         
 0492    30  21.070   2.150         
 0493    30  20.780   2.220         
 0496    30  21.020   2.460         
 0498    30  21.220   2.140         
 0500    30  17.310   1.270   0.490
 0502    30  20.770   2.040         
 0505    30  16.920   1.750   0.770
 0507    30  19.310   1.580         
 0510    30  19.800   1.750         
 0511    30  19.380   1.690   1.390
 0514    30  19.740   2.720         
 0517    30  19.850   1.800         
 0518    30  19.540   2.830         
 0522    30  17.700   1.640   0.860
 0523    30  20.670   1.900         
 0525    30  16.590   1.140   0.410
 0529    30  20.750   2.030         
 0537    30  19.930   2.590         
 0544    30  17.120   1.330   0.660
 0549    30  20.750   2.380         
 0550    30  19.820   2.540         
 0552    30  21.210   1.890         
 0553    30  19.310   2.510         
 0554    30  19.760   1.870