UBV CCD observations

  No    Ref    V       B-V     U-B

 0001   389  14.740   0.800         
 0001   411  14.595   0.703         
 0002   389  15.090   0.800         
 0002   411  14.970   0.716         
 0003   389  14.070   0.570         
 0003   411  13.930   0.488         
 0004   389  15.540   1.190         
 0004   411  15.455   1.034         
 0005   389  14.210   0.710         
 0005   411  14.107   0.543         
 0006   389  14.820   0.440         
 0006   411  14.666   0.347         
 0007   389  13.670   1.370         
 0007   411  13.578   1.189         
 0008   411  15.803   0.473         
 0009   389  15.870   0.530         
 0009   411  15.724   0.460         
 0010   411  15.511   0.702         
 0011   389  14.350   0.680         
 0011   411  14.194   0.612         
 0012   389  15.340   0.630         
 0012   411  15.200   0.512         
 0013   389  15.980   0.840         
 0013   411  15.823   0.703         
 0014   411  15.801   0.831         
 0015   389  15.940   1.710         
 0015   411  15.903   1.464         
 0016   389  15.900   1.750         
 0016   411  15.889   1.488         
 0017   389  15.990   0.770         
 0017   411  15.861   0.657         
 0018   411  15.886   1.496         
 0019   411  15.202   1.737         
 0020   411  15.319   0.675         
 0021   389  15.700   1.660         
 0021   411  15.613   1.480         
 0022   389  15.010   1.510         
 0022   411  14.995   1.225         
 0023   389  15.290   0.890         
 0023   411  15.202   0.718         
 0024   389  14.500   0.650         
 0024   411  14.355   0.517         
 0025   389  16.060   0.610         
 0025   411  15.872   0.567         
 0026   389  15.850   0.490         
 0026   411  15.682   0.428         
 0027   389  15.510   1.260         
 0027   411  15.408   1.112         
 0028   389  16.140   0.790         
 0028   411  15.980   0.703         
 0029   389  14.930   1.640         
 0029   411  14.858   1.290         
 0030   389  13.920   0.750         
 0030   411  13.915   0.463         
 0031   411  14.768   0.685         
 0032   411  23.343   1.287         
 0033   411  24.076   0.990         
 0034   411  23.197   1.545         
 0035   411  22.851   1.027         
 0036   411  22.627   1.753         
 0037   411  23.455   1.614         
 0038   411  23.240   1.999         
 0039   411  22.315   1.202         
 0040   411  22.638   1.369         
 0041   411  20.829   1.199         
 0042   411  23.206   1.901         
 0043   411  22.427   1.435         
 0044   411  22.982   1.260         
 0045   411  22.178   1.260         
 0046   411  22.932   1.548         
 0047   411  20.619   1.085         
 0048   411  22.583   1.261         
 0049   411  21.766   1.048         
 0050   411  21.683   1.206         
 0051   411  22.752   1.801         
 0052   411  22.733   1.333         
 0053   411  22.826   1.656         
 0054   411  23.436   1.946         
 0055   411  22.923   1.565         
 0056   411  21.775   1.213         
 0057   411  23.572   2.151         
 0058   411  23.292   1.487         
 0059   411  23.593   1.550         
 0060   411  23.339   1.528         
 0061   411  22.514   1.286         
 0062   411  22.983   1.669         
 0063   411  22.842   1.305         
 0064   411  22.733   1.312         
 0065   411  22.606   1.505         
 0066   411  23.023   1.614         
 0067   411  21.688   1.113         
 0068   411  22.304   1.404         
 0069   411  21.822   1.467         
 0070   411  22.905   1.219         
 0071   411  22.288   1.326         
 0072   411  22.267   1.293         
 0073   411  23.070   1.843         
 0074   411  22.326   1.662         
 0075   411  23.122   1.684         
 0076   411  22.192   1.225         
 0077   411  23.149   1.599         
 0078   411  22.633   1.232         
 0079   411  21.138   1.617         
 0080   411  23.314   1.654         
 0081   411  22.036   1.338         
 0082   411  22.670   1.372         
 0083   411  23.191   1.418         
 0084   411  21.881   1.588         
 0085   411  22.369   1.501         
 0086   389  16.890   1.630         
 0086   411  16.772   1.438         
 0087   411  22.054   1.412         
 0088   411  21.884   1.450         
 0089   411  21.975   1.140         
 0090   411  22.847   1.341         
 0091   411  22.280   1.185         
 0092   389  16.900   0.600         
 0092   411  16.723   0.516         
 0093   411  22.875   1.571         
 0094   411  23.209   1.825         
 0095   411  21.562   1.207         
 0096   411  23.584   1.495         
 0097   411  22.207   1.250         
 0098   411  21.648   1.503         
 0099   411  22.191   1.004         
 0100   411  23.068   1.696         
 0101   411  22.587   1.577         
 0102   411  22.396   1.391         
 0103   411  22.488   1.267         
 0104   411  22.451   1.495         
 0105   411  21.770   1.330         
 0106   411  23.481   1.527         
 0107   411  23.470   1.609         
 0108   411  22.983   1.678         
 0109   411  23.533   1.397         
 0110   411  22.976   1.820         
 0111   411  22.724   1.586         
 0112   411  23.146   1.748         
 0113   411  21.940   1.559         
 0114   411  22.024   1.286         
 0115   411  22.652   1.476         
 0116   411  23.514   1.370         
 0117   411  22.529   1.401         
 0118   411  23.415   1.395         
 0119   411  22.707   1.571         
 0120   411  23.168   1.933         
 0121   411  21.793   1.128         
 0122   411  21.615   1.614         
 0123   411  22.171   1.332         
 0124   411  22.425   1.493         
 0125   411  22.528   1.355         
 0126   411  21.659   1.575         
 0127   411  21.581   0.773         
 0128   411  24.065   1.326         
 0129   411  21.694   1.474         
 0130   411  21.534   1.304         
 0131   411  22.979   1.440         
 0132   411  21.111   1.055         
 0133   411  22.776   1.080         
 0134   411  22.024   0.945         
 0135   411  22.666   1.463         
 0136   411  22.645   1.002         
 0137   411  23.000   1.377         
 0138   411  22.451   1.546         
 0139   411  22.014   1.172         
 0140   411  23.311   1.463         
 0141   411  23.659   1.408         
 0142   411  22.823   1.627         
 0143   411  22.179   1.213         
 0144   411  22.773   1.692         
 0145   411  22.353   1.155         
 0146   411  21.981   1.282         
 0147   411  22.444   1.476         
 0148   411  21.730   1.433         
 0149   411  21.972   1.176         
 0150   411  23.315   1.055         
 0151   411  23.140   1.728         
 0152   411  21.663   1.065         
 0153   411  23.143   1.305         
 0154   411  21.732   1.098         
 0155   411  23.145   1.273         
 0156   411  22.190   1.330         
 0157   411  21.283   1.038         
 0158   411  21.857   1.189         
 0159   411  22.425   1.325         
 0160   411  21.818   1.340         
 0161   411  23.201   1.677         
 0162   411  23.037   1.622         
 0163   411  22.906   1.433         
 0164   411  22.539   1.320         
 0165   411  22.278   1.309         
 0166   411  22.474   1.358         
 0167   411  21.944   1.350         
 0168   411  23.737   1.297         
 0169   411  22.985   1.385         
 0170   411  23.089   1.493         
 0171   411  21.601   1.211         
 0172   411  22.557   1.822         
 0173   411  22.131   1.677         
 0174   411  21.691   1.564         
 0175   411  22.938   0.462         
 0176   411  22.903   1.737         
 0177   411  22.015   1.323         
 0178   411  22.443   1.242         
 0179   411  22.130   1.513         
 0180   411  22.494   1.242         
 0181   411  22.716   1.613         
 0182   411  21.863   1.178         
 0183   411  22.792   1.014         
 0184   411  22.505   1.764         
 0185   411  23.374   1.629         
 0186   411  22.283   1.222         
 0187   411  23.554   1.242         
 0188   411  22.808   1.580         
 0189   411  23.141   1.633         
 0190   411  22.385   1.789         
 0191   411  23.311   1.503         
 0192   411  23.230   1.547         
 0193   411  23.821   0.227         
 0194   411  23.334   1.222         
 0195   411  23.373   1.456         
 0196   411  21.808   1.549         
 0197   411  23.157   0.281         
 0198   411  22.092   1.332         
 0199   411  23.151   0.598         
 0200   411  22.105   1.213         
 0201   411  23.501   1.462         
 0202   411  22.048   1.059         
 0203   411  21.273   1.282         
 0204   411  22.642   1.272         
 0205   411  22.296   1.354         
 0206   411  23.014   1.398         
 0207   411  23.308   1.410         
 0208   411  21.992   1.281         
 0209   411  23.513   1.635         
 0210   411  23.213   1.712         
 0211   411  21.497   1.116         
 0212   411  22.532   1.440         
 0213   411  24.087   0.716         
 0214   411  23.342   1.602         
 0215   411  22.003   1.259         
 0216   411  24.326   1.128         
 0217   411  22.660   1.506         
 0218   411  22.695   0.336         
 0219   411  22.122   1.298         
 0220   411  23.065   1.810         
 0221   411  22.410   1.241         
 0222   411  22.490   1.209         
 0223   411  22.603   1.432         
 0224   411  22.197   1.620         
 0225   411  22.981   1.464         
 0226   411  23.975   1.301         
 0227   411  23.252   1.416         
 0228   411  22.134   1.285         
 0229   411  22.534   1.475         
 0230   411  21.834   1.272         
 0231   411  23.377   1.825         
 0232   411  22.906   1.183         
 0233   411  22.078   1.206         
 0234   411  22.589   1.408         
 0235   411  21.780   1.213         
 0236   411  21.700   1.259         
 0237   411  21.827   1.349         
 0238   411  23.022   1.326         
 0239   411  22.191   1.319         
 0240   411  21.698   1.255         
 0241   389  16.870   0.940         
 0241   411  16.685   0.859         
 0242   411  22.816   1.475         
 0243   411  21.759   1.195         
 0244   411  22.211   1.761         
 0245   411  22.198   1.298         
 0246   411  22.458   1.118         
 0247   411  22.465   1.280         
 0248   411  23.318   1.488         
 0249   411  22.827   1.537         
 0250   411  23.385   1.967         
 0251   411  22.830   1.849         
 0252   411  22.325   1.600         
 0253   411  21.701   1.040         
 0254   411  22.353   1.032         
 0255   411  23.047   1.823         
 0256   411  22.649   1.457         
 0257   411  22.234   1.665         
 0258   411  22.170   1.526         
 0259   411  21.349   1.524         
 0260   411  22.654   1.969         
 0261   411  21.378   1.221         
 0262   411  19.291   0.949         
 0263   411  22.128   1.123         
 0264   411  22.530   1.807         
 0265   411  23.235   1.653         
 0266   411  18.784   0.917         
 0267   411  21.524   0.802         
 0268   411  21.260   1.056         
 0269   411  22.309   1.229         
 0270   411  21.677   1.219         
 0271   411  21.958   1.256         
 0272   411  22.674   1.277         
 0273   411  22.745   1.570         
 0274   411  22.892   1.357         
 0275   411  21.502   1.111         
 0276   411  23.338   1.728         
 0277   411  22.170   1.483         
 0278   411  22.125   1.227         
 0279   411  22.179   0.773         
 0280   411  20.882   1.009         
 0281   411  23.201   1.049         
 0282   411  18.785   1.113         
 0283   411  21.286   1.213         
 0284   411  23.001   1.401         
 0285   411  21.263   1.091         
 0286   389  16.640   0.960         
 0286   411  16.572   0.843         
 0287   411  20.123   1.160         
 0288   411  21.764   1.120         
 0289   411  20.611   0.937         
 0290   411  22.647   1.725         
 0291   411  21.415   1.046         
 0292   411  20.614   0.994         
 0293   411  22.689   1.371         
 0294   411  19.260   0.804         
 0295   411  23.048   1.756         
 0296   411  20.439   0.906         
 0297   411  22.334   1.215         
 0298   411  21.464   1.183         
 0299   411  20.535   0.965         
 0300   411  23.181   1.514         
 0301   389  16.800   0.680         
 0301   411  16.601   0.623         
 0302   411  23.331   1.492         
 0303   411  21.275   1.568         
 0304   411  21.155   1.534         
 0305   411  22.553   1.467         
 0306   411  21.171   1.002         
 0307   411  21.578   1.333         
 0308   389  16.760   0.870         
 0308   411  16.576   0.775         
 0309   411  21.516   1.280         
 0310   411  21.658   1.156         
 0311   411  21.036   1.045         
 0312   411  20.558   1.024         
 0313   411  21.673   1.509         
 0314   411  21.617   1.183         
 0315   411  22.689   1.665         
 0316   411  21.766   1.119         
 0317   389  17.000   0.700         
 0317   411  16.801   0.655         
 0318   411  22.306   1.478         
 0319   411  20.146   0.966         
 0320   411  21.470   1.222         
 0321   411  22.218   1.507         
 0322   411  21.410   1.123         
 0323   411  20.424   1.013         
 0324   411  21.401   1.007         
 0325   411  21.208   0.957         
 0326   411  21.674   1.431         
 0327   411  21.499   1.134         
 0328   411  22.397   1.382         
 0329   411  20.208   1.086         
 0330   411  22.409   1.381         
 0331   411  20.548   1.156         
 0332   411  20.030   1.488         
 0333   411  21.606   1.187         
 0334   411  20.676   1.049         
 0335   411  22.147   1.302         
 0336   411  21.964   1.085         
 0337   411  22.880   1.722         
 0338   411  22.399   0.901         
 0339   411  21.465   2.085         
 0340   411  20.690   2.191         
 0341   411  20.818   1.223         
 0342   411  18.053   0.687         
 0343   411  19.993   1.204         
 0344   411  21.683   1.125         
 0345   411  20.184   0.940         
 0346   411  21.650   1.218         
 0347   411  19.463   0.944         
 0348   411  19.642   0.954         
 0349   411  18.111   1.106         
 0350   411  18.732   1.055         
 0351   411  19.429   0.690         
 0352   411  21.328   1.282         
 0353   411  19.111   0.929         
 0354   411  18.724   0.884         
 0355   411  19.631   0.903         
 0356   411  20.569   1.054         
 0357   411  20.236   0.983         
 0358   411  19.186   1.214         
 0359   411  21.202   1.324         
 0360   389  17.760   1.000         
 0360   411  17.613   0.873         
 0361   411  22.407   1.286         
 0362   411  19.633   0.954         
 0363   411  21.380   1.572         
 0364   411  18.675   0.998         
 0365   411  19.921   1.073         
 0366   411  21.465   1.274         
 0367   411  21.459   0.869         
 0368   411  20.925   1.153         
 0369   411  21.722   0.796         
 0370   411  21.498   1.611         
 0371   411  20.241   0.915         
 0372   411  19.064   0.831         
 0373   411  21.622   1.159         
 0374   411  20.596   1.031         
 0375   411  20.857   0.996         
 0376   411  20.071   0.917         
 0377   411  18.663   0.745         
 0378   411  20.520   0.980         
 0379   411  21.213   1.098         
 0380   389  17.880   0.820         
 0380   411  17.741   0.693         
 0381   411  21.343   1.380         
 0382   411  20.161   0.908         
 0383   411  20.939   1.222         
 0384   389  17.880   1.540         
 0384   411  17.801   1.404         
 0385   411  19.888   0.863         
 0386   389  17.170   0.850         
 0386   411  16.946   0.783         
 0387   411  21.664   1.580         
 0388   389  16.940   1.600         
 0388   411  16.848   1.428         
 0389   411  20.692   1.129         
 0390   411  21.658   1.288         
 0391   411  22.453   1.498         
 0392   411  20.625   0.856         
 0393   411  20.634   1.504         
 0394   411  21.133   1.315         
 0395   411  20.582   1.036         
 0396   411  19.437   0.930         
 0397   411  21.323   1.385         
 0398   411  19.604   1.349         
 0399   389  17.890   0.920         
 0399   411  17.760   0.821         
 0400   411  21.215   1.231         
 0401   411  21.997   1.477         
 0402   411  19.333   0.994         
 0403   411  21.451   0.994         
 0404   411  22.645   1.369         
 0405   411  18.517   1.122         
 0406   411  18.985   0.871         
 0407   411  21.158   1.416         
 0408   411  20.629   0.951         
 0409   411  21.010   1.064         
 0410   411  18.628   1.087         
 0411   411  20.548   1.417         
 0412   411  19.271   0.856         
 0413   411  18.515   0.964         
 0414   411  19.459   0.957         
 0415   411  18.357   0.840         
 0416   389  17.360   1.280         
 0416   411  17.199   1.189         
 0417   411  17.995   1.143         
 0418   411  21.295   1.506         
 0419   411  19.015   1.293         
 0420   411  18.713   1.208         
 0421   411  21.322   1.178         
 0422   411  18.576   0.956         
 0423   411  20.695   1.078         
 0424   411  17.329   0.890         
 0425   411  20.673   0.987         
 0426   411  19.170   0.895         
 0427   411  20.248   0.914         
 0428   389  17.590   0.920         
 0428   411  17.443   0.810         
 0429   411  21.879   1.513         
 0430   389  17.710   0.930         
 0430   411  17.588   0.830         
 0431   411  18.071   1.361         
 0432   411  18.851   0.856         
 0433   411  19.279   0.820         
 0434   411  18.612   0.881         
 0435   411  21.276   1.108         
 0436   411  18.503   0.860         
 0437   411  20.525   1.372         
 0438   389  16.680   1.390         
 0438   411  16.625   1.160         
 0439   411  20.291   0.887         
 0440   411  20.134   1.008         
 0441   411  21.375   0.917         
 0442   411  21.332   1.314         
 0443   411  19.138   1.241         
 0444   411  19.835   0.887         
 0445   411  20.621   0.992         
 0446   411  19.114   0.854         
 0447   411  22.293   1.401         
 0448   411  18.550   1.159         
 0449   389  17.540   1.010         
 0449   411  17.402   0.948         
 0450   411  19.257   0.970         
 0451   411  18.618   0.888         
 0452   411  19.025   0.919         
 0453   411  19.198   0.890         
 0454   411  20.064   1.001         
 0455   411  20.294   0.983         
 0456   411  18.524   0.849         
 0457   411  20.633   0.830         
 0458   389  17.190   1.240         
 0458   411  17.092   1.067         
 0459   411  19.857   1.060         
 0460   411  20.457   0.975         
 0461   411  21.546   1.112         
 0462   389  17.990   1.420         
 0462   411  17.904   1.225         
 0463   411  21.216   1.151         
 0464   411  19.488   0.850         
 0465   411  20.605   1.035         
 0466   411  20.904   0.957         
 0467   411  19.795   0.841         
 0468   411  19.908   0.966         
 0469   411  20.761   0.974         
 0470   411  18.554   0.957         
 0471   411  18.126   0.803         
 0472   411  20.499   0.989         
 0473   411  19.954   0.860         
 0474   411  19.113   0.827         
 0475   411  19.162   0.790         
 0476   411  20.169   1.054         
 0477   411  18.956   0.821         
 0478   411  17.143   1.125         
 0479   411  21.821   1.209         
 0480   389  17.320   0.950         
 0480   411  17.219   0.809         
 0481   411  19.609   1.034         
 0482   411  19.836   0.935         
 0483   411  20.978   1.019         
 0484   411  19.938   0.920         
 0485   411  21.714   1.301         
 0486   411  18.489   0.743         
 0487   389  16.700   1.530         
 0487   411  16.639   1.333         
 0488   411  21.563   1.056         
 0489   411  22.924   1.312         
 0490   411  21.638   1.111         
 0491   411  22.042   1.182         
 0492   411  21.241   1.220         
 0493   389  17.800   1.460         
 0493   411  17.757   1.311         
 0494   411  19.232   0.857         
 0495   411  18.942   0.820         
 0496   411  19.835   0.892         
 0497   411  19.173   0.794         
 0498   411  16.519   0.372         
 0499   411  18.917   1.136         
 0500   411  21.884   1.303         
 0501   411  20.152   0.972         
 0502   411  18.445   0.840         
 0503   411  20.646   1.382         
 0504   411  18.690   0.743         
 0505   411  20.952   0.992         
 0506   389  17.430   1.300         
 0506   411  17.393   1.101         
 0507   411  21.097   1.012         
 0508   411  20.919   0.929         
 0509   411  20.072   0.839         
 0510   411  21.898   1.291         
 0511   411  19.891   0.845         
 0512   411  18.501   0.907         
 0513   411  19.681   0.948         
 0514   411  18.617   1.213         
 0515   411  19.855   0.862         
 0516   411  19.477   1.222         
 0517   411  17.962   0.739         
 0518   411  20.326   0.975         
 0519   411  20.659   1.212         
 0520   389  17.280   1.510         
 0520   411  17.292   1.240         
 0521   411  20.622   0.945         
 0522   411  19.157   0.922         
 0523   389  16.550   1.110         
 0523   411  16.454   0.939         
 0524   411  18.375   0.993         
 0525   411  20.248   1.007         
 0526   411  19.181   0.874         
 0527   389  17.970   1.090         
 0527   411  17.930   0.887         
 0528   389  16.920   0.640         
 0528   411  16.751   0.550         
 0529   389  17.850   1.360         
 0529   411  17.894   1.113         
 0530   411  21.952   1.350         
 0531   411  18.471   0.894         
 0532   411  18.783   0.831         
 0533   411  18.715   0.815         
 0534   411  19.938   0.884         
 0535   411  20.661   0.992         
 0536   411  19.176   0.948         
 0537   411  18.800   0.871         
 0538   411  19.323   0.841         
 0539   411  21.342   1.051         
 0540   411  19.555   0.887         
 0541   411  22.718   1.435         
 0542   411  18.087   0.822         
 0543   411  19.603   0.960         
 0544   411  21.139   0.981         
 0545   411  18.795   1.135         
 0546   411  20.787   1.431         
 0547   411  20.746   0.941         
 0548   411  22.949   1.600         
 0549   411  20.992   1.035         
 0550   411  20.691   0.688         
 0551   411  21.705   1.158         
 0552   411  18.928   0.933         
 0553   411  19.603   0.954         
 0554   411  21.158   1.193         
 0555   411  21.075   1.436         
 0556   411  20.721   0.950         
 0557   411  19.657   0.818         
 0558   411  18.440   0.806         
 0559   411  19.393   0.803         
 0560   411  20.844   0.981         
 0561   411  21.202   1.057         
 0562   411  21.783   1.103         
 0563   411  18.909   0.808         
 0564   411  21.845   1.122         
 0565   411  20.394   1.404         
 0566   411  20.750   1.077         
 0567   411  18.652   0.925         
 0568   411  19.030   0.859         
 0569   411  19.259   0.845         
 0570   411  19.477   0.789         
 0571   389  16.870   0.950         
 0571   411  16.787   0.802         
 0572   411  19.998   0.899         
 0573   411  20.613   1.185         
 0574   411  18.068   0.677         
 0575   389  16.550   0.700         
 0575   411  16.446   0.528         
 0576   411  21.605   1.128         
 0577   411  23.980   2.210         
 0578   411  20.554   1.171         
 0579   411  19.101   0.855         
 0580   411  18.081   0.857         
 0581   411  16.512   1.277         
 0582   389  17.080   0.780         
 0582   411  16.956   0.639         
 0583   411  18.956   0.909         
 0584   411  18.290   0.859         
 0585   411  20.367   1.061         
 0586   411  20.262   0.907         
 0587   411  20.210   0.883         
 0588   411  20.106   0.903         
 0589   411  19.258   0.822         
 0590   411  21.492   1.067         
 0591   411  21.509   1.210         
 0592   411  20.711   1.071         
 0593   411  19.478   0.917         
 0594   411  23.560   1.248         
 0595   389  17.690   1.360         
 0595   411  17.579   1.253         
 0596   411  20.409   1.102         
 0597   411  19.272   0.897         
 0598   411  21.363   1.122         
 0599   411  19.105   0.841         
 0600   411  21.880   1.169         
 0601   411  19.351   0.880         
 0602   411  18.420   1.175         
 0603   411  20.636   0.965         
 0604   389  17.380   0.680         
 0604   411  17.188   0.611         
 0605   411  20.856   1.061         
 0606   411  19.884   0.940         
 0607   411  19.334   0.913         
 0608   411  18.738   0.934         
 0609   411  21.876   1.128         
 0610   411  21.070   1.054         
 0611   411  21.514   1.211         
 0612   411  21.975   1.368         
 0613   411  20.242   0.930         
 0614   411  18.332   0.649         
 0615   411  18.328   0.878         
 0616   411  20.910   1.084         
 0617   411  20.295   0.908         
 0618   411  17.658   0.760         
 0619   411  20.654   1.006         
 0620   411  21.021   1.073         
 0621   411  20.270   0.943         
 0622   411  19.648   0.859         
 0623   411  20.609   0.965         
 0624   411  21.483   1.064         
 0625   411  20.863   0.974         
 0626   411  20.485   1.000         
 0627   411  19.336   0.891         
 0628   411  21.351   1.123         
 0629   411  18.551   0.740         
 0630   411  20.933   1.039         
 0631   411  18.977   0.875         
 0632   411  20.522   1.027         
 0633   411  19.383   0.956         
 0634   411  20.189   1.180         
 0635   411  19.677   0.896         
 0636   411  18.122   0.792         
 0637   411  20.572   1.039         
 0638   411  20.750   0.994         
 0639   411  23.237   1.145         
 0640   411  20.083   0.929         
 0641   411  18.759   0.905         
 0642   411  18.593   1.299         
 0643   411  21.487   1.153         
 0644   411  22.397   1.515         
 0645   411  19.187   0.887         
 0646   411  17.994   0.802         
 0647   411  21.551   1.182         
 0648   411  20.995   1.246         
 0649   411  19.497   0.828         
 0650   411  21.600   0.917         
 0651   411  20.853   0.953         
 0652   411  20.739   1.051         
 0653   411  21.925   1.654         
 0654   411  20.777   1.049         
 0655   411  21.047   1.094         
 0656   411  20.149   0.897         
 0657   411  21.592   1.248         
 0658   411  20.249   1.117         
 0659   411  18.620   1.074         
 0660   389  16.970   0.810         
 0660   411  16.790   0.754         
 0661   411  20.515   1.044         
 0662   411  20.887   1.158         
 0663   411  19.807   0.964         
 0664   389  17.780   0.750         
 0664   411  17.624   0.640         
 0665   411  19.807   0.951         
 0666   411  20.682   1.048         
 0667   389  16.820   1.650         
 0667   411  16.738   1.482         
 0668   411  23.318   1.543         
 0669   411  19.582   0.929         
 0670   411  20.084   1.396         
 0671   411  23.386   1.724         
 0672   411  21.653   1.198         
 0673   411  18.980   0.935         
 0674   389  16.630   1.080         
 0674   411  16.466   0.987         
 0675   411  21.669   1.006         
 0676   411  19.235   0.976         
 0677   411  21.436   1.266         
 0678   411  20.274   1.017         
 0679   411  19.502   0.932         
 0680   411  19.149   1.055         
 0681   411  22.661   1.234         
 0682   411  20.674   1.019         
 0683   411  19.076   0.925         
 0684   389  17.300   1.010         
 0684   411  17.144   0.934         
 0685   411  21.137   1.157         
 0686   411  20.030   0.955         
 0687   411  18.091   0.843         
 0688   389  17.030   0.970         
 0688   411  16.860   0.880         
 0689   411  20.402   0.991         
 0690   411  21.052   1.111         
 0691   411  18.275   0.908         
 0692   411  20.763   1.090         
 0693   411  23.105   1.989         
 0694   411  20.344   0.982         
 0695   411  20.514   1.106         
 0696   411  19.882   1.071         
 0697   411  19.954   1.011         
 0698   411  20.592   1.071         
 0699   411  20.325   1.062         
 0700   411  20.491   1.283         
 0701   411  20.234   1.033         
 0702   411  21.477   1.192         
 0703   411  23.307   1.523         
 0704   389  17.880   0.900         
 0704   411  17.734   0.804         
 0705   411  18.206   0.940         
 0706   411  18.563   0.938         
 0707   411  20.108   1.045         
 0708   411  20.326   1.077         
 0709   411  20.466   1.000         
 0710   411  21.646   1.307         
 0711   411  20.848   1.094         
 0712   411  18.915   0.906         
 0713   411  21.146   1.157         
 0714   411  19.406   0.962         
 0715   411  20.650   0.922         
 0716   411  20.509   1.036         
 0717   411  20.951   1.043         
 0718   411  20.768   1.072         
 0719   411  20.756   1.245         
 0720   411  20.218   1.038         
 0721   411  19.567   1.036         
 0722   411  22.777   1.312         
 0723   411  22.662   1.469         
 0724   411  20.014   1.015         
 0725   411  18.351   1.052         
 0726   411  17.131   0.862         
 0727   411  21.082   1.195         
 0728   389  17.320   1.320         
 0728   411  17.168   1.185         
 0729   411  20.809   1.036         
 0730   411  21.836   1.266         
 0731   411  20.161   1.003         
 0732   411  20.333   1.059         
 0733   411  19.169   0.955         
 0734   411  19.756   1.020         
 0735   411  19.572   0.937         
 0736   411  21.132   1.207         
 0737   411  20.166   1.147         
 0738   411  20.683   1.233         
 0739   411  21.499   1.434         
 0740   411  21.491   1.162         
 0741   411  21.672   1.232         
 0742   411  18.100   0.887         
 0743   411  22.984   0.043         
 0744   411  17.967   1.006         
 0745   411  18.654   0.959         
 0746   389  17.520   1.400         
 0746   411  17.478   1.403         
 0747   411  20.673   0.927         
 0748   411  20.643   1.107         
 0749   411  19.336   0.890         
 0750   411  19.509   0.880         
 0751   411  19.301   0.887         
 0752   411  19.355   0.875         
 0753   411  18.568   0.833         
 0754   411  22.442   1.793         
 0755   411  19.774   1.129         
 0756   411  20.660   1.172         
 0757   411  20.884   0.872         
 0758   411  20.551   0.773         
 0759   411  18.071   1.312         
 0760   411  20.064   1.179         
 0761   411  19.153   0.841         
 0762   411  19.127   0.934         
 0763   411  20.102   0.988         
 0764   411  16.215   0.640         
 0765   411  18.414   0.796         
 0766   411  19.908   0.864         
 0767   411  20.998   1.010         
 0768   411  21.741   1.299         
 0769   411  19.459   1.077         
 0770   411  20.409   0.986         
 0771   411  20.318   1.403         
 0772   411  20.291   0.965         
 0773   411  20.554   1.118         
 0774   411  20.734   1.022         
 0775   411  19.378   0.924         
 0776   411  21.414   1.117         
 0777   411  19.920   0.920         
 0778   411  20.624   1.021         
 0779   411  19.996   0.992         
 0780   411  20.613   0.941         
 0781   411  19.914   0.896         
 0782   411  20.826   0.883         
 0783   411  21.336   1.141         
 0784   411  20.463   1.002         
 0785   411  20.395   0.959         
 0786   411  20.213   1.004         
 0787   411  18.593   0.907         
 0788   411  22.824   0.243         
 0789   411  19.732   0.961         
 0790   411  20.255   1.137         
 0791   411  19.865   0.937         
 0792   411  21.565   1.154         
 0793   411  22.733   0.943         
 0794   411  19.322   0.875         
 0795   411  18.885   0.843         
 0796   411  19.568   0.781         
 0797   411  19.851   0.874         
 0798   411  20.053   0.906         
 0799   411  20.830   0.995         
 0800   411  19.775   1.097         
 0801   411  19.130   0.877         
 0802   411  20.582   1.260         
 0803   411  21.251   0.872         
 0804   411  17.732   0.621         
 0805   389  17.810   1.190         
 0805   411  17.793   0.998         
 0806   411  20.450   0.938         
 0807   411  21.728   1.125         
 0808   411  20.610   1.116         
 0809   411  21.161   1.067         
 0810   411  19.438   0.824         
 0811   411  19.148   0.870         
 0812   411  20.689   1.044         
 0813   411  20.490   0.912         
 0814   411  23.101   0.960         
 0815   411  19.058   0.967         
 0816   411  21.080   1.347         
 0817   411  20.705   1.274         
 0818   411  21.494   1.024         
 0819   411  18.697   0.828         
 0820   411  21.040   1.439         
 0821   411  20.655   1.204         
 0822   411  18.733   0.767         
 0823   411  20.048   0.908         
 0824   411  21.981   0.817         
 0825   411  21.513   1.097         
 0826   411  20.530   0.936         
 0827   411  20.169   0.913         
 0828   411  21.299   1.080         
 0829   411  19.806   0.797         
 0830   411  20.609   1.010         
 0831   411  19.799   1.012         
 0832   411  20.285   0.961         
 0833   411  22.606   1.064         
 0834   411  20.796   0.992         
 0835   411  19.357   0.869         
 0836   411  19.621   0.811         
 0837   411  19.301   0.861         
 0838   411  18.809   0.897         
 0839   411  19.224   0.945         
 0840   411  20.135   0.911         
 0841   411  19.554   1.137         
 0842   411  19.398   0.846         
 0843   411  21.136   1.124         
 0844   411  21.201   0.914         
 0845   411  21.237   1.054         
 0846   411  20.630   1.168         
 0847   411  20.625   1.013         
 0848   411  20.006   0.836         
 0849   411  20.627   0.945         
 0850   411  20.548   0.898         
 0851   411  19.653   0.811         
 0852   411  20.183   1.034         
 0853   411  20.112   0.903         
 0854   411  19.635   0.856         
 0855   411  19.345   0.613         
 0856   411  20.913   1.097         
 0857   411  21.262   1.178         
 0858   411  19.624   0.859         
 0859   411  20.611   1.200         
 0860   411  18.813   0.893         
 0861   411  18.545   0.898         
 0862   411  19.124   0.498         
 0863   411  19.054   1.023         
 0864   411  19.226   0.875         
 0865   411  19.735   0.892         
 0866   389  16.880   1.620         
 0866   411  16.853   1.390         
 0867   411  21.096   1.050         
 0868   411  20.805   1.001         
 0869   411  21.162   1.025         
 0870   411  21.574   1.511         
 0871   411  19.201   0.806         
 0872   411  21.365   1.096         
 0873   389  17.940   1.460         
 0873   411  17.870   1.219         
 0874   411  19.392   0.831         
 0875   411  20.091   0.883         
 0876   411  19.461   0.870         
 0877   411  20.924   1.049         
 0878   411  19.974   1.136         
 0879   411  20.205   0.934         
 0880   411  20.350   1.253         
 0881   411  20.458   0.968         
 0882   411  19.263   0.870         
 0883   411  19.724   0.902         
 0884   411  18.016   0.720         
 0885   411  17.972   1.344         
 0886   411  19.235   1.034         
 0887   411  19.892   0.920         
 0888   411  19.624   0.965         
 0889   411  20.643   1.010         
 0890   411  19.412   0.906         
 0891   411  21.191   1.403         
 0892   411  21.606   1.154         
 0893   411  19.082   0.884         
 0894   411  18.376   0.981         
 0895   411  21.783   1.122         
 0896   411  20.150   0.997         
 0897   411  19.538   0.913         
 0898   389  17.900   1.000         
 0898   411  17.807   0.924         
 0899   411  19.687   0.901         
 0900   411  21.102   1.263         
 0901   411  19.244   0.983         
 0902   411  18.020   0.975         
 0903   411  19.558   0.927         
 0904   411  19.825   0.904         
 0905   411  20.371   1.327         
 0906   411  20.521   1.048         
 0907   411  18.771   0.978         
 0908   411  20.570   1.214         
 0909   411  20.715   1.091         
 0910   411  20.501   1.067         
 0911   411  21.562   1.290         
 0912   411  20.817   1.433         
 0913   411  19.828   1.099         
 0914   411  19.695   1.065         
 0915   411  20.110   0.953         
 0916   389  17.090   0.910         
 0916   411  17.025   0.850         
 0917   411  19.185   0.957         
 0918   411  19.246   0.992         
 0919   389  17.550   1.520         
 0919   411  17.527   1.293         
 0920   411  18.676   0.798         
 0921   411  19.868   1.147         
 0922   411  18.298   0.897         
 0923   411  18.773   0.849         
 0924   411  20.373   0.922         
 0925   411  19.020   0.935         
 0926   411  19.496   0.930         
 0927   411  18.310   0.611         
 0928   389  16.310   1.470         
 0928   411  16.176   1.320         
 0929   411  19.602   0.911         
 0930   411  18.515   0.459         
 0931   411  19.753   0.857         
 0932   411  19.893   0.880         
 0933   411  22.134   1.229         
 0934   389  17.840   0.940         
 0934   411  17.782   0.705         
 0935   411  19.674   0.940         
 0936   411  19.044   0.943         
 0937   411  18.774   0.887         
 0938   411  19.393   0.930         
 0939   411  18.906   0.923         
 0940   411  21.092   1.259         
 0941   411  20.292   0.982         
 0942   411  18.726   0.873         
 0943   411  19.208   1.010         
 0944   411  18.199   0.758         
 0945   411  21.570   0.214         
 0946   411  19.646   1.129         
 0947   411  20.510   1.678         
 0948   411  18.451   1.004         
 0949   411  18.979   1.030         
 0950   411  21.809   1.197         
 0951   411  19.007   0.872         
 0952   411  19.356   0.885         
 0953   411  19.888   0.864         
 0954   411  20.198   1.001         
 0955   411  20.948   1.444         
 0956   411  21.849   1.759         
 0957   411  18.400   0.773         
 0958   411  21.322   1.078         
 0959   411  20.457   1.304         
 0960   411  19.567   0.861         
 0961   411  20.180   0.955         
 0962   411  19.907   1.130         
 0963   411  19.026   1.013         
 0964   411  21.028   1.141         
 0965   411  20.066   1.403         
 0966   411  20.816   1.012         
 0967   411  18.648   0.867         
 0968   411  20.720   1.093         
 0969   411  18.709   0.991         
 0970   411  20.612   1.257         
 0971   411  19.812   1.011         
 0972   411  17.868   1.178         
 0973   411  18.696   1.075         
 0974   411  19.817   0.891         
 0975   411  20.446   1.013         
 0976   411  21.258   0.948         
 0977   411  20.389   1.157         
 0978   411  19.559   0.950         
 0979   411  20.011   0.893         
 0980   411  20.835   0.970         
 0981   411  20.824   1.088         
 0982   411  19.076   0.796         
 0983   411  20.210   0.899         
 0984   411  20.289   0.917         
 0985   411  22.996   0.378         
 0986   411  17.773   0.954         
 0031   389  14.890   0.790         
 0987   411  16.449   0.571         
 0988   411  18.337   2.593         
 0989   411  16.514  -0.720         
 0990   411  16.655   0.896         
 0991   389  15.150   2.080         
 0991   411  16.104   0.734         
 0992   411  16.391  -0.664         
 0993   411  18.016  -0.329         
 0994   411  16.650  -0.787         
 0995   411  16.920   1.164         
 0996   411  19.432   0.296         
 0997   411  22.979   0.851         
 0998   411  16.103  -0.198         
 0999   411  22.519  -1.550         
 1000   389  12.530   0.490         
 1001   389  12.870   0.360         
 1002   389  14.750   0.810         
 1003   389  15.450   0.680         
 1004   389  15.650   0.780         
 1005   389  15.730   1.470         
 1006   389  15.890   1.760         
 1007   389  15.940   0.810         
 1008   389  16.320   1.430         
 1009   389  16.340   0.480         
 1010   389  16.430   0.760         
 1011   389  16.540   1.550         
 1012   389  16.590   0.890         
 1013   389  16.700   0.680         
 1014   389  16.810   0.630         
 1016   389  16.860   1.490         
 1017   389  16.990   1.670         
 1018   389  17.160   0.820         
 1019   389  17.380   1.120         
 1020   389  17.410   0.750         
 1021   389  17.440   0.760         
 1022   389  17.580   0.980         
 1023   389  17.640   0.970         
 1024   389  17.680   0.840         
 1025   389  17.690   0.150         
 1026   389  17.740   0.840         
 1027   389  17.820   0.900         
 1028   389  17.830   0.950         
 1029   389  17.900   0.900         
 1030   389  17.960   0.980