UBV CCD observations

  No    Ref    V       B-V     U-B

 0001   541  18.819  -0.113         
 0002   541  18.518   0.766         
 0003   541  19.390   0.630  -3.341
 0004   541  18.423   0.994   0.617
 0005   541  15.278   0.633   0.011
 0006   541  15.469   0.631   0.009
 0007   541  17.971   0.609         
 0008   541  18.839   0.680  -0.011
 0009   541  20.010   0.811  -0.819
 0010   541  19.787   1.047  -3.049
 0011   541  17.200   0.625  -0.005
 0012   541  19.479   0.957  -1.356
 0013   541  19.723   0.899         
 0014   541  19.860   1.047         
 0015   541  19.369   0.726  -0.182
 0016   541  20.621   0.427         
 0017   541  16.270   0.545  -0.026
 0018   541  17.826   0.992   0.721
 0019   541  17.805   0.533  -0.077
 0020   541  15.006   0.450  -0.120
 0021   541  19.156   0.944         
 0022   541  19.166   0.679  -0.023
 0023   541  19.874   0.867         
 0024   541  14.959   0.950   0.780
 0025   541  18.648   0.770         
 0026   541  17.328   0.584  -1.598
 0027   541  15.975   0.486         
 0028   541  19.046   0.850   0.166
 0029   541  19.287   0.810         
 0030   541  18.505   0.795   0.085
 0031   541  19.028   1.441         
 0032   541  19.597   1.286         
 0033   541  18.047   0.931   0.436
 0034   541  18.094   0.646   0.024
 0035   541  19.205   1.009         
 0036   541  18.370   0.855   0.255
 0037   541  19.204   0.713  -0.223
 0038   541  19.205   1.222         
 0039   541  18.445   0.576  -1.335
 0040   541  14.338   0.520  -0.088
 0041   541  15.426   0.898   0.383
 0042   541  18.776   0.466   1.992
 0043   541  16.077   0.637   0.045
 0044   541  17.598   0.693   0.051
 0045   541  19.113   1.437         
 0046   541  15.763   0.679         
 0047   541  19.387   0.755   0.581
 0048   541  17.608   0.557  -0.118
 0049   541  20.199   0.799         
 0050   541  18.534   0.569         
 0051   541  18.126   0.661  -0.140
 0052   541  19.742   0.647         
 0053   541  19.948   0.948         
 0054   541  17.336   0.803   0.279
 0055   541  17.795   0.635  -0.101
 0056   541  18.280   0.786   0.123
 0057   541  19.307   0.800         
 0058   541  18.901   0.754   0.118
 0059   541  14.637   0.527  -0.030
 0060   541  18.613   0.925   0.365
 0061   541  15.709   0.831         
 0062   541  15.785   0.337   0.136
 0063   541  19.365   1.240         
 0064   541  17.658   0.909   0.202
 0065   541  18.560   1.337         
 0066   541  19.516   0.776         
 0067   541  15.578   0.129  -0.053
 0068   541  19.611   0.527         
 0069   541  17.960   1.072   0.851
 0070   541  19.668   0.732   0.118
 0071   541  19.078   0.967         
 0072   541  14.334   0.620   0.005
 0073   541  18.097   1.167   0.739
 0074   541  18.787   0.667  -0.005
 0075   541  18.093   0.567  -0.052
 0076   541  18.045   0.711   0.058
 0077   541  19.203   0.553  -0.190
 0078   541  16.162   0.364   0.115
 0079   541  20.377   0.508         
 0080   541  19.244   0.781   0.029
 0081   541  18.914   1.087         
 0082   541  19.491   0.546  -0.140
 0083   541  19.738   0.886   0.009
 0084   541  18.141   0.524  -0.069
 0085   541  19.541   0.986         
 0086   541  19.735   0.996  -0.061
 0087   541  18.656   0.598   0.006
 0088   541  20.055   1.104         
 0089   541  20.134   0.894         
 0090   541  16.025   0.450  -0.063
 0091   541  19.407   0.825   0.119
 0092   541  19.551   0.596         
 0093   541  20.016   0.975         
 0094   541  19.954   1.044         
 0095   541  16.178   0.954   0.416
 0096   541  18.269   0.616  -0.122
 0097   541  17.992   0.562  -0.045
 0098   541  19.387   1.029         
 0099   541  18.525   0.733  -1.602
 0100   541  17.628   0.964         
 0101   541  19.683   0.643  -1.890
 0102   541  19.646   1.282         
 0103   541  19.335   0.937         
 0104   541  19.951   1.136  -1.333
 0105   541  17.251   0.580  -0.341
 0106   541  18.028   0.591  -0.479
 0107   541  19.169   0.817  -2.522
 0108   541  19.517   0.859         
 0109   541  19.523   1.259         
 0110   541  17.850   0.624  -0.046
 0111   541  14.487   1.034   0.639
 0112   541  19.808   0.681         
 0113   541  14.596   0.590  -0.059
 0114   541  19.939   0.793         
 0115   541  18.234   0.650  -0.055
 0116   541  18.674   0.731   0.080
 0117   541  17.552   0.963   0.647
 0118   541  18.744   0.788  -0.017
 0119   541  15.645   0.916   1.478
 0120   541  20.240   0.619  -2.207
 0121   541  18.260   0.609  -1.698
 0122   541  19.533   1.450  -2.235
 0123   541  18.231   0.436         
 0124   541  16.848   0.424   0.014
 0125   541  19.416   1.015         
 0126   541  19.305   0.975         
 0127   541  18.916   0.891   0.704
 0128   541  17.778   0.806   0.254
 0129   541  19.841   0.942   0.017
 0130   541  20.247   0.839         
 0131   541  15.564   0.564  -0.073
 0132   541  15.353   0.862   0.496
 0133   541  18.991   0.796   0.206
 0134   541  18.434   0.791  -1.343
 0135   541  19.747   0.840         
 0136   541  18.993   0.843         
 0137   541  19.714   0.828         
 0138   541  14.908   1.127   4.362
 0139   541  19.793   0.646  -5.392
 0140   541  14.908   0.839   1.823
 0141   541  19.018   1.326  -2.451
 0142   541  16.956   0.555         
 0143   541  19.640   0.992         
 0144   541  14.777   0.586   3.097
 0145   541  18.361   0.709   0.115
 0146   541  19.413   1.031         
 0147   541  19.549   1.100         
 0148   541  18.572   0.675   0.057
 0149   541  17.323   0.699   0.048
 0150   541  19.012   0.615  -0.025
 0151   541  18.925   0.935         
 0152   541  17.218   0.726   0.189
 0153   541  15.859   0.330   0.122
 0154   541  18.710   1.365         
 0155   541  17.658   0.855   3.346
 0156   541  18.756   1.194         
 0157   541  15.721   0.322   0.132
 0158   541  16.274   0.421   0.101
 0159   541  17.759   1.007   0.887
 0160   541  16.319   0.400   0.075
 0161   541  19.418   1.001         
 0162   541  17.470   0.681  -0.007
 0163   541  18.784   0.727   0.031
 0164   541  19.070   1.105         
 0165   541  18.578   0.646  -0.110
 0166   541  15.550   0.311   0.145
 0167   541  19.298   1.427         
 0168   541  15.691   0.326   0.140
 0169   541  17.184   0.649   0.018
 0170   541  18.795   1.313         
 0171   541  19.480   0.992         
 0172   541  17.117   0.478         
 0173   541  19.835   0.764  -5.468
 0174   541  20.048   0.624         
 0175   541  17.453   0.670   0.509
 0176   541  18.885   1.479  -2.367
 0177   541  16.172   0.477  -0.009
 0178   541  19.003   0.751   0.233
 0179   541  17.732   0.676   0.070
 0180   541  18.034   0.587         
 0181   541  15.555   1.029   0.953
 0182   541  19.012   0.786   0.037
 0183   541  19.434   1.420         
 0184   541  17.972   0.780   0.036
 0185   541  19.045   0.701  -0.117
 0186   541  17.838   0.881         
 0187   541  19.496   1.138         
 0188   541  14.715   0.571   2.212
 0189   541  17.625   0.572   0.993
 0190   541  18.165   0.694         
 0191   541  16.534   0.397   0.099
 0192   541  19.674   0.732         
 0193   541  18.623   0.654  -0.640
 0194   541  19.858   0.555   0.046
 0195   541  19.609   0.806  -3.635
 0196   541  18.470   0.817  -1.152
 0197   541  17.150   0.961   1.236
 0198   541  19.510   0.932  -1.978
 0199   541  19.795   0.939         
 0200   541  16.343   0.385         
 0201   541  16.723   0.566  -0.050
 0202   541  19.369   0.834  -0.598
 0203   541  16.515   0.517  -0.145
 0204   541  19.410   0.816         
 0205   541  19.645   1.592         
 0206   541  17.645   0.674   0.005
 0207   541  18.968   1.439         
 0208   541  19.141   1.207         
 0209   541  18.353   0.620  -0.084
 0210   541  19.844   0.786         
 0211   541  19.402   0.834         
 0212   541  17.456   0.651   0.036
 0213   541  18.045   0.668   0.028
 0214   541  19.123   1.171         
 0215   541  18.827   0.784  -2.047
 0216   541  19.835   0.909  -0.984
 0217   541  20.374   1.105  -0.022
 0218   541  18.634   1.055         
 0219   541  17.500   0.555  -0.017
 0220   541  14.922   1.045         
 0221   541  18.557   0.607  -0.074
 0222   541  18.313   0.624   0.011
 0223   541  19.997   0.642  -1.868
 0224   541  19.502   1.262         
 0225   541  17.344   0.548  -0.236
 0226   541  19.213   1.181         
 0227   541  19.379   0.714         
 0228   541  14.810   0.494  -0.075
 0229   541  18.935   0.750  -0.386
 0230   541  16.474   0.378   0.110
 0231   541  19.980   1.305         
 0232   541  18.046   1.208         
 0233   541  18.095   0.782   0.189
 0234   541  18.470   0.742   0.023
 0235   541  16.742   0.793   0.218
 0236   541  18.400   0.618  -0.075
 0237   541  18.881   0.888         
 0238   541  18.514   0.696   0.034
 0239   541  18.940   1.042   0.860
 0240   541  19.837   0.955         
 0241   541  19.260   0.975         
 0242   541  19.706   1.082         
 0243   541  19.133   0.808         
 0244   541  19.630   0.761  -1.057
 0245   541  18.899   0.821         
 0246   541  19.015   0.817  -0.073
 0247   541  17.725   0.704   0.029
 0248   541  19.475   0.884         
 0249   541  16.127   0.596  -0.043
 0250   541  19.316   1.104         
 0251   541  19.909   0.760         
 0252   541  17.985   0.562  -0.074
 0253   541  15.077   0.632   0.024
 0254   541  15.777   0.458   0.053
 0255   541  19.297   0.795         
 0256   541  18.997   1.167  -4.539
 0257   541  20.556   1.053         
 0258   541  17.498   0.791  -4.272
 0259   541  19.143   0.470  -0.058
 0260   541  19.615   0.661  -0.048
 0261   541  19.296   0.801  -0.034
 0262   541  18.498   0.656  -0.020
 0263   541  19.156   0.879         
 0264   541  19.886   0.869         
 0265   541  19.146   1.103         
 0266   541  14.204   0.876   0.410
 0267   541  15.173   0.574   0.005
 0268   541  20.144   0.834         
 0269   541  18.674   1.153         
 0270   541  20.081   0.928         
 0271   541  18.330   0.765   0.135
 0272   541  19.739   0.605  -4.949
 0273   541  15.554   0.371         
 0274   541  17.936   0.774         
 0275   541  18.461   1.057         
 0276   541  17.870   0.708   0.063
 0277   541  16.158   0.458  -0.054
 0278   541  18.110   0.707   0.079
 0279   541  19.598   0.559  -0.986
 0280   541  18.907   0.824         
 0281   541  14.877   1.058   0.943
 0282   541  19.758   1.137         
 0283   541  18.179   0.967   0.550
 0284   541  18.455   0.882         
 0285   541  19.626   0.859         
 0286   541  17.858   0.733   0.200
 0287   541  19.602   0.755         
 0288   541  19.352   1.402  -1.516
 0289   541  16.025   0.790   2.094
 0290   541  15.601   0.403   2.190
 0291   541  19.215   0.640  -0.318
 0292   541  19.022   0.630   0.055
 0293   541  19.539   0.895         
 0294   541  19.250   0.790         
 0295   541  18.661   1.259  -1.809
 0296   541  19.336   1.090  -2.142
 0297   541  19.951   0.752  -4.344
 0298   541  19.367   1.132  -1.557
 0299   541  18.110   1.010         
 0300   541  16.065   0.506   0.001
 0301   541  17.894   0.519  -0.104
 0302   541  19.067   0.573  -0.022
 0303   541  18.666   0.923         
 0304   541  18.470   0.760   0.308
 0305   541  18.440   0.661   0.081
 0306   541  17.816   0.606   1.685
 0307   541  19.075   0.678  -0.100
 0308   541  19.010   0.693  -0.373
 0309   541  18.821   0.613  -0.666
 0310   541  19.967   0.947         
 0311   541  18.084   0.811         
 0312   541  19.541   0.874         
 0313   541  18.294   0.586   0.029
 0314   541  19.376   0.688         
 0315   541  18.542   0.853   0.141
 0316   541  19.054   0.717   0.240
 0317   541  18.946   0.762  -0.029
 0318   541  17.251   0.642  -0.007
 0319   541  19.645   0.783  -0.875
 0320   541  19.097   0.661   0.031
 0321   541  17.849   0.661   0.703
 0322   541  19.630   0.515  -0.171
 0323   541  19.446   0.860         
 0324   541  17.896   0.532   0.009
 0325   541  19.300   0.727         
 0326   541  18.972   1.362  -3.598
 0327   541  20.554   0.675         
 0328   541  20.476   0.684         
 0329   541  20.081   0.628         
 0330   541  20.382   0.727  -1.658
 0331   541  19.803   1.122         
 0332   541  17.917   0.520  -0.133
 0333   541  14.048   1.028   0.802
 0334   541  18.091   0.753   0.071
 0335   541  18.919   0.771   0.003
 0336   541  15.124   0.241   0.160
 0337   541  19.837   1.058         
 0338   541  15.097   0.450   0.093
 0339   541  19.415   0.742  -1.900
 0340   541  19.087   0.962         
 0341   541  18.420   0.717   1.600
 0342   541  18.769   0.664         
 0343   541  19.557   0.686         
 0344   541  19.675   0.867         
 0345   541  18.392   0.619  -0.102
 0346   541  14.169   0.282   0.079
 0347   541  19.234   0.652  -2.972
 0348   541  18.641   0.663  -0.139
 0349   541  19.721   0.396         
 0350   541  17.876   0.417   2.076
 0351   541  18.840   0.675         
 0352   541  19.983   0.545  -1.635
 0353   541  18.733  -0.391   0.639
 0354   541  19.001   0.762         
 0355   541  19.448   0.492  -1.150
 0356   541  17.652   1.048  -2.316
 0357   541  16.472   0.479         
 0358   541  14.330   0.939   0.576
 0359   541  17.620   0.863   3.059
 0360   541  18.301   1.178   0.777
 0361   541  18.878   0.686  -0.047
 0362   541  19.255   0.836         
 0363   541  19.825   0.591         
 0364   541  16.570   0.479         
 0365   541  18.818   0.597  -0.281
 0366   541  16.613   0.890   0.568
 0367   541  18.419   0.593         
 0368   541  18.024   0.699  -1.780
 0369   541  16.198   0.944   0.552
 0370   541  14.995   0.288   0.109
 0371   541  16.828   0.764         
 0372   541  19.641   0.708  -1.817
 0373   541  19.357   0.807         
 0374   541  19.334   0.747  -0.503
 0375   541  18.250   0.534  -0.902
 0376   541  18.485   0.952         
 0377   541  16.123   0.509  -0.058
 0378   541  16.537   0.638   0.061
 0379   541  19.480   0.495  -0.208
 0380   541  17.961   0.557  -0.121
 0381   541  19.838   0.899         
 0382   541  18.472   0.810   0.254
 0383   541  16.439   0.477  -0.008
 0384   541  19.364   0.858         
 0385   541  19.122   0.570  -0.027
 0386   541  17.228   0.419  -0.008
 0387   541  18.050   0.576   3.087
 0388   541  16.924   0.653   0.280
 0389   541  19.647   1.213  -0.712
 0390   541  16.104   0.578   4.719
 0391   541  16.044   0.597   1.622
 0392   541  19.330   0.829  -1.744
 0393   541  18.927   0.981  -1.019
 0394   541  18.093   1.216  -1.722
 0395   541  17.353   0.916         
 0396   541  19.356   0.822  -3.708
 0397   541  17.723   0.551   1.499
 0398   541  18.473   0.621         
 0399   541  18.557   0.930  -3.017
 0400   541  19.243   0.318  -0.257
 0401   541  16.947   0.614   0.027
 0402   541  19.390   0.936         
 0403   541  18.331   0.626  -0.159
 0404   541  18.400   0.848   0.315
 0405   541  16.758   0.836   0.353
 0406   541  17.323   0.862   0.488
 0407   541  16.031   0.758   0.153
 0408   541  19.906   0.576  -0.471
 0409   541  20.294   0.963         
 0410   541  17.929   0.622  -0.003
 0411   541  19.434   0.913         
 0412   541  17.565   0.606  -0.082
 0413   541  15.102   0.831   0.529
 0414   541  18.140   0.863   0.144
 0415   541  18.501   0.602  -0.008
 0416   541  19.078   0.569  -0.009
 0417   541  17.263   0.485  -0.113
 0418   541  17.980   1.157         
 0419   541  19.751   0.974   0.414
 0420   541  19.452   1.207         
 0421   541  18.403   0.930   0.358
 0422   541  18.337   0.820   0.218
 0423   541  14.681   0.151  -0.003
 0424   541  18.554   0.717   0.112
 0425   541  18.828   0.835         
 0426   541  18.436   0.713  -1.741
 0427   541  17.912   0.746         
 0428   541  17.010   0.577   1.627
 0429   541  18.278   0.821  -1.203
 0430   541  16.713   0.856   0.292
 0431   541  15.633   0.420  -0.052
 0432   541  16.435   0.836   0.884
 0433   541  19.568   0.563         
 0434   541  19.466   0.589  -0.128
 0435   541  19.705   0.890         
 0436   541  16.439   0.873   0.373
 0437   541  18.755   0.924  -4.141
 0438   541  15.505   0.573  -0.071
 0439   541  19.337   0.571  -0.151
 0440   541  16.681   0.590  -0.096
 0441   541  19.591   0.768         
 0442   541  16.707   0.565  -0.001
 0443   541  14.339   0.236   0.100
 0444   541  17.479   0.806   3.126
 0445   541  17.316   0.665   0.025
 0446   541  17.677   0.484   0.137
 0447   541  18.616   0.651  -0.284
 0448   541  18.673   0.636  -0.660
 0449   541  18.627   0.743   0.145
 0450   541  18.890   0.766  -0.153
 0451   541  18.523   0.747  -0.085
 0452   541  19.609   1.021         
 0453   541  17.779   0.573   0.011
 0454   541  17.322   0.590  -0.056
 0455   541  19.343   1.354         
 0456   541  17.250   0.929   0.452
 0457   541  15.296   0.398   0.012
 0458   541  17.587   0.941   0.430
 0459   541  17.340   0.590  -0.076
 0460   541  19.884   0.704         
 0461   541  18.344   1.250  -1.449
 0462   541  20.197   0.676         
 0463   541  18.514   0.732         
 0464   541  19.672   0.816         
 0465   541  18.445   0.855   1.428
 0466   541  18.511   0.576   0.400
 0467   541  17.370   0.884         
 0468   541  19.054   0.699  -0.099
 0469   541  17.053   0.470   0.004
 0470   541  19.108   1.112  -0.632
 0471   541  17.999   0.683  -0.056
 0472   541  16.873   0.262  -0.155
 0473   541  18.764   0.689         
 0474   541  17.761   0.541  -0.039
 0475   541  14.679   0.297   0.075
 0476   541  16.934   0.597  -0.069
 0477   541  18.878   1.038         
 0478   541  20.471   0.686         
 0479   541  14.117   0.236   0.073
 0480   541  18.718   0.686  -0.059
 0481   541  17.652   0.762   0.039
 0482   541  18.867   1.098         
 0483   541  18.569   0.711  -0.005
 0484   541  14.546   0.163   0.073
 0485   541  18.766   0.648  -0.185
 0486   541  16.628   0.871   0.567
 0487   541  19.263   0.893         
 0488   541  19.340   0.683         
 0489   541  15.475   0.719   0.145
 0490   541  19.205   0.851         
 0491   541  19.373   0.867         
 0492   541  19.592   0.998   0.574
 0493   541  15.684   0.472   3.521
 0494   541  18.083   0.704   0.175
 0495   541  18.659   1.124  -6.603
 0496   541  16.838   0.551  -0.073
 0497   541  16.133   0.991   0.742
 0498   541  15.549   0.602  -0.025
 0499   541  16.551   0.579  -0.110
 0500   541  14.879   0.295   0.132
 0501   541  17.189   0.678   0.053
 0502   541  19.513   1.049         
 0503   541  17.429   0.664  -0.053
 0504   541  16.287   0.510  -0.087
 0505   541  19.791   0.503         
 0506   541  14.913   0.573  -0.020
 0507   541  18.025   0.676   0.014
 0508   541  19.204   0.862         
 0509   541  14.352   1.127   1.560
 0510   541  16.430   0.539  -1.103
 0511   541  15.464   0.334   1.279
 0512   541  16.562   0.534  -0.923
 0513   541  15.736   0.541   1.653
 0514   541  17.054   0.703   1.671
 0515   541  18.576   0.753         
 0516   541  19.801   0.420         
 0517   541  16.505   0.687   0.119
 0518   541  17.936   0.796   0.185
 0519   541  18.760   0.968  -0.301
 0520   541  16.697   0.642  -0.029
 0521   541  16.333   0.440   0.134
 0522   541  17.272   0.511  -0.089
 0523   541  17.391   0.504  -0.085
 0524   541  17.505   0.961   0.523
 0525   541  18.556   0.625  -0.101
 0526   541  17.620   0.767   0.135
 0527   541  18.541   0.651         
 0528   541  19.042   0.764  -6.126
 0529   541  18.579   0.983         
 0530   541  17.108   0.554   0.144
 0531   541  17.871   0.871   0.382
 0532   541  18.387   0.680   0.563
 0533   541  19.421   0.576         
 0534   541  18.730   0.797         
 0535   541  17.168   0.862   0.519
 0536   541  19.323   0.772  -0.437
 0537   541  19.027   0.630         
 0538   541  16.241   0.363   0.150
 0539   541  15.636   0.719   0.153
 0540   541  18.775   0.643  -0.041
 0541   541  16.515   0.432   0.031
 0542   541  17.704   0.566  -0.144
 0543   541  17.878   0.587  -0.035
 0544   541  17.502   0.814   0.239
 0545   541  18.819   0.954         
 0546   541  19.365   0.887         
 0547   541  19.653   1.018         
 0548   541  17.112   0.677   0.029
 0549   541  18.482   0.772   0.137
 0550   541  19.309   0.815         
 0551   541  15.156   0.640   0.113
 0552   541  14.684   0.647   0.089
 0553   541  18.624   0.915   0.690
 0554   541  18.372   0.605  -0.096
 0555   541  18.734   0.895         
 0556   541  19.642   0.977  -0.013
 0557   541  16.366   0.392   0.073
 0558   541  16.543   0.784   0.249
 0559   541  20.070   0.734         
 0560   541  16.382   0.664   0.039
 0561   541  15.576   0.638   0.057
 0562   541  17.238   0.539  -0.020
 0563   541  18.580   0.958         
 0564   541  19.973   1.143         
 0565   541  17.177   1.079         
 0566   541  19.037   1.511         
 0567   541  20.044   1.180         
 0568   541  17.145   0.902   0.483
 0569   541  18.818   0.923   0.629
 0570   541  16.231   1.122   1.100
 0571   541  17.489   0.588  -0.039
 0572   541  16.947   0.501   0.024
 0573   541  17.253   0.856   0.440
 0574   541  16.910   0.599   0.004
 0575   541  14.539   0.234   0.111
 0576   541  17.205   0.883   0.488
 0577   541  19.503   0.950  -3.735
 0578   541  17.632   0.550         
 0579   541  19.333   0.913  -2.249
 0580   541  15.221   0.305   3.059
 0581   541  17.558   0.665   0.028
 0582   541  18.816   0.918         
 0583   541  19.609   1.015  -6.813
 0584   541  16.603   0.718         
 0585   541  20.112   0.472  -2.680
 0586   541  18.815   0.755         
 0587   541  17.326   1.051   0.908
 0588   541  16.917   0.645  -0.038
 0589   541  19.311   1.474  -3.453
 0590   541  16.878   0.602         
 0591   541  16.989   0.749   0.154
 0592   541  16.058   0.454   0.021
 0593   541  19.079   1.465         
 0594   541  19.933   0.879  -3.767
 0595   541  17.588   0.500  -0.066
 0596   541  18.913   0.809  -3.120
 0597   541  18.964   1.298  -0.238
 0598   541  19.122   0.879   0.511
 0599   541  18.462   0.788  -3.360
 0600   541  20.128   0.744         
 0601   541  17.229   0.969   0.807
 0602   541  17.531   0.490  -0.053
 0603   541  18.536   0.930         
 0604   541  14.441   0.591   0.031
 0605   541  17.158   0.519  -0.105
 0606   541  19.030   0.991         
 0607   541  18.120   0.740   0.141
 0608   541  19.599   0.874  -0.298
 0609   541  16.611   0.471   0.023
 0610   541  17.098   0.805   0.262
 0611   541  16.017   0.388   0.084
 0612   541  18.934   0.936   0.357
 0613   541  15.203   0.913         
 0614   541  19.751   0.952         
 0615   541  14.174   0.198   0.075
 0616   541  20.083   0.495  -3.481
 0617   541  16.806   0.554         
 0618   541  19.911   1.090         
 0619   541  16.765   0.563  -0.028
 0620   541  18.862   0.585  -0.022
 0621   541  19.385   1.004         
 0622   541  17.793   0.918   0.635
 0623   541  19.901   1.040         
 0624   541  15.186   0.344   0.048
 0625   541  18.525   0.676  -0.019
 0626   541  14.485   1.056   4.252
 0627   541  19.543   1.032         
 0628   541  18.578   0.949         
 0629   541  19.639   0.849         
 0630   541  17.414   0.739   1.177
 0631   541  19.543   0.572         
 0632   541  18.842   0.879   0.172
 0633   541  20.163   0.897         
 0634   541  19.848   1.238         
 0635   541  15.768   0.542  -0.078
 0636   541  17.858   0.576  -0.138
 0637   541  19.170   0.821  -1.698
 0638   541  18.165   1.487  -4.478
 0639   541  17.075   0.765         
 0640   541  15.054   0.248   1.924
 0641   541  19.887   0.780         
 0642   541  16.703   0.520  -0.211
 0643   541  19.274   0.956         
 0644   541  20.010   0.760         
 0645   541  17.195   0.549  -0.052
 0646   541  18.631   0.652  -0.152
 0647   541  19.955   0.553  -0.967
 0648   541  16.515   0.418   0.136
 0649   541  18.639   0.792   0.232
 0650   541  17.342   0.564  -0.092
 0651   541  18.588   0.682  -0.110
 0652   541  17.016   0.726         
 0653   541  18.887   1.443  -1.703
 0654   541  16.130   0.908         
 0655   541  16.645   0.990   0.503
 0656   541  18.815   0.685  -0.133
 0657   541  19.527   1.371         
 0658   541  19.367   0.931         
 0659   541  15.099   0.516  -0.017
 0660   541  19.514   1.300  -5.802
 0661   541  19.660   1.512         
 0662   541  16.240   0.701   0.105
 0663   541  19.376   1.274         
 0664   541  18.332   0.717   0.009
 0665   541  19.980   0.730         
 0666   541  15.096   0.278   0.108
 0667   541  19.291   1.009         
 0668   541  17.349   0.463  -0.774
 0669   541  17.074   0.586         
 0670   541  17.047   1.001  -0.423
 0671   541  18.809   0.645   0.023
 0672   541  18.367   0.645  -2.564
 0673   541  17.633   0.579   0.715
 0674   541  16.681   0.640   1.299
 0675   541  17.304   1.053   2.928
 0676   541  15.771   0.737   0.146
 0677   541  18.300   0.810   0.288
 0678   541  17.929   0.672   0.120
 0679   541  17.928   0.604  -0.099
 0680   541  19.681   0.913   0.251
 0681   541  18.887   0.726         
 0682   541  15.254   1.067   0.756
 0683   541  16.177   0.411   3.185
 0684   541  18.409   0.866         
 0685   541  18.033   0.840   0.356
 0686   541  19.011   0.576  -0.143
 0687   541  14.654   0.556         
 0688   541  17.524   0.562         
 0689   541  19.318   0.758         
 0690   541  19.891   1.140         
 0691   541  16.280   0.966   0.746
 0692   541  19.675   1.182  -0.119
 0693   541  15.900   0.497  -0.025
 0694   541  15.884   0.840   0.402
 0695   541  18.578   0.758   0.019
 0696   541  15.348   0.297   0.153
 0697   541  15.143   0.343         
 0698   541  17.507   0.851   0.370
 0699   541  16.085   0.491   0.027
 0700   541  19.444   0.892  -3.221
 0701   541  19.759   0.902         
 0702   541  16.269   0.421   2.106
 0703   541  14.550   0.714   0.328
 0704   541  16.303   1.284         
 0705   541  19.713   1.029  -6.102
 0706   541  18.705   0.723  -0.009
 0707   541  19.286   0.864         
 0708   541  19.179   0.853         
 0709   541  18.008   0.617   0.432
 0710   541  15.305   0.632         
 0711   541  17.596   0.591  -0.063
 0712   541  17.502   0.746   0.078
 0713   541  17.313   0.548  -0.017
 0714   541  19.413   0.766   0.024
 0715   541  14.560   0.231   0.077
 0716   541  19.043   0.954         
 0717   541  18.493   1.182  -1.969
 0718   541  16.390   0.955   2.637
 0719   541  16.337   0.431   0.122
 0720   541  19.471   0.633         
 0721   541  19.516   0.840         
 0722   541  17.370   0.541  -0.010
 0723   541  20.157   0.725         
 0724   541  18.012   0.620  -0.111
 0725   541  16.432   0.581  -0.089
 0726   541  20.039   0.759         
 0727   541  20.335   0.736  -0.460
 0728   541  20.090   0.773  -0.941
 0729   541  19.780   0.673         
 0730   541  14.136   0.331   0.113
 0731   541  16.269   0.646   0.019
 0732   541  18.163   0.765   0.141
 0733   541  17.481   0.706   0.060
 0734   541  19.236   0.755         
 0735   541  18.323   1.303         
 0736   541  15.664   0.616  -0.001
 0737   541  18.337   0.686   0.018
 0738   541  19.564   0.817         
 0739   541  16.877   0.601   0.005
 0740   541  18.474   0.581  -0.100
 0741   541  16.818   0.554  -0.021
 0742   541  18.840   1.447         
 0743   541  19.445   1.559         
 0744   541  19.156   0.846   0.021
 0745   541  17.017   0.936   0.724
 0746   541  18.986   0.637  -0.141
 0747   541  17.511   0.804   0.204
 0748   541  19.592   1.713         
 0749   541  17.853   0.593  -0.053
 0750   541  19.737   0.635         
 0751   541  19.712   0.954         
 0752   541  15.576   0.652   0.100
 0753   541  19.754   0.741         
 0754   541  18.430   0.788  -0.661
 0755   541  20.332   0.619         
 0756   541  18.474   0.678  -5.853
 0757   541  18.705   0.742         
 0758   541  18.121   0.643   1.209
 0759   541  18.733   0.995   0.830
 0760   541  15.943   0.601   0.003
 0761   541  19.763   0.917         
 0762   541  17.795   0.744   0.155
 0763   541  19.982   0.874  -0.051
 0764   541  16.983   0.782         
 0765   541  14.996   0.456   4.940
 0766   541  19.122   1.020         
 0767   541  18.242   0.680  -0.017
 0768   541  18.736   0.689   0.715
 0769   541  15.369   0.447   0.419
 0770   541  15.147   0.797   2.754
 0771   541  19.578   0.835  -4.142
 0772   541  15.538   1.209  -0.020
 0773   541  19.476   0.836         
 0774   541  17.695   1.266   0.971
 0775   541  14.276   0.461   0.067
 0776   541  16.517   0.506   0.021
 0777   541  15.354   0.509   0.064
 0778   541  18.628   0.670  -0.032
 0779   541  17.996   0.789   0.223
 0780   541  18.071   0.573  -0.074
 0781   541  18.276   0.701   0.020
 0782   541  18.846   0.666   0.094
 0783   541  18.743   0.661  -0.168
 0784   541  16.366   0.975   0.838
 0785   541  18.916   0.722  -0.471
 0786   541  19.639   1.224         
 0787   541  15.906   0.697   0.081
 0788   541  16.211   0.697   0.100
 0789   541  16.731   0.491  -0.078
 0790   541  15.496   0.263   0.117
 0791   541  19.583   0.700  -4.538
 0792   541  16.846   0.464         
 0793   541  19.451   0.789         
 0794   541  20.036   0.974         
 0795   541  18.200   0.889   0.500
 0796   541  18.514   0.797  -6.142
 0797   541  17.325   0.553   1.778
 0798   541  18.578   0.634  -0.105
 0799   541  17.659   0.771   0.195
 0800   541  19.577   0.865   0.432
 0801   541  16.887   0.682   0.093
 0802   541  18.929   0.662   0.099
 0803   541  19.594   0.784         
 0804   541  18.159   0.609  -0.041
 0805   541  18.952   0.698         
 0806   541  16.578   0.459   3.085
 0807   541  18.484   0.884         
 0808   541  18.574   0.674   0.237
 0809   541  17.534   0.728   0.148
 0810   541  18.957   0.925         
 0811   541  16.075   0.916   0.400
 0812   541  16.287   0.556  -0.056
 0813   541  14.436   0.251   0.141
 0814   541  19.632   0.848  -3.453
 0815   541  15.299   0.750         
 0816   541  19.452   0.615         
 0817   541  18.113   0.798   0.363
 0818   541  15.180   0.623   0.019
 0819   541  16.839   0.664  -0.041
 0820   541  18.802   0.789         
 0821   541  18.557   0.693   0.206
 0822   541  17.653   0.591         
 0823   541  17.878   1.388   1.099
 0824   541  19.787   0.547         
 0825   541  19.485   0.789         
 0826   541  17.396   0.987         
 0827   541  15.949   0.551         
 0828   541  18.281   0.659         
 0829   541  14.424   0.370   4.416
 0830   541  14.001   1.023   4.354
 0831   541  18.166   0.861  -1.180
 0832   541  15.940   0.791   0.381
 0833   541  17.567   0.588   0.402
 0834   541  16.566   0.509         
 0835   541  18.989   1.008         
 0836   541  17.557   0.682  -3.372
 0837   541  14.525   0.551         
 0838   541  19.190   0.742   0.817
 0839   541  19.477   1.193  -6.553
 0840   541  18.294   0.675   0.885
 0841   541  17.444   0.494  -1.575
 0842   541  15.594   1.017   0.715
 0843   541  18.093   0.718   0.170
 0844   541  17.751   0.698   0.076
 0845   541  15.994   0.515  -0.059
 0846   541  15.848   1.167   1.164
 0847   541  19.660   1.230         
 0848   541  19.479   0.918   0.393
 0849   541  16.363   0.926   2.592
 0850   541  18.943   0.799         
 0851   541  18.929   0.892         
 0852   541  19.145   1.130  -2.668
 0853   541  17.820   0.588         
 0854   541  20.094   0.990  -3.772
 0855   541  19.377   0.716         
 0856   541  16.118   0.576  -0.060
 0857   541  19.366   1.073         
 0858   541  18.766   0.657  -0.044
 0859   541  18.888   0.953         
 0860   541  15.042   0.420   0.019
 0861   541  18.435   0.789   0.206
 0862   541  18.553   0.651  -0.766
 0863   541  16.059   0.699         
 0864   541  17.204   1.124   0.991
 0865   541  18.588   1.291         
 0866   541  18.929   0.699  -0.026
 0867   541  18.782   0.853         
 0868   541  19.254   0.504  -0.965
 0869   541  18.501   0.622   0.122
 0870   541  18.494   0.948         
 0871   541  16.895   0.358   0.089
 0872   541  19.194   0.982         
 0873   541  20.120   0.946         
 0874   541  19.301   0.857         
 0875   541  18.241   0.705   0.023
 0876   541  19.325   1.277   0.929
 0877   541  20.158   1.065         
 0878   541  16.775   0.520  -0.078
 0879   541  14.828   0.309   0.121
 0880   541  19.774   1.176         
 0881   541  19.103   0.965         
 0882   541  19.466   1.075   0.729
 0883   541  15.513   0.445   0.133
 0884   541  18.373   0.969   0.593
 0885   541  19.660   0.786         
 0886   541  19.631   0.845         
 0887   541  15.712   0.420   0.020
 0888   541  17.700   0.759         
 0889   541  20.198   0.880  -4.414
 0890   541  19.238   0.794   0.200
 0891   541  19.682   0.929         
 0892   541  17.590   0.905         
 0893   541  16.641   0.432   2.014
 0894   541  16.619   0.550   0.050
 0895   541  18.123   0.630   0.077
 0896   541  18.613   0.639  -0.235
 0897   541  15.935   0.528  -0.005
 0898   541  16.201   0.575  -0.053
 0899   541  19.927   0.788         
 0900   541  16.148   0.495  -0.109
 0901   541  18.537   0.582  -0.861
 0902   541  18.643   1.215         
 0903   541  17.806   0.691   0.723
 0904   541  18.961   0.971  -2.479
 0905   541  16.734   0.338         
 0906   541  18.409   0.717   0.013
 0907   541  17.414   0.884   0.174
 0908   541  19.418   0.621  -2.561
 0909   541  17.079   0.618         
 0910   541  19.364  -0.242         
 0911   541  17.053   0.591         
 0912   541  18.469   0.917         
 0913   541  18.688   0.586  -1.849
 0914   541  18.327   1.141  -8.344
 0915   541  15.862   0.601   2.555
 0916   541  19.281   1.105  -1.333
 0917   541  17.830   0.971   1.233
 0918   541  16.175   0.469  -0.043
 0919   541  14.902   0.548   4.960
 0920   541  19.111   1.339         
 0921   541  17.279   1.034   3.330
 0922   541  18.402  -0.587         
 0923   541  20.059   1.099         
 0924   541  17.076   0.489  -0.053
 0925   541  17.127   0.793   0.283
 0926   541  19.110   0.950         
 0927   541  17.025   0.641  -0.070
 0928   541  19.131   0.474         
 0929   541  16.172   0.515   2.449
 0930   541  14.592   0.537         
 0931   541  19.243   1.053         
 0932   541  15.802   0.714   0.179
 0933   541  18.070   1.157         
 0934   541  17.721   0.868   0.417
 0935   541  18.381   0.626  -0.041
 0936   541  19.023   0.801         
 0937   541  17.037   0.464  -0.012
 0938   541  17.623   0.505  -0.082
 0939   541  17.616   0.617  -0.072
 0940   541  17.884   1.440   0.887
 0941   541  16.869   0.505  -0.107
 0942   541  16.710   0.580  -0.008
 0943   541  16.194   0.554  -0.058
 0944   541  17.645   0.856   0.655
 0945   541  15.377   0.312         
 0946   541  15.413   0.787         
 0947   541  18.829   0.661   0.109
 0948   541  19.227   0.666   0.071
 0949   541  19.276   1.292         
 0950   541  18.998   0.954  -1.411
 0951   541  18.891   0.993   0.489
 0952   541  18.267   0.793   0.166
 0953   541  17.627   0.829         
 0954   541  18.251   0.693  -0.009
 0955   541  14.378   0.776   0.372
 0956   541  14.003   0.465  -0.076
 0957   541  17.544   1.120   0.892
 0958   541  16.781   0.503  -0.068
 0959   541  19.732   0.806         
 0960   541  19.384   1.025         
 0961   541  17.541   0.516  -0.323
 0962   541  18.259   0.809   0.284
 0963   541  17.325   0.604  -0.037
 0964   541  17.012   0.817   0.393
 0965   541  18.013   0.619   0.008
 0966   541  17.628   0.551  -0.109
 0967   541  16.218   0.639   0.030
 0968   541  17.068   0.753   0.051
 0969   541  17.383   0.543  -0.060
 0970   541  16.611   0.469   0.043
 0971   541  20.010   0.627         
 0972   541  19.601   0.850  -3.743
 0973   541  17.652   0.709   0.932
 0974   541  16.308   0.609   1.925
 0975   541  16.908   0.601  -0.786
 0976   541  19.087   0.669         
 0977   541  19.156   1.070         
 0978   541  18.057   1.360         
 0979   541  16.763   0.802   0.301
 0980   541  20.296   0.513         
 0981   541  16.440   0.554  -0.069
 0982   541  17.267   0.664  -0.050
 0983   541  16.024   0.694   0.113
 0984   541  16.716   0.872         
 0985   541  16.007   0.886         
 0986   541  17.868   0.684  -0.051
 0987   541  19.063   1.208         
 0988   541  14.944   0.279   0.127
 0989   541  19.343   1.166         
 0990   541  15.274   0.627   0.032
 0991   541  17.665   0.605  -0.102
 0992   541  17.470   0.551  -0.083
 0993   541  18.911   0.746         
 0994   541  17.855   0.602         
 0995   541  16.445   0.513  -1.401
 0996   541  17.340   0.530  -3.739
 0997   541  19.016   0.707   0.011
 0998   541  17.252   0.674         
 0999   541  15.735   0.960         
 1000   541  16.576   0.446         
 1001   541  15.828   0.366   1.647
 1002   541  19.075   0.799   0.012
 1003   541  18.170   1.364   0.274
 1004   541  15.514   1.008   0.594
 1005   541  17.767   0.637         
 1006   541  17.505   0.717  -1.683
 1007   541  16.095   0.633   0.020
 1008   541  16.937   0.490  -0.019
 1009   541  15.529   0.412   0.118
 1010   541  17.751   0.768   0.317
 1011   541  18.992   0.774         
 1012   541  17.559   1.030   0.918
 1013   541  15.492   0.574  -0.038
 1014   541  17.848   0.654         
 1015   541  19.194   0.997   0.208
 1016   541  17.026   0.624  -0.021
 1017   541  18.736   0.760  -0.020
 1018   541  17.043   1.342   1.139
 1019   541  15.029   0.464  -0.003
 1020   541  14.756   0.990         
 1021   541  17.737   0.697         
 1022   541  18.853   0.737   0.651
 1023   541  16.540   0.534   1.564
 1024   541  19.429   1.054         
 1025   541  18.495   1.129         
 1026   541  16.272   0.541   0.087
 1027   541  15.683   0.350         
 1028   541  17.081   0.579   3.455
 1029   541  16.593   0.457   4.185
 1030   541  16.309   0.643  -0.003
 1031   541  16.227   0.738         
 1032   541  17.886   0.636         
 1033   541  18.648   0.776   0.188
 1034   541  15.767   0.291   0.103
 1035   541  17.472   0.666  -0.025
 1036   541  16.731   0.574  -0.526
 1037   541  17.166   0.636  -0.027
 1038   541  18.343   0.735  -3.293
 1039   541  16.132   0.350   0.089
 1040   541  16.679   0.527  -0.084
 1041   541  16.092   0.619  -0.047
 1042   541  17.556   0.851   0.363
 1043   541  17.493   0.610  -0.099
 1044   541  19.307   0.958         
 1045   541  17.258   0.718   0.150
 1046   541  17.288   0.783   0.225
 1047   541  19.434   0.836   0.409
 1048   541  14.046   0.411  -0.006
 1049   541  19.317   0.478   0.187
 1050   541  17.852   0.707  -0.036
 1051   541  16.184   0.690   0.068
 1052   541  15.992   0.383   0.100
 1053   541  17.077   0.679   0.023
 1054   541  15.679   0.805   0.489
 1055   541  14.895   0.506         
 1056   541  18.995   0.979  -4.774
 1057   541  17.333   0.772   0.174
 1058   541  15.160   0.671   3.021
 1059   541  15.833   0.630   1.622
 1060   541  17.288   0.711  -1.997
 1061   541  14.529   1.011         
 1062   541  18.373   0.871   0.246
 1063   541  15.825   0.488  -0.095
 1064   541  17.932   0.848   0.222
 1065   541  14.474   0.194   0.034
 1066   541  19.670   0.687  -0.142
 1067   541  18.023   0.670  -0.019
 1068   541  16.203   0.091   4.245
 1069   541  15.243   0.284   0.508
 1070   541  17.073   1.121   1.086
 1071   541  17.176   1.129         
 1072   541  15.416   0.429   0.025
 1073   541  19.120   1.397  -1.290
 1074   541  19.335   1.756         
 1075   541  18.319   0.766         
 1076   541  17.923   1.170  -2.581
 1077   541  16.419   1.123   3.842
 1078   541  14.460   1.185   4.636
 1079   541  15.285   0.687   2.182
 1080   541  18.121   0.610         
 1081   541  18.305   0.548         
 1082   541  19.927   0.841         
 1083   541  18.972   0.715         
 1084   541  18.024   0.618  -0.047
 1085   541  19.283   1.164         
 1086   541  16.764   0.456  -0.055
 1087   541  17.736   0.541  -0.069
 1088   541  19.401   0.856         
 1089   541  18.615   0.643         
 1090   541  17.204   0.462  -0.067
 1091   541  17.763   0.860   0.435
 1092   541  17.732   0.479  -0.023
 1093   541  18.363   1.440         
 1094   541  19.717   0.799  -1.284
 1095   541  18.616   0.547  -0.445
 1096   541  14.505   0.971   0.647
 1097   541  15.879   0.589   0.009
 1098   541  15.942   1.199   1.131
 1099   541  18.469   0.699  -1.247
 1100   541  16.776   0.638   0.039
 1101   541  17.913   0.746         
 1102   541  17.746   0.869  -0.799
 1103   541  18.787   0.490         
 1104   541  20.224  -0.368         
 1105   541  16.168   0.780         
 1106   541  19.804  -0.413         
 1107   541  19.900  -0.118         
 1108   541  18.770   0.417         
 1109   541  18.418   1.415  -2.499
 1110   541  19.829   0.403         
 1111   541  18.710   1.532         
 1112   541  17.803   0.866   0.631
 1113   541  17.721   0.822         
 1114   541  18.206   0.756   0.055
 1115   541  17.193   0.513  -0.008
 1116   541  16.878   0.853   0.362
 1117   541  18.710   0.631   0.909
 1118   541  19.930   0.841  -0.372
 1119   541  17.455   0.548  -2.753
 1120   541  16.689   0.458  -0.115
 1121   541  16.941   0.639  -0.037
 1122   541  18.727   0.844         
 1123   541  17.772   1.146  -4.044
 1124   541  19.908   2.437         
 1125   541  17.668   0.623  -0.010
 1126   541  18.387   0.618  -0.082
 1127   541  17.147   0.632  -0.050
 1128   541  17.529   0.504   1.919
 1129   541  16.658   0.395   0.045
 1130   541  16.979   1.371   0.874
 1131   541  17.569   0.509  -0.092
 1132   541  19.035   0.703   0.089
 1133   541  16.693   1.060   1.800
 1134   541  19.704   0.734         
 1135   541  18.396   1.223  -2.830
 1136   541  17.737   0.531   1.034
 1137   541  18.841   0.688  -0.140
 1138   541  18.497   0.831   0.338
 1139   541  17.702   0.505  -0.072
 1140   541  19.315   1.114         
 1141   541  19.319   0.857         
 1142   541  17.072   0.630   1.734
 1143   541  17.644   0.601   1.047
 1144   541  18.226   0.548  -0.110
 1145   541  17.118   1.056   0.802
 1146   541  17.476   0.789   0.299
 1147   541  17.583   0.620  -0.074
 1148   541  17.112   0.746   0.139
 1149   541  15.563   0.292   0.152
 1150   541  19.022   1.260         
 1151   541  16.028   0.357   3.641
 1152   541  19.394   0.967         
 1153   541  17.187   0.502  -0.010
 1154   541  15.530   0.283   0.493
 1155   541  18.092   0.627   0.022
 1156   541  16.183   0.458   2.864
 1157   541  19.249   0.944  -0.329
 1158   541  17.569   0.508         
 1159   541  18.918   0.889         
 1160   541  18.097   0.642  -0.014
 1161   541  16.921   0.503  -0.025
 1162   541  18.822   0.861         
 1163   541  17.949   0.910   0.107
 1164   541  17.642   0.901   0.298
 1165   541  16.793   0.619   3.962
 1166   541  17.479   0.653  -0.061
 1167   541  18.230   0.598  -0.075
 1168   541  19.414   0.994   0.616
 1169   541  18.764   0.644         
 1170   541  17.250   0.976         
 1171   541  18.508   0.792         
 1172   541  19.345   0.903  -4.309
 1173   541  19.585   0.944         
 1174   541  19.142   0.817   0.073
 1175   541  16.175   0.476  -0.011
 1176   541  19.456   1.182         
 1177   541  17.061   0.471         
 1178   541  14.611   0.975   0.563
 1179   541  18.470   0.732   0.062
 1180   541  16.518   0.745         
 1181   541  16.758   0.593  -0.037
 1182   541  19.005   1.184         
 1183   541  17.924   0.631         
 1184   541  16.059   0.721   0.337
 1185   541  16.220   0.700   1.767
 1186   541  18.654   0.981         
 1187   541  18.543   1.204         
 1188   541  18.350   0.719   0.537
 1189   541  18.966   0.725  -0.100
 1190   541  16.699   0.491  -0.398
 1191   541  17.559   0.764   0.839
 1192   541  20.351   0.548  -2.624
 1193   541  17.982   0.655  -0.054
 1194   541  19.964   0.773         
 1195   541  16.582   0.890  -1.260
 1196   541  16.642   0.749   0.096
 1197   541  15.682   0.573         
 1198   541  17.146   0.650   0.007
 1199   541  17.546   0.598  -0.010
 1200   541  17.235   0.637  -0.010
 1201   541  18.752   0.603  -0.045
 1202   541  18.944   0.686         
 1203   541  17.238   0.587   0.973
 1204   541  19.212   0.814         
 1205   541  14.512   0.562  -0.044
 1206   541  16.874   0.918   2.064
 1207   541  19.028   0.703         
 1208   541  17.683   0.700   0.060
 1209   541  19.516   0.803         
 1210   541  17.333   0.648   0.009
 1211   541  17.521   0.669   0.013
 1212   541  17.505   1.316   1.084
 1213   541  18.996   0.736   0.030
 1214   541  18.649   0.661         
 1215   541  16.225   0.751   3.203
 1216   541  16.349   0.583   0.171
 1217   541  19.281   0.831         
 1218   541  18.550   0.760   0.184
 1219   541  17.975   1.128         
 1220   541  18.440   0.959         
 1221   541  19.346   0.637         
 1222   541  14.140   0.179   1.364
 1223   541  17.298   0.556  -0.054
 1224   541  18.467   0.794   0.397
 1225   541  16.613   0.623  -0.025
 1226   541  17.127   0.442   0.829
 1227   541  18.314   0.590   0.023
 1228   541  18.022   0.958         
 1229   541  16.795   0.568  -0.083
 1230   541  17.526   0.508  -0.034
 1231   541  19.609   0.726  -0.618
 1232   541  19.065   0.845         
 1233   541  19.537  -0.129  -2.489
 1234   541  17.358   0.556  -0.131
 1235   541  17.354   0.869   0.629
 1236   541  19.548  -0.530         
 1237   541  19.449  -0.585  -0.345
 1238   541  20.050  -0.288  -1.222
 1239   541  20.357  -0.498         
 1240   541  20.326  -0.656         
 1241   541  20.071  -0.157  -2.528
 1242   541  19.866  -0.752         
 1243   541  19.962   0.267         
 1244   541  18.299   1.227  -0.796
 1245   541  19.136   0.238         
 1246   541  18.360   0.528         
 1247   541  16.697   0.442   1.849
 1248   541  17.928   0.608   0.020
 1249   541  17.510   0.729   0.145
 1250   541  18.174   0.909  -0.039
 1251   541  18.983   1.311         
 1252   541  15.760   0.410  -0.066
 1253   541  16.579   0.454  -0.026
 1254   541  17.345   0.540  -0.082
 1255   541  17.486   0.618         
 1256   541  19.414   0.872         
 1257   541  16.338   0.340   0.064
 1258   541  17.062   0.617   0.837
 1259   541  18.971   1.321         
 1260   541  17.365   1.264  -2.490
 1261   541  17.807   0.609  -0.369
 1262   541  17.318   0.891         
 1263   541  19.555   0.599  -2.157
 1264   541  17.619   0.746  -1.087
 1265   541  19.783   0.944         
 1266   541  18.382   0.633  -4.091
 1267   541  17.874   0.640   0.034
 1268   541  19.198   0.975         
 1269   541  18.132   0.580         
 1270   541  16.556   0.530   3.627
 1271   541  19.712   0.879         
 1272   541  18.423   0.780   0.276
 1273   541  18.397   0.572  -0.091
 1274   541  17.046   0.626   0.148
 1275   541  18.107   0.656         
 1276   541  16.816   0.793   0.435
 1277   541  17.434   0.657   0.063
 1278   541  16.415   0.490   2.433
 1279   541  18.593   1.314  -1.716
 1280   541  16.596   0.838   0.875
 1281   541  18.234   0.916         
 1282   541  19.601   1.100  -1.604
 1283   541  15.406   0.580  -0.037
 1284   541  18.402   0.797  -3.234
 1285   541  16.141   0.709         
 1286   541  18.531   0.876  -0.086
 1287   541  17.360   0.514   0.020
 1288   541  17.486   0.793   0.241
 1289   541  16.498   0.569  -0.008
 1290   541  18.072   0.581   0.496
 1291   541  16.100   0.424         
 1292   541  18.886   0.759         
 1293   541  17.127   0.798  -0.100
 1294   541  15.848   0.672         
 1295   541  18.300   0.837         
 1296   541  18.040   0.687         
 1297   541  18.906   0.714         
 1298   541  15.423   0.399  -0.085
 1299   541  15.744   0.512  -0.041
 1300   541  19.117   1.023         
 1301   541  15.921   0.515         
 1302   541  14.387   0.744   0.353
 1303   541  18.492   0.868   0.327
 1304   541  17.186   0.673         
 1305   541  17.209   0.914  -2.324
 1306   541  16.166   1.474         
 1307   541  17.216   0.709   0.066
 1308   541  17.987   0.588         
 1309   541  15.170   1.646   3.555
 1310   541  18.603   1.157  -2.285
 1311   541  17.302   1.579         
 1312   541  11.370   0.386  -0.042
 1313   541  13.467   0.557  -0.078
 1314   541  13.553   0.320   0.123
 1315   541  12.548   1.024   0.699
 1316   541  12.051   0.254   0.103
 1317   541  13.419   0.384   0.031
 1318   541  13.457   1.135   0.966
 1319   541  13.299   0.477  -0.105
 1320   541  12.695   0.096  -0.228
 1321   541   9.602   0.047  -0.129
 1322   541  11.242   0.428  -0.102
 1323   541  13.792   0.907   0.455
 1324   541  12.771   1.003   0.686
 1325   541  13.709   0.806   0.269
 1326   541  12.894   1.196   1.047
 1327   541  13.360   0.531  -0.045
 1328   541  11.959   0.326  -0.007
 1329   541  13.118   0.291   0.087
 1330   541  13.840   1.160   1.058
 1331   541  13.685   0.654   0.050
 1332   541  13.619   1.495   1.825
 1333   541  13.231   1.208   1.096
 1334   541  13.688   0.571  -0.004
 1335   541  13.833   0.563  -0.040
 1336   541  12.050   1.700   1.569
 1337   541  13.631   1.074   0.750
 1338   541  13.012   0.144  -0.014
 1339   541  13.871   0.188   0.062
 1340   541  13.867   0.281   0.067
 1341   541  12.604   0.402  -0.108
 1342   541  12.382   1.055   0.837
 1343   541  13.218   0.635   0.177
 1344   541  13.781   0.191   0.082
 1345   541  13.917   1.023   0.693
 1346   541  13.793   1.012   0.694
 1347   541  13.850   0.334   0.113
 1348   541  12.316   0.469  -0.070
 1349   541  13.979   0.730   0.280
 1350   541  13.356   0.119  -0.133
 1351   541  13.117   1.107   0.899
 1352   541  12.832   0.632   0.085
 1353   541  13.411   0.927   0.686
 1354   541  13.218   1.369   1.298
 1355   541  13.515   0.521  -0.180
 1356   541  13.123   1.163   0.978
 1357   541  12.126   1.008   0.653
 1358   541  13.939   0.374   0.119
 1359   541  13.654   0.495  -0.106