UBV CCD observations

  No    Ref    V       B-V     U-B

 0001   448  17.765   0.400         
 0002   448  18.145   0.804         
 0003   448  20.119   1.053         
 0004   448  19.150   0.445         
 0005   448  22.664  -0.694         
 0006   448  22.788  -0.954         
 0007   448  17.865   0.977         
 0008   448  22.050  -0.259         
 0009   448  21.883  -0.120         
 0010   448  22.477  -0.122         
 0011   448  22.578  -0.698         
 0012   448  20.227   0.626         
 0013   448  21.119   0.784         
 0014   448  22.658  -0.945         
 0015   448  22.262  -0.416         
 0016   448  22.689  -1.095         
 0017   448  22.455  -0.347         
 0018   448  22.644  -0.285         
 0019   448  22.548  -0.862         
 0020   448  22.639  -0.672         
 0021   448  21.083   1.014         
 0022   448  18.879   0.987         
 0023   448  17.155   0.948         
 0024   448  21.973  -0.509         
 0025   448  22.403  -0.564         
 0026   448  22.613  -0.549         
 0027   448  22.632  -0.472         
 0028   448  22.546  -0.398         
 0029   448  22.135   0.140         
 0030   448  22.714  -0.461         
 0031   448  20.303   0.832         
 0032   448  20.945   0.797         
 0033   448  22.459  -0.378         
 0034   448  22.131  -0.543         
 0035   448  22.315  -0.134         
 0036   448  22.848  -3.696         
 0037   448  19.322   0.721         
 0038   448  20.648   1.421         
 0039   448  21.159   0.772         
 0040   448  22.261  -0.229         
 0041   448  22.684  -0.172         
 0042   448  22.366  -0.880         
 0043   448  19.750   0.357         
 0044   448  22.490  -0.713         
 0045   448  18.088   0.814         
 0046   448  18.535   1.804         
 0047   448  18.604   0.396         
 0048   448  22.684  -0.672         
 0049   448  22.203  -0.117         
 0050   448  22.575  -0.530         
 0051   448  19.612   0.381         
 0052   448  13.987   0.412         
 0053   448  19.617   0.586         
 0054   448  17.544   0.565         
 0055   448  21.253   0.784         
 0056   448  22.156  -0.134         
 0057   448  22.135  -0.171         
 0058   448  17.636   0.210         
 0059   448  17.669   0.406         
 0060   448  18.777   0.554         
 0061   448  21.841  -0.543         
 0062   448  18.919   0.386         
 0063   448  17.175   1.445         
 0064   448  19.523   0.669         
 0065   448  16.841   0.463         
 0066   448  22.316  -0.886         
 0067   448  20.296   1.695         
 0068   448  19.010   0.482         
 0069   448  22.032  -0.863         
 0070   448  22.302  -0.754         
 0071   448  21.700  -0.559         
 0072   448  21.626  -0.418         
 0073   448  22.311  -0.197         
 0074   448  18.706   0.371         
 0075   448  22.528  -0.490         
 0076   448  17.054   0.540         
 0077   448  18.670   0.372         
 0078   448  20.914   0.733         
 0079   448  19.390   1.189         
 0080   448  22.703  -0.739         
 0081   448  22.354   0.003         
 0082   448  22.473  -0.068         
 0083   448  18.260   0.403         
 0084   448  20.303   0.691         
 0085   448  22.426  -0.359         
 0086   448  22.081   0.296         
 0087   448  17.368   0.618         
 0088   448  22.313  -0.413         
 0089   448  18.449   0.697         
 0090   448  17.122   0.854         
 0091   448  20.114   0.662         
 0092   448  22.325  -1.943         
 0093   448  22.413  -0.702         
 0094   448  19.109   1.142         
 0095   448  20.799   1.035         
 0096   448  22.580  -0.723         
 0097   448  18.301   0.387         
 0098   448  21.424   0.559         
 0099   448  21.044   1.003         
 0100   448  21.613  -0.096         
 0101   448  22.580  -0.695         
 0102   448  20.691   0.324         
 0103   448  20.752   0.719         
 0104   448  22.285  -0.568         
 0105   448  21.042   0.865         
 0106   448  22.601  -0.305         
 0107   448  17.477   1.380         
 0108   448  20.188   1.291         
 0109   448  22.043  -0.383         
 0110   448  21.994  -0.353         
 0111   448  22.078  -0.545         
 0112   448  21.983  -0.303         
 0113   448  22.236  -0.089         
 0114   448  21.287   0.558         
 0115   448  21.825   0.073         
 0116   448  18.406   0.477         
 0117   448  21.972   0.123         
 0118   448  22.315  -0.015         
 0119   448  22.178  -0.546         
 0120   448  22.170  -0.222         
 0121   448  21.643   0.176         
 0122   448  19.987   1.054         
 0123   448  19.860   1.306         
 0124   448  20.782   0.379         
 0125   448  18.540   2.046         
 0126   448  20.317   1.005         
 0127   448  22.326  -0.371         
 0128   448  22.549  -0.852         
 0129   448  21.800   0.176         
 0130   448  14.393   1.219         
 0131   448  19.567   1.476         
 0132   448  22.253  -0.007         
 0133   448  16.959   0.408         
 0134   448  19.829   0.603         
 0135   448  19.882   1.719         
 0136   448  22.083   0.071         
 0137   448  19.871   1.656         
 0138   448  17.589   0.657         
 0139   448  17.938   1.473         
 0140   448  22.420  -0.227         
 0141   448  19.799   1.753         
 0142   448  22.672  -0.104         
 0143   448  22.495  -0.408         
 0144   448  21.503   0.428         
 0145   448  22.667  -0.495         
 0146   448  17.680   0.567         
 0147   448  19.478   1.959         
 0148   448  15.848   2.373         
 0149   448  22.598  -0.566         
 0150   448  19.246   0.536         
 0151   448  20.163   1.259         
 0152   448  20.088   0.777         
 0153   448  20.181   0.470         
 0154   448  19.261   1.680         
 0155   448  15.620  -0.075         
 0156   448  21.994   0.082         
 0157   448  18.026   0.862         
 0158   448  16.457   1.534         
 0159   448  21.772   0.561         
 0160   448  19.621   0.898         
 0161   448  19.693   1.179         
 0162   448  21.730   0.552         
 0163   448  20.662   1.209         
 0164   448  16.568   0.871         
 0165   448  17.569   1.932         
 0166   448  21.473   0.237         
 0167   448  22.581  -0.730         
 0168   448  16.128   0.957         
 0169   448  21.615  -0.911         
 0170   448  20.602   1.477         
 0171   448  21.903  -1.012         
 0172   448  17.795   0.369         
 0173   448  17.904   0.100         
 0174   448  19.886   1.452         
 0175   448  22.629  -0.513         
 0176   448  19.466   0.453         
 0177   448  22.030  -1.001         
 0178   448  19.335   1.407         
 0179   448  22.259   0.374         
 0180   448  18.621   0.487         
 0181   448  21.945   0.257         
 0182   448  21.350   0.345         
 0183   448  20.266   1.050         
 0184   448  19.718   1.697         
 0185   448  18.316   0.779         
 0186   448  20.368   1.211         
 0187   448  22.023  -0.221         
 0188   448  22.167  -0.269         
 0189   448  19.850   1.774         
 0190   448  20.735   0.996         
 0191   448  22.438  -1.102         
 0192   448  22.735  -0.802         
 0193   448  22.076  -0.035         
 0194   448  18.590   0.699         
 0195   448  18.151   0.464         
 0196   448  22.670  -0.278         
 0197   448  18.239   0.409         
 0198   448  19.823   0.697         
 0199   448  21.731   0.136         
 0200   448  22.585  -0.820         
 0201   448  20.563   1.106         
 0202   448  18.604   0.432         
 0203   448  20.316   1.434         
 0204   448  21.718   0.390         
 0205   448  22.242  -0.306         
 0206   448  21.384   0.718         
 0207   448  20.175   1.518         
 0208   448  22.349  -0.538         
 0209   448  19.299   1.097         
 0210   448  19.124   0.709         
 0211   448  16.668   0.363         
 0212   448  22.396  -0.356         
 0213   448  22.885  -0.585         
 0214   448  18.000   0.612         
 0215   448  16.914   0.445         
 0216   448  20.445   1.344         
 0217   448  20.440   0.692         
 0218   448  20.163   1.060         
 0219   448  21.666   0.707         
 0220   448  22.870  -0.386         
 0221   448  22.110  -0.561         
 0222   448  18.111   0.769         
 0223   448  18.557   0.483         
 0224   448  19.639   1.490         
 0225   448  18.183   0.490         
 0226   448  20.936   0.469         
 0227   448  22.221  -0.254         
 0228   448  18.975   0.647         
 0229   448  21.456  -0.535         
 0230   448  22.536  -0.864         
 0231   448  19.145   1.675         
 0232   448  18.859   0.806         
 0233   448  17.139   0.531         
 0234   448  21.490   0.679         
 0235   448  14.985   0.488         
 0236   448  21.267  -0.205         
 0237   448  18.601   0.418         
 0238   448  22.098  -0.422         
 0239   448  22.199  -0.725         
 0240   448  18.591   0.445         
 0241   448  22.046  -0.040         
 0242   448  21.733  -0.055         
 0243   448  21.325   0.116         
 0244   448  19.379   0.539         
 0245   448  18.253   0.426         
 0246   448  19.341   0.528         
 0247   448  19.185   0.554         
 0248   448  19.048   0.902         
 0249   448  15.621   0.819         
 0250   448  22.026  -0.348         
 0251   448  22.490  -0.279         
 0252   448  19.870   1.011         
 0253   448  21.959  -0.297         
 0254   448  22.481  -0.155         
 0255   448  18.453   0.950         
 0256   448  20.289   0.738         
 0257   448  16.515   0.783         
 0258   448  14.540   0.892         
 0259   448  22.384  -0.401         
 0260   448  21.870   0.508         
 0261   448  21.456   0.414         
 0262   448  22.048  -0.283         
 0263   448  17.651   0.429         
 0264   448  19.911   1.179         
 0265   448  19.851   0.703         
 0266   448  18.711   0.366         
 0267   448  21.798   0.002         
 0268   448  22.420  -0.263         
 0269   448  21.078   0.423         
 0270   448  16.343   0.441         
 0271   448  22.257  -0.906         
 0272   448  19.992   1.083         
 0273   448  18.247   0.419         
 0274   448  18.777   0.470         
 0275   448  20.930   0.651         
 0276   448  21.290  -0.002         
 0277   448  19.586   1.120         
 0278   448  21.728  -0.726         
 0279   448  20.152   0.886         
 0280   448  17.999   0.694         
 0281   448  22.921  -0.892         
 0282   448  20.294   0.925         
 0283   448  23.001  -0.477         
 0284   448  22.067  -1.090         
 0285   448  18.912   0.465         
 0286   448  20.759   0.821         
 0287   448  22.610  -0.526         
 0288   448  22.536  -0.102         
 0289   448  21.661  -0.095         
 0290   448  21.041   0.263         
 0291   448  21.942  -0.927         
 0292   448  21.870  -0.804         
 0293   448  19.902   0.834         
 0294   448  18.273   0.399         
 0295   448  19.653   0.698         
 0296   448  22.239  -0.879         
 0297   448  18.529   1.072         
 0298   448  20.712   0.681         
 0299   448  19.064   0.491         
 0300   448  17.717   0.773         
 0301   448  17.197   0.540         
 0302   448  20.030   0.589         
 0303   448  22.563  -0.587         
 0304   448  19.424   1.265         
 0305   448  17.281   0.417         
 0306   448  18.179   0.461         
 0307   448  22.518  -0.675         
 0308   448  22.019  -0.605         
 0309   448  18.565   0.447         
 0310   448  21.685  -0.710         
 0311   448  19.806   0.503         
 0312   448  18.966   0.510         
 0313   448  18.240   0.859         
 0314   448  19.101   0.483         
 0315   448  22.528  -0.740         
 0316   448  18.723   0.477         
 0317   448  19.832   0.439         
 0318   448  22.749  -0.731         
 0319   448  22.526  -1.000         
 0320   448  18.668   0.447         
 0321   448  20.938   0.741         
 0322   448  18.179   0.438         
 0323   448  16.004   0.412         
 0324   448  22.558  -0.624         
 0325   448  21.909  -0.433         
 0326   448  22.451  -0.618         
 0327   448  18.112   0.727         
 0328   448  21.564   0.396         
 0329   448  19.334   0.674         
 0330   448  17.705   0.516         
 0331   448  22.057  -0.268         
 0332   448  21.943  -0.547         
 0333   448  21.929  -0.582         
 0334   448  17.042   0.186         
 0335   448  15.779   0.961         
 0336   448  22.368  -1.116         
 0337   448  22.421  -0.383         
 0338   448  17.108   0.196         
 0339   448  22.458  -0.592         
 0340   448  19.338   0.499         
 0341   448  22.135   0.090         
 0342   448  22.557  -0.182         
 0343   448  20.295   0.737         
 0344   448  17.907   0.565         
 0345   448  22.587  -0.555         
 0346   448  17.763   0.401         
 0347   448  22.516  -0.364         
 0348   448  19.765   0.659         
 0349   448  16.480   0.681         
 0350   448  20.279   1.385         
 0351   448  20.712   0.429         
 0352   448  22.707  -0.609         
 0353   448  19.057   0.496         
 0354   448  18.210   0.410         
 0355   448  20.514   0.102         
 0356   448  22.551  -1.117         
 0357   448  16.560   0.108         
 0358   448  22.249  -0.784         
 0359   448  21.882  -0.402         
 0360   448  22.606  -0.676         
 0361   448  18.692   1.136         
 0362   448  22.100  -0.265         
 0363   448  19.773   1.856         
 0364   448  16.047   0.477         
 0365   448  19.649   1.239         
 0366   448  18.896   0.421         
 0367   448  22.405  -0.689         
 0368   448  18.765   0.330         
 0369   448  20.564   0.888         
 0370   448  19.167   0.451         
 0371   448  19.099   0.529         
 0372   448  17.695   0.490         
 0373   448  22.652  -0.468         
 0374   448  17.747   0.593         
 0375   448  22.504  -0.561         
 0376   448  22.785  -0.498         
 0377   448  18.958   0.469         
 0378   448  20.651   0.653         
 0379   448  22.507  -0.303         
 0380   448  18.119   0.419         
 0381   448  22.559  -0.598         
 0382   448  15.823   0.878         
 0383   448  19.941   0.881         
 0384   448  22.616  -0.867         
 0385   448  20.168   0.375         
 0386   448  15.081   0.428         
 0387   448  18.784   0.524         
 0388   448  18.645   0.457         
 0389   448  22.292  -0.627         
 0390   448  21.200   0.507         
 0391   448  19.813   0.644         
 0392   448  20.041   0.931         
 0393   448  17.142   0.483         
 0394   448  16.384   0.510         
 0395   448  20.256   1.049         
 0396   448  18.662   0.439         
 0397   448  18.787   0.622         
 0398   448  20.411   0.891         
 0399   448  22.468  -0.712         
 0400   448  17.395   0.368         
 0401   448  19.711   0.515         
 0402   448  20.857   0.731         
 0403   448  22.238  -0.265         
 0404   448  18.654   0.711         
 0405   448  22.732  -0.735         
 0406   448  18.923   0.448         
 0407   448  17.664   1.741         
 0408   448  20.755   0.651         
 0409   448  22.468  -0.140         
 0410   448  22.575   0.159         
 0411   448  22.534  -0.358         
 0412   448  22.701  -0.417         
 0413   448  18.761   0.475         
 0414   448  21.929   0.638         
 0415   448  19.346   1.564         
 0416   448  22.043  -0.429         
 0417   448  21.775  -1.021         
 0418   448  19.544   0.675         
 0419   448  22.584  -0.395         
 0420   448  22.324  -0.559         
 0421   448  21.670  -0.946         
 0422   448  18.869   0.450         
 0423   448  22.147  -0.205         
 0424   448  19.825   0.609         
 0425   448  21.464   0.440         
 0426   448  17.841   0.409         
 0427   448  17.409   0.475         
 0428   448  22.279  -0.870         
 0429   448  18.973   0.491         
 0430   448  22.295  -0.442         
 0431   448  15.557   0.898         
 0432   448  22.536  -0.974         
 0433   448  22.211  -0.370         
 0434   448  20.847   0.438         
 0435   448  22.632  -0.815         
 0436   448  17.113   0.720         
 0437   448  22.185  -0.448         
 0438   448  22.605  -0.422         
 0439   448  22.072  -0.193         
 0440   448  20.343   1.070         
 0441   448  22.215  -0.389         
 0442   448  18.113   1.250         
 0443   448  17.629   0.142         
 0444   448  21.494  -1.120         
 0445   448  20.809   1.073         
 0446   448  20.610   0.590         
 0447   448  15.765   0.618         
 0448   448  19.679   0.684         
 0449   448  16.488   0.587         
 0450   448  16.854   0.651         
 0451   448  17.559   0.614         
 0452   448  20.869   0.145         
 0453   448  21.887   0.029         
 0454   448  22.519  -0.246         
 0455   448  19.157   0.973         
 0456   448  17.429   0.436         
 0457   448  22.861  -0.799         
 0458   448  20.242   1.908         
 0459   448  14.165   0.221         
 0460   448  22.914  -0.795         
 0461   448  22.516  -0.431         
 0462   448  22.509  -0.424         
 0463   448  20.603   0.275         
 0464   448  22.706  -0.622         
 0465   448  22.545  -0.763         
 0466   448  19.687   0.617         
 0467   448  22.515  -0.406         
 0468   448  20.815   0.923         
 0469   448  20.654   0.419         
 0470   448  22.170   0.205         
 0471   448  21.150   1.271         
 0472   448  20.959   0.294         
 0473   448  22.245  -0.626         
 0474   448  15.898   1.043         
 0475   448  20.581   1.092         
 0476   448  18.458   0.423         
 0477   448  18.567   0.407         
 0478   448  22.310   0.068         
 0479   448  22.437  -0.498         
 0480   448  18.997   1.554         
 0481   448  19.082   0.554         
 0482   448  19.760   0.439         
 0483   448  22.675  -1.022         
 0484   448  22.862  -0.668         
 0485   448  22.608  -0.888         
 0486   448  22.535  -0.494         
 0487   448  22.515  -0.918         
 0488   448  19.339   0.946         
 0489   448  22.265  -0.375         
 0490   448  22.830  -0.628         
 0491   448  19.908   1.494         
 0492   448  22.709  -0.341         
 0493   448  17.649   0.404         
 0494   448  15.924   0.447         
 0495   448  18.089   0.446         
 0496   448  20.859   0.413         
 0497   448  17.081   0.631         
 0498   448  18.518   0.448         
 0499   448  19.810   0.593         
 0500   448  21.839  -1.075         
 0501   448  22.498  -0.546         
 0502   448  20.314   1.076         
 0503   448  22.216  -0.420         
 0504   448  22.096  -0.411         
 0505   448  20.698   0.528         
 0506   448  22.305  -0.826         
 0507   448  22.214  -0.273         
 0508   448  22.633  -0.531         
 0509   448  22.306  -0.496         
 0510   448  20.438   0.587         
 0511   448  22.025  -0.033         
 0512   448  21.973   0.495         
 0513   448  22.019  -0.161         
 0514   448  18.255   0.455         
 0515   448  22.527  -1.022         
 0516   448  22.526  -0.351         
 0517   448  19.087   0.398         
 0518   448  18.403   0.439         
 0519   448  22.803  -0.467         
 0520   448  22.703  -1.025         
 0521   448  22.298  -0.120         
 0522   448  22.234  -0.199         
 0523   448  17.361   0.685         
 0524   448  22.390  -0.549         
 0525   448  21.282   0.215         
 0526   448  22.749  -1.242         
 0527   448  20.292   0.934         
 0528   448  19.587   0.613         
 0529   448  21.183   0.452         
 0530   448  22.468  -0.327         
 0531   448  22.028   0.174         
 0532   448  16.362   0.661         
 0533   448  20.310   1.073         
 0534   448  22.706  -1.033         
 0535   448  22.376  -0.361         
 0536   448  19.653   0.615         
 0537   448  22.460  -0.679         
 0538   448  21.312   0.344         
 0539   448  22.601  -0.727         
 0540   448  21.086   0.636         
 0541   448  21.446   0.151         
 0542   448  19.752   1.811         
 0543   448  21.096   0.494         
 0544   448  17.413   0.601         
 0545   448  18.851   0.614         
 0546   448  22.319  -0.424         
 0547   448  22.253  -0.420         
 0548   448  19.941   0.486         
 0549   448  21.974  -0.889         
 0550   448  16.590   0.913         
 0551   448  19.291   0.590         
 0552   448  22.347  -0.323         
 0553   448  20.264   0.627         
 0554   448  16.827   0.799         
 0555   448  14.265   0.370         
 0556   448  20.517   1.157         
 0557   448  16.923   0.857         
 0558   448  21.008   0.237         
 0559   448  20.303   0.893         
 0560   448  19.302   0.613         
 0561   448  14.889   0.894         
 0562   448  22.640  -0.870         
 0563   448  22.372  -0.179         
 0564   448  21.173   0.092         
 0565   448  20.988  -0.780         
 0566   448  22.682  -0.658         
 0567   448  17.212   0.791         
 0568   448  22.179  -0.675         
 0569   448  20.051   0.270         
 0570   448  21.904  -0.321         
 0571   448  22.198  -0.807         
 0572   448  22.023  -0.970         
 0573   448  21.680  -0.373         
 0574   448  22.239  -0.729         
 0575   448  22.654  -0.880         
 0576   448  22.523  -1.543