UBV CCD observations

  No    Ref    V       B-V     U-B

 0007   245  11.349   0.641  -0.412
 0008   245  10.726   0.570  -0.314
 0011   245   7.537   0.030  -0.865
 0012   245   8.221   0.194  -0.447
 0013   245   5.460   0.270  -0.530
 1001   245  15.201   0.506  -0.115
 1002   245  16.946   0.543   0.114
 1003   245  16.553   0.745   0.278
 1004   245  12.088   1.375   1.476
 1005   245  16.729   0.655   0.515
 1006   245  13.639   1.357   1.202
 1007   245  16.860   0.678   0.447
 1008   245  16.494   1.521   0.942
 1009   245  16.890   0.655   0.495
 1010   245  16.524   0.912   0.421
 1011   245  14.302   1.485   1.298
 1012   245  14.619   0.488   0.390
 1013   245  16.965   0.819   0.302
 1014   245  16.688   0.559   0.106
 1015   245  14.522   1.868         
 1016   245  15.233   0.576   0.397
 1017   245  16.480   0.968   0.527
 1018   245  16.174   0.619   0.456
 1019   245  16.448   0.817   0.311
 1020   245  16.034   0.834   0.290
 1021   245  16.907   1.185   0.533
 1022   245  16.536   1.547         
 1023   245  16.414   0.929   0.449
 1024   245  14.246   0.433   0.128
 1025   245  15.538   1.721         
 1026   245  15.781   0.829   0.270
 1027   245  16.901   0.917   0.444
 1028   245  15.788   1.721   1.375
 1029   245  14.096   0.389   0.312
 1030   245  16.518   1.638         
 1031   245  16.675   0.893   0.317
 1032   245  15.462   0.691   0.179
 1033   245  16.256   1.447         
 1034   245  16.924   0.626   0.344
 1035   245  11.631   0.711  -0.319
 1036   245  15.475   1.684   1.621
 1037   245  15.785   0.726   0.164
 1038   245  16.396   1.266         
 1039   245  16.631   0.581  -0.059
 1040   245  15.211   1.304   1.011
 1041   245  16.416   0.537  -0.072
 1042   245  12.933   0.575   0.068
 1043   245  16.952   0.853   0.364
 1044   245  16.590   0.610   0.081
 1045   245  15.556   1.478   1.187
 1046   245  16.904   1.390         
 1047   245  15.725   0.513   0.041
 1048   245  16.293   1.094   0.743
 1049   245  14.711   1.910         
 1050   245  14.913   1.098   0.570
 1051   245  15.878   2.471         
 1052   245  16.926   1.005   0.681
 1053   245  16.525   1.018   0.630
 1054   245  15.069   0.770  -0.124
 1055   245  16.588   0.731   0.362
 1056   245  14.503   0.651  -0.003
 1057   245  16.316   1.632         
 1058   245  14.944   1.659   1.290
 1059   245  15.234   1.034   0.680
 1060   245  16.777   1.188         
 1061   245  16.399   0.892   0.216
 1062   245  14.672   1.291   1.189
 1063   245  14.618   0.559   0.223
 1064   245  15.904   0.862   0.230
 1065   245  15.731   0.916   0.408
 1066   245  16.800   0.928         
 1067   245  16.583   0.569   0.096
 1068   245  15.724   0.881   0.332
 1069   245  11.237   0.178  -0.259
 1070   245  16.990   0.840   0.230
 1071   245  14.057   0.415   0.240
 1072   245  16.919   0.990   0.301
 1073   245  16.413   1.082   0.390
 1074   245  16.077   1.625   1.297
 1075   245  14.823   0.599   0.440
 1076   245  16.604   2.836         
 1077   245  14.697   0.651  -0.085
 1078   245  16.778   0.734         
 1079   245  16.400   1.106   0.467
 1080   245  14.481   1.551   1.246
 1081   245  14.074   0.630   0.222
 1082   245  16.933   1.245   0.425
 1083   245  16.759   1.144   0.405
 1084   245  15.553   0.849   0.360
 1085   245  16.842   0.945   0.280
 1086   245  16.641   0.751   0.220
 1087   245  14.450   0.909   0.620
 1088   245  16.225   0.796   0.187
 1089   245  16.498   1.160   0.559
 1090   245  16.233   1.705         
 1091   245  16.816   0.776   0.206
 1092   245  16.721   0.780   0.098
 1093   245  14.217   1.654   1.490
 1094   245  15.555   0.651   0.226
 1095   245  14.428   0.682   0.269
 1096   245  15.587   0.622   0.280
 1097   245  16.045   0.954   0.410
 1098   245  16.435   0.945   0.350
 1099   245  14.119   0.399   0.316
 1100   245  16.182   1.302   1.389
 1101   245  16.604   0.736   0.405
 1102   245  16.190   0.876   0.310
 1103   245  15.984   1.122   1.150
 1104   245  15.147   0.618  -0.092
 1105   245  13.864   0.378   0.313
 1106   245  16.948   0.976   0.137
 1107   245  15.749   0.951   0.460
 1108   245  16.459   0.751   0.185
 1109   245  16.532   1.273         
 1110   245  15.068   1.264   0.903
 1111   245  13.236   0.361   0.026
 1112   245  14.719   0.747  -0.494
 1113   245  14.915   0.674   1.433
 1114   245  12.487   1.353   1.139
 1115   245  11.929   0.327   0.232
 1116   245  15.442   0.729   0.385
 1117   245  16.752   1.788         
 1118   245  15.379   0.672   0.438
 1119   245  16.805   0.989   0.515
 1120   245  15.141   2.521         
 1121   245  11.399   0.634   0.174
 1122   245  14.623   0.748   0.326
 1123   245  16.151   0.982   0.317
 1124   245  16.905   0.881   0.260
 1125   245  15.955   0.883   0.524
 1126   245  16.761   0.937   0.472
 1127   245  16.848   0.669   0.152
 1128   245  15.324   1.402   1.165
 1129   245  16.500   0.892   0.383
 1130   245  15.636   0.636   0.259
 1131   245  16.126   1.016   0.665
 1132   245  16.430   1.272         
 1133   245  16.386   1.090   0.383
 1134   245  15.051   0.550   0.404
 1135   245  14.439   0.619   0.245
 1136   245  16.437   0.908   0.332
 1137   245  15.760   0.654   0.216
 1138   245  16.724   0.925   0.469
 1139   245  14.529   0.569   0.375
 1140   245  13.574   0.525   0.147
 1141   245  15.973   0.933   0.383
 1142   245  15.842   0.687  -0.001
 1143   245  14.674   0.764  -0.090
 1144   245  13.418   0.825   0.456
 1145   245  13.309   0.492   0.298
 1146   245  15.297   0.739   0.192
 1147   245  14.598   0.420   0.326
 1148   245  15.446   2.010         
 1149   245  16.726   0.956   0.500
 1150   245  15.695   0.760   0.216
 1151   245  14.677   1.356   0.976
 1152   245  16.828   1.035   0.627
 1153   245  16.604   0.796   0.682
 1154   245  14.997   0.822   0.297
 1155   245  14.869   0.826   0.510
 1156   245  16.964   0.954   0.443
 1157   245  14.953   0.725   0.554
 1158   245  15.414   0.907   0.348
 1159   245  13.531   0.308   0.114
 1160   245  16.978   0.922   0.316
 1161   245  15.098   0.678   0.106
 1162   245  14.062   1.844   1.920
 1163   245  16.996   0.882         
 1164   245  16.571   0.940   0.346
 1165   245  16.151   0.766   0.177
 1166   245  16.345   0.636   0.123
 1167   245  15.758   1.236         
 1168   245  16.213   1.673         
 1169   245  16.651   0.780   0.234
 1170   245  15.678   1.540   1.374
 1171   245  16.118   0.807   0.476
 1172   245  14.165   0.384   0.032
 1173   245  16.701   0.887   0.192
 1174   245  16.407   1.071         
 1175   245  13.891   0.589   0.090
 1176   245  15.318   1.572   1.001
 1177   245  15.215   0.807   0.225
 1178   245  16.095   0.898   0.418
 1179   245  15.528   1.042   0.493
 1180   245  16.121   1.210   1.467
 1181   245  16.976   0.899   0.517
 1182   245  16.429   1.448         
 1183   245  16.417   0.818   0.328
 1184   245  14.056   1.524   1.693
 1185   245  15.613   0.851   0.271
 1186   245  14.540   0.821   0.290
 1187   245  14.485   0.617  -0.257
 1188   245  16.570   0.812   0.162
 1189   245  15.521   0.753   0.296
 1190   245  16.528   1.297   0.783
 1191   245  16.186   0.999   0.666
 1192   245  15.946   0.956   0.409
 1193   245  16.676   1.018   0.363
 1194   245  11.283   1.050   0.715
 1195   245  15.958   0.775   0.320
 1196   245  16.176   0.690   0.137
 1197   245  16.309   0.699   0.550
 1198   245  15.880   0.692   0.201
 1199   245  12.645   1.453   1.207
 1200   245  12.987   0.281  -0.020
 1201   245  16.248   0.886   0.331
 1202   245  16.700   0.742   0.425
 1203   245  16.832   0.936   0.365
 1204   245  16.865   0.865   0.243
 1205   245  15.953   0.944   0.555
 1206   245  16.121   1.487         
 1207   245  16.044   0.961   0.311
 1208   245  14.079   0.462   0.301
 1209   245  16.413   1.029   0.783
 1210   245  13.522   0.642  -0.077
 1211   245  16.570   0.931   0.457
 1212   245  16.364   0.666   0.073
 1213   245  15.644   0.643   0.178
 1214   245  13.687   0.656   0.179
 1215   245  15.245   0.899   0.423
 1216   245  16.924   0.921   0.289
 1217   245  16.318   0.758   0.194
 1218   245  16.339   0.807   0.362
 1219   245  16.814   1.051   0.450
 1220   245  16.454   0.748   0.217
 1221   245  16.626   0.830   0.198
 1222   245  16.874   1.982         
 1223   245  16.911   1.007   0.722
 1224   245  16.467   0.933   0.348
 1225   245  15.514   2.115         
 1226   245  16.873   1.779         
 1227   245  16.845   1.038   0.500
 1228   245  11.304   1.777   2.172
 1229   245  15.923   0.899   0.340
 1230   245  15.017   0.990   0.475
 1231   245  15.405   1.402   1.285
 1232   245  16.172   0.748   0.218
 1233   245  16.096   0.703   0.183
 1234   245  14.897   0.442   0.290
 1235   245  15.620   0.578   0.227
 1236   245  16.710   0.798   0.385
 1237   245  16.550   0.725   0.133
 1238   245  16.155   0.817   0.260
 1239   245  13.476   0.339   0.041
 1240   245  16.753   0.726   0.514
 1241   245  16.260   0.934   0.430
 1242   245  16.430   0.789   0.270
 1243   245  16.974   1.101   0.418
 1244   245  15.771   0.750   0.328
 1245   245  16.885   2.318         
 1246   245  16.799   1.803         
 1247   245  14.468   0.583  -0.268
 1248   245  13.735   0.684  -0.312
 1249   245  16.397   0.790   0.286
 1250   245  16.839   0.943         
 1251   245  16.767   1.133         
 1252   245  16.589   0.788   0.245
 1253   245  16.374   0.783   0.382
 1254   245  11.768   0.526   0.084
 1255   245  15.209   0.533   0.288
 1256   245  16.178   1.201         
 1257   245  16.108   0.700  -0.011
 1258   245  13.706   0.660  -0.238
 1259   245  16.960   1.858         
 1260   245  16.633   0.851   0.284
 1261   245  15.040   0.426   0.066
 1262   245  16.161   0.811   0.266
 1263   245  16.025   0.691   0.464
 1264   245  16.933   2.510         
 1265   245  16.300   1.003   0.461
 1266   245  16.269   1.006   0.583
 1267   245  16.614   0.692  -0.117
 1268   245  15.852   1.879         
 1270   245  13.852   0.564  -0.616
 1271   245  16.671   0.883         
 1272   245  14.510   1.434   1.181
 1273   245  16.699   1.546         
 1274   245  16.259   1.103   0.914
 1275   245  16.204   0.861   0.269
 1276   245  16.472   0.856   0.294
 1277   245  16.095   0.829   0.310
 1278   245  14.873   1.860         
 1279   245  14.598   1.057   0.523
 1280   245  16.386   1.054   0.441
 1281   245  15.218   0.998   0.591
 1282   245  16.802   0.911   0.366
 1283   245  16.320   1.604         
 1284   245  13.168   2.017   2.373
 1285   245  14.904   2.149         
 1286   245  16.739   0.798   0.514
 1287   245  16.349   0.706   0.231
 1288   245  11.317   0.255  -0.046
 1289   245  16.747   0.984         
 1290   245  15.721   0.633   0.152
 1291   245  15.141   1.050   0.940
 1292   245  16.778   0.926   0.493
 1293   245  16.975   0.831   0.550
 1294   245  16.522   0.870   0.410
 1295   245  16.281   0.719   0.223
 1296   245  15.064   0.825   0.242
 1297   245  16.421   0.827   0.839
 1298   245  15.909   0.771   0.390
 1299   245  14.159   0.729   0.264
 1300   245  15.658   0.937   0.357
 1301   245  16.203   0.597   0.505
 1302   245  16.797   1.080   0.782
 1303   245  16.003   0.689   0.226
 1304   245  16.044   1.177   0.566
 1305   245  15.990   0.960   0.451
 1306   245  14.727   1.420   1.125
 1307   245  13.520   1.695   1.929
 1308   245  16.010   1.008   0.369
 1309   245  15.776   0.825   0.290
 1310   245  13.171   0.368   0.319
 1311   245  16.438   0.891   0.276
 1312   245  14.308   0.399   0.218
 1313   245  16.931   2.006         
 1314   245  15.888   1.214   1.139
 1315   245  15.809   0.582   0.308
 1316   245  10.025   1.835   2.204
 1317   245  16.552   0.934   0.392
 1318   245  16.164   1.002   0.572
 1319   245  16.959   0.919   0.247
 1320   245  16.395   0.834   0.254
 1321   245  16.417   0.829   0.286
 1322   245  15.177   0.739   0.139
 1323   245  12.521   0.623   0.113
 1324   245  15.064   1.983         
 1325   245  16.705   1.469         
 1326   245  15.537   0.980   0.459
 1327   245  15.006   0.534   0.207
 1328   245  16.245   1.705         
 1329   245  16.722   1.014   0.667
 1330   245  15.839   1.589   1.290
 1331   245  16.876   1.288   0.722
 1332   245  14.789   0.437   0.338
 1333   245  16.457   0.843   0.258
 1334   245  16.948   1.130         
 1335   245  13.884   0.685   0.303
 1336   245  16.566   0.894   0.306
 1337   245  16.623   1.172         
 1338   245  15.995   0.865   0.408
 1339   245  16.143   1.021   0.758
 1340   245  16.419   0.870   0.296
 1341   245  16.913   0.910   0.361
 1342   245  16.147   0.591   0.397
 1343   245  16.871   0.972   0.394
 1344   245  16.788   1.052   0.330
 1345   245  16.487   0.844   0.388
 1346   245  12.769   1.133   0.770
 1347   245  16.636   0.863   0.360
 1348   245  15.108   0.778   0.482
 1349   245  12.604   0.318   0.102
 1350   245  15.479   0.966   0.547
 1351   245  14.521   0.559   0.237
 1352   245  13.413   0.629  -0.258
 1353   245  13.850   0.732   0.244
 1354   245  14.073   0.545   0.320
 1355   245  16.762   1.755         
 1356   245  14.744   0.462  -0.116
 1357   245  16.468   0.801   0.599
 1358   245  15.061   0.514   0.363
 1359   245  12.934   0.218  -0.133
 1360   245  16.824   0.971   0.610
 1361   245  15.649   0.830   0.276
 1362   245  16.554   0.874   0.370
 1363   245  15.985   0.794   0.216
 1364   245  16.800   0.627         
 1365   245  13.987   1.369   1.192
 1366   245  15.512   0.860   0.350
 1367   245  16.669   1.446         
 1368   245  15.590   0.758   0.219
 1369   245  16.703   1.654         
 1370   245  15.935   0.696   0.190
 1371   245  16.773   1.074   0.903
 1372   245  16.025   1.475   1.262
 1373   245  16.065   0.810   0.470
 1374   245  14.211   0.535  -0.302
 1375   245  15.875   0.892   0.347
 1376   245  16.764   0.955   0.557
 1377   245  16.846   0.742   0.181
 1378   245  16.104   0.808   0.273
 1379   245  16.820   0.821   0.428
 1380   245  11.137   0.145  -0.044
 1381   245  16.167   1.582         
 1382   245  16.468   0.750         
 1383   245  12.433   0.225  -0.235
 1384   245  14.342   0.399   0.345
 1385   245  14.466   0.672   0.229
 1386   245  14.747   0.613   0.223
 1387   245  16.265   0.644   0.390
 1388   245  15.078   1.373   0.831
 1389   245  16.114   0.849   0.326
 1390   245  16.467   0.811   0.230
 1391   245  11.998   0.374   0.213
 1392   245  16.747   0.742   0.570
 1393   245  12.658   0.563   0.180
 1394   245  15.899   0.812   0.228
 1395   245  16.308   1.847         
 1396   245  15.128   2.018   1.890
 1397   245  16.439   0.775   0.414
 1398   245  16.983   0.851   0.329
 1399   245  15.863   0.702   0.237
 1400   245  16.548   1.543         
 1401   245  16.693   0.864   0.323
 1402   245  16.006   0.585   0.365
 1403   245  16.387   0.802   0.473
 1404   245  16.260   0.551   0.383
 1405   245  15.521   1.432   1.052
 1406   245  16.572   1.058   0.662
 1407   245  13.271   0.691   0.223
 1408   245  16.740   0.941   0.826
 1409   245  16.458   0.651   0.501
 1410   245  16.976   0.943   0.593
 1411   245  16.193   0.501   0.337
 1412   245  16.510   0.992   0.351
 1413   245  15.909   1.172   1.177
 1414   245  16.575   0.823   0.413
 1415   245  16.087   0.725   0.439
 1416   245  14.010   0.353   0.316
 1417   245  12.515   0.684   0.266
 1418   245  16.944   1.113   0.542
 1419   245  15.320   1.593   1.204
 1420   245  16.481   2.021         
 1421   245  16.069   0.502   0.253
 1422   245  16.991   0.691   0.396
 1423   245  15.012   1.433   1.266
 1424   245  16.221   0.775   0.160
 1425   245  12.324   0.595   0.183
 1426   245  12.970   1.138   0.815
 1427   245  16.704   0.769   0.558
 1428   245  15.700   0.614   0.133
 1429   245  16.393   0.601   0.474
 1430   245  13.946   0.507   0.401
 1431   245  15.304   0.512   0.309
 1432   245  16.249   0.936   0.410
 1433   245  16.899   0.935   0.569
 1434   245  15.055   0.742   0.247
 1435   245  16.615   1.744         
 1436   245  12.420   0.662   0.225
 1437   245  16.916   1.007   0.388
 1438   245  16.522   0.946   0.461
 1439   245  16.198   0.755   0.190
 1440   245  14.926   0.683   0.177
 1441   245  12.736   1.082   0.780
 1442   245  13.484   0.318   0.122
 1443   245  15.568   0.891   0.326
 1444   245  15.200   0.604   0.231
 1445   245  16.074   0.780   0.277
 1446   245  12.777   0.501   0.375
 1447   245  16.470   1.361   0.889
 1448   245  15.475   0.638   0.218
 1449   245  16.356   0.798   0.260
 1450   245  16.245   0.550   0.320
 1451   245  16.928   0.999   0.352
 1452   245  12.182   0.122  -0.241
 1453   245  15.478   0.716   0.188
 1454   245  16.382   0.681   0.226
 1455   245  15.011   2.154         
 1456   245  16.892   0.971   0.487
 1457   245  14.925   1.095   1.069
 1458   245  16.273   0.828   0.276
 1459   245  15.704   0.715   0.052
 1460   245  15.892   0.594   0.092
 1461   245  15.941   0.989   0.710
 1462   245  16.123   0.917   0.508
 1463   245  16.109   0.716   0.329
 1464   245  15.420   1.460   1.307
 1465   245  16.331   1.652         
 1466   245  16.772   1.628         
 1467   245  16.741   1.695         
 1468   245  16.916   1.601         
 1469   245  15.539   1.677   1.633
 1470   245  16.792   1.675         
 1471   245  12.654   0.923   0.610
 1472   245  15.360   0.653   0.448
 1473   245  13.854   0.498   0.349
 1474   245  15.859   1.247         
 1475   245  15.785   0.745   0.256
 1476   245  16.006   1.642         
 1477   245  16.755   1.049   0.628
 1478   245  16.906   0.664   0.121
 1479   245  14.729   0.899   0.430
 1480   245  13.793   0.692   0.253
 1481   245  16.550   1.105   0.682
 1482   245  15.453   0.865   0.366
 1483   245  14.221   0.432  -0.031
 1484   245  15.376   1.488   1.164
 1485   245  14.730   0.560   0.170
 1486   245  14.809   0.530  -0.083
 1487   245  16.473   1.417         
 1488   245  16.110   1.124   1.013
 1489   245  14.278   0.576   0.437
 1490   245  16.722   0.825   0.420
 1491   245  14.669   1.434   1.229
 1492   245  16.890   1.596         
 1493   245  12.647   1.257   1.175
 1494   245  16.618   0.993   0.233
 1495   245  16.821   0.735   0.261
 1496   245  16.842   0.706   0.409
 1497   245  16.672   1.059   0.531
 1498   245  14.159   0.427   0.292
 1499   245  16.339   0.855   0.317
 1500   245  16.023   0.740   0.228
 1501   245  11.925   0.227  -0.166
 1502   245  16.407   1.254   1.020
 1503   245  14.180   0.603   0.305
 1504   245  16.599   0.997         
 1505   245  15.834   0.766   0.473
 1506   245  15.586   0.787   0.263
 1507   245  16.002   0.650   0.270
 1508   245  14.380   0.806   0.338
 1509   245  16.014   0.709   0.176
 1510   245  14.611   0.794   0.379
 1511   245  12.858   2.027   2.388
 1512   245  16.652   0.820   0.317
 1513   245  16.960   0.644   0.307
 1514   245  13.086   1.267   1.011
 1515   245  15.321   0.738   0.167
 1516   245  15.553   1.311   1.057
 1517   245  16.737   0.742   0.487
 1518   245  15.810   0.615   0.368
 1519   245  15.670   2.036         
 1520   245  16.902   0.774         
 1521   245  13.322   1.278   1.089
 1522   245  15.828   0.904   0.319
 1523   245  12.123   0.329   0.326
 1524   245  15.175   0.584   0.326
 1525   245  16.696   0.751   0.071
 1526   245  16.915   0.827   0.595
 1527   245  15.854   0.515   0.257
 1528   245  16.396   2.372         
 1529   245  15.358   0.680   0.503
 1530   245  13.559   0.921   0.677
 1531   245  15.800   1.031   0.604
 1532   245  16.801   0.901   0.434
 1533   245  16.827   1.329         
 1534   245  16.900   0.811   0.646
 1535   245  16.394   0.939   0.340
 1536   245  12.699   1.393   1.173
 1537   245  16.236   0.914   0.592
 1538   245  16.524   0.744   0.279
 1539   245  15.508   0.934   0.516
 1540   245  16.096   0.840   0.300
 1541   245  12.825   0.254  -0.096
 1542   245  16.998   0.705   0.313
 1543   245  15.761   1.748         
 1544   245  15.946   0.701   0.101
 1545   245  16.805   0.915         
 1546   245  16.965   0.996   0.625
 1547   245  10.616   0.108  -0.446
 1548   245  15.421   0.934   0.459
 1549   245  16.697   0.768   0.435
 1550   245  16.108   0.967   0.559
 1551   245  16.927   0.687   0.405
 1552   245  15.794   0.901   0.410
 1553   245  15.507   0.465  -0.032
 1554   245  16.402   0.806         
 1555   245  16.851   0.665   0.486
 1556   245  16.605   0.752   0.513
 1557   245  15.229   0.636   0.050
 1558   245  16.605   1.920         
 1559   245  16.219   0.654   0.531
 1560   245  14.538   0.552   0.303
 1561   245  16.378   0.595   0.139
 1563   245  16.707   0.883   0.299
 1564   245  16.030   1.549         
 1565   245  14.387   0.481   0.210
 1566   245  11.068   0.126  -0.321
 1567   245  13.867   0.503   0.440
 1568   245  14.332   0.372   0.310
 1569   245  16.216   0.780   0.255
 1570   245  15.336   1.451         
 1571   245  16.725   0.949   0.427
 1572   245  16.873   0.826   0.745
 1573   245  16.839   2.026         
 1574   245  15.268   0.666   0.165
 1575   245  14.102   0.646   0.263
 1576   245  16.283   1.740         
 1577   245  16.421   0.697   0.542
 1578   245  15.597   1.779         
 1579   245  13.597   0.621   0.209
 1580   245  16.925   1.752         
 1581   245  15.179   0.621   0.471
 1582   245  15.903   0.939   0.402
 1583   245  15.524   0.683   0.141
 1584   245  16.884   0.896   0.304
 1585   245  14.948   1.428   1.104
 1586   245  16.969   0.813   0.142
 1587   245  16.283   0.811   0.610
 1588   245  15.343   0.783   0.276
 1589   245  16.685   0.791   0.335
 1590   245  16.535   1.012   0.609
 1591   245  16.002   0.981   0.545
 1592   245  14.931   1.435   1.151
 1593   245  13.918   0.797   0.303
 1594   245  16.904   0.640   0.450
 1595   245  15.603   0.624   0.173
 1596   245  16.983   0.858   0.282
 1597   245  13.682   1.926   2.095
 1598   245  16.028   0.800   0.177
 1599   245  11.355   0.190  -0.484
 1600   245  16.524   0.807   0.278
 1601   245  16.142   0.885   0.356
 1602   245  16.938   0.937   0.241
 1603   245  15.726   0.737   0.312
 1604   245  16.716   0.869   0.383
 1605   245  16.057   0.704   0.377
 1606   245  16.265   0.659   0.467
 1607   245  14.807   0.777   0.253
 1608   245  16.542   0.928         
 1609   245  16.634   0.765   0.110
 1610   245  16.702   1.088   0.594
 1611   245  16.925   0.822         
 1612   245  16.330   1.045   0.519
 1613   245  13.465   1.242   0.803
 1614   245  16.778   0.824   0.329
 1615   245  15.838   0.686   0.307
 1616   245  16.079   0.491   0.352
 1617   245  15.406   1.637   1.773
 1618   245  13.592   0.662   0.239
 1619   245  16.781   0.883   0.405
 1620   245  12.359   1.468   1.466
 1621   245  15.636   0.726   0.203
 1622   245  13.092   0.629   0.330
 1623   245  14.295   0.340   0.301
 1624   245  16.883   0.834  -0.521
 1625   245  16.419   0.795         
 1626   245  13.899   0.712   0.194
 1627   245  16.166   0.785   0.187
 1628   245  14.949   0.489   0.422
 1629   245  13.530   0.454   0.143
 1630   245  16.795   0.879   0.397
 1631   245  16.663   0.831   0.583
 1632   245  12.705   0.419   0.076
 1633   245  15.154   0.584   0.321
 1634   245  14.889   0.868   0.600
 1635   245  15.697   0.890   0.327
 1636   245  15.538   0.877   0.418
 1637   245  16.263   1.397         
 1638   245  14.137   0.482   0.338
 1639   245  12.918   0.235   0.209
 1640   245  16.399   0.909   0.331
 1641   245  16.933   1.049   0.394
 1642   245  15.197   0.822   0.311
 1643   245  15.987   1.211         
 1644   245  12.649   0.418   0.107
 1645   245  16.958                 
 1646   245  16.439   0.791   0.290
 1647   245  15.647   0.705   0.244
 1648   245  14.828   1.012   0.501
 1649   245  16.922   1.316         
 1650   245  16.274   0.801   0.256
 1651   245  16.645   1.410         
 1652   245  15.760   0.786   0.270
 1653   245  16.986   0.865   0.345
 1654   245  14.919   1.041   0.498
 1655   245  15.296   1.037   0.950
 1656   245  16.758   1.056   0.494
 1657   245  16.965   0.917   0.373
 1658   245  16.667   0.668   0.114
 1659   245  14.049   0.737   0.312
 1660   245  14.813   1.475   1.302
 1661   245  16.691   1.625         
 1662   245  16.984   1.679         
 1663   245  15.487   0.701   0.255
 1664   245  15.353   0.650   0.265
 1665   245  16.199   0.828   0.270
 1666   245  16.637   0.843   0.285
 1667   245  15.378   0.535   0.226
 1668   245  16.251   0.831   0.358
 1669   245  16.261   0.973   0.704
 1670   245  14.470   2.044   0.733
 1671   245  16.623   0.899   0.316
 1672   245  13.409   0.251   0.191
 1673   245  16.143   0.836   0.248
 1674   245  15.727   0.748   0.191
 1675   245  13.491   0.273   0.038
 1676   245  16.336   1.206   0.670
 1677   245  15.233   0.666   0.386
 1678   245  14.067   0.497   0.395
 1679   245  15.193   0.530   0.388
 1680   245  15.951   0.654   0.158
 1681   245  16.815   0.786   0.313
 1682   245  12.608   0.332   0.342
 1683   245  16.795   0.830   0.431
 1684   245  15.128   1.021   0.480
 1685   245  15.696   0.718   0.292
 1686   245  16.890   1.312   0.716
 1687   245  15.800   0.520   0.339
 1688   245  14.552   0.690   0.176
 1689   245  15.282   2.622         
 1690   245  16.774   0.852   0.214
 1691   245  15.153   0.680   0.102
 1692   245  16.356   0.784   0.198
 1693   245  16.624   1.152   0.629
 1694   245  15.376   0.466   0.314
 1695   245  15.524   0.808   0.224
 1696   245  16.745   0.858   0.578
 1697   245  16.076   0.774   0.246
 1698   245  15.374   1.740         
 1699   245  15.469   1.314   1.194
 1700   245  16.432   1.089   1.050
 1701   245  16.645   1.025   0.444
 1702   245  15.825   0.777   0.282
 1703   245  14.337   1.039   0.527
 1704   245  15.781   0.713   0.348
 1705   245  13.016   0.602   0.110
 1706   245  16.836   0.871   0.365
 1707   245  16.680   1.607         
 1708   245  14.966   1.383   0.965
 1709   245  12.532   0.238  -0.213
 1710   245  14.745   0.661   0.346
 1711   245  16.978   0.940   0.817
 1712   245  16.979   1.015         
 1713   245  16.319   0.804   0.384
 1714   245  12.433   2.174   2.480
 1715   245  12.151   0.371   0.107
 1716   245  15.676   1.057   0.576
 1717   245  16.557   1.662   0.589
 1718   245  16.956   0.908   0.613
 1719   245  14.846   0.660   0.212
 1720   245  16.037   0.761   0.449
 1721   245  16.359   1.422         
 1722   245  16.382   1.280         
 1723   245  10.332   0.204  -0.459
 1724   245  15.936   0.701   0.225
 1725   245  16.818   1.071   0.644
 1726   245  16.852   1.711         
 1727   245  13.115   0.270   0.007
 1728   245  14.959   0.737   0.286
 1729   245  16.900   0.917   0.618
 1730   245  16.113   1.318   0.919
 1731   245  15.423   0.607   0.506
 1732   245  14.256   0.601   0.276
 1733   245  16.963   0.926   0.512
 1734   245  16.339   0.816   0.350
 1735   245  16.139   0.693   0.558
 1736   245  14.457   2.473         
 1737   245  16.674   1.683         
 1738   245  14.104   0.719   0.315
 1739   245  14.401   0.731   0.249
 1740   245  16.952   1.296         
 1741   245  16.705   0.811   0.324
 1742   245  15.606   0.752   0.284
 1743   245  15.775   0.609   0.185
 1744   245  13.966   0.710   0.256
 1745   245  14.965   0.770   0.240
 1746   245  15.212   0.778   0.307
 1747   245  16.860   0.935   0.228
 1748   245  16.554   0.720   0.257
 1749   245  16.337   0.623   0.418
 1750   245  15.687   0.867   0.308
 1751   245  16.539   1.046   0.737
 1752   245  16.820   1.310   0.851
 1753   245  14.736   0.863   0.429
 1754   245  12.849   1.322   1.013
 1755   245  16.146   1.562         
 1756   245  11.145   0.173  -0.410
 1757   245  16.771   0.909   0.182
 1758   245  14.627   0.441   0.365
 1759   245  16.993   0.821         
 1760   245  16.792   1.282   0.860
 1761   245  12.611   0.134  -0.283
 1762   245  15.481   0.864   0.268
 1763   245  16.766   0.908         
 1764   245  15.791   0.694   0.063
 1765   245  15.654   0.614   0.142
 1766   245  16.706   0.797   0.367
 1767   245  16.004   0.845   0.280
 1768   245  15.214   0.863   0.501
 1769   245  15.732   1.098   0.604
 1770   245  14.925   0.850   0.393
 1771   245  13.721   0.716   0.328
 1772   245  10.871   0.250  -0.301
 1773   245  15.335   0.870   0.474
 1774   245  15.862   0.836   0.185
 1775   245  15.733   0.751   0.178
 1776   245  11.363   0.583  -0.453
 1777   245  15.615   0.823   0.297
 1778   245  15.014   0.676   0.256
 1779   245  13.379   0.350   0.094
 1780   245  13.196   0.656   0.212
 1781   245  15.233   0.784   0.212
 1782   245  15.753   2.067         
 1783   245  16.957   0.882   0.550
 1784   245  16.008   0.820   0.490
 1785   245  15.128   0.605   0.393
 1786   245  16.294   0.955   0.383
 1787   245  16.460   0.750   0.555
 1788   245  16.902   1.377         
 1789   245  13.616   0.417   0.380
 1790   245  14.735   0.614   0.275
 1791   245  15.866   1.854         
 1792   245  16.544   1.070   0.986
 1793   245  16.525   0.811   0.234
 1794   245  15.552   1.208   0.707
 1795   245  11.906   1.294   1.008
 1796   245  14.928   0.707   0.312
 1797   245  16.523   0.966   0.565
 1798   245  16.027   2.203         
 1799   245  15.071   0.663   0.240
 1800   245  14.546   0.769   0.386
 1801   245  16.607   0.875   0.382
 1802   245  14.197   0.560   0.321
 1803   245  16.691   0.884   0.576
 1804   245  16.031   0.663   0.375
 1805   245  13.786   1.388   1.017
 1806   245  16.833   0.835   0.130
 1807   245  15.984   0.791   0.590
 1808   245  16.462   1.572   0.601
 1809   245  13.080   0.358   0.266
 1810   245  14.527   0.527   0.356
 1811   245  16.685   0.830   0.520
 1812   245  16.212   0.822   0.460
 1813   245  16.906   0.749   0.070
 1814   245  16.256   0.739   0.312
 1815   245  16.353   1.799         
 1816   245  16.808   0.958   0.391
 1817   245  16.660   0.770   0.250
 1818   245  15.328   1.292   0.860
 1819   245  16.284   1.961         
 1820   245  15.226   0.579   0.506
 1821   245  15.426   0.913   0.799
 1822   245  15.005   0.654   0.205
 1823   245  14.461   0.562   0.348
 1824   245  16.713   1.018  -0.367
 1825   245  14.953   0.772   0.191
 1826   245  13.718   0.616   0.105
 1827   245  16.374   0.923   0.446
 1828   245  16.913   1.714         
 1829   245  16.607   0.859   0.299
 1830   245  16.745   1.289         
 1831   245  15.266   0.786   0.269
 1832   245  16.789   0.897   0.341
 1833   245  16.070   0.897   0.599
 1834   245  11.087   0.576  -0.409
 1835   245  16.965   1.709         
 1836   245  16.337   0.818   0.282
 1837   245  16.682   1.053         
 1838   245  16.205   0.440   0.617
 1839   245  16.655   1.015   0.415
 1840   245  13.997   0.496   0.265
 1841   245  15.285   0.858   0.269
 1842   245  14.796   1.431   1.127
 1843   245  16.194   2.319         
 1844   245  15.671   0.932   0.693
 1845   245  15.178   0.823   0.451
 1846   245  15.867   0.811   0.293
 1847   245  16.910   0.869  -0.029
 1848   245  12.363   0.459   0.055
 1849   245  13.499   1.215   0.828
 1850   245  15.792   0.664   0.022
 1851   245  16.831   1.037   0.683
 1852   245  16.089   0.781   0.305
 1853   245  14.966   1.335   0.981
 1854   245  15.908   0.650   0.247
 1855   245  16.284   1.040   0.449
 1856   245  15.635   0.636   0.334
 1857   245  16.341   0.965   0.523
 1858   245  14.947   0.656   0.061
 1859   245  16.295   0.959   0.499
 1860   245  16.701   0.780   0.224
 1861   245  16.728   1.760         
 1862   245  16.207   1.353   1.411
 1863   245  12.920   1.905   1.433
 1864   245  15.352   0.896   0.544
 1865   245  15.708   1.831         
 1866   245  15.232   0.675   0.226
 1867   245  16.293   0.783         
 1869   245  15.963   0.757   0.270
 1870   245  15.826   0.783         
 1871   245  13.998   0.613  -0.308
 1872   245  16.210   0.867   0.440
 1873   245  13.704   0.681   0.196
 1874   245  16.430   0.889   0.264
 1875   245  15.619   0.603   0.181
 1876   245  16.690   0.933   0.314
 1877   245  10.497   0.542   0.021
 1878   245  16.974   0.894   0.399
 1879   245  13.628   0.375   0.332
 1880   245  15.638   0.700   0.198
 1881   245  16.863   1.675         
 1882   245  15.530   1.029   0.568
 1883   245  16.312   0.909   0.439
 1884   245  16.698   0.910   0.241
 1885   245  15.375   0.799   0.317
 1886   245  16.929   0.933   0.577
 1887   245  16.132   0.812   0.274
 1888   245  16.136   0.769   0.421
 1889   245  16.087   0.810   0.338
 1890   245  13.674   1.271   0.972
 1891   245  16.339   0.950   0.676
 1892   245  14.558   0.472   0.399
 1893   245  16.365   0.784   0.232
 1894   245  14.815   0.855   0.405
 1895   245  16.780   0.865   0.222
 1896   245  15.238   0.689   0.251
 1897   245  16.937   0.900   0.406
 1898   245  14.042   0.694   0.277
 1899   245  14.524   0.631   0.501
 1900   245  12.428   0.302   0.327
 1901   245  16.990   0.876   0.182
 1902   245  16.758   0.672   0.493
 1903   245  15.929   0.821   0.001
 1904   245  15.846   0.662   0.120
 1905   245  16.556   0.905   0.379
 1906   245  16.583   0.768         
 1907   245  16.926   0.815   0.459
 1908   245  16.786   1.204         
 1909   245  16.512   0.677   0.588
 1910   245  16.012   0.745   0.286
 1911   245  16.600   0.726   0.375
 1912   245  14.396   1.317   0.921
 1913   245  15.143   0.799   0.383
 1914   245  14.705   0.767   0.240
 1915   245  12.695   1.276   1.131
 1916   245  16.294   0.917   0.379
 1917   245  16.856   1.141   0.497
 1918   245  16.929   0.811   0.481
 1919   245  12.627   2.399   2.524
 1920   245  16.250   0.940   0.460
 1921   245  15.535   0.789   0.225
 1922   245  16.877   0.821   0.221
 1923   245  13.567   0.629  -0.282
 1924   245  14.727   0.574   0.225
 1925   245  14.347   0.995   0.719
 1926   245  16.415   0.881   0.314
 1927   245  15.734   0.728  -0.015
 1928   245  16.079   0.803   0.276
 1929   245  15.815   0.710   0.679
 1930   245  16.769   0.847   0.325
 1931   245  16.207   1.996         
 1932   245  14.438   0.663   0.093
 1933   245  15.437   0.799   0.293
 1934   245  15.323   0.856   0.304
 1935   245  15.047   1.429   1.164
 1936   245  15.520   0.818   0.309
 1937   245  16.963   1.015   0.644
 1938   245  14.705   0.815   0.503
 1939   245  15.581   0.785   0.370
 1940   245  15.997   0.722   0.216
 1941   245  15.636   1.340   0.930
 1942   245   9.014   0.109  -0.579
 1943   245  15.484   2.250         
 1944   245  15.337   1.658         
 1945   245  16.120   0.675   0.185
 1946   245  12.764   0.276   0.032
 1947   245  15.875   0.791   0.301
 1948   245  15.630   0.882   0.354
 1949   245  16.298   1.255   0.675
 1950   245  16.338   1.117         
 1951   245  14.967   0.766   0.286
 1952   245  16.049   0.837   0.291
 1953   245  16.979   0.850   0.337
 1954   245  14.158   1.439   1.194
 1955   245  16.691   1.728         
 1956   245  15.390   0.714   0.231
 1957   245  16.061   0.886   0.376
 1958   245  15.879   0.746   0.200
 1959   245  16.639   0.938   0.479
 1960   245  14.541   0.758   0.273
 1961   245  15.007   0.503   0.414
 1962   245  15.956   0.713   0.264
 1963   245  14.499   0.971   0.764
 1964   245  13.125   0.451   0.328
 1965   245  14.944   0.633   0.225
 1966   245  16.714   0.775   0.273
 1967   245   7.861   0.178   0.174
 1968   245  14.056   0.710   0.192
 1969   245  15.531                 
 1970   245  16.698   1.395         
 1971   245  16.031   0.854   0.457
 1972   245  16.866   0.793   0.238
 1973   245  16.536   0.718   0.167
 1974   245  16.555   2.145         
 1975   245  16.815   1.013   0.583
 1976   245  13.920   0.682   0.207
 1977   245  16.599   0.738   0.327
 1978   245  16.456   0.706   0.388
 1979   245  16.959   2.411         
 1980   245  15.626   0.697   0.223
 1981   245  16.999   0.895   0.395
 1982   245  16.087   1.108   0.725
 1983   245  12.891   0.747  -0.198
 1984   245  16.360   0.719   0.420
 1985   245  13.407   0.646   0.180
 1986   245  16.054   0.717   0.230
 1987   245  14.077   1.630   1.448
 1988   245  14.822   0.741   0.331
 1989   245  16.655   0.744   0.314
 1990   245  15.654   0.957   0.831
 1991   245  16.102   0.743   0.112
 1992   245  16.661   0.899   0.388
 1993   245  16.500   0.729   0.262
 1994   245  12.057   0.716   0.408
 1995   245  16.799   1.199         
 1996   245  16.441   0.820   0.158
 1997   245  14.257   0.490   0.079
 1998   245  14.996   0.654   0.303
 1999   245  14.592   0.705   0.248
 2000   245  16.520   0.878   0.397
 2001   245  14.455   0.667   0.229
 2002   245  14.573   0.381   0.282
 2003   245  15.662   0.587   0.447
 2004   245  14.917   0.485   0.345
 2005   245  16.187   0.949   0.748
 2006   245  16.906   0.972   0.593
 2007   245  16.057   0.839   0.474
 2008   245  13.338   1.318   1.042
 2009   245  16.062   1.173         
 2010   245  14.290   0.399   0.275
 2011   245  16.573   0.876   0.305
 2012   245  14.543   0.745   0.284
 2013   245  16.993   0.884   0.332
 2014   245  16.870   0.762   0.555
 2015   245  13.342   0.331   0.314
 2016   245  16.022   0.852   0.347
 2017   245  16.540   0.927   0.393
 2018   245  15.206   0.711   0.237
 2019   245  15.659   0.812   0.244
 2020   245  15.994   0.677   0.173
 2021   245  16.804   0.989   0.406
 2022   245  14.250   1.082   0.670
 2023   245  12.828   0.465   0.177
 2024   245  15.538   0.808   0.216
 2025   245  14.264   0.670   0.194
 2026   245  16.441   0.846   0.725
 2027   245  16.361   0.872   0.276
 2028   245  16.370   1.066   0.723
 2029   245  16.829   0.975         
 2030   245  16.685   0.915   0.416
 2031   245  13.651   1.706   1.699
 2032   245  16.933   0.885   0.468
 2033   245  16.827   0.776         
 2034   245  16.309   0.755   0.246
 2035   245  16.440   0.744   0.406
 2036   245  12.832   0.662   0.065
 2037   245  16.294   0.836   0.447
 2038   245  15.899   0.719   0.214
 2039   245  16.728   0.819   0.311
 2040   245  16.294   0.951   0.612
 2041   245  14.397   0.649   0.442
 2042   245  16.182   0.657   0.191
 2043   245  16.391   0.919   0.471
 2044   245  15.111   0.742   0.276
 2045   245  13.564   2.054   2.192
 2046   245  16.700   0.980   0.320
 2047   245  13.757   0.610   0.171
 2048   245  15.251   0.819   0.288
 2049   245  14.723   0.674   0.472
 2050   245  13.678   0.356   0.206
 2051   245  15.826   0.798   0.308
 2052   245  16.608   0.759   0.462
 2053   245  16.394   0.954   0.448
 2054   245  14.853   0.458   0.064
 2055   245  14.643   0.608   0.503
 2056   245  14.494   0.595   0.228
 2057   245  16.023   0.852   0.323
 2058   245  16.097   0.730   0.206
 2059   245  16.261   0.930   0.375
 2060   245  16.682   0.628   0.450
 2061   245  15.318   0.792   0.444
 2062   245  15.384   0.848   0.427
 2063   245  15.554   0.598   0.409
 2064   245  15.094   1.134   0.893
 2065   245  15.826   0.751   0.223
 2066   245  16.824   0.866   0.160
 2067   245  15.356   0.678   0.207
 2068   245  13.488   0.698   0.191
 2069   245  15.198   1.833   1.230
 2070   245  15.288   0.600   0.447
 2071   245  16.605   0.933   0.496
 2072   245  16.318   0.770   0.154
 2073   245  16.837   1.433         
 2074   245  16.741   0.795   0.195
 2075   245  13.897   1.659   1.574
 2076   245  16.076   0.771   0.382
 2077   245  15.383   0.543   0.404
 2078   245  14.558   1.054   0.711
 2079   245  15.670   0.756   0.241
 2080   245  15.012   0.696   0.463
 2081   245  16.943   0.980   0.809
 2082   245  15.677   0.737   0.252
 2083   245  15.020   0.719   0.252
 2084   245  15.897   2.039         
 2085   245  12.291   1.001   0.898
 2086   245  12.857   1.153   0.821
 2087   245  14.720   0.645   0.195
 2088   245  16.867   1.107   0.759
 2089   245  16.804   0.868   0.210
 2090   245  16.953   1.691         
 2091   245  16.327   1.022   0.581
 2092   245  15.894   1.792         
 2093   245  14.978   1.456   1.250
 2094   245  16.485   0.909   0.320
 2095   245  16.271   0.689   0.136
 2096   245  15.410   0.685   0.224
 2097   245  16.983   0.957         
 2098   245  16.704   0.807   0.249
 2099   245  15.030   0.481   0.395
 2100   245  16.392   0.905   0.415
 2101   245  16.005   2.606         
 2102   245  15.509   0.618   0.297
 2103   245  16.752   0.787   0.471
 2104   245  14.918   1.396         
 2105   245  16.860   1.083   0.890
 2106   245  16.396   0.869   0.400
 2107   245  15.551   1.479   1.176
 2108   245  14.598   1.130   0.846
 2109   245  15.775   0.728   0.219
 2110   245  16.972   0.786   0.186
 2111   245  16.921   0.872   0.346
 2112   245  16.288   0.771   0.210
 2113   245  14.055   0.742   0.321
 2114   245  16.153   1.065   0.592
 2115   245  15.537   1.210   0.833
 2116   245  16.221   0.813   0.385
 2117   245  15.813   0.926   0.439
 2118   245  16.175   1.553         
 2119   245  14.109   1.021   0.831
 2120   245  16.082   0.712   0.503
 2121   245  16.426   1.456   0.949
 2122   245  16.633   0.709   0.218
 2123   245  15.427   1.629         
 2124   245  16.528   0.656   0.427
 2125   245  15.522   0.742   0.234
 2126   245  13.411   1.544   1.779
 2127   245  15.858   1.975         
 2128   245  15.090   0.671   0.128
 2129   245  15.665   1.075   0.842
 2130   245  16.514   0.852   0.182
 2131   245  16.973   1.099  -0.288
 2132   245  16.626   0.908   0.525
 2133   245  16.855   1.106   0.466
 2134   245  16.763   2.310         
 2135   245  15.176   1.106   1.018
 2136   245  15.815   0.667   0.184
 2137   245  16.356   0.824   0.216
 2138   245  15.276   0.795   0.390
 2139   245  16.821   1.222         
 2140   245  16.417   0.686   0.521
 2141   245  14.437   0.445   0.371
 2142   245  15.675   0.937   0.426
 2143   245  15.812   0.826   0.172
 2144   245  13.930   0.697   0.187
 2145   245  15.855   0.926   0.288
 2146   245  16.509   1.139   1.007
 2147   245  16.562   0.921   0.011
 2148   245  16.033   1.678         
 2149   245  16.962   1.071   0.715
 2150   245  16.194   0.869   0.355
 2151   245  15.045   1.475   1.302
 2152   245  16.495   0.883   0.112
 2153   245  15.911   0.632   0.238
 2154   245  14.823   0.759   0.159
 2155   245  14.874   0.773   0.327
 2156   245  16.954   0.772   0.543
 2157   245  16.631   1.049   0.933
 2158   245  16.632   0.986   0.681
 2159   245  16.783   0.998   0.494
 2160   245  13.332   1.380   1.073
 2161   245  16.443   0.814   0.274
 2162   245  15.547   0.713   0.316
 2163   245  15.864   1.599   1.371
 2164   245  14.464   0.774   0.193
 2165   245  15.438   0.749   0.565
 2166   245  16.915   0.886   0.374
 2167   245  16.933   0.982         
 2168   245  15.395   0.779   0.255
 2169   245  16.821   0.809   0.261
 2170   245  14.668   0.654   0.176
 2171   245  14.120   0.857   0.319
 2172   245  13.507   0.582   0.135
 2173   245  14.522   0.394  -0.032
 2174   245  14.008   0.392   0.084
 2175   245  13.098   0.185   0.080
 2176   245  15.151   1.475   1.159
 2177   245  16.353   0.880   0.280
 2178   245  16.860   0.899   0.335
 2179   245  16.156   0.814   0.235
 2180   245  15.409   0.662   0.189
 2181   245  16.904   0.785         
 2182   245  16.651   1.159   0.435
 2183   245  16.917   1.038   0.566
 2184   245  15.687   1.966         
 2185   245  14.677   0.417   0.349
 2186   245  15.880   0.887   0.366
 2187   245  16.552   1.658         
 2188   245  14.324   0.456   0.316
 2189   245  15.996   0.817   0.136
 2190   245  16.214   0.921   0.392
 2191   245  16.576   0.712   0.224
 2192   245  15.452   0.912   0.209
 2193   245  15.581   1.035   0.508
 2194   245  12.373   0.317   0.205
 2195   245  16.003   0.722   0.241
 2196   245  16.961   0.912   0.573
 2197   245  13.865   0.561   0.067
 2198   245  16.262   0.781   0.535
 2199   245  14.427   0.437  -0.064
 2200   245  16.359   0.657   0.523
 2201   245  16.056   0.904   0.371
 2202   245  14.823   1.459   1.289
 2203   245  16.352   1.124   1.147
 2204   245  14.384   0.693   0.291
 2205   245  16.740   0.910   0.333
 2206   245  15.170   0.689   0.108
 2207   245  16.385   0.950   0.421
 2208   245  16.749   1.341         
 2209   245  13.366   0.664   0.188
 2210   245  16.480   1.132   1.114
 2211   245  16.772   0.799   0.231
 2212   245  15.458   0.824   0.303
 2213   245  16.630   2.229         
 2214   245  14.713   0.762   0.107
 2215   245  14.727   0.667   0.190
 2216   245  13.436   0.578   0.133
 2217   245  16.342   0.533   0.412
 2218   245  14.010   0.334   0.278
 2219   245  16.089   0.905   0.421
 2220   245  15.896   0.967   0.696
 2221   245  16.809   0.899   0.334
 2222   245  15.122   0.772   0.308
 2223   245  15.139   0.991   0.364
 2224   245  15.108   1.592   1.533
 2225   245  15.526   0.889   0.264
 2226   245  16.538   0.890   0.349
 2227   245  16.995   0.886         
 2228   245  14.197   1.359   1.080
 2229   245  16.411   1.102   1.088
 2230   245  13.442   0.580   0.075
 2231   245  13.859   2.272   2.122
 2232   245  16.247   0.625   0.315
 2233   245  16.318   0.934   0.512
 2234   245  16.344   0.885   0.383
 2235   245  16.950   1.725         
 2236   245  16.711   1.074   0.977
 2237   245  16.548   1.011   0.610
 2238   245  16.466   0.737   0.270
 2239   245  16.796   0.772   0.198
 2240   245  15.476   0.743   0.229
 2241   245  12.506   0.594   0.187
 2242   245  16.411   0.906   0.496
 2243   245  14.683   0.528   0.396
 2244   245  16.504   1.784         
 2245   245  16.139   0.800   0.243
 2246   245  16.886   0.926   0.355
 2247   245  14.159   0.491   0.363
 2248   245  15.552   0.643   0.478
 2249   245  16.582   0.948   0.516
 2250   245  11.496   0.127  -0.319
 2251   245  16.850   0.849   0.373
 2252   245  14.942   0.546   0.333
 2253   245  16.306   1.025   0.516
 2254   245  16.455   0.756   0.419
 2255   245  16.560   0.826   0.491
 2256   245  14.435   2.162   1.794
 2257   245  15.293   0.794   0.322
 2258   245  16.452   0.885   0.303
 2259   245  16.603   0.984   0.469
 2260   245  16.349   0.991   0.593
 2261   245  16.559   0.812   0.372
 2262   245  16.847   0.868   0.275
 2263   245  16.602   1.710         
 2264   245  15.121   0.651   0.027
 2265   245  13.612   0.691   0.231
 2266   245  15.076   0.454   0.348
 2267   245  14.969   0.730   0.140
 2268   245  16.799   0.789   0.215
 2269   245  16.721   1.430         
 2270   245  16.786   0.925   0.386
 2271   245  15.133   1.213  -0.560
 2272   245  13.102   0.582   0.088
 2273   245  15.004   0.732   0.239
 2274   245  16.752   0.754         
 2275   245  15.648   1.008   0.498
 2276   245  15.154   0.741   0.295
 2277   245  14.195   0.661   0.389
 2278   245  15.024   0.804   0.448
 2279   245  15.055   0.731   0.599
 2280   245  16.201   0.812   0.177
 2281   245  16.733   0.909   0.342
 2282   245  15.224   0.737   0.421
 2283   245  15.387   0.835   0.400
 2284   245  16.753   0.701   0.019
 2285   245  15.050   0.619   0.194
 2286   245  14.729   0.700   0.200
 2287   245  12.132   0.442   0.027
 2288   245  13.335   0.717   0.301
 2289   245  14.155   0.297   0.278
 2290   245  13.989   0.874   0.442
 2291   245  16.123   0.853   0.305
 2292   245  15.302   1.344   1.153
 2293   245  16.283   0.966   0.602
 2294   245  14.111   0.555   0.386
 2295   245  16.495   0.938   0.441
 2296   245  15.217   0.715   0.230
 2297   245  15.410   1.429   1.227
 2298   245  16.561   0.847   0.453
 2299   245  16.122   0.947   0.514
 2300   245  15.516   0.966   0.766
 2301   245  16.964   0.857   0.148
 2302   245  16.673   0.912   0.244
 2303   245  16.108   0.870   0.460
 2304   245  11.616   0.534   0.044
 2305   245  15.991   0.801   0.193
 2306   245  16.145   0.739   0.274
 2307   245  15.643   0.713   0.405
 2308   245  16.201   0.803   0.609
 2309   245  14.824   0.685   0.233
 2310   245  16.058   0.773   0.228
 2311   245  16.053   0.662   0.214
 2312   245  13.725   0.330   0.215
 2313   245  12.412   0.189  -0.011
 2314   245  16.781   0.790   0.299
 2315   245  15.600   0.785   0.293
 2316   245  15.952   0.647   0.376
 2317   245  15.366   0.716   0.213
 2318   245  15.375   0.745   0.218
 2319   245  15.651   0.639   0.487
 2320   245  16.639   0.987         
 2321   245  14.587   0.483   0.368
 2322   245  15.710   0.950   0.523
 2323   245  15.748   0.708   0.407
 2324   245  16.936   0.820   0.232
 2325   245  16.148   0.987   0.505
 2326   245  16.033   0.934   0.692
 2327   245  14.924   1.261   1.014
 2328   245  14.131   1.458   1.484
 2329   245  15.253   0.948   0.785
 2330   245  16.529   1.483         
 2331   245  16.624   0.738   0.313
 2332   245  15.414   1.432   1.140
 2333   245  15.249   0.742   0.247
 2334   245  15.734   0.805   0.290
 2335   245  14.603   0.397   0.338
 2336   245  15.747   0.850   0.325
 2337   245  15.615   0.864   0.468
 2338   245  16.385   0.859   0.264
 2339   245  16.859   0.940   0.375
 2340   245  14.455   0.395   0.071
 2341   245  14.779   0.815   0.314
 2342   245  16.857   1.871         
 2343   245  15.307   0.826   0.302
 2344   245  15.688   1.645         
 2345   245  14.105   0.459   0.274
 2346   245  16.981   0.958         
 2347   245  14.771   0.576   0.428
 2348   245  15.491   0.856   0.465
 2349   245  14.613   0.793   0.371
 2350   245  12.353   1.316   1.132
 2351   245  15.346   0.707   0.189
 2352   245  15.487   0.774   0.579
 2353   245  14.575   0.687   0.245
 2354   245  16.679   0.933   0.403
 2355   245  12.862   0.340   0.233
 2356   245  16.818   0.927   0.682
 2357   245  16.532   2.123         
 2358   245  16.648   0.815   0.144
 2359   245  16.892   0.766   0.410
 2360   245  16.582   0.892   0.252
 2361   245  16.921   1.107         
 2362   245  14.584   0.891   0.476
 2363   245  16.451   0.833   0.311
 2364   245  14.111   0.390   0.314
 2365   245  15.609   0.548   0.369
 2366   245  15.201   1.346   0.769
 2367   245  16.878   0.984   0.438
 2368   245  13.532   0.954   0.789
 2369   245  14.671   1.102   0.867
 2370   245  13.471   2.132   2.350
 2371   245  16.382   1.078   0.945
 2372   245  16.430   2.323         
 2373   245  16.751   2.008         
 2374   245  16.941   0.917   0.121
 2375   245  15.941   0.900   0.392
 2376   245  16.741   0.997   0.484
 2377   245  15.074   0.700   0.289
 2378   245  16.648   0.953         
 2379   245  16.603   0.824   0.253
 2380   245  16.956   1.169         
 2381   245  16.929   1.009   0.558
 2382   245  15.338   0.754   0.193
 2383   245  14.401   1.310   0.728
 2384   245  16.758   0.873   0.231
 2385   245  16.676   1.630         
 2386   245  15.190   0.939   0.605
 2387   245  14.583   0.844   0.296
 2388   245  15.374   0.793   0.401
 2389   245  14.357   0.386   0.337
 2390   245  16.853   0.835   0.376
 2391   245  16.217   0.902   0.230
 2392   245  14.129   0.544   0.365
 2393   245  15.130   0.636   0.488
 2394   245  16.916   0.741   0.426
 2395   245  14.149   0.677   0.338
 2396   245  16.161   1.694   1.114
 2397   245  16.571   0.953   0.453
 2398   245  15.439   0.784   0.270
 2399   245  16.814   1.072   0.792
 2400   245  16.000   1.636  -0.680
 2401   245  13.510   1.206   0.895
 2402   245  16.901   0.865   0.380
 2403   245  16.637   0.980   0.429
 2404   245  16.820   1.097   0.187
 2405   245  15.812   0.811   0.193
 2406   245  16.433   0.796   0.447
 2407   245  15.825   1.773         
 2408   245  15.426   1.000   0.490
 2409   245  16.335   0.808   0.214
 2410   245  16.151   0.924   0.354
 2411   245  14.575   0.637   0.388
 2412   245  14.898   2.349         
 2413   245  15.276   0.738   0.483
 2414   245  16.301   0.755   0.232
 2415   245  16.517   0.889   0.548
 2416   245  16.543   1.086   0.813
 2417   245  16.382   0.996   0.591
 2418   245  16.352   1.431         
 2419   245  16.939   0.810   0.298
 2420   245  15.793   0.648   0.495
 2421   245  16.913   1.568         
 2422   245  16.594   0.774   0.229
 2423   245  15.571   0.890   0.438