UBV CCD observations

  No    Ref    V       B-V     U-B

 0005   155   9.990   1.230   1.150
 0006   155  15.060   1.690   1.560
 0007   155  14.330   1.600         
 0008   155  14.390   0.390   0.150
 0010   155  11.030   0.230  -0.500
 0011   155  12.390   0.290  -0.310
 0012   155  10.670   0.450   0.140
 0013   155  13.070   0.300  -0.180
 0014   155  14.050   0.350   0.070
 0015   155  10.710   0.300  -0.540
 0016   155  11.850   0.360   0.160
 0017   155  13.030   1.420   1.290
 0035   155  13.330   0.280   0.080
 0036   155  13.710   1.440   1.230
 0038   155  12.120   0.280   0.200
 0042   155  11.790   0.390   0.300
 0043   155  13.770   0.320   0.160
 0044   155  11.570   2.240   1.120
 0045   155  11.800   0.210  -0.280
 0046   155  13.550   0.630   0.390
 0047   155  13.580   0.520   0.420
 0048   155  11.490   1.080   0.820
 0049   155  11.100   0.190         
 0050   155  11.430   0.200  -0.320
 0051   155  14.880   0.760   0.220
 0053   155  13.330   1.620   1.410
 0054   155  15.140   0.510   0.440
 0055   155  14.900   0.500   0.390
 0056   155  14.260   1.580   1.350
 0057   155  14.910   0.690   0.190
 0058   155  14.120   1.530   1.730
 0059   155  12.950   1.280   1.030
 0060   155  14.560   0.790   0.320
 0061   155  14.310   1.520   1.420
 0062   155  14.070   1.660   3.040
 0064   155  14.670   0.430   0.260
 0065   155  13.660   0.320   0.020
 0066   155  13.700   1.420   1.850
 0067   155  12.340   0.470   0.250
 0068   155  13.870   0.630   0.180
 0069   155  12.630   1.390   1.170
 0070   155  11.360   0.290  -0.410
 0072   155  14.840   0.500   0.320
 0074   155  14.280   1.840   2.280
 0088   155  14.380   0.390   0.160
 0089   155  11.910   0.440         
 0096   155  14.340   0.500   0.170
 0097   155  14.000   0.350   0.010
 0098   155  14.150   0.660   0.220
 0099   155  14.170   0.510   0.120
 0100   155  13.270   0.290  -0.220
 0101   155  13.240   0.300  -0.220
 0102   155  11.560   2.000   3.140
 0103   155  12.000   0.240  -0.510
 0105   155  12.220   0.360   0.180
 1001   155   9.980   0.080  -0.310
 1003   155  10.210   0.250  -0.500
 1016   155  11.910   0.380   0.280
 1021   155  12.260   0.790   0.230
 1024   155  12.410   0.500   0.320
 1025   155  12.440   0.280  -0.290
 1026   155  12.570   0.200  -0.190
 1028   155  12.660   0.250  -0.350
 1029   155  12.850   0.660   0.140
 1032   155  13.060   0.330   0.030
 1034   155  13.160   0.570   0.080
 1035   155  13.230   1.460   1.660
 1040   155  13.390   0.340  -0.040
 1041   155  13.430   0.380   0.160
 1042   155  13.490   1.300   0.850
 1043   155  13.540   0.430  -0.030
 1046   155  13.590   0.320  -0.010
 1047   155  13.600   2.210   0.860
 1051   155  13.720   0.400   0.130
 1052   155  13.730   0.290  -0.050
 1054   155  13.810   0.740   0.250
 1056   155  13.880   0.620   0.130
 1057   155  13.940   0.470   0.410
 1059   155  14.030   0.390   0.200
 1060   155  14.040   1.970   1.770
 1062   155  14.050   1.860   1.530
 1064   155  14.090   0.420   0.330
 1068   155  14.210   0.370   0.200
 1069   155  14.230   0.920   0.670
 1072   155  14.280   1.590   1.210
 1073   155  14.290   0.410   0.280
 1075   155  14.320   0.380   0.210
 1077   155  14.340   1.870   1.470
 1079   155  14.370   0.420   0.230
 1082   155  14.410   0.570   0.270
 1083   155  14.420   1.450   1.260
 1084   155  14.450   0.450   0.350
 1085   155  14.460   0.530   0.250
 1086   155  14.510   0.470   0.250
 1087   155  14.520   0.420   0.250
 1088   155  14.530   2.110   1.280
 1089   155  14.530   0.380   0.360
 1090   155  14.550   1.820   1.140
 1092   155  14.570   0.400   0.290
 1093   155  14.590   0.920   0.580
 1094   155  14.600   0.920   0.270
 1095   155  14.620   0.570   0.260
 1096   155  14.650   1.650   1.520
 1098   155  14.670   0.850   0.410
 1099   155  14.670   1.610   1.640
 1100   155  14.680   0.560   0.420
 1101   155  14.700   0.850   0.510
 1102   155  14.700   0.540   0.350
 1103   155  14.710   0.460   0.400
 1104   155  14.740   0.480   0.390
 1105   155  14.750   0.730   0.050
 1106   155  14.770   2.030   1.180
 1107   155  14.800   0.430   0.260
 1108   155  14.810   0.950   0.300
 1110   155  14.840   1.830   1.540
 1111   155  14.840   0.520   0.360
 1112   155  14.850   1.170   0.490
 1113   155  14.860   0.850   0.460
 1114   155  14.860   1.600   1.330
 1118   155  14.930   1.410   1.120
 1119   155  14.930   0.760   0.210
 1120   155  14.940   1.550   1.650
 1121   155  14.940   0.870   0.230
 1122   155  14.950   1.050   0.970
 1123   155  14.960   1.510   1.060
 1124   155  14.960   0.510   0.350
 1125   155  14.970   0.890   0.570
 1126   155  15.020   1.660   1.130
 1127   155  15.040   0.800   0.120
 1129   155  15.060   0.820   0.280
 1130   155  15.070   0.710   0.250
 1131   155  15.070   0.730   0.170
 1132   155  15.100   0.640   0.260
 1133   155  15.110   1.340   1.120
 1134   155  15.120   1.680   1.180
 1135   155  15.120   1.740   1.880
 1137   155  15.160   1.000   0.310
 1138   155  15.170   0.590   0.350
 1139   155  15.180   0.920   0.520
 1140   155  15.180   1.980   1.420
 1141   155  15.200   0.620   0.470
 1142   155  15.210   0.700   0.350
 1143   155  15.280   1.020   0.570
 1144   155  15.290   0.820   0.410
 1145   155  15.300   0.920   0.570
 1146   155  15.330   0.840   0.350
 1147   155  15.340   1.690   1.200
 1148   155  15.350   0.710   0.400
 1149   155  15.350   0.980   0.380
 1150   155  15.360   1.040   0.910
 1151   155  15.370   0.750   0.420
 1152   155  15.380   1.120   0.390
 1153   155  15.410   0.720   0.480
 1154   155  15.430   0.610   0.360
 1155   155  15.440   0.670         
 1156   155  15.440   1.660   1.210
 1157   155  15.450   0.890   0.280
 1158   155  15.450   0.730   0.440
 1159   155  15.460   0.660   0.340
 1160   155  15.460   0.760   0.350
 1161   155  15.470   0.850   0.060
 1162   155  15.470   0.760   0.150
 1163   155  15.480   0.860   0.220
 1164   155  15.490   0.940   0.610
 1165   155  15.500   2.400   0.080
 1166   155  15.500   0.590   0.280
 1167   155  15.500   1.230   0.850
 1168   155  15.500   0.910   0.630
 1169   155  15.520   0.990   0.360
 1170   155  15.520   0.720   0.230
 1171   155  15.540   0.860   0.550
 1172   155  15.540   0.640   0.290
 1173   155  15.550   0.640   0.430
 1174   155  15.550   0.740   0.250
 1175   155  15.560   0.690   0.230
 1176   155  15.580   0.670   0.340
 1177   155  15.590   0.950   0.400
 1178   155  15.590   0.660   0.210
 1179   155  15.590   1.010   0.560
 1180   155  15.610   1.740   1.090
 1181   155  15.630   0.660   0.250
 1182   155  15.630   0.640   0.370
 1183   155  15.650   0.810   0.320
 1184   155  15.650   1.800   1.220
 1185   155  15.660   0.750   0.340
 1186   155  15.670   1.590   1.190
 1187   155  15.680   1.190   0.580
 1188   155  15.690   0.760   0.310
 1189   155  15.700   0.840   0.260
 1190   155  15.700   1.000   0.690
 1191   155  15.720   0.860   0.270
 1192   155  15.730   0.720   0.270
 1193   155  15.740   1.570         
 1194   155  15.740   0.790   0.270
 1195   155  15.740   0.880   0.350
 1196   155  15.750   0.950   0.530
 1197   155  15.750   0.710   0.210
 1198   155  15.750   0.950   0.440
 1199   155  15.750   1.670   1.250
 1200   155  15.760   1.950   1.380
 1201   155  15.770   0.970   0.490
 1202   155  15.770   0.790   0.300
 1203   155  15.770   1.380   1.020
 1204   155  15.780   2.480   0.750
 1205   155  15.780   2.400         
 1206   155  15.790   0.720   0.100
 1207   155  15.790   1.050   0.460
 1208   155  15.790   2.090   0.810
 1209   155  15.790   0.970   0.030
 1210   155  15.800   0.990   0.640
 1211   155  15.800   0.680   0.270
 1212   155  15.820   1.040   0.400
 1213   155  15.820   0.930   0.330
 1214   155  15.830   0.690   0.270
 1215   155  15.840   0.960   0.420
 1216   155  15.840   0.730   0.160
 1217   155  15.850   0.720   0.170
 1218   155  15.880   0.900   0.170
 1219   155  15.880   0.810   0.530
 1220   155  15.880   0.720   0.350
 1221   155  15.890   2.170         
 1222   155  15.890   1.020   0.270
 1223   155  15.900   1.330   0.940
 1224   155  15.900   0.760   0.530
 1225   155  15.930   1.960   1.230
 1226   155  15.930   0.710   0.080
 1227   155  15.940   0.800   0.390
 1228   155  15.940   0.920   0.290
 1229   155  15.940   1.910   1.060
 1230   155  15.950   0.850   0.500
 1231   155  15.950   0.740   0.190
 1232   155  15.960   1.050   0.900
 1233   155  15.960   0.820   0.390
 1234   155  15.970   1.010   0.480
 1235   155  15.970   0.850   0.490
 1236   155  15.970   0.890   0.600
 1237   155  15.980   1.250   0.550
 1238   155  15.990   0.890   0.240
 1239   155  15.990   1.830   0.160
 1240   155  16.000   1.080   0.500
 1241   155  16.000   0.850   0.280
 1242   155  16.010   0.950         
 1243   155  16.010   2.170   1.170
 1244   155  16.020   0.910   0.280
 1245   155  16.030   0.950   0.270
 1246   155  16.050   1.020   0.530
 1247   155  16.050   1.200   0.480
 1248   155  16.050   0.830   0.350
 1249   155  16.050   1.780         
 1250   155  16.060   0.730   0.140
 1251   155  16.060   2.180         
 1252   155  16.060   0.730   0.170
 1253   155  16.070   0.850   0.400
 1254   155  16.070   0.890   0.610
 1255   155  16.070   0.970   0.430
 1256   155  16.080   1.080   0.330
 1257   155  16.080   1.270   0.840
 1258   155  16.080   1.230   0.550
 1259   155  16.080   0.770   0.150
 1260   155  16.110   0.950   0.400
 1261   155  16.110   0.970   0.490
 1262   155  16.110   0.900   0.380
 1263   155  16.120   0.890   0.270
 1264   155  16.130   2.070   1.150
 1265   155  16.130   0.850   0.310
 1266   155  16.140   1.080   0.550
 1267   155  16.140   1.940         
 1268   155  16.160   0.850   0.250
 1269   155  16.180   0.910   0.470
 1270   155  16.180   2.030   1.290
 1271   155  16.180   1.050   0.650
 1272   155  16.190   1.940   1.210
 1273   155  16.190   2.710         
 1274   155  16.210   1.000   0.360
 1275   155  16.220   0.730   0.330
 1276   155  16.230   0.970   0.390
 1277   155  16.240   1.090   0.640
 1278   155  16.250   1.010   0.470
 1279   155  16.250   0.950   0.610
 1280   155  16.290   0.880   0.300
 1281   155  16.290   0.820   0.120
 1282   155  16.300   0.840   0.170
 1283   155  16.300   0.960   0.370
 1284   155  16.310   0.890   0.240
 1285   155  16.320   0.600         
 1286   155  16.320   0.920   0.100
 1287   155  16.320   1.690   1.430
 1288   155  16.320   1.020  -0.240
 1289   155  16.330   0.860   0.290
 1290   155  16.330   2.480         
 1291   155  16.340   0.890   0.430
 1292   155  16.340   0.920   0.360
 1293   155  16.340   1.380   1.440
 1294   155  16.340   0.940   0.540
 1295   155  16.340   0.810   0.110
 1296   155  16.350   0.940   0.450
 1297   155  16.360   1.090   0.340
 1298   155  16.360   1.010   0.530
 1299   155  16.370   1.670   1.050
 1300   155  16.380   0.880   0.360
 1301   155  16.380   1.090   0.270
 1302   155  16.400   0.900   0.240
 1303   155  16.400   0.930   0.470
 1304   155  16.410   2.860         
 1305   155  16.410   1.060   0.510
 1306   155  16.420   0.960   0.300
 1307   155  16.430   0.810   0.160
 1308   155  16.450   1.000   0.530
 1309   155  16.450   0.940   0.430
 1310   155  16.450   0.980   0.490
 1311   155  16.460   1.050   0.470
 1312   155  16.470   1.260   0.540
 1313   155  16.470   0.960   0.430
 1314   155  16.470   0.840   0.320
 1315   155  16.470   1.970         
 1316   155  16.470   1.250   0.400
 1317   155  16.480   1.030   0.680
 1318   155  16.480   0.870   0.230
 1319   155  16.510   1.120   0.600
 1320   155  16.520   1.020   0.630
 1321   155  16.520   0.890   0.420
 1322   155  16.530   0.840   0.200
 1323   155  16.530   0.860   0.190
 1324   155  16.530   1.990         
 1325   155  16.550   0.910   0.240
 1326   155  16.550   1.220   0.760
 1327   155  16.550   2.110   1.130
 1328   155  16.550   0.910   0.280
 1329   155  16.560   1.070   0.590
 1330   155  16.580   0.820   0.250
 1331   155  16.580   1.130   0.890
 1332   155  16.600   1.090   0.460
 1333   155  16.600   0.840   0.430
 1334   155  16.600   3.020         
 1335   155  16.610   0.840   0.210
 1336   155  16.610   2.520   0.090
 1337   155  16.620   0.900   0.160
 1338   155  16.630   2.150         
 1339   155  16.630   0.920   0.300
 1340   155  16.650   1.070   0.490
 1341   155  16.650   0.880   0.290
 1342   155  16.660   1.090   0.450
 1343   155  16.660   0.960   0.380
 1344   155  16.660   1.040   0.340
 1345   155  16.660   0.820   0.230
 1346   155  16.670   1.300   0.510
 1347   155  16.670   1.030   0.410
 1348   155  16.680   0.930  -0.170
 1349   155  16.680   0.850   0.370
 1350   155  16.680   0.910   0.220
 1351   155  16.680   2.100         
 1352   155  16.700   0.990   0.320
 1353   155  16.720   0.820   0.360
 1354   155  16.730   0.960   0.060
 1355   155  16.730   1.010   0.290
 1356   155  16.730   0.860   0.440
 1357   155  16.740   0.870   0.290
 1358   155  16.740   1.240         
 1359   155  16.740   1.060   0.390
 1360   155  16.740   0.870   0.290
 1361   155  16.740   0.900   0.370
 1362   155  16.750   1.060   0.510
 1363   155  16.750   0.860   0.260
 1364   155  16.750   0.850   0.450
 1365   155  16.750   0.980   0.410
 1366   155  16.760   1.020   0.270
 1367   155  16.770   1.130   0.620
 1368   155  16.780   1.170   0.970
 1369   155  16.780   0.990   0.180
 1370   155  16.780   0.940   0.090
 1371   155  16.780   0.940   0.380
 1372   155  16.790   0.970   0.320
 1373   155  16.800   1.450   0.490
 1374   155  16.800   0.920   0.290
 1375   155  16.800   1.000         
 1376   155  16.800   1.330   0.610
 1377   155  16.810   0.840   0.190
 1378   155  16.810   0.960   0.440
 1379   155  16.820   0.890   0.110
 1380   155  16.820   1.040   0.210
 1381   155  16.820   1.070   0.230
 1382   155  16.840   1.780         
 1383   155  16.840   0.950   0.470
 1384   155  16.840   0.960   0.650
 1385   155  16.840   0.970   0.140
 1386   155  16.840   0.810         
 1387   155  16.840   1.110   0.350
 1388   155  16.840   0.960   0.290
 1389   155  16.840   0.960   0.190
 1390   155  16.850   0.830   0.460
 1391   155  16.850   2.120         
 1392   155  16.860  -0.070         
 1393   155  16.860   1.880         
 1394   155  16.860   0.960   0.300
 1395   155  16.860   1.390   0.760
 1396   155  16.870   0.910   0.230
 1397   155  16.880   0.910   0.420
 1398   155  16.880   1.150   0.380
 1399   155  16.890   1.290         
 1400   155  16.890   1.120         
 1401   155  16.900   1.140   0.490
 1402   155  16.900   0.880   0.350
 1403   155  16.900   1.140   0.710
 1404   155  16.910   1.070   0.630
 1405   155  16.910   1.400   1.090
 1406   155  16.910   1.090   0.770
 1407   155  16.910   1.110   0.680
 1408   155  16.920   0.970   0.390
 1409   155  16.920   1.990         
 1410   155  16.920   1.030   0.800
 1411   155  16.930   1.000   0.540
 1412   155  16.950   0.950   0.670
 1413   155  16.950   0.900   0.290
 1414   155  16.960   0.940   0.210
 1415   155  16.960   1.000   0.180
 1416   155  16.960   0.870   0.220
 1417   155  16.960   1.890         
 1418   155  16.960   1.130   0.620
 1419   155  16.980   1.240         
 1420   155  16.980   1.420         
 1421   155  16.980   1.280   1.050
 1422   155  16.980   0.900   0.250
 1423   155  16.980   1.010   0.360
 1424   155  16.980   1.090   0.620
 1425   155  16.990   1.000   0.460
 1426   155  16.990   1.250   0.590
 1427   155  17.000   1.010   0.840
 1428   155  17.000   1.120   0.440
 1429   155  17.030   0.900   0.390
 1430   155  17.030   3.060         
 1431   155  17.030   1.080   0.330
 1432   155  17.030   1.080   0.400
 1433   155  17.050   2.170         
 1434   155  17.050   1.170         
 1435   155  17.050   1.060   0.500
 1436   155  17.050   1.030   0.370
 1437   155  17.050   0.880   0.090
 1438   155  17.060   0.890   0.240
 1439   155  17.060   1.440         
 1440   155  17.070   0.990         
 1441   155  17.070   0.990   0.300
 1442   155  17.070   1.050   0.400
 1443   155  17.080   1.060   0.310
 1444   155  17.080   0.980   0.490
 1445   155  17.080   1.030   0.170
 1446   155  17.080   0.750         
 1447   155  17.080   0.640         
 1448   155  17.080   1.540         
 1449   155  17.090   0.990         
 1450   155  17.090   1.660         
 1451   155  17.090   0.910   0.320
 1452   155  17.100   0.950   0.230
 1453   155  17.110   2.030         
 1454   155  17.110   1.600   0.770
 1455   155  17.110   0.920   0.560
 1456   155  17.110   1.110   0.630
 1457   155  17.120   1.630         
 1458   155  17.120   1.090         
 1459   155  17.130   0.960   0.010
 1460   155  17.130   1.030   0.390
 1461   155  17.130   0.920   0.130
 1462   155  17.140   1.030   0.340
 1463   155  17.150   2.450         
 1464   155  17.150   0.960         
 1465   155  17.150   0.960   0.380
 1466   155  17.160   1.630         
 1467   155  17.160   1.480         
 1468   155  17.160   1.340         
 1469   155  17.170   1.050   0.420
 1470   155  17.170   1.350   0.040
 1471   155  17.180   1.380         
 1472   155  17.180   1.060   0.450
 1473   155  17.180   1.090   0.770
 1474   155  17.190   0.970   0.370
 1475   155  17.190   1.040   0.240
 1476   155  17.200   1.500   1.190
 1477   155  17.200   0.930   0.340
 1478   155  17.200   0.590   0.270
 1479   155  17.200   1.110   0.940
 1480   155  17.210   1.290         
 1481   155  17.210   1.420   0.010
 1482   155  17.220   1.170   0.300
 1483   155  17.230   1.030         
 1484   155  17.230   0.990   0.190
 1485   155  17.230   1.490         
 1486   155  17.230   1.020   0.140
 1487   155  17.230   1.440         
 1488   155  17.260   0.980   0.390
 1489   155  17.270   2.100         
 1490   155  17.280   0.850   0.280
 1491   155  17.280   2.120         
 1492   155  17.280   1.150   0.790
 1493   155  17.280   1.270   0.770
 1494   155  17.290   0.920   0.700
 1495   155  17.290   0.880   0.460
 1496   155  17.300   1.000         
 1497   155  17.300   0.980   0.450
 1498   155  17.300   1.260         
 1499   155  17.320   0.980   0.370
 1500   155  17.320   1.110   0.340
 1501   155  17.330   2.220         
 1502   155  17.350   2.870         
 1503   155  17.350   2.190   2.060
 1504   155  17.350   1.180         
 1505   155  17.350   1.340         
 1506   155  17.360   1.850         
 1507   155  17.360   1.030   0.440
 1508   155  17.360   0.970         
 1509   155  17.370   0.960   0.260
 1510   155  17.380   1.450         
 1511   155  17.380   1.190   0.580
 1512   155  17.380   1.000   0.360
 1513   155  17.390   1.610         
 1514   155  17.400   1.220   0.470
 1515   155  17.410   1.290   0.600
 1516   155  17.410   0.910   0.340
 1517   155  17.410   1.030   0.690
 1518   155  17.410   1.160   0.530
 1519   155  17.410   1.090   0.460
 1520   155  17.430   1.010   0.770
 1521   155  17.440   1.200         
 1522   155  17.450   1.050         
 1523   155  17.460   1.230   0.950
 1524   155  17.460   1.360         
 1525   155  17.460   2.460         
 1526   155  17.460   1.200         
 1527   155  17.470   1.000   0.460
 1528   155  17.480   1.590         
 1529   155  17.480   0.920         
 1530   155  17.480   0.300         
 1531   155  17.480   1.150         
 1532   155  17.480   1.020         
 1533   155  17.490   1.440  -0.100
 1534   155  17.490   0.960   0.550
 1535   155  17.490   1.630         
 1536   155  17.510   1.060   0.610
 1537   155  17.510   1.160         
 1538   155  17.520   1.350         
 1539   155  17.520   1.000   0.520
 1540   155  17.520   1.240   0.820
 1541   155  17.530   1.010         
 1542   155  17.530   1.130   0.980
 1543   155  17.540   0.980         
 1544   155  17.540   1.090         
 1545   155  17.540   1.050         
 1546   155  17.540   1.610         
 1547   155  17.550   1.140         
 1548   155  17.550   1.790         
 1549   155  17.550   1.580         
 1550   155  17.550   1.200         
 1551   155  17.560   1.100   0.230
 1552   155  17.560   1.560   0.200
 1553   155  17.560   1.120         
 1554   155  17.560   1.310   0.460
 1555   155  17.560   1.230         
 1556   155  17.560   2.360         
 1557   155  17.570   1.220         
 1558   155  17.570   1.190         
 1559   155  17.570   0.990         
 1560   155  17.570   0.960         
 1561   155  17.570   1.210         
 1562   155  17.570   0.990   0.300
 1563   155  17.570   0.990   0.840
 1564   155  17.570   1.270   0.610
 1565   155  17.570   1.270         
 1566   155  17.570   1.150         
 1567   155  17.580   1.280         
 1568   155  17.580   0.930   0.180
 1569   155  17.590   1.300         
 1570   155  17.590   1.240         
 1571   155  17.590   0.920   0.720
 1572   155  17.590   0.910   0.310
 1573   155  17.590   0.960   0.200
 1574   155  17.590   0.830         
 1575   155  17.590   1.030         
 1576   155  17.590   1.030   0.430
 1577   155  17.600   1.230   0.540
 1578   155  17.600   1.350   0.710
 1579   155  17.600   1.170         
 1580   155  17.610   1.200         
 1581   155  17.610   0.870         
 1582   155  17.620   1.150         
 1583   155  17.620   1.160   0.240
 1584   155  17.620   0.940         
 1585   155  17.620   1.070         
 1586   155  17.620   1.190   1.210
 1587   155  17.630   1.260   0.940
 1588   155  17.630   1.130   0.130
 1589   155  17.630   1.120   0.320
 1590   155  17.630   1.260         
 1591   155  17.640   1.150   0.090
 1592   155  17.640   1.720         
 1593   155  17.640   1.160         
 1594   155  17.640   1.360         
 1595   155  17.650   2.170         
 1596   155  17.650   1.520         
 1597   155  17.650   0.900         
 1598   155  17.650   1.490   0.550
 1599   155  17.650   1.020         
 1600   155  17.650   1.760         
 1601   155  17.650   1.180   0.940
 1602   155  17.660   0.980         
 1603   155  17.660   1.170   0.730
 1604   155  17.660   0.980   0.220
 1605   155  17.660   1.530         
 1606   155  17.670   1.010   0.080
 1607   155  17.670   1.150         
 1608   155  17.670   1.730         
 1609   155  17.680   1.110         
 1610   155  17.680   0.910         
 1611   155  17.680   1.180   0.030
 1612   155  17.680   1.150         
 1613   155  17.690   1.070   0.290
 1614   155  17.690   1.070         
 1615   155  17.700   1.050         
 1616   155  17.700   1.270         
 1617   155  17.700   1.020         
 1618   155  17.700   0.810         
 1619   155  17.700   1.260         
 1620   155  17.700   1.080   0.280
 1621   155  17.710   1.100   0.620
 1622   155  17.710   1.440         
 1623   155  17.720   1.580         
 1624   155  17.720   1.380   1.200
 1625   155  17.720   1.490         
 1626   155  17.730   1.100   0.480
 1627   155  17.730   1.190         
 1628   155  17.740   1.250         
 1629   155  17.740   1.350         
 1630   155  17.740   1.030   0.480
 1631   155  17.740   1.250         
 1632   155  17.740   2.120         
 1633   155  17.740   1.260         
 1634   155  17.740   1.310         
 1635   155  17.750   0.900         
 1636   155  17.750   1.160         
 1637   155  17.750   1.090         
 1638   155  17.750   1.200   0.640
 1639   155  17.760   1.100   0.920
 1640   155  17.760   1.140   0.420
 1641   155  17.770   1.280         
 1642   155  17.780   1.140         
 1643   155  17.790   1.300   0.470
 1644   155  17.790   1.150         
 1645   155  17.790   1.100   0.180
 1646   155  17.790   2.630         
 1647   155  17.800   1.180         
 1648   155  17.810   1.180   0.320
 1649   155  17.810   0.980   0.260
 1650   155  17.820   1.180   0.210
 1651   155  17.820   1.030   0.340
 1652   155  17.820   1.180         
 1653   155  17.820   1.150         
 1654   155  17.820   1.070         
 1655   155  17.820   0.760  -0.190
 1656   155  17.830   1.260         
 1657   155  17.840   1.210   0.220
 1658   155  17.850   1.120   0.520
 1659   155  17.850   1.520         
 1660   155  17.850   1.330         
 1661   155  17.850   1.220         
 1662   155  17.850   1.110         
 1663   155  17.860   1.220         
 1664   155  17.860   1.170         
 1665   155  17.860   0.740         
 1666   155  17.860   0.990         
 1667   155  17.870   1.200         
 1668   155  17.870   1.020   0.150
 1669   155  17.870   1.210         
 1670   155  17.880   1.080         
 1671   155  17.880   1.950         
 1672   155  17.880   1.410         
 1673   155  17.880   1.100   0.160
 1674   155  17.880   0.920   0.870
 1675   155  17.890   1.690         
 1676   155  17.890   1.010         
 1677   155  17.890   1.440   0.590
 1678   155  17.900   0.870   0.280
 1679   155  17.910   1.330         
 1680   155  17.910   1.190   0.370
 1681   155  17.910   1.390         
 1682   155  17.910   1.070   0.670
 1683   155  17.920   1.120         
 1684   155  17.920   1.260         
 1685   155  17.920   1.800         
 1686   155  17.920   1.590         
 1687   155  17.930   1.270   0.430
 1688   155  17.940   1.120         
 1689   155  17.940   1.270         
 1690   155  17.940   1.080   0.800
 1691   155  17.950   1.940         
 1692   155  17.950   1.160         
 1693   155  17.950   2.100         
 1694   155  17.950   1.080   0.390
 1695   155  17.950   1.250         
 1696   155  17.960   1.090         
 1697   155  17.960   1.090         
 1698   155  17.960   1.350         
 1699   155  17.970   1.270         
 1700   155  17.970   1.150         
 1701   155  17.970   1.290         
 1702   155  17.970   1.090         
 1703   155  17.980   1.420         
 1704   155  17.980   1.180         
 1705   155  17.990   1.090         
 1706   155  17.990   1.370         
 1707   155  17.990   1.270         
 1708   155  17.990   1.140         
 1709   155  18.000   2.950         
 1710   155  18.000   1.410         
 1711   155  18.000   1.210         
 1712   155  18.010   1.100         
 1713   155  18.010   1.040         
 1714   155  18.020   1.180         
 1715   155  18.020   1.000  -0.030
 1716   155  18.020   1.150         
 1717   155  18.020   1.270   0.430
 1718   155  18.030   2.340         
 1719   155  18.030   1.370   0.010
 1720   155  18.030   1.410         
 1721   155  18.030   1.400  -0.520
 1722   155  18.040   1.280         
 1723   155  18.040   1.130         
 1724   155  18.050   1.310         
 1725   155  18.050   1.150         
 1726   155  18.050   1.140         
 1727   155  18.050   0.830         
 1728   155  18.050   1.100         
 1729   155  18.060   2.450         
 1730   155  18.060   2.640         
 1731   155  18.060   2.450         
 1732   155  18.060   1.110         
 1733   155  18.060   0.990         
 1734   155  18.060   1.090         
 1735   155  18.060   1.220         
 1736   155  18.060   1.490         
 1737   155  18.070   1.420  -1.670
 1738   155  18.070   1.120         
 1739   155  18.080   0.780         
 1740   155  18.080   1.170         
 1741   155  18.080   1.030         
 1742   155  18.080   1.080         
 1743   155  18.090   1.250         
 1744   155  18.090   1.010         
 1745   155  18.090   1.350         
 1746   155  18.100   2.550         
 1747   155  18.100   1.520         
 1748   155  18.110   1.160         
 1749   155  18.110   1.090         
 1750   155  18.120   1.130         
 1751   155  18.120   1.350   0.420
 1752   155  18.120   1.140         
 1753   155  18.130   1.160   0.690
 1754   155  18.130   1.380         
 1755   155  18.130   1.070         
 1756   155  18.130   1.290         
 1757   155  18.140   1.290         
 1758   155  18.150   1.220         
 1759   155  18.160   2.130         
 1760   155  18.160   1.810         
 1761   155  18.160   0.860         
 1762   155  18.160   1.260         
 1763   155  18.160   1.160         
 1764   155  18.160   1.380         
 1765   155  18.170   1.000         
 1766   155  18.170   1.560         
 1767   155  18.170   1.230         
 1768   155  18.170   1.190         
 1769   155  18.170   1.220         
 1770   155  18.170   1.490         
 1771   155  18.170   1.460         
 1772   155  18.180   1.350         
 1773   155  18.180   1.170         
 1774   155  18.180   2.460         
 1775   155  18.180   1.040         
 1776   155  18.200   1.760         
 1777   155  18.200   1.120         
 1778   155  18.200   1.230         
 1779   155  18.200   1.110         
 1780   155  18.200   1.260         
 1781   155  18.210   1.380         
 1782   155  18.210   1.040         
 1783   155  18.210   1.250         
 1784   155  18.210   1.140         
 1785   155  18.210   1.720         
 1786   155  18.210   1.220         
 1787   155  18.210   0.740         
 1788   155  18.220   0.950         
 1789   155  18.220   1.390   0.550
 1790   155  18.220   2.620         
 1791   155  18.230   1.240         
 1792   155  18.230   1.350   0.340
 1793   155  18.230   1.030   0.830
 1794   155  18.230   0.980         
 1795   155  18.230   1.180         
 1796   155  18.230   1.250         
 1797   155  18.230   1.100         
 1798   155  18.240   1.260         
 1799   155  18.240   0.950   0.340
 1800   155  18.240   1.100         
 1801   155  18.250   1.200         
 1802   155  18.250   1.250         
 1803   155  18.250   2.510         
 1804   155  18.260   1.570         
 1805   155  18.260   1.270  -0.130
 1806   155  18.270   1.290         
 1807   155  18.270   1.230         
 1808   155  18.270   0.960         
 1809   155  18.270   1.230         
 1810   155  18.270   1.370         
 1811   155  18.270   1.500         
 1812   155  18.280   1.300         
 1813   155  18.280   1.130         
 1814   155  18.280   2.820         
 1815   155  18.280   1.370         
 1816   155  18.280   2.100         
 1817   155  18.290   1.250         
 1818   155  18.290   1.750         
 1819   155  18.300   1.280         
 1820   155  18.310   1.170         
 1821   155  18.310   1.850         
 1822   155  18.310   0.870   0.520
 1823   155  18.310   1.260         
 1824   155  18.310   1.290         
 1825   155  18.320   1.520         
 1826   155  18.320   1.430         
 1827   155  18.320   1.620         
 1828   155  18.330   0.920         
 1829   155  18.330   1.520         
 1830   155  18.330   1.320         
 1831   155  18.330   1.640         
 1832   155  18.330   1.890         
 1833   155  18.340   1.300         
 1834   155  18.340   1.070         
 1835   155  18.340   0.730         
 1836   155  18.340   1.590         
 1837   155  18.340   1.350         
 1838   155  18.340   1.210         
 1839   155  18.340   1.420   0.730
 1840   155  18.340   1.500         
 1841   155  18.350   1.700         
 1842   155  18.360   1.030         
 1843   155  18.360   1.580         
 1844   155  18.370   1.260         
 1845   155  18.370   1.390         
 1846   155  18.370   1.240         
 1847   155  18.370   1.230         
 1848   155  18.370   1.180   0.380
 1849   155  18.370   0.080         
 1850   155  18.370   1.090         
 1851   155  18.380   1.300         
 1852   155  18.380   1.020         
 1853   155  18.380   1.310         
 1854   155  18.380   1.480         
 1855   155  18.380   1.500         
 1856   155  18.380   1.140         
 1857   155  18.390   1.170         
 1858   155  18.390   1.390   0.240
 1859   155  18.390   0.990         
 1860   155  18.390   0.980         
 1861   155  18.400   2.560         
 1862   155  18.400   1.110         
 1863   155  18.400   1.550         
 1864   155  18.400   1.100         
 1865   155  18.420   1.170         
 1866   155  18.420   1.600         
 1867   155  18.420   1.410         
 1868   155  18.430   1.280         
 1869   155  18.430   1.110         
 1870   155  18.430   1.270         
 1871   155  18.440   2.520         
 1872   155  18.440   1.690         
 1873   155  18.440   1.530         
 1874   155  18.450   1.510         
 1875   155  18.460   1.290         
 1876   155  18.460   1.570         
 1877   155  18.470   1.340         
 1878   155  18.470   1.490         
 1879   155  18.480   2.560         
 1880   155  18.480   1.670         
 1881   155  18.480   1.410         
 1882   155  18.480   1.020         
 1883   155  18.480   1.730         
 1884   155  18.490   1.020         
 1885   155  18.490   2.840         
 1886   155  18.490   1.390         
 1887   155  18.500   1.100         
 1888   155  18.500   1.040         
 1889   155  18.500   1.530  -0.190
 1890   155  18.500   1.540         
 1891   155  18.500   1.280         
 1892   155  18.500   1.270         
 1893   155  18.510   1.280         
 1894   155  18.510   1.510         
 1895   155  18.520   1.180         
 1896   155  18.520   1.430         
 1897   155  18.520   1.510         
 1898   155  18.520   1.610         
 1899   155  18.530   1.400         
 1900   155  18.530   1.620         
 1901   155  18.540   1.250         
 1902   155  18.540   1.400         
 1903   155  18.540   1.070         
 1904   155  18.540   0.900         
 1905   155  18.540   1.080         
 1906   155  18.550   1.260         
 1907   155  18.550   1.410         
 1908   155  18.550   1.500  -0.090
 1909   155  18.550   1.290         
 1910   155  18.550   1.260         
 1911   155  18.560   0.670         
 1912   155  18.560   1.210         
 1913   155  18.560   1.090         
 1914   155  18.570   1.850         
 1915   155  18.570   1.680         
 1916   155  18.570   2.540         
 1917   155  18.580   1.530         
 1918   155  18.580   1.250  -0.170
 1919   155  18.580   1.290         
 1920   155  18.590   1.310         
 1921   155  18.590   1.070         
 1922   155  18.600   1.080         
 1923   155  18.600   1.530         
 1924   155  18.620   1.040         
 1925   155  18.630   1.300         
 1926   155  18.630   1.140         
 1927   155  18.630   1.240         
 1928   155  18.640   1.040         
 1929   155  18.640   1.570         
 1930   155  18.640   1.660         
 1931   155  18.640   1.350         
 1932   155  18.650   1.140         
 1933   155  18.650   1.980         
 1934   155  18.650   1.630         
 1935   155  18.650   1.420         
 1936   155  18.660   1.190         
 1937   155  18.660   1.420         
 1938   155  18.660   1.420         
 1939   155  18.660   1.490         
 1940   155  18.660   0.710         
 1941   155  18.670   1.580         
 1942   155  18.670   1.330         
 1943   155  18.670   1.480         
 1944   155  18.680   1.850         
 1945   155  18.690   1.960         
 1946   155  18.690   1.170         
 1947   155  18.690   1.550         
 1948   155  18.690   1.580         
 1949   155  18.700   2.080         
 1950   155  18.700   2.490         
 1951   155  18.700   1.550         
 1952   155  18.700   1.760         
 1953   155  18.710   1.290         
 1954   155  18.710   1.100         
 1955   155  18.710   1.180         
 1956   155  18.720   1.290         
 1957   155  18.720   0.890         
 1958   155  18.720   1.570         
 1959   155  18.720   1.670         
 1960   155  18.730   1.250         
 1961   155  18.740   1.530         
 1962   155  18.740   1.440         
 1963   155  18.740   1.870         
 1964   155  18.740   1.440         
 1965   155  18.740   1.470         
 1966   155  18.750   1.200         
 1967   155  18.750   0.840   1.080
 1968   155  18.760   1.150         
 1969   155  18.760   1.170         
 1970   155  18.760   1.130         
 1971   155  18.760   1.620         
 1972   155  18.760   1.730         
 1973   155  18.770   1.410         
 1975   155  18.770   1.860         
 1976   155  18.770   1.210         
 1977   155  18.780   1.200         
 1978   155  18.780   1.480         
 1979   155  18.780   1.790         
 1980   155  18.790   0.690         
 1981   155  18.790   1.580         
 1982   155  18.790   1.380         
 1983   155  18.790   1.410         
 1984   155  18.790   1.140         
 1985   155  18.800   1.650         
 1986   155  18.800   1.380         
 1987   155  18.800   1.360         
 1988   155  18.800   1.220         
 1990   155  18.810   1.370         
 1991   155  18.810   1.720         
 1992   155  18.810   1.090         
 1993   155  18.810   1.260         
 1994   155  18.820   1.100         
 1995   155  18.820   1.770         
 1996   155  18.820   2.020         
 1997   155  18.820   1.500         
 1998   155  18.820   0.600         
 1999   155  18.830   1.270         
 2000   155  18.830   1.010         
 2001   155  18.830   1.370         
 2002   155  18.830   1.380         
 2003   155  18.830   0.190         
 2004   155  18.840   0.870         
 2005   155  18.840   1.300         
 2006   155  18.840   1.200         
 2007   155  18.850   0.630         
 2008   155  18.850   1.330         
 2009   155  18.850   1.260         
 2010   155  18.860   1.700         
 2011   155  18.860   1.740         
 2012   155  18.860   1.570         
 2013   155  18.860   1.500         
 2014   155  18.860   1.460         
 2015   155  18.860   1.570         
 2016   155  18.860   1.270         
 2017   155  18.860   1.520         
 2018   155  18.870   1.460         
 2019   155  18.870   0.880         
 2020   155  18.880   0.980         
 2021   155  18.880   2.040         
 2022   155  18.880   1.770         
 2023   155  18.880   0.880         
 2024   155  18.890   1.300         
 2025   155  18.890   1.220         
 2026   155  18.890   1.500         
 2027   155  18.890   1.680         
 2028   155  18.900   1.550         
 2029   155  18.900   0.430         
 2030   155  18.900   1.730         
 2031   155  18.910   1.520         
 2032   155  18.910   1.870         
 2033   155  18.910   1.300         
 2034   155  18.910   1.400         
 2035   155  18.910   1.160         
 2036   155  18.910   1.030         
 2037   155  18.920   1.060         
 2038   155  18.930   0.500         
 2039   155  18.930   1.050         
 2040   155  18.930   1.730         
 2041   155  18.930   1.280         
 2042   155  18.940   0.710         
 2043   155  18.940   1.430         
 2044   155  18.950   1.720         
 2045   155  18.950   1.770         
 2046   155  18.950   1.290         
 2047   155  18.960   1.320         
 2048   155  18.960   1.490         
 2049   155  18.960   2.000         
 2050   155  18.960   1.150         
 2051   155  18.960   1.510         
 2052   155  18.970   1.710         
 2053   155  18.980   1.380         
 2054   155  18.980   1.500         
 2055   155  18.980   1.250         
 2056   155  18.980   1.570         
 2057   155  18.990   1.560         
 2058   155  18.990   0.910         
 2059   155  18.990   1.300         
 2060   155  18.990   1.040         
 2061   155  19.000   1.180         
 2062   155  19.000   1.370         
 2063   155  19.000   1.720         
 2064   155  19.000   1.220         
 2065   155  19.010   0.660         
 2066   155  19.010   1.230         
 2067   155  19.010   1.320         
 2068   155  19.010   1.600         
 2069   155  19.010   1.500         
 2070   155  19.020   0.760         
 2071   155  19.020   1.730         
 2072   155  19.020   1.370         
 2073   155  19.020   2.120         
 2074   155  19.030   1.960         
 2075   155  19.030   1.990         
 2076   155  19.030   1.000   0.340
 2077   155  19.040   1.410         
 2078   155  19.040   1.330         
 2079   155  19.040   1.510         
 2080   155  19.040   1.630         
 2081   155  19.050   1.770         
 2082   155  19.050   1.350         
 2083   155  19.050   1.770         
 2084   155  19.050   2.160         
 2085   155  19.060   0.920         
 2086   155  19.070   1.380         
 2087   155  19.080   1.190         
 2088   155  19.080   1.310         
 2089   155  19.090   1.860         
 2090   155  19.090   1.530         
 2091   155  19.100   1.340         
 2092   155  19.110   1.090   0.210
 2093   155  19.110   0.920         
 2094   155  19.110   2.020         
 2095   155  19.110   1.300         
 2096   155  19.110   1.720         
 2097   155  19.120   1.350         
 2098   155  19.130   1.550         
 2099   155  19.130   1.210         
 2100   155  19.130   1.610         
 2101   155  19.130   1.060         
 2102   155  19.140   1.140         
 2103   155  19.160   1.660         
 2104   155  19.160   1.590         
 2105   155  19.160   1.400         
 2106   155  19.160   1.080         
 2107   155  19.160   1.060         
 2108   155  19.170   1.840         
 2109   155  19.170   1.600         
 2110   155  19.170   1.390         
 2111   155  19.180   1.360         
 2112   155  19.190   1.240         
 2113   155  19.190   1.940         
 2114   155  19.210   1.410         
 2115   155  19.210   1.690         
 2116   155  19.210   2.040         
 2117   155  19.220   1.350         
 2118   155  19.230   1.130         
 2119   155  19.240   1.050         
 2120   155  19.240   1.260         
 2121   155  19.250   1.130         
 2122   155  19.250   1.380         
 2123   155  19.250   1.620         
 2124   155  19.260   1.230         
 2125   155  19.260   1.080         
 2126   155  19.260   1.360         
 2127   155  19.270   1.820         
 2128   155  19.270   1.500         
 2129   155  19.270   1.180         
 2130   155  19.280   1.570         
 2131   155  19.300   2.230         
 2132   155  19.300  -0.080         
 2133   155  19.300   1.570         
 2134   155  19.310   0.830         
 2135   155  19.310   1.110         
 2136   155  19.320   1.230         
 2137   155  19.340   1.460         
 2138   155  19.340   1.270         
 2139   155  19.340   1.390         
 2140   155  19.350   1.450         
 2141   155  19.360   1.260         
 2142   155  19.360   2.100         
 2143   155  19.370   1.240         
 2144   155  19.380   1.150         
 2145   155  19.390   1.560         
 2146   155  19.390   1.490         
 2147   155  19.390   0.580         
 2148   155  19.400   0.920         
 2149   155  19.400   1.470         
 2150   155  19.400   1.020         
 2151   155  19.410   1.690         
 2152   155  19.420   0.100         
 2153   155  19.430   2.180         
 2154   155  19.440   1.350         
 2155   155  19.470   1.210         
 2156   155  19.480   1.710         
 2157   155  19.490   1.490         
 2158   155  19.520   1.140         
 2159   155  19.530   1.020         
 2160   155  19.530   0.870         
 2161   155  19.530   1.590         
 2162   155  19.540   1.340         
 2163   155  19.540   1.120         
 2164   155  19.570   1.180         
 2165   155  19.590   0.570         
 2166   155  19.600   1.310         
 2167   155  19.600   1.510         
 2168   155  19.610  -0.290         
 2169   155  19.620   1.550         
 2170   155  19.620   1.030         
 2171   155  19.640   1.240         
 2172   155  19.650   0.580         
 2173   155  19.680   1.070         
 2174   155  19.690   2.040         
 2175   155  19.690   1.650         
 2176   155  19.690   1.190         
 2177   155  19.690   1.190         
 2178   155  19.700   0.980         
 2179   155  19.700   0.500         
 2180   155  19.720   1.380         
 2181   155  19.760   2.270         
 2182   155  19.760   0.960         
 2183   155  19.800   0.580         
 2184   155  19.850   1.460         
 2185   155  19.880   1.430         
 2186   155  19.910   2.620         
 2187   155  19.920   0.840         
 2188   155  19.930   1.390         
 2189   155  19.980   1.610         
 2190   155  19.990  -0.030         
 2191   155  20.050   0.680         
 2192   155  20.150   1.390         
 2193   155  20.160   0.890         
 2194   155  20.170  -0.390         
 2195   155  20.240   1.180         
 2196   155  20.370   0.510         
 2198   155  20.530   1.540         
 2199   155  21.160  -0.730         
 2200   155  21.690   0.300