UBV CCD observations

  No    Ref    V       B-V     U-B

 0001   495  19.024   1.038         
 0002   495  17.857   1.807         
 0003   495  17.682   2.427         
 0004   495  16.545   1.452         
 0005   495  18.457   1.307         
 0006   495  18.495   1.615         
 0007   495  16.961   1.247         
 0008   495  17.394   1.275         
 0009   495  17.606   1.331         
 0010   495  18.084   1.882         
 0011   495  14.311   1.142         
 0012   495  18.085   0.945         
 0013   495  14.902   0.944         
 0014   495  17.745   1.213         
 0015   495  14.370   1.906         
 0016   495  16.433   2.308         
 0017   495  18.049   2.015         
 0018   495  17.285   1.482         
 0019   495  14.723   1.219         
 0020   495  15.518   2.286         
 0021   495  18.238   1.438         
 0022   495  18.218   1.422         
 0023   495  17.990   1.524         
 0024   495  18.261   2.075         
 0025   495  17.313   1.351         
 0026   495  17.751   2.928         
 0027   495  18.615   1.822         
 0028   495  15.509   1.312         
 0029   495  17.133   2.295         
 0030   495  17.437   2.087         
 0031   495  14.413   3.344         
 0032   495  17.841   1.530         
 0033   495  17.289   1.637         
 0034   495  14.735  -0.021         
 0035   495  17.095   1.436         
 0036   495  17.614   1.384         
 0037   495  16.321   1.326         
 0038   495  16.348   2.477         
 0039   495  18.261   1.261         
 0040   495  13.730   0.649         
 0041   495  12.860   0.760         
 0042   495  18.019   2.282         
 0043   495  17.331   1.388         
 0044   495  17.102   2.434         
 0045   495  17.897   1.367         
 0046   495  15.649   0.839         
 0047   495  17.573   1.579         
 0048   495  16.074   1.077         
 0049   495  16.993   2.428         
 0050   495  17.693   1.441         
 0051   495  17.023   1.233         
 0052   495  14.790   0.787         
 0053   495  17.508   1.576         
 0054   495  17.797   1.441         
 0055   495  16.703   2.457         
 0056   495  16.901   2.570         
 0057   495  16.951   1.213         
 0058   495  13.237   0.864         
 0059   495  17.700   1.234         
 0060   495  15.037   2.180         
 0061   495  16.915   1.348         
 0062   495  17.355   1.958         
 0063   495  17.990   1.280         
 0064   495  16.149   2.386         
 0065   495  14.265   1.203         
 0066   495  17.216   1.584         
 0067   495  17.900   1.446         
 0068   495  16.496   1.489         
 0069   495  15.192   1.277         
 0070   495  18.200   1.471         
 0071   495  16.775   1.111         
 0072   495  18.755   2.021         
 0073   495  16.395   1.185         
 0074   495  17.055   1.155         
 0075   495  17.358   2.097         
 0076   495  17.389   1.620         
 0077   495  17.855   1.394         
 0078   495  15.242   1.699         
 0079   495  16.802   2.476         
 0080   495  18.640   0.373         
 0081   495  17.994   1.539         
 0082   495  19.031   1.399         
 0083   495  18.017   1.229         
 0084   495  17.244   2.786         
 0085   495  17.980   1.269         
 0086   495  17.873   1.676         
 0087   495  17.361   1.161         
 0088   495  18.064   1.736         
 0089   495  17.481   2.466         
 0090   495  16.129   1.106         
 0091   495  16.459   1.375         
 0092   495  17.073   1.458         
 0093   495  16.687   2.540         
 0094   495  17.222   2.322         
 0095   495  16.079   1.092         
 0096   495  18.301   1.335         
 0097   495  16.886   1.407         
 0098   495  17.779   2.015         
 0099   495  18.377   1.381         
 0100   495  17.490   1.161         
 0101   495  17.311   1.509         
 0102   495  16.544   1.130         
 0103   495  16.201   1.160         
 0104   495  17.466   1.362         
 0105   495  16.489   1.171         
 0106   495  15.938   1.184         
 0107   495  17.897   1.425         
 0108   495  17.318   1.885         
 0109   495  17.912   1.892         
 0110   495  17.806   2.240         
 0111   495  18.302   1.756         
 0112   495  18.090   1.749         
 0113   495  13.814   0.633         
 0114   495  15.808   1.155         
 0115   495  15.864   1.328         
 0116   495  17.834   1.472         
 0117   495  17.776   1.311         
 0118   495  13.297   0.601         
 0119   495  13.108   0.439         
 0120   495  18.376   1.572         
 0121   495  17.568   1.175         
 0122   495  17.103   2.079         
 0123   495  17.668   1.016         
 0124   495  17.713   1.307         
 0125   495  13.958   1.187         
 0126   495  18.066   1.143         
 0127   495  18.272   1.731         
 0128   495  16.021   0.986         
 0129   495  17.423   1.297         
 0130   495  16.207   1.292         
 0131   495  16.841   1.869         
 0132   495  17.964   1.518         
 0133   495  16.576   1.307         
 0134   495  18.117   1.874         
 0135   495  18.555   1.754         
 0136   495  17.015   1.801         
 0137   495  17.184   1.087         
 0138   495  18.589   1.834         
 0139   495  17.907   1.508         
 0140   495  15.891   1.041         
 0141   495  17.125   2.292         
 0142   495  18.335   1.682         
 0143   495  15.938   1.222         
 0144   495  17.975   1.492         
 0145   495  18.247   1.642         
 0146   495  18.483   1.472         
 0147   495  18.246   1.972         
 0148   495  17.253   1.282         
 0149   495  18.566   1.946         
 0150   495  17.294   1.357         
 0151   495  17.297   2.550         
 0152   495  14.316   0.942         
 0153   495  16.513   1.204         
 0154   495  17.363   1.509         
 0155   495  16.988   1.337         
 0156   495  17.294   1.128         
 0157   495  17.930   1.691         
 0158   495  17.002   2.703         
 0159   495  16.548   0.994         
 0160   495  14.880   2.273         
 0161   495  18.275   1.718         
 0162   495  16.041   1.272         
 0163   495  15.180   0.871         
 0164   495  16.853   1.171         
 0165   495  17.567   1.163         
 0166   495  18.026   1.240         
 0167   495  17.210   1.321         
 0168   495  17.319   2.059         
 0169   495  17.228   1.327         
 0170   495  18.129   1.340         
 0171   495  16.333   1.095         
 0172   495  17.508   1.444         
 0173   495  14.319   1.757         
 0174   495  17.623   1.411         
 0175   495  18.506   1.484         
 0176   495  17.038   1.652         
 0177   495  17.439   1.715         
 0178   495  16.800   1.359         
 0179   495  15.800   0.722         
 0180   495  15.343   1.922         
 0181   495  17.911   1.438         
 0182   495  14.887   1.141         
 0183   495  17.803   1.466         
 0184   495  17.720   1.676         
 0185   495  16.740   1.331         
 0186   495  16.346   1.928         
 0187   495  14.896   1.781         
 0188   495  18.240   1.456         
 0189   495  15.657   1.023         
 0190   495  18.567   1.575         
 0191   495  17.341   1.304         
 0192   495  16.834   1.937         
 0193   495  17.609   1.553         
 0194   495  17.343   1.389         
 0195   495  17.924   1.284         
 0196   495  14.295   0.812         
 0197   495  17.232   1.501         
 0198   495  15.819   0.971         
 0199   495  14.773   0.980         
 0200   495  14.681   0.991         
 0201   495  17.258   1.288         
 0202   495  17.390   2.972         
 0203   495  12.655   1.478         
 0204   495  17.678   1.282         
 0205   495  18.066   1.602         
 0206   495  17.044   1.811         
 0207   495  14.344   0.786         
 0208   495  17.634   2.035         
 0209   495  17.888   1.696         
 0210   495  13.770   0.786         
 0211   495  18.861   1.739         
 0212   495  17.462   1.320         
 0213   495  14.818   1.663         
 0214   495  17.653   1.413         
 0215   495  16.329   1.153         
 0216   495  16.066   1.156         
 0217   495  17.505   1.400         
 0218   495  15.570   1.173         
 0219   495  15.467   0.889         
 0220   495  18.214   1.504         
 0221   495  18.879   1.666         
 0222   495  15.961   2.166         
 0223   495  15.475   1.436         
 0224   495  18.260   1.110         
 0225   495  17.659   1.166         
 0226   495  16.745   1.237         
 0227   495  18.166   1.426         
 0228   495  17.959   2.074         
 0229   495  18.154   1.611         
 0230   495  17.817   1.484         
 0231   495  17.391  -0.081         
 0232   495  16.274   2.094         
 0233   495  16.407   1.290         
 0234   495  16.228   1.292         
 0235   495  16.108   1.297         
 0236   495  18.149   1.651         
 0237   495  15.981   1.591         
 0238   495  17.532   1.519         
 0239   495  16.075   2.114         
 0240   495  18.982   1.168         
 0241   495  17.740   1.228         
 0242   495  16.672   1.603         
 0243   495  15.308   1.774         
 0244   495  18.108   0.966         
 0245   495  17.218   1.246         
 0246   495  16.597   1.290         
 0247   495  15.538   1.942         
 0248   495  17.387   1.418         
 0249   495  18.961   1.120         
 0250   495  17.701   1.539         
 0251   495  18.237   1.363         
 0252   495  17.347   1.348         
 0253   495  17.857   1.619         
 0254   495  16.719   1.199         
 0255   495  17.480   2.186         
 0256   495  14.318   1.806         
 0257   495  17.833   1.508         
 0258   495  18.157   1.637         
 0259   495  16.497   1.239         
 0260   495  18.672   1.418         
 0261   495  18.102   0.857         
 0262   495  18.126   1.849         
 0263   495  17.195   1.261         
 0264   495  15.558   1.341         
 0265   495  17.634   1.445         
 0266   495  17.997   1.797         
 0267   495  17.646   1.498         
 0268   495  17.220   1.984         
 0269   495  17.347   1.463         
 0270   495  16.213   2.146         
 0271   495  17.258   2.170         
 0272   495  18.774   1.634         
 0273   495  17.494   1.540         
 0274   495  17.881   1.512         
 0275   495  17.201   2.634         
 0276   495  17.179   1.111         
 0277   495  18.145   1.347         
 0278   495  17.129   2.367         
 0279   495  18.128   1.688         
 0280   495  17.176   2.431         
 0281   495  16.851   1.174         
 0282   495  16.382   1.194         
 0283   495  18.091   1.597         
 0284   495  17.300   2.306         
 0285   495  17.732   1.538         
 0286   495  17.545   1.455         
 0287   495  18.546   1.164         
 0288   495  14.032   1.546         
 0289   495  17.806   2.231         
 0290   495  15.728   1.524         
 0291   495  17.712   1.839         
 0292   495  16.990   1.177         
 0293   495  17.405   2.359         
 0294   495  18.067   1.101         
 0295   495  16.016   1.066         
 0296   495  17.619   1.667         
 0297   495  17.592   1.482         
 0298   495  15.465   1.178         
 0299   495  18.348   1.389         
 0300   495  14.658   1.128         
 0301   495  18.654   2.028         
 0302   495  17.208   2.180         
 0303   495  15.240   1.539         
 0304   495  16.324   1.139         
 0305   495  15.024   1.088         
 0306   495  18.086   1.861         
 0307   495  15.963   1.133         
 0308   495  17.085   2.039         
 0309   495  17.424   1.572         
 0310   495  18.849   1.596         
 0311   495  16.549   1.246         
 0312   495  17.599   1.663         
 0313   495  18.416   1.756         
 0314   495  18.240   1.426         
 0315   495  17.872   1.446         
 0316   495  18.602   2.273         
 0317   495  16.311   1.378         
 0318   495  15.691   1.026         
 0319   495  16.096   1.177         
 0320   495  19.215   2.055         
 0321   495  17.957   1.831         
 0322   495  17.464   1.837         
 0323   495  18.112   1.657         
 0324   495  17.569   2.375         
 0325   495  17.946   1.473         
 0326   495  16.194   1.962         
 0327   495  13.855   0.747         
 0328   495  14.689   1.652         
 0329   495  18.037   1.398         
 0330   495  18.500   1.312         
 0331   495  15.629   1.134         
 0332   495  16.875   1.214         
 0333   495  16.959   1.157         
 0334   495  13.579   0.610         
 0335   495  17.817   1.247         
 0336   495  16.782   1.245         
 0337   495  16.283   1.230         
 0338   495  16.365   1.005         
 0339   495  17.969   1.407         
 0340   495  16.448   1.753         
 0341   495  17.125   2.247         
 0342   495  18.187   1.497         
 0343   495  18.424   1.670         
 0344   495  17.741   1.552         
 0345   495  17.843   1.784         
 0346   495  18.290   1.224         
 0347   495  18.188   1.592         
 0348   495  17.438   0.648         
 0349   495  18.693   1.125         
 0350   495  17.947   1.186         
 0351   495  16.929   1.402         
 0352   495  17.177   2.417         
 0353   495  17.357   2.377         
 0354   495  16.986   1.478         
 0355   495  16.092   2.596         
 0356   495  17.500   1.409         
 0357   495  17.741   1.252         
 0358   495  15.636   1.932         
 0359   495  18.334  -0.177         
 0360   495  18.403   1.347         
 0361   495  16.974   1.209         
 0362   495  18.354   2.054         
 0363   495  16.513   2.201         
 0364   495  16.027   0.994         
 0365   495  18.099   1.449         
 0366   495  17.549   1.505         
 0367   495  17.965   1.509         
 0368   495  18.204   1.930         
 0369   495  17.153   1.545         
 0370   495  18.483   1.650         
 0371   495  17.288   0.982         
 0372   495  18.147   1.893         
 0373   495  17.831   1.328         
 0374   495  14.255   0.869         
 0375   495  17.917   2.130         
 0376   495  15.097   1.145         
 0377   495  15.889   1.164         
 0378   495  16.991   1.086         
 0379   495  18.235   1.580         
 0380   495  17.191   1.394         
 0381   495  17.956   1.776         
 0382   495  16.455   2.136         
 0383   495  15.781   1.432         
 0384   495  17.919   1.487         
 0385   495  17.246   1.505         
 0386   495  17.358   1.424         
 0387   495  16.516   1.472         
 0388   495  16.851   1.467         
 0389   495  17.542   1.718         
 0390   495  18.504   2.534         
 0391   495  17.138   1.154         
 0392   495  16.230   1.285         
 0393   495  15.645   2.442         
 0394   495  17.400   1.209         
 0395   495  15.612   1.882         
 0396   495  18.070   1.420         
 0397   495  17.795   1.547         
 0398   495  17.592   1.915         
 0399   495  14.277   0.918         
 0400   495  16.701   1.791         
 0401   495  17.828   1.499         
 0402   495  17.377   1.243         
 0403   495  14.301   1.594         
 0404   495  15.717   1.236         
 0405   495  18.630   1.631         
 0406   495  18.402   1.072         
 0407   495  16.030   0.671         
 0408   495  16.479   0.308         
 0409   495  18.522   1.151         
 0410   495  18.073   1.081         
 0411   495  17.655   1.901         
 0412   495  18.190   1.752         
 0413   495  16.730   0.413         
 0414   495  15.990   2.118         
 0415   495  15.024   0.939         
 0416   495  15.840   1.362         
 0417   495  15.797   2.548         
 0418   495  17.915   1.474         
 0419   495  18.736   1.321         
 0420   495  16.808   1.416         
 0421   495  18.309   2.272         
 0422   495  17.462   1.360         
 0423   495  16.839   2.268         
 0424   495  13.913   0.946         
 0425   495  17.962   1.184         
 0426   495  16.455   2.890         
 0427   495  17.426   1.324         
 0428   495  18.086   1.390         
 0429   495  14.547   0.220         
 0430   495  18.360   1.423         
 0431   495  17.737   1.672         
 0432   495  17.483   1.287         
 0433   495  17.190   1.774         
 0434   495  17.423   1.400         
 0435   495  17.209   1.187         
 0436   495  17.949   1.558         
 0437   495  17.829   1.604         
 0438   495  17.371   2.637         
 0439   495  17.306   1.223         
 0440   495  18.652   1.178         
 0441   495  16.052   1.273         
 0442   495  15.883   2.523         
 0443   495  17.585   1.607         
 0444   495  17.456   1.479         
 0445   495  18.078   2.313         
 0446   495  17.255   1.381         
 0447   495  16.993   1.088         
 0448   495  15.720   1.194         
 0449   495  17.665   1.971         
 0450   495  16.258   2.292         
 0451   495  16.698   1.086         
 0452   495  17.364   1.528         
 0453   495  16.736   0.984         
 0454   495  17.266   1.239         
 0455   495  17.782   1.736         
 0456   495  16.931   1.199         
 0457   495  18.417   1.524         
 0458   495  17.042   1.180         
 0459   495  18.186   1.484         
 0460   495  17.517   1.353         
 0461   495  16.046   1.068         
 0462   495  17.318   1.405         
 0463   495  12.317   0.887         
 0464   495  18.121   1.834         
 0465   495  13.888   0.690         
 0466   495  18.154   1.374         
 0467   495  18.117   1.502         
 0468   495  14.757   1.121         
 0469   495  18.166   1.799         
 0470   495  17.646   0.996         
 0471   495  15.008   0.879         
 0472   495  16.189   1.097         
 0473   495  18.049   1.956         
 0474   495  16.814   2.167         
 0475   495  18.576   1.797         
 0476   495  18.374   2.052         
 0477   495  16.861   2.242         
 0478   495  16.611   2.696         
 0479   495  11.459   0.507         
 0480   495  17.572   1.462         
 0481   495  16.304   1.184         
 0482   495  18.616   1.441         
 0483   495  18.264   1.830         
 0484   495  17.084   1.220         
 0485   495  16.907   1.554         
 0486   495  17.635   3.067         
 0487   495  14.012   0.943         
 0488   495  18.322   1.743         
 0489   495  16.470   2.786         
 0490   495  18.338   1.650         
 0491   495  17.804   2.096         
 0492   495  17.957   1.476         
 0493   495  16.692   1.555         
 0494   495  16.918   1.282         
 0495   495  17.344   1.416         
 0496   495  17.608   1.415         
 0497   495  17.757   1.272         
 0498   495  17.694   1.815         
 0499   495  18.165   1.357         
 0500   495  16.505   2.294         
 0501   495  17.956   0.427         
 0502   495  16.916   1.191         
 0503   495  17.945   1.627         
 0504   495  17.775   1.672         
 0505   495  18.224   0.993         
 0506   495  17.283   1.555         
 0507   495  18.346   1.317         
 0508   495  17.204   1.221         
 0509   495  18.400   0.779         
 0510   495  17.419   2.132         
 0511   495  16.216   2.054         
 0512   495  17.081   2.211         
 0513   495  18.625   1.745         
 0514   495  16.986   1.410         
 0515   495  18.311   1.650         
 0516   495  17.478   2.398         
 0517   495  17.873   1.361         
 0518   495  17.125   1.228         
 0519   495  16.781   1.155         
 0520   495  16.372   1.233         
 0521   495  17.477   1.178         
 0522   495  15.652   2.437         
 0523   495  17.069   1.105         
 0524   495  18.139   1.416         
 0525   495  18.559   1.133         
 0526   495  15.890   1.003         
 0527   495  16.900   2.101         
 0528   495  16.601   0.906         
 0529   495  17.691   1.310         
 0530   495  17.280   1.436         
 0531   495  17.630   1.842         
 0532   495  17.379   1.205         
 0533   495  16.963   1.187         
 0534   495  17.523   1.376         
 0535   495  15.804   0.970         
 0536   495  18.376   1.462         
 0537   495  15.146   1.008         
 0538   495  14.890   0.899         
 0539   495  18.399   1.716         
 0540   495  18.048   1.826         
 0541   495  18.660   1.287         
 0542   495  16.454   2.088         
 0543   495  18.023   1.335         
 0544   495  18.008   1.407         
 0545   495  17.629   1.441         
 0546   495  16.447   1.141         
 0547   495  18.673   1.669         
 0548   495  18.492   1.319         
 0549   495  17.901   1.555         
 0550   495  14.687   0.927         
 0551   495  17.902   1.396         
 0552   495  18.267   1.473         
 0553   495  18.462   1.427         
 0554   495  17.899   1.107         
 0555   495  17.474   1.107         
 0556   495  16.724   1.288         
 0557   495  17.584   1.250         
 0558   495  17.869   1.384         
 0559   495  16.778   2.961         
 0560   495  17.857   1.287         
 0561   495  14.532   1.085         
 0562   495  16.980   1.357         
 0563   495  18.098   1.612         
 0564   495  14.689   0.734         
 0565   495  16.725   1.113         
 0566   495  14.774   0.736         
 0567   495  17.393   1.469         
 0568   495  18.192   1.515         
 0569   495  17.310   1.654         
 0570   495  16.927   1.105         
 0571   495  16.595   1.097         
 0572   495  17.823   1.649         
 0573   495  15.029   1.479         
 0574   495  17.722   1.222         
 0575   495  18.000   1.369         
 0576   495  17.411   2.337         
 0577   495  16.557   1.288         
 0578   495  16.272   2.093         
 0579   495  14.951   0.968         
 0580   495  16.729   1.956         
 0581   495  17.483   2.023         
 0582   495  17.469   1.373         
 0583   495  18.555   1.601         
 0584   495  17.539   0.502         
 0585   495  16.725   2.344         
 0586   495  15.971   2.568         
 0587   495  16.517   1.942         
 0588   495  17.770   1.517         
 0589   495  16.454   1.768         
 0590   495  16.147   1.038         
 0591   495  17.333   1.640         
 0592   495  16.870   0.681         
 0593   495  18.267   1.369         
 0594   495  17.500   1.586         
 0595   495  18.213   1.603         
 0596   495  16.945   1.964         
 0597   495  17.410   1.348         
 0598   495  17.115   3.325         
 0599   495  18.623   1.965         
 0600   495  17.349   1.507         
 0601   495  17.557   1.525         
 0602   495  15.917   1.743         
 0603   495  18.111   1.320         
 0604   495  18.446   1.625         
 0605   495  17.979   1.343         
 0606   495  18.520   1.478         
 0607   495  12.782   0.900         
 0608   495  16.921   1.111         
 0609   495  18.013   2.143         
 0610   495  16.259  -0.066         
 0611   495  18.285   2.075         
 0612   495  17.728   1.219         
 0613   495  16.599   1.285         
 0614   495  18.492   1.382         
 0615   495  17.891   1.476         
 0616   495  15.777   1.317         
 0617   495  17.354   1.025         
 0618   495  18.255   1.708         
 0619   495  13.297   0.555         
 0620   495  18.011   1.537         
 0621   495  17.347   1.013         
 0622   495  17.206   1.324         
 0623   495  18.132   1.545         
 0624   495  16.044   2.545         
 0625   495  16.726   1.051         
 0626   495  16.011   1.882         
 0627   495  18.179   1.992         
 0628   495  16.081   0.986         
 0629   495  17.793   1.689         
 0630   495  16.435   1.234         
 0631   495  17.218   1.094         
 0632   495  18.024   2.068         
 0633   495  16.031   1.194         
 0634   495  17.130   1.634         
 0635   495  18.573   1.928         
 0636   495  16.291   1.416         
 0637   495  18.436   1.380         
 0638   495  17.870   1.663         
 0639   495  16.945   1.884         
 0640   495  13.270   1.692         
 0641   495  18.457   1.840         
 0642   495  18.035   2.839         
 0643   495  14.176   1.551         
 0644   495  16.064   1.074         
 0645   495  16.675   1.774         
 0646   495  16.453   1.000         
 0647   495  16.892   1.039         
 0648   495  17.001   1.408         
 0649   495  15.050   1.172         
 0650   495  16.337   2.803         
 0651   495  16.028   1.206         
 0652   495  18.360   1.363         
 0653   495  16.935   2.079         
 0654   495  17.015   2.783         
 0655   495  17.078   2.107         
 0656   495  17.161   1.285         
 0657   495  17.727   1.349         
 0658   495  17.745   1.848         
 0659   495  16.644   1.933         
 0660   495  18.520   1.416         
 0661   495  16.331   1.174         
 0662   495  18.619   1.549         
 0663   495  17.437   1.246         
 0664   495  18.198   1.190         
 0665   495  16.335   0.877         
 0666   495  17.002   2.174         
 0667   495  16.277   1.155         
 0668   495  16.968   2.137         
 0669   495  18.129   1.775         
 0670   495  17.260   1.244         
 0671   495  17.476   1.532         
 0672   495  17.144   1.514         
 0673   495  13.813   0.642         
 0674   495  17.323   1.715         
 0675   495  17.867   1.613         
 0676   495  17.574   1.350         
 0677   495  18.092   1.250         
 0678   495  17.397   2.720         
 0679   495  17.013   3.201         
 0680   495  18.539   1.617         
 0681   495  18.048   1.450         
 0682   495  18.797   1.764         
 0683   495  18.013   1.547         
 0684   495  15.964   1.136         
 0685   495  17.651   1.462         
 0686   495  17.642   2.070         
 0687   495  17.189   1.105         
 0688   495  18.423   1.608         
 0689   495  17.880   1.633         
 0690   495  18.043   1.284         
 0691   495  16.725   1.379         
 0692   495  17.118   2.357         
 0693   495  16.877   1.067         
 0694   495  15.221   1.767         
 0695   495  17.867   1.283         
 0696   495  15.758   1.858         
 0697   495  16.903   1.404         
 0698   495  16.005   1.121         
 0699   495  17.731   1.749         
 0700   495  18.225   1.442         
 0701   495  17.546   1.363         
 0702   495  18.109   1.950         
 0703   495  14.249   1.811         
 0704   495  17.456   1.438         
 0705   495  18.223   1.942         
 0706   495  17.299   1.591         
 0707   495  13.628   1.500         
 0708   495  17.354   1.407         
 0709   495  16.778   1.203         
 0710   495  18.455   1.615         
 0711   495  15.969   2.079         
 0712   495  17.907   1.603         
 0713   495  18.443   1.900         
 0714   495  18.012   1.734         
 0715   495  17.718   1.303         
 0716   495  16.269   1.227         
 0717   495  17.407   1.642         
 0718   495  17.743   1.786         
 0719   495  16.486   2.029         
 0720   495  18.827  -0.229         
 0721   495  17.499   1.348         
 0722   495  16.841   0.325         
 0723   495  14.108   0.990         
 0724   495  14.428   0.721         
 0725   495  16.797   1.399         
 0726   495  16.815   1.059         
 0727   495  16.431   1.338         
 0728   495  17.242   1.387         
 0729   495  15.652   1.840         
 0730   495  13.948   0.832         
 0731   495  17.585   3.208         
 0732   495  17.518   1.722         
 0733   495  17.985   1.472         
 0734   495  17.669   1.380         
 0735   495  16.850   2.896         
 0736   495  18.191   1.361         
 0737   495  16.262   2.041         
 0738   495  16.781   2.815         
 0739   495  18.397   2.502         
 0740   495  15.652   1.024         
 0741   495  18.644   1.579         
 0742   495  17.478   1.447         
 0743   495  17.480   1.474         
 0744   495  15.716   1.652         
 0745   495  16.886   1.156         
 0746   495  16.723   1.100         
 0747   495  17.477   1.219         
 0748   495  18.017   1.269         
 0749   495  16.967   1.841         
 0750   495  18.175   1.325         
 0751   495  14.851   1.034         
 0752   495  18.586   1.469         
 0753   495  17.224   1.625         
 0754   495  15.683   1.449         
 0755   495  17.736   1.137         
 0756   495  18.168   1.795         
 0757   495  17.021   1.127         
 0758   495  17.762   1.324         
 0759   495  16.151   0.966         
 0760   495  16.634   2.193         
 0761   495  18.732   1.010         
 0762   495  18.275   1.625         
 0763   495  16.959   1.185         
 0764   495  17.736   1.171         
 0765   495  18.813   1.263         
 0766   495  16.436   1.250         
 0767   495  16.858   1.289         
 0768   495  17.373   1.664         
 0769   495  16.828   1.217         
 0770   495  16.588   1.551         
 0771   495  16.172   1.074         
 0772   495  18.233   2.025         
 0773   495  17.339   1.464         
 0774   495  15.775   1.030         
 0775   495  16.962   2.305         
 0776   495  17.364   1.311         
 0777   495  18.239   1.232         
 0778   495  16.667   2.071         
 0779   495  15.574   1.970         
 0780   495  18.055   1.246         
 0781   495  15.582   0.983         
 0782   495  16.116   1.421         
 0783   495  17.361   2.056         
 0784   495  17.249   1.425         
 0785   495  17.072   1.245         
 0786   495  18.732   2.518         
 0787   495  16.476   2.190         
 0788   495  18.091   1.456         
 0789   495  18.280   2.119         
 0790   495  14.215   0.835         
 0791   495  17.625   1.133         
 0792   495  16.870   1.902         
 0793   495  18.349   1.607         
 0794   495  18.539   1.270         
 0795   495  16.610   1.213         
 0796   495  11.819   0.607         
 0797   495  14.671   1.715         
 0798   495  17.589   1.188         
 0799   495  17.071   1.968         
 0800   495  17.645   1.825         
 0801   495  15.640   2.028         
 0802   495  18.517   1.486         
 0803   495  18.709   0.974         
 0804   495  16.830   1.344         
 0805   495  18.259   1.396         
 0806   495  16.457   2.950         
 0807   495  16.397   1.121         
 0808   495  18.001   1.371         
 0809   495  16.504   1.017         
 0810   495  16.820   2.280         
 0811   495  17.797   1.770         
 0812   495  17.655   1.798         
 0813   495  17.497   1.575         
 0814   495  17.886   1.483         
 0815   495  17.184   1.509         
 0816   495  18.060   1.301         
 0817   495  17.545   1.273         
 0818   495  17.326   1.564         
 0819   495  15.707   1.027         
 0820   495  16.682   1.996         
 0821   495  17.863   1.448         
 0822   495  15.329   1.151         
 0823   495  18.183   1.424         
 0824   495  17.308   1.513         
 0825   495  17.747   1.385         
 0826   495  17.357   2.167         
 0827   495  16.160   1.255         
 0828   495  18.067   1.456         
 0829   495  18.410   1.944         
 0830   495  16.065   1.151         
 0831   495  15.846   2.791         
 0832   495  17.180   1.569         
 0833   495  18.404   1.614         
 0834   495  15.906   0.961         
 0835   495  12.238   0.516         
 0836   495  17.313   0.953         
 0837   495  16.964   1.361         
 0838   495  17.843   1.324         
 0839   495  16.464   1.267         
 0840   495  18.296   1.532         
 0841   495  17.335   1.324         
 0842   495  18.171   1.328         
 0843   495  17.887   1.507         
 0844   495  17.757   1.865         
 0845   495  16.959   1.028         
 0846   495  16.935   1.451         
 0847   495  16.648   1.115         
 0848   495  16.832   2.029         
 0849   495  15.978   1.990         
 0850   495  18.565   1.516         
 0851   495  15.410   2.450         
 0852   495  16.233   1.082         
 0853   495  16.903   1.449         
 0854   495  17.356   1.680         
 0855   495  17.240   1.809         
 0856   495  16.947   1.192         
 0857   495  18.024   1.574         
 0858   495  15.813   2.163         
 0859   495  16.044   1.729         
 0860   495  17.970   1.192         
 0861   495  17.891   1.765         
 0862   495  18.314   1.375         
 0863   495  16.869   1.383         
 0864   495  13.422   0.690         
 0865   495  14.129   1.119         
 0866   495  14.904   1.053         
 0867   495  17.391   2.390         
 0868   495  15.578   1.139         
 0869   495  17.419   2.287         
 0870   495  18.035   2.054         
 0871   495  17.934   1.265         
 0872   495  17.676   1.106         
 0873   495  16.256   1.164         
 0874   495  15.599   1.230         
 0875   495  16.350   1.003         
 0876   495  17.129   1.432         
 0877   495  17.538   1.574         
 0878   495  18.398   1.661         
 0879   495  17.223   1.465         
 0880   495  18.393   0.907         
 0881   495  18.264   1.345         
 0882   495  17.781   1.139         
 0883   495  17.411   1.282         
 0884   495  16.917   2.142         
 0885   495  16.212   1.739         
 0886   495  17.732   1.287         
 0887   495  17.351   1.439         
 0888   495  16.961   1.141         
 0889   495  17.375   1.389         
 0890   495  18.195   1.421         
 0891   495  15.179   1.128         
 0892   495  17.116   2.181         
 0893   495  17.013   1.629         
 0894   495  18.035   1.731         
 0895   495  17.175   1.066         
 0896   495  17.977   1.870         
 0897   495  15.103   1.061         
 0898   495  17.805   1.414         
 0899   495  17.446   1.995         
 0900   495  16.063   2.348         
 0901   495  16.856   1.250         
 0902   495  16.041   2.209         
 0903   495  15.884   2.467         
 0904   495  19.043   1.047         
 0905   495  17.112   1.281         
 0906   495  17.391   1.620         
 0907   495  15.822   1.037         
 0908   495  18.131   1.404         
 0909   495  17.137   2.216         
 0910   495  17.747   1.345         
 0911   495  18.746   1.335         
 0912   495  16.132   1.960         
 0913   495  18.328   1.565         
 0914   495  18.624   1.223         
 0915   495  16.549   1.137         
 0916   495  16.897   1.529         
 0917   495  17.786   1.348         
 0918   495  16.827   1.190         
 0919   495  17.626   1.270         
 0920   495  17.355   2.200         
 0921   495  17.010   2.016         
 0922   495  18.469   1.462         
 0923   495  17.899   1.413         
 0924   495  17.235   1.183         
 0925   495  17.787   1.029         
 0926   495  16.888   1.212         
 0927   495  17.335   1.617         
 0928   495  17.623   1.471         
 0929   495  15.110   0.858         
 0930   495  18.512   1.342         
 0931   495  17.029   1.761         
 0932   495  17.672   1.286         
 0933   495  18.112   2.069         
 0934   495  16.676   1.193         
 0935   495  17.225   1.877         
 0936   495  17.713   1.597         
 0937   495  17.328   1.446         
 0938   495  16.272   1.208         
 0939   495  16.922   1.272         
 0940   495  15.864   1.015         
 0941   495  18.247   1.959         
 0942   495  18.196   1.333         
 0943   495  16.249   2.219         
 0944   495  18.030   1.637         
 0945   495  18.102   1.604         
 0946   495  17.676   2.590         
 0947   495  15.456   2.431         
 0948   495  15.493   0.823         
 0949   495  16.789   1.311         
 0950   495  17.730   1.875         
 0951   495  17.158   1.434         
 0952   495  15.608   0.703         
 0953   495  15.489   0.900         
 0954   495  18.151   1.499         
 0955   495  15.425   1.259         
 0956   495  15.082   1.867         
 0957   495  17.531   1.656         
 0958   495  18.069   1.642         
 0959   495  17.618   2.340         
 0960   495  17.734   1.528         
 0961   495  16.018   1.029         
 0962   495  16.764   2.355         
 0963   495  15.878   1.980         
 0964   495  17.666   2.107         
 0965   495  14.698   0.861         
 0966   495  16.441   1.154         
 0967   495  18.101   1.266         
 0968   495  18.424   1.372         
 0969   495  16.250   1.492         
 0970   495  16.748   1.293         
 0971   495  17.084   1.209         
 0972   495  17.306   1.352         
 0973   495  17.820   1.206         
 0974   495  16.327   1.376         
 0975   495  17.501   1.460         
 0976   495  18.370   1.229         
 0977   495  18.612   1.910         
 0978   495  18.057   1.592         
 0979   495  17.073   0.670         
 0980   495  16.793   1.008         
 0981   495  17.635   1.502         
 0982   495  16.800   2.273         
 0983   495  16.776   1.192         
 0984   495  17.673   1.173         
 0985   495  18.608   1.644         
 0986   495  17.016   1.117         
 0987   495  14.448   0.878         
 0988   495  18.427   1.294         
 0989   495  18.092   1.711         
 0990   495  16.675   1.655         
 0991   495  17.767   2.331         
 0992   495  16.739   2.929         
 0993   495  18.457   1.464         
 0994   495  16.003   1.134         
 0995   495  17.677   1.308         
 0996   495  16.931   1.506         
 0997   495  18.022   1.898         
 0998   495  15.819   1.515         
 0999   495  18.333   1.326         
 1000   495  14.106   0.704         
 1001   495  18.667   1.270         
 1002   495  17.615   1.192         
 1003   495  17.443   2.226         
 1004   495  17.287   2.119         
 1005   495  17.309   1.212         
 1006   495  16.535   1.156         
 1007   495  17.558   1.199         
 1008   495  16.262   0.893         
 1009   495  16.772   1.277         
 1010   495  14.889   0.978         
 1011   495  17.793   1.627         
 1012   495  17.168   1.122         
 1013   495  15.048   1.064         
 1014   495  16.430   1.146         
 1015   495  17.639   1.239         
 1016   495  16.009   0.908         
 1017   495  16.049   1.112         
 1018   495  17.556   1.461         
 1019   495  17.294   1.348         
 1020   495  18.126   1.703         
 1021   495  18.054   1.417         
 1022   495  16.746   1.494         
 1023   495  17.264   1.227         
 1024   495  17.326   2.398         
 1025   495  18.894   2.063         
 1026   495  17.763   1.452         
 1027   495  16.337   1.090         
 1028   495  17.411   1.488         
 1029   495  18.661   1.136         
 1030   495  14.750   2.088         
 1031   495  17.599   2.222         
 1032   495  17.411   1.260         
 1033   495  15.327   0.939         
 1034   495  16.885   2.064         
 1035   495  18.493   1.407         
 1036   495  17.211   1.409         
 1037   495  18.227   1.902         
 1038   495  17.434   1.906         
 1039   495  17.126   2.789         
 1040   495  17.512   2.373         
 1041   495  16.670   1.280         
 1042   495  17.354   1.448         
 1043   495  16.116   1.468         
 1044   495  15.432   1.946         
 1045   495  16.344   2.155         
 1046   495  17.499   2.391         
 1047   495  18.086   1.719         
 1048   495  17.749   1.347         
 1049   495  16.666   1.511         
 1050   495  18.009   1.209         
 1051   495  17.386   3.126         
 1052   495  16.992   2.624         
 1053   495  12.421   1.909         
 1054   495  17.986   1.525         
 1055   495  17.502   1.588         
 1056   495  18.240   1.391         
 1057   495  17.456   1.738         
 1058   495  16.065   1.021         
 1059   495  15.224   1.189         
 1060   495  17.882   1.465         
 1061   495  17.374   2.107         
 1062   495  17.597   0.705         
 1063   495  15.817   1.180         
 1064   495  17.982   1.222         
 1065   495  17.331   1.080         
 1066   495  16.107   1.154         
 1067   495  16.306   1.211         
 1068   495  16.515   1.118         
 1069   495  14.229   0.741         
 1070   495  17.196   2.284         
 1071   495  16.374   1.068         
 1072   495  18.712   1.466         
 1073   495  18.286   0.485         
 1074   495  17.284   1.859         
 1075   495  17.475   1.504         
 1076   495  18.838   1.199         
 1077   495  18.436   1.295         
 1078   495  17.720   2.687         
 1079   495  14.674   1.609         
 1080   495  17.250   2.041         
 1081   495  17.287   1.970         
 1082   495  18.606   1.273         
 1083   495  17.599   1.454         
 1084   495  17.650   1.450         
 1085   495  16.521   2.107         
 1086   495  17.318   1.696         
 1087   495  15.007   1.828         
 1088   495  18.345   1.686         
 1089   495  18.073   2.241         
 1090   495  16.235   1.415         
 1091   495  17.767   1.383         
 1092   495  16.526   1.123         
 1093   495  15.409   2.128         
 1094   495  18.218   0.518         
 1095   495  16.617   1.297         
 1096   495  18.146   1.672         
 1097   495  17.408   1.496         
 1098   495  17.178   1.258         
 1099   495  18.224   1.455         
 1100   495  17.006   1.309         
 1101   495  18.168   1.509         
 1102   495  15.347   0.883         
 1103   495  17.873   1.725         
 1104   495  15.111   1.066         
 1105   495  18.239   1.583         
 1106   495  16.613   1.587         
 1107   495  17.465   1.256         
 1108   495  17.637   1.964         
 1109   495  16.821   1.380         
 1110   495  16.092   1.094         
 1111   495  17.342   1.434         
 1112   495  17.064   2.271         
 1113   495  17.530   1.809         
 1114   495  16.870   1.330         
 1115   495  18.125   1.416         
 1116   495  18.232   1.328         
 1117   495  17.563   1.532         
 1118   495  17.237   2.399         
 1119   495  16.092   1.171         
 1120   495  17.457   1.661         
 1121   495  14.594   0.736         
 1122   495  17.826   1.310         
 1123   495  17.874   1.530         
 1124   495  18.309   1.276         
 1125   495  14.422   0.759         
 1126   495  16.556   1.087         
 1127   495  18.207   1.419         
 1128   495  14.325   1.107         
 1129   495  16.556   1.389         
 1130   495  17.267   1.286         
 1131   495  14.934   2.285         
 1132   495  17.541   1.648         
 1133   495  18.373   2.058         
 1134   495  16.176   0.800         
 1135   495  17.247   1.257         
 1136   495  17.700   1.250         
 1137   495  17.765   1.535         
 1138   495  16.113   1.408         
 1139   495  18.488   1.839         
 1140   495  17.022   1.128         
 1141   495  18.636   1.219         
 1142   495  18.585   1.136         
 1143   495  14.910   1.711         
 1144   495  17.807   1.704         
 1145   495  17.070   1.177         
 1146   495  17.114   1.390         
 1147   495  16.377   1.951         
 1148   495  17.654   1.713         
 1149   495  13.631   1.547         
 1150   495  15.294   0.937         
 1151   495  17.498   1.706         
 1152   495  16.668   0.181         
 1153   495  18.065   1.656         
 1154   495  16.793   1.290         
 1155   495  15.293   1.093         
 1156   495  17.919   1.600         
 1157   495  16.583   1.272         
 1158   495  17.615   1.087         
 1159   495  15.864   1.199         
 1160   495  17.982   1.550         
 1161   495  14.800   0.939         
 1162   495  17.393   1.545         
 1163   495  16.980   1.557         
 1164   495  17.611   0.010         
 1165   495  18.160   1.692         
 1166   495  15.546   1.714         
 1167   495  17.624   1.115         
 1168   495  17.852   1.460         
 1169   495  17.191   1.829         
 1170   495  17.661   1.379         
 1171   495  15.217   1.180         
 1172   495  17.821   2.616         
 1173   495  18.312   1.045         
 1174   495  16.057   0.998         
 1175   495  17.629   1.574         
 1176   495  17.677   1.410         
 1177   495  18.276   1.500         
 1178   495  16.347   1.992         
 1179   495  16.573   0.999         
 1180   495  17.286   1.453         
 1181   495  17.285   1.029         
 1182   495  15.801   1.255         
 1183   495  16.369   1.099         
 1184   495  18.289   2.280         
 1185   495  17.053   1.168         
 1186   495  16.625   1.100         
 1187   495  13.823   0.856         
 1188   495  16.727   1.528         
 1189   495  16.133   0.724         
 1190   495  18.051   1.270         
 1191   495  15.857   3.166         
 1192   495  16.027   1.512         
 1193   495  12.061   0.594         
 1194   495  14.338   2.374         
 1195   495  16.444   1.770         
 1196   495  16.703   1.413         
 1197   495  16.700   1.246         
 1198   495  17.582   1.670         
 1199   495  16.812   1.231         
 1200   495  17.827   1.626         
 1201   495  11.685   0.579         
 1202   495  17.087   0.979         
 1203   495  16.318   1.102         
 1204   495  18.762   1.555         
 1205   495  12.597   0.538         
 1206   495  17.583   1.425         
 1207   495  17.116   1.261         
 1208   495  13.905   1.559         
 1209   495  17.489   1.479         
 1210   495  17.048   1.117         
 1211   495  17.844   1.535         
 1212   495  17.477   2.529         
 1213   495  16.647   1.910         
 1214   495  16.567   1.970         
 1215   495  17.901   1.375         
 1216   495  15.260   1.179         
 1217   495  17.133   1.017         
 1218   495  17.679   2.441         
 1219   495  16.743   0.932         
 1220   495  18.579   0.898         
 1221   495  17.406   1.319         
 1222   495  18.514   1.154         
 1223   495  18.561   1.562         
 1224   495  17.192   1.370         
 1225   495  17.645   1.192         
 1226   495  17.635   1.720         
 1227   495  17.253   1.428         
 1228   495  17.806   1.520         
 1229   495  18.098   0.959         
 1230   495  15.808   1.895         
 1231   495  18.137   1.613         
 1232   495  16.288   1.175         
 1233   495  17.913   2.025         
 1234   495  18.350   1.571         
 1235   495  17.542   1.122         
 1236   495  17.084   1.644         
 1237   495  16.911   1.580         
 1238   495  15.913   1.015         
 1239   495  17.914   1.948         
 1240   495  15.778   1.445         
 1241   495  16.895   1.159         
 1242   495  16.904   1.321         
 1243   495  19.115   0.465         
 1244   495  16.447   2.112         
 1245   495  17.897   1.786         
 1246   495  16.625   1.988         
 1247   495  17.438   1.080         
 1248   495  16.798   2.104         
 1249   495  17.870   1.091         
 1250   495  15.994   2.134         
 1251   495  15.937   0.991         
 1252   495  17.177   1.203         
 1253   495  17.079   1.611         
 1254   495  18.172   1.741         
 1255   495  17.893   1.646         
 1256   495  15.721   1.275         
 1257   495  15.535   1.083         
 1258   495  19.742   2.559         
 1259   495  16.063   1.442         
 1260   495  15.699   1.112         
 1261   495  16.885   1.156         
 1262   495  15.922   1.136         
 1263   495  18.539   1.870         
 1264   495  17.661   1.676         
 1265   495  18.234   1.363         
 1266   495  16.608   1.130         
 1267   495  16.976   2.789         
 1268   495  18.245   1.032         
 1269   495  14.703   1.710         
 1270   495  17.847   1.785         
 1271   495  18.757   1.522         
 1272   495  17.131   1.268         
 1273   495  15.688   2.257         
 1274   495  16.576   1.821         
 1275   495  16.638   2.027         
 1276   495  16.932   1.274         
 1277   495  17.660   1.813         
 1278   495  17.170   1.268         
 1279   495  15.638   1.122         
 1280   495  14.727   0.903         
 1281   495  18.287   1.152         
 1282   495  16.970   2.132         
 1283   495  16.494   1.844         
 1284   495  17.112   2.487         
 1285   495  17.930   1.070         
 1286   495  18.465   2.497         
 1287   495  18.557   1.706         
 1288   495  15.747   1.974         
 1289   495  17.913   1.378         
 1290   495  18.006   1.466         
 1291   495  17.700   1.469         
 1292   495  16.716   1.316         
 1293   495  18.593   1.880         
 1294   495  16.008   2.152         
 1295   495  18.200   1.687         
 1296   495  16.256   1.169         
 1297   495  18.320   1.660         
 1298   495  16.134   1.963         
 1299   495  18.768  -0.019         
 1300   495  16.187   1.113         
 1301   495  17.806   1.363         
 1302   495  17.507   1.400         
 1303   495  17.077   1.369         
 1304   495  18.131   1.216         
 1305   495  16.990   0.988         
 1306   495  18.485   1.370         
 1307   495  16.741   1.363         
 1308   495  17.114   1.955         
 1309   495  16.836   1.112         
 1310   495  16.739   0.841         
 1311   495  14.920   1.149         
 1312   495  17.433   1.297         
 1313   495  17.618  -0.132         
 1314   495  17.569   2.387         
 1315   495  17.039   1.015         
 1316   495  15.871   0.994         
 1317   495  15.257   1.019         
 1318   495  17.204   2.231         
 1319   495  17.964   1.512         
 1320   495  17.124   1.246         
 1321   495  16.173   1.442         
 1322   495  17.549   1.722         
 1323   495  17.633   1.409         
 1324   495  16.459   0.969         
 1325   495  16.257   1.105         
 1326   495  18.296   1.389         
 1327   495  17.781   1.228         
 1328   495  14.955   0.919         
 1329   495  17.236   1.473         
 1330   495  15.419   1.180         
 1331   495  18.838   1.417         
 1332   495  17.821   1.650         
 1333   495  17.417   2.337         
 1334   495  15.442   1.156         
 1335   495  16.665   2.196         
 1336   495  17.896   1.360         
 1337   495  16.242   1.935         
 1338   495  16.683   1.164         
 1339   495  17.808   1.773         
 1340   495  17.532   2.220         
 1341   495  18.672   0.844         
 1342   495  18.177   1.426         
 1343   495  19.316   0.944         
 1344   495  18.500   1.307         
 1345   495  18.999   1.471         
 1346   495  17.910   1.480         
 1347   495  17.134   1.339         
 1348   495  18.156   1.642         
 1349   495  17.462   1.311         
 1350   495  15.912   1.104         
 1351   495  11.123   0.870         
 1352   495  17.994   1.555         
 1353   495  17.871   2.587         
 1354   495  17.675   1.094         
 1355   495  18.463   1.606         
 1356   495  17.082   1.166         
 1357   495  18.041   1.713         
 1358   495  18.315   1.748         
 1359   495  13.329   0.861         
 1360   495  16.854   1.861         
 1361   495  17.454   1.169         
 1362   495  18.651   1.243         
 1363   495  17.177   1.449         
 1364   495  17.026   2.322         
 1365   495  15.992   1.142         
 1366   495  17.352   1.252         
 1367   495  17.475   1.599         
 1368   495  17.510   1.401         
 1369   495  16.656   2.034         
 1370   495  16.725   2.136         
 1371   495  16.317   2.941         
 1372   495  17.860   1.474         
 1373   495  14.263   0.682         
 1374   495  16.662   2.138         
 1375   495  17.635   1.475         
 1376   495  17.412   0.854         
 1377   495  16.938   2.389         
 1378   495  18.549   0.630         
 1379   495  18.376   1.569         
 1380   495  15.629   1.111         
 1381   495  17.108   1.282         
 1382   495  18.416   1.374         
 1383   495  18.259   1.532         
 1384   495  17.248   1.148         
 1385   495  17.216   1.420         
 1386   495  17.616   2.160         
 1387   495  17.250   1.235         
 1388   495  17.015   1.545         
 1389   495  16.622   1.304         
 1390   495  16.701   1.813         
 1391   495  17.397   1.314         
 1392   495  17.213   1.150         
 1393   495  14.352   0.734         
 1394   495  17.543   1.594         
 1395   495  17.973   2.853         
 1396   495  16.920   1.258         
 1397   495  17.346   2.109         
 1398   495  16.951   1.384         
 1399   495  18.384   1.197         
 1400   495  16.661   1.014         
 1401   495  17.923   1.465         
 1402   495  18.776   1.597         
 1403   495  17.300   1.058         
 1404   495  17.631   1.663         
 1405   495  17.321   2.240         
 1406   495  17.579   1.204         
 1407   495  17.586   1.273         
 1408   495  17.467   1.104         
 1409   495  16.843   2.139         
 1410   495  18.136   1.744         
 1411   495  17.331   1.246         
 1412   495  18.206   1.347         
 1413   495  14.733   0.803         
 1414   495  17.295   1.114         
 1415   495  16.477   2.139         
 1416   495  17.542   1.462         
 1417   495  17.395   2.462         
 1418   495  18.493   1.237         
 1419   495  16.305   1.507         
 1420   495  18.583   1.032         
 1421   495  14.456   0.993         
 1422   495  16.975   1.352         
 1423   495  17.764   1.330         
 1424   495  18.169   1.424         
 1425   495  17.686   1.123         
 1426   495  16.972   1.303         
 1427   495  18.299   1.583         
 1428   495  13.973   0.919         
 1429   495  12.599   0.450         
 1430   495  16.774   1.316         
 1431   495  16.389   1.021         
 1432   495  17.291   3.190         
 1433   495  17.944   1.277         
 1434   495  17.041   1.369         
 1435   495  18.544   1.130         
 1436   495  15.929   3.175         
 1437   495  17.731   1.487         
 1438   495  18.180   1.852         
 1439   495  17.766   1.644         
 1440   495  17.134   1.217         
 1441   495  17.145   2.384         
 1442   495  16.855   1.326         
 1443   495  18.042   1.434         
 1444   495  13.770   1.586         
 1445   495  18.009   1.461         
 1446   495  15.437   1.177         
 1447   495  17.621   1.564         
 1448   495  16.179   1.863         
 1449   495  16.899   2.231         
 1450   495  16.682   1.570         
 1451   495  16.782   1.096         
 1452   495  18.635   0.948         
 1453   495  18.021   1.835         
 1454   495  18.221   1.297         
 1455   495  18.438   1.477         
 1456   495  17.444   1.502         
 1457   495  18.006   1.610         
 1458   495  16.498   1.159         
 1459   495  17.827   2.050         
 1460   495  17.061   1.135         
 1461   495  17.434   1.380         
 1462   495  17.883   2.007         
 1463   495  16.672   1.887         
 1464   495  16.821   1.277         
 1465   495  15.458   1.570         
 1466   495  16.908   1.236         
 1467   495  16.218   1.185         
 1468   495  17.359   1.459         
 1469   495  17.445   1.241         
 1470   495  17.306   1.523         
 1471   495  17.448   0.957         
 1472   495  18.526   2.401         
 1473   495  17.726   2.096         
 1474   495  17.985   1.401         
 1475   495  16.473   0.894         
 1476   495  18.261   1.610         
 1477   495  15.784   2.289         
 1478   495  16.661   2.045         
 1479   495  17.781   1.893         
 1480   495  17.517   1.546         
 1481   495  19.436  -1.169         
 1482   495  17.411   1.454         
 1483   495  18.026   1.085         
 1484   495  16.784   2.232         
 1485   495  17.419   1.639         
 1486   495  17.882   1.133         
 1487   495  17.815   1.040         
 1488   495  13.801   1.754         
 1489   495  18.246   1.435         
 1490   495  17.011   1.630         
 1491   495  19.317   1.457         
 1492   495  16.233   1.167         
 1493   495  18.373   1.617         
 1494   495  18.031   1.695         
 1495   495  17.121   1.486         
 1496   495  18.428   1.468         
 1497   495  18.371   1.832         
 1498   495  18.112   1.631         
 1499   495  18.424   0.531         
 1500   495  16.309   1.271         
 1501   495  17.376   1.084         
 1502   495  18.091   1.709         
 1503   495  16.338   0.905         
 1504   495  18.128   1.676         
 1505   495  17.939   1.246         
 1506   495  17.879   2.204         
 1507   495  18.076   1.961         
 1508   495  16.916   1.320         
 1509   495  17.308   2.103         
 1510   495  16.718   1.376         
 1511   495  16.343   1.283         
 1512   495  17.097   2.333         
 1513   495  17.850   2.461         
 1514   495  17.277   1.281         
 1515   495  16.787   0.988         
 1516   495  16.298   1.984         
 1517   495  17.432   1.473         
 1518   495  18.478   1.475         
 1519   495  17.305   1.065         
 1520   495  18.259   1.583         
 1521   495  17.814   1.543         
 1522   495  17.306   1.768         
 1523   495  15.516   2.100         
 1524   495  17.708   1.469         
 1525   495  17.119   1.213         
 1526   495  18.213   1.488         
 1527   495  17.493   1.142         
 1528   495  17.253   0.676         
 1529   495  17.754   1.355         
 1530   495  17.293   1.484         
 1531   495  18.627   1.198         
 1532   495  18.207   1.547         
 1533   495  14.530   0.971         
 1534   495  17.844   1.249         
 1535   495  18.317   1.902         
 1536   495  16.466   2.043         
 1537   495  15.258   1.181         
 1538   495  16.934   1.764         
 1539   495  17.015   1.208         
 1540   495  16.303   2.079         
 1541   495  17.324   1.889         
 1542   495  16.860   1.260         
 1543   495  17.613   2.416         
 1544   495  14.212   0.996         
 1545   495  16.857   1.233         
 1546   495  17.137   0.584         
 1547   495  18.790   1.170         
 1548   495  17.662   1.866         
 1549   495  18.051   1.345         
 1550   495  16.864   1.294         
 1551   495  14.830   1.053         
 1552   495  18.362   1.012         
 1553   495  17.892   0.958         
 1554   495  16.474   1.082         
 1555   495  15.784   1.472         
 1556   495  15.728   1.098         
 1557   495  17.951   1.678         
 1558   495  17.449   3.115         
 1559   495  16.131   1.585         
 1560   495  15.942   1.086         
 1561   495  16.567   1.442         
 1562   495  18.137   1.699         
 1563   495  14.931   2.301         
 1564   495  18.317   1.360         
 1565   495  16.674   1.258         
 1566   495  14.924   1.212         
 1567   495  17.753   1.581         
 1568   495  17.946   1.845         
 1569   495  14.607   0.958         
 1570   495  18.369   1.727         
 1571   495  17.753   1.196         
 1572   495  16.240   1.136         
 1573   495  17.209   1.583         
 1574   495  18.074   1.681         
 1575   495  18.512   1.758         
 1576   495  16.738   1.098         
 1577   495  17.998   1.618         
 1578   495  18.215   1.414         
 1579   495  17.215   1.332         
 1580   495  16.524   1.284         
 1581   495  17.306   1.289         
 1582   495  18.112   1.388         
 1583   495  17.038   2.002         
 1584   495  18.465   1.114         
 1585   495  18.208   1.247         
 1586   495  17.895   1.887         
 1587   495  18.346   1.507         
 1588   495  17.012   2.173         
 1589   495  17.399   1.409         
 1590   495  17.794   1.491         
 1591   495  16.679   1.241         
 1592   495  17.522   1.404         
 1593   495  16.337   1.098         
 1594   495  14.337   0.950         
 1595   495  17.906   1.361         
 1596   495  17.640   1.952         
 1597   495  16.642   1.165         
 1598   495  16.404   3.015         
 1599   495  18.268   1.335         
 1600   495  17.380   1.441         
 1601   495  17.052   2.296         
 1602   495  17.482   1.421         
 1603   495  16.664   1.382         
 1604   495  17.376   1.713         
 1605   495  17.663   1.353         
 1606   495  17.378   1.362         
 1607   495  16.739   1.095         
 1608   495  17.443   0.826         
 1609   495  15.092   1.727         
 1610   495  17.291   1.486         
 1611   495  17.140   1.327         
 1612   495  17.676   1.317         
 1613   495  17.744   1.450         
 1614   495  17.293   2.172         
 1615   495  15.374   1.097         
 1616   495  16.218   1.040         
 1617   495  16.023   2.397         
 1618   495  17.495   1.582         
 1619   495  18.014   1.870         
 1620   495  17.010   1.495         
 1621   495  17.201   1.207         
 1622   495  17.476   1.966         
 1623   495  16.255   2.043         
 1624   495  17.670   2.208         
 1625   495  16.408   1.870         
 1626   495  18.116   1.614         
 1627   495  15.745   1.928         
 1628   495  12.522   1.369         
 1629   495  15.907   1.123         
 1630   495  17.754   1.296         
 1631   495  18.339   1.602         
 1632   495  16.119   1.151         
 1633   495  15.721   1.118         
 1634   495  18.586   1.471         
 1635   495  18.380   1.372         
 1636   495  18.636   1.689         
 1637   495  17.089   1.314         
 1638   495  17.554   1.248         
 1639   495  16.790   1.858         
 1640   495  14.960   1.015         
 1641   495  15.041   2.046         
 1642   495  16.704   0.871         
 1643   495  16.159   1.383         
 1644   495  17.085   1.347         
 1645   495  16.923   1.220         
 1646   495  15.716   2.125         
 1647   495  18.015   1.399         
 1648   495  15.315   1.142         
 1649   495  17.288   1.578         
 1650   495  16.097   2.123         
 1651   495  17.266   2.140         
 1652   495  17.640   1.153         
 1653   495  17.243   1.504         
 1654   495  15.371   0.957         
 1655   495  16.638   1.502         
 1656   495  16.389   0.935         
 1657   495  13.030   0.683         
 1658   495  16.650   2.080         
 1659   495  16.554   1.255         
 1660   495  16.277   1.255         
 1661   495  17.024   1.468         
 1662   495  18.113   2.219         
 1663   495  12.955   0.662         
 1664   495  15.714   0.936         
 1665   495  17.706   1.282         
 1666   495  16.517   1.668         
 1667   495  18.157   1.299         
 1668   495  17.366   1.361         
 1669   495  16.059   1.966         
 1670   495  18.494   1.317         
 1671   495  16.203   1.309         
 1672   495  17.824   1.844         
 1673   495  16.992   1.255         
 1674   495  17.023   1.400         
 1675   495  17.772   1.179         
 1676   495  16.245   1.265         
 1677   495  17.075   1.925         
 1678   495  18.809   1.430         
 1679   495  18.384   1.433         
 1680   495  15.752   0.899         
 1681   495  18.571   1.436         
 1682   495  18.136   1.297         
 1683   495  14.628   1.665         
 1684   495  17.765   1.322         
 1685   495  17.955   1.518         
 1686   495  17.426   1.476         
 1687   495  16.250   1.821         
 1688   495  17.677   2.175         
 1689   495  17.849   1.617         
 1690   495  14.933   2.627         
 1691   495  18.270   1.504         
 1692   495  16.443   1.359         
 1693   495  17.088   1.323         
 1694   495  17.646   1.515         
 1695   495  15.898   1.124         
 1696   495  16.131   1.752         
 1697   495  17.828   1.359         
 1698   495  18.198   0.926         
 1699   495  15.906   2.116         
 1700   495  17.175   1.029         
 1701   495  16.479   1.926         
 1702   495  15.043   1.304         
 1703   495  17.348   1.814         
 1704   495  16.564   2.021         
 1705   495  17.721   1.225         
 1706   495  17.608   2.097         
 1707   495  17.374   1.567         
 1708   495  17.306   0.421         
 1709   495  16.601   1.176         
 1710   495  18.273   1.961         
 1711   495  14.821   1.162         
 1712   495  18.311   1.401         
 1713   495  17.791   1.535         
 1714   495  16.028   2.183         
 1715   495  17.705   0.580         
 1716   495  18.730   1.559         
 1717   495  13.833   1.575         
 1718   495  17.918   1.380         
 1719   495  17.324   1.234         
 1720   495  16.397   1.167         
 1721   495  13.794   0.828         
 1722   495  16.500   2.020         
 1723   495  17.688   2.133         
 1724   495  15.255   1.000         
 1725   495  18.113   2.413         
 1726   495  17.850   1.761         
 1727   495  18.814   2.035         
 1728   495  18.086   1.719         
 1729   495  17.258   1.193         
 1730   495  18.130   2.763         
 1731   495  16.425   1.172         
 1732   495  16.022   1.165         
 1733   495  15.368   1.051         
 1734   495  17.484   1.350         
 1735   495  17.078   1.841         
 1736   495  16.357   1.517         
 1737   495  16.876   1.526         
 1738   495  16.683   1.147         
 1739   495  17.174   1.509         
 1740   495  14.060   1.952         
 1741   495  17.128   2.435         
 1742   495  17.554   1.482         
 1743   495  17.622   1.086         
 1744   495  17.540   2.241         
 1745   495  16.980   1.369         
 1746   495  17.011   2.069         
 1747   495  16.012   1.893         
 1748   495  17.483   1.392         
 1749   495  17.226   1.991         
 1750   495  16.958   1.380         
 1751   495  17.776   2.254         
 1752   495  18.519   1.913         
 1753   495  16.266   1.313         
 1754   495  17.650   2.457         
 1755   495  17.925   1.654         
 1756   495  17.562   1.596         
 1757   495  17.968   2.389         
 1758   495  18.131   1.413         
 1759   495  17.112   2.230         
 1760   495  16.833   2.342         
 1761   495  16.941   1.275         
 1762   495  13.800   0.812         
 1763   495  17.659   1.277         
 1764   495  17.955   1.742         
 1765   495  17.148   2.208         
 1766   495  18.136   1.351         
 1767   495  15.861   2.079         
 1768   495  17.038   1.447         
 1769   495  18.181   1.580         
 1770   495  16.176   1.609         
 1771   495  18.566   1.846         
 1772   495  17.588   2.218         
 1773   495  14.282   0.950         
 1774   495  18.317   1.938         
 1775   495  15.082   1.487         
 1776   495  16.980   1.363         
 1777   495  17.233   2.249         
 1778   495  15.303   2.488         
 1779   495  18.169   1.153         
 1780   495  16.112   1.779         
 1781   495  17.494   1.707         
 1782   495  16.835   1.272         
 1783   495  16.995   2.058         
 1784   495  18.187   1.165         
 1785   495  18.694   1.533         
 1786   495  18.483   2.067         
 1787   495  14.382   0.374         
 1788   495  18.916   1.639         
 1789   495  17.549   1.222         
 1790   495  15.611   1.139         
 1791   495  16.806   2.580         
 1792   495  17.215   1.733         
 1793   495  15.109   1.275         
 1794   495  17.950   1.405         
 1795   495  17.914   1.487         
 1796   495  17.760   1.455         
 1797   495  17.762   1.175         
 1798   495  16.028   1.145         
 1799   495  18.084   1.304         
 1800   495  17.520   1.474         
 1801   495  16.892   1.680         
 1802   495  16.374   2.408         
 1803   495  17.752   1.395         
 1804   495  16.822   2.103         
 1805   495  15.117   1.099         
 1806   495  15.644   1.078         
 1807   495  17.608   1.792         
 1808   495  14.403   1.676         
 1809   495  16.733   2.113         
 1810   495  17.412   1.275         
 1811   495  11.986   0.644         
 1812   495  18.576   2.073         
 1813   495  17.938   1.667         
 1814   495  18.549   1.826         
 1815   495  18.016   1.769         
 1816   495  16.110   1.273         
 1817   495  17.258   1.614         
 1818   495  18.323   1.171         
 1819   495  17.746   1.233         
 1820   495  17.710   2.132         
 1821   495  16.292   1.233         
 1822   495  18.312   1.220         
 1823   495  17.505   1.276         
 1824   495  17.980   1.282         
 1825   495  17.770   1.468         
 1826   495  17.852   1.695         
 1827   495  18.465   1.110         
 1828   495  17.038   1.191         
 1829   495  17.406   1.477         
 1830   495  17.581   1.572         
 1831   495  13.807   1.658         
 1832   495  15.826   1.108         
 1833   495  17.686   1.530         
 1834   495  17.286   2.258         
 1835   495  18.413   1.237         
 1836   495  15.292   1.914         
 1837   495  14.476   0.934         
 1838   495  13.749   0.629         
 1839   495  17.726   2.018         
 1840   495  16.725   1.203         
 1841   495  16.083   1.105         
 1842   495  16.636   1.122         
 1843   495  15.830   2.614         
 1844   495  16.725   1.286         
 1845   495  16.277   1.904         
 1846   495  17.613   1.260         
 1847   495  17.021   1.467         
 1848   495  16.754   1.309         
 1849   495  17.231   2.296         
 1850   495  17.489   1.614         
 1851   495  16.526   2.799         
 1852   495  16.267   1.724         
 1853   495  18.420   1.494         
 1854   495  17.271   2.102         
 1855   495  17.768   1.652         
 1856   495  16.682   1.802         
 1857   495  17.213   1.221         
 1858   495  18.122   1.054         
 1859   495  17.108   1.522         
 1860   495  14.709   0.994         
 1861   495  15.853   1.065         
 1862   495  17.456   2.317         
 1863   495  17.661   1.428         
 1864   495  17.689   1.339         
 1865   495  17.448   1.881         
 1866   495  16.195   1.178         
 1867   495  17.588   2.512         
 1868   495  15.777   1.121         
 1869   495  17.744   1.540         
 1870   495  15.868   1.289         
 1871   495  17.086   1.549         
 1872   495  17.788   1.402         
 1873   495  17.306   2.259         
 1874   495  15.065   0.930         
 1875   495  17.647   1.426         
 1876   495  16.498   1.103         
 1877   495  17.947   1.204         
 1878   495  17.307   1.365         
 1879   495  17.489   1.337         
 1880   495  16.814   2.131         
 1881   495  17.506   1.402         
 1882   495  18.175   1.211         
 1883   495  17.545   1.394         
 1884   495  16.962   1.330         
 1885   495  17.230   1.367         
 1886   495  15.629   1.117         
 1887   495  18.019   1.189         
 1888   495  16.753   2.025         
 1889   495  17.105   1.315         
 1890   495  18.895   0.774         
 1891   495  17.750   1.466         
 1892   495  15.221   1.240         
 1893   495  18.081   1.710         
 1894   495  18.165   1.709         
 1895   495  18.401   1.586         
 1896   495  18.144   1.512         
 1897   495  17.037   1.578         
 1898   495  16.745   1.538         
 1899   495  16.821   1.903         
 1900   495  18.211   1.834         
 1901   495  17.358   2.563         
 1902   495  17.169   1.338         
 1903   495  16.025   1.878         
 1904   495  17.909   1.520         
 1905   495  17.656   1.332         
 1906   495  14.715   1.877         
 1907   495  15.499   1.854         
 1908   495  15.733   1.945         
 1909   495  18.178   1.758         
 1910   495  14.740   2.504         
 1911   495  15.714   2.008         
 1912   495  16.528   1.166         
 1913   495  17.672   1.304         
 1914   495  16.728   1.187         
 1915   495  16.902   1.169         
 1916   495  16.334   1.987         
 1917   495  16.986   2.385         
 1918   495  17.488   1.136         
 1919   495  17.215   1.316         
 1920   495  16.504   1.152         
 1921   495  16.970   1.274         
 1922   495  17.828   1.264         
 1923   495  18.232   1.777         
 1924   495  17.065   1.425         
 1925   495  15.761   1.095         
 1926   495  18.550   1.692         
 1927   495  17.040   2.884         
 1928   495  18.019   1.637         
 1929   495  17.506   2.290         
 1930   495  17.482   1.384         
 1931   495  18.620   1.327         
 1932   495  16.296   2.293         
 1933   495  17.930   4.479         
 1934   495  17.530   2.478         
 1935   495  17.916   1.310         
 1936   495  16.818   1.244         
 1937   495  18.136   1.409         
 1938   495  15.662   0.923         
 1939   495  16.796   1.877         
 1940   495  17.853   1.513         
 1941   495  18.004   1.899         
 1942   495  15.497   1.188         
 1943   495  15.081   1.122         
 1944   495  17.868   1.446         
 1945   495  15.432   1.300         
 1946   495  18.648   1.471         
 1947   495  12.347   2.153         
 1948   495  16.676   1.383         
 1949   495  16.932   1.179         
 1950   495  17.395   2.051         
 1951   495  16.159   2.379         
 1952   495  17.527   1.430         
 1953   495  16.938   1.466         
 1954   495  14.996   1.101         
 1955   495  18.043   1.986         
 1956   495  15.980   2.277         
 1957   495  17.228   1.442         
 1958   495  17.637   1.203         
 1959   495  15.707   2.587         
 1960   495  17.411   1.256         
 1961   495  17.881   1.393         
 1962   495  16.579   1.129         
 1963   495  17.749   1.342         
 1964   495  16.072   2.084         
 1965   495  15.252   1.170         
 1966   495  17.154   1.450         
 1967   495  16.507   1.181         
 1968   495  17.194   1.320         
 1969   495  15.110   1.164         
 1970   495  17.480   2.383         
 1971   495  18.099   1.347         
 1972   495  18.420   2.342         
 1973   495  16.065   1.298         
 1974   495  16.901   1.121         
 1975   495  17.380   1.366         
 1976   495  18.141   1.433         
 1977   495  16.808   2.326         
 1978   495  15.966   1.121         
 1979   495  13.873   0.638         
 1980   495  15.879   2.665         
 1981   495  17.290   1.760         
 1982   495  17.279   1.307         
 1983   495  16.765   1.326         
 1984   495  18.609   1.608         
 1985   495  17.934   2.445         
 1986   495  16.632   1.247         
 1987   495  17.573   1.234         
 1988   495  17.884   1.274         
 1989   495  17.587   2.192         
 1990   495  17.680   2.098         
 1991   495  14.080   0.795         
 1992   495  18.235   1.635         
 1993   495  18.775   1.228         
 1994   495  17.437   1.418         
 1995   495  17.140   2.246         
 1996   495  16.631   2.661         
 1997   495  17.860   1.467         
 1998   495  17.908   0.804         
 1999   495  15.961   2.325         
 2000   495  15.929   1.362         
 2001   495  18.192   1.645         
 2002   495  17.825   1.785         
 2003   495  18.305   1.521         
 2004   495  17.256   1.331         
 2005   495  17.975   2.316         
 2006   495  17.884   1.546         
 2007   495  18.077   1.796         
 2008   495  16.348   2.451         
 2009   495  16.191   1.770         
 2010   495  17.877   2.586         
 2011   495  16.787   2.202         
 2012   495  14.614   1.352         
 2013   495  18.258   1.696         
 2014   495  18.287   1.540         
 2015   495  16.421   2.701         
 2016   495  16.703   2.228         
 2017   495  12.766   0.659         
 2018   495  17.105   2.160         
 2019   495  16.786   1.117         
 2020   495  16.620   1.648         
 2021   495  18.540   1.353         
 2022   495  15.414   2.560         
 2023   495  17.753   1.520         
 2024   495  17.916   1.364         
 2025   495  17.600   2.216         
 2026   495  15.538   1.113         
 2027   495  17.818   1.547         
 2028   495  17.992   1.298         
 2029   495  18.478   1.784         
 2030   495  15.520   1.031         
 2031   495  16.012   1.976         
 2032   495  17.640   2.502         
 2033   495  18.359   1.617         
 2034   495  16.430   2.046         
 2035   495  17.139   2.163         
 2036   495  17.296   1.182         
 2037   495  17.590   1.343         
 2038   495  15.863   1.049         
 2039   495  17.700   2.011         
 2040   495  15.621   0.997         
 2041   495  14.812   0.917         
 2042   495  17.548   1.727         
 2043   495  16.829   1.164         
 2044   495  16.323   2.415         
 2045   495  17.652   2.225         
 2046   495  18.272   1.957         
 2047   495  17.841   1.144         
 2048   495  17.468   1.103         
 2049   495  18.214   1.229         
 2050   495  17.581  -0.014         
 2051   495  18.180   2.628         
 2052   495  16.548   2.530         
 2053   495  16.595   1.228         
 2054   495  18.045   1.139         
 2055   495  17.649   2.754         
 2056   495  15.637   1.075         
 2057   495  17.346   1.288         
 2058   495  17.191   1.150         
 2059   495  14.967   1.588         
 2060   495  17.666   1.440         
 2061   495  16.102   1.202         
 2062   495  17.961   1.401         
 2063   495  17.860   1.654         
 2064   495  18.525   1.093         
 2065   495  15.988   1.118         
 2066   495  16.324   1.230         
 2067   495  17.179   1.297         
 2068   495  15.319   1.739         
 2069   495  14.280   1.103         
 2070   495  16.865   2.236         
 2071   495  16.088   0.792         
 2072   495  17.361   2.246         
 2073   495  18.069   1.094         
 2074   495  15.126   0.966         
 2075   495  18.501   1.481         
 2076   495  16.074   1.332         
 2077   495  16.839   1.073         
 2078   495  17.155   1.212         
 2079   495  16.421   1.220         
 2080   495  15.834   2.611         
 2081   495  15.464   0.830         
 2082   495  17.099   1.333         
 2083   495  18.055   1.311         
 2084   495  14.367   1.020         
 2085   495  17.926   1.523         
 2086   495  18.446   1.333         
 2087   495  17.439   2.011         
 2088   495  18.008   1.660         
 2089   495  17.042   2.253         
 2090   495  17.738   1.459         
 2091   495  16.092   0.051         
 2092   495  15.684   2.338         
 2093   495  18.676   1.749         
 2094   495  17.036   2.414         
 2095   495  17.600   1.586         
 2096   495  16.712   1.228         
 2097   495  16.492   1.317         
 2098   495  16.336   2.803         
 2099   495  17.870   0.508         
 2100   495  15.485   1.159         
 2101   495  15.927   1.215         
 2102   495  17.139   1.355         
 2103   495  18.294   1.425         
 2104   495  16.978   1.118         
 2105   495  17.324   1.240         
 2106   495  16.169   0.752         
 2107   495  15.436   1.955         
 2108   495  16.645   1.450         
 2109   495  18.006   1.046         
 2110   495  15.435   2.436         
 2111   495  17.551   1.284         
 2112   495  17.698   1.494         
 2113   495  16.752   1.366         
 2114   495  17.572   1.327         
 2115   495  18.358   1.715         
 2116   495  17.300   1.440         
 2117   495  15.584   0.990         
 2118   495  16.086   1.087         
 2119   495  11.202   3.384         
 2120   495  18.247   1.293         
 2121   495  17.945   1.730         
 2122   495  12.565   0.739         
 2123   495  17.143   2.479         
 2124   495  15.964   1.409         
 2125   495  17.236   2.070         
 2126   495  15.245   1.079         
 2127   495  18.437   1.343         
 2128   495  16.710   3.179         
 2129   495  17.191   1.427         
 2130   495  17.439   2.304         
 2131   495  17.736   1.227         
 2132   495  16.344   1.650         
 2133   495  18.627   1.359         
 2134   495  15.450   1.225         
 2135   495  16.008   1.315         
 2136   495  17.277   1.196         
 2137   495  17.217   2.598         
 2138   495  18.016   0.956         
 2139   495  17.602   1.482         
 2140   495  16.918   2.255         
 2141   495  18.167   1.169         
 2142   495  18.074   1.231         
 2143   495  17.488   1.251         
 2144   495  18.115   1.451         
 2145   495  15.775   1.934         
 2146   495  17.624   1.329         
 2147   495  18.240   1.761         
 2148   495  17.514   1.886         
 2149   495  17.001   1.948         
 2150   495  18.137   1.632         
 2151   495  13.550   0.752         
 2152   495  17.858   1.543         
 2153   495  16.909   1.214         
 2154   495  17.799   1.591         
 2155   495  17.909   1.459         
 2156   495  16.110   1.191         
 2157   495  16.855   1.708         
 2158   495  17.709   1.465         
 2159   495  17.329   2.388         
 2160   495  18.549   1.678         
 2161   495  16.038   1.065         
 2162   495  17.046   1.504         
 2163   495  18.528   1.578         
 2164   495  18.019   1.382         
 2165   495  18.137   1.214         
 2166   495  16.441   1.180         
 2167   495  17.125   3.230         
 2168   495  15.707   1.740         
 2169   495  17.002   1.258         
 2170   495  16.245   2.008         
 2171   495  17.422   2.278         
 2172   495  15.534   1.041         
 2173   495  17.467   1.440         
 2174   495  17.567   1.157         
 2175   495  18.327   1.341         
 2176   495  17.746   1.362         
 2177   495  16.346   1.456         
 2178   495  18.152   2.242         
 2179   495  18.025   0.899         
 2180   495  18.531   1.426         
 2181   495  16.068   1.213         
 2182   495  16.385   1.680         
 2183   495  17.573   1.650         
 2184   495  17.131   1.335         
 2185   495  11.832   0.433         
 2186   495  18.709   1.273         
 2187   495  16.060   0.622         
 2188   495  16.635   1.704         
 2189   495  16.451   1.926         
 2190   495  16.599   1.096         
 2191   495  18.072   1.248         
 2192   495  17.874   1.833         
 2193   495  18.329   1.308         
 2194   495  14.495   1.372         
 2195   495  16.251   1.049         
 2196   495  17.383   1.559         
 2197   495  17.936   0.848         
 2198   495  18.565   1.862         
 2199   495  17.918   2.003         
 2200   495  16.656   1.275         
 2201   495  17.693   1.436         
 2202   495  17.589   2.023         
 2203   495  16.673   1.950         
 2204   495  17.997   1.416         
 2205   495  17.719   1.368         
 2206   495  15.547   1.240         
 2207   495  16.105   0.978         
 2208   495  17.986   1.509         
 2209   495  15.518   1.058         
 2210   495  17.582   1.951         
 2211   495  17.464   1.694         
 2212   495  17.363   1.944         
 2213   495  16.431   1.108         
 2214   495  17.267   1.994         
 2215   495  18.176   1.893         
 2216   495  16.911   2.295         
 2217   495  16.106   2.242         
 2218   495  18.075   1.226         
 2219   495  17.195   1.556         
 2220   495  17.093   1.627         
 2221   495  18.353   1.656         
 2222   495  18.291   2.196         
 2223   495  18.022   1.715         
 2224   495  16.785   2.308         
 2225   495  17.615   2.266         
 2226   495  17.336   2.069         
 2227   495  16.506   1.196         
 2228   495  16.802   1.264         
 2229   495  18.285   1.917         
 2230   495  16.015   1.087         
 2231   495  15.738   1.013         
 2232   495  18.263   1.546         
 2233   495  18.307   1.367         
 2234   495  18.360   1.834         
 2235   495  16.980   1.253         
 2236   495  16.225   1.945         
 2237   495  14.692   0.888         
 2238   495  16.970   2.056         
 2239   495  17.306   1.316         
 2240   495  16.811   2.119         
 2241   495  14.913   1.012         
 2242   495  16.056   1.182         
 2243   495  16.579   1.161         
 2244   495  15.728   2.719         
 2245   495  17.831   1.651         
 2246   495  18.764   1.559         
 2247   495  17.849   1.671         
 2248   495  16.434   2.697         
 2249   495  16.226   1.101         
 2250   495  17.383   1.561         
 2251   495  17.903   1.953         
 2252   495  17.794   1.359         
 2253   495  16.310   1.748         
 2254   495  17.622   1.481         
 2255   495  16.781   1.327         
 2256   495  17.896   1.561         
 2257   495  16.993   1.534         
 2258   495  15.736   1.200         
 2259   495  16.429   2.012         
 2260   495  16.883   1.231         
 2261   495  18.131   1.664         
 2262   495  16.002   1.033         
 2263   495  16.357   1.208         
 2264   495  17.838   1.565         
 2265   495  16.515   2.726         
 2266   495  17.656   1.344         
 2267   495  14.874   1.642         
 2268   495  18.142   1.549         
 2269   495  16.140   1.124         
 2270   495  14.649   1.020         
 2271   495  18.170   1.642         
 2272   495  17.207   1.470         
 2273   495  16.763   1.557         
 2274   495  18.773   1.973         
 2275   495  16.108   1.091         
 2276   495  17.998   1.836         
 2277   495  17.604   1.572         
 2278   495  17.366   1.586         
 2279   495  16.600   1.202         
 2280   495  17.610   1.393         
 2281   495  17.005   1.458         
 2282   495  17.825   1.599         
 2283   495  18.462   1.785         
 2284   495  14.083   0.841         
 2285   495  14.578   1.767         
 2286   495  18.515   1.332         
 2287   495  17.785   1.702         
 2288   495  16.174   1.361         
 2289   495  17.524   1.445         
 2290   495  17.554   1.355         
 2291   495  16.684   1.065         
 2292   495  16.737   1.164         
 2293   495  16.535   2.302         
 2294   495  17.632   1.494         
 2295   495  17.935   1.580         
 2296   495  17.686   1.600         
 2297   495  17.935   1.398         
 2298   495  16.979   1.639         
 2299   495  17.718   1.636         
 2300   495  18.499   1.977         
 2301   495  17.130   2.532         
 2302   495  17.079   1.107         
 2303   495  16.050   1.379         
 2304   495  17.347   1.382         
 2305   495  16.991   2.046         
 2306   495  14.751   2.111         
 2307   495  18.318   2.297         
 2308   495  15.614   1.076         
 2309   495  17.775   2.254         
 2310   495  18.460   1.383         
 2311   495  17.821   2.710         
 2312   495  14.503   0.887         
 2313   495  15.485   2.254         
 2314   495  16.584   1.339         
 2315   495  17.999   1.677         
 2316   495  17.921   1.235         
 2317   495  18.346   1.430         
 2318   495  17.224   1.158         
 2319   495  16.808   2.013         
 2320   495  18.187   2.037         
 2321   495  17.034   1.191         
 2322   495  17.557   1.522         
 2323   495  16.116   0.907         
 2324   495  17.974   1.453         
 2325   495  18.694   1.240         
 2326   495  15.313   2.768         
 2327   495  18.885   1.179         
 2328   495  17.815   1.544         
 2329   495  17.163   2.036         
 2330   495  16.593   2.265         
 2331   495  15.163   0.981         
 2332   495  17.517   2.099         
 2333   495  18.005   1.744         
 2334   495  16.432   1.066         
 2335   495  17.351   1.418         
 2336   495  17.407   1.414         
 2337   495  18.071   1.238         
 2338   495  16.070   2.099         
 2339   495  17.035   2.144         
 2340   495  16.299   2.604         
 2341   495  17.168   1.425         
 2342   495  16.401   2.929         
 2343   495  17.409   1.264         
 2344   495  18.356   1.342         
 2345   495  18.324   1.929         
 2346   495  15.232   2.600         
 2347   495  16.507   1.131         
 2348   495  16.069   1.248         
 2349   495  17.536   1.174         
 2350   495  17.796   1.362         
 2351   495  17.850   1.654         
 2352   495  17.843   2.080         
 2353   495  17.570   1.506         
 2354   495  16.367   1.928         
 2355   495  16.859   2.944