UBV CCD observations

  No    Ref    V       B-V     U-B

 0001   479  11.817   0.941   0.631
 0002   479  14.198   1.300   1.172
 0003   479  17.637   0.905   0.637
 0003   532  17.249   0.964         
 0004   479  15.857   1.205   0.977
 0005   479  18.604   0.694   0.143
 0005   532  18.216   0.721         
 0006   479  16.490   0.555   0.138
 0006   532  16.107   0.584         
 0007   479  18.414   0.706  -0.209
 0007   532  18.055   0.784         
 0008   479  18.340   0.807   0.339
 0008   532  17.949   0.777         
 0009   479  17.252   1.389   0.997
 0009   532  16.879   1.538         
 0010   479  15.270   0.741   0.245
 0011   479  17.152   0.580   0.018
 0011   532  16.790   0.634         
 0012   479  15.559   1.116   0.846
 0012   532  15.197   1.059         
 0013   479  18.510   0.954   1.271
 0013   532  18.129   0.958         
 0014   479  16.662   0.748   0.162
 0015   479  18.260   0.760   0.253
 0015   532  17.934   0.820         
 0016   479  17.165   1.336   1.060
 0016   532  16.808   1.479         
 0017   479  15.677   1.177   0.831
 0017   532  15.326   1.127         
 0018   479  16.238   0.693  -0.008
 0018   532  15.892   0.722         
 0019   479  16.507   0.571   0.017
 0020   479  17.189   1.265   1.166
 0021   479  16.541   0.593   0.063
 0021   532  16.189   0.628         
 0022   479  15.265   1.522   1.070
 0023   479  16.055   0.712   0.139
 0024   479  18.240   0.660   0.015
 0024   532  17.862   0.691         
 0025   479  15.429   0.310   0.285
 0026   479  15.213   0.389   0.272
 0026   532  14.868   0.319         
 0027   479  17.566   0.661  -0.084
 0028   479  16.179   0.619   0.056
 0028   532  15.845   0.639         
 0029   479  17.145   0.758   0.107
 0029   532  16.838   0.773         
 0030   479  17.446   0.527   0.049
 0030   532  17.078   0.598         
 0031   479  16.355   0.632   0.185
 0031   532  16.051   0.631         
 0032   479  18.048   0.831   0.472
 0033   479  17.070   0.693   0.034
 0033   532  16.734   0.696         
 0034   479  17.085   0.485   0.061
 0034   532  16.765   0.466         
 0035   479  17.902   1.022   0.690
 0035   532  17.562   1.104         
 0036   479  15.853   0.677   0.030
 0037   479  16.163   0.382   0.237
 0037   532  15.836   0.327         
 0038   479  18.301   0.649  -0.110
 0038   532  17.980   0.653         
 0039   479  16.617   0.622   0.059
 0039   532  16.276   0.656         
 0040   479  18.990   0.797   0.396
 0040   532  18.641   0.693         
 0041   479  15.136   0.515   0.195
 0042   479  16.245   0.780   0.188
 0043   479  17.910   0.558  -0.206
 0043   532  17.565  -0.136         
 0044   479  18.563   0.675   0.362
 0045   479  17.071   1.309   0.881
 0045   532  16.716   1.421         
 0046   479  16.778   0.436  -0.617
 0046   532  16.453   0.429         
 0047   479  15.809   0.319   0.274
 0047   532  15.538   0.306         
 0048   479  16.621   0.469   0.316
 0048   532  16.299   0.498         
 0049   479  17.003   0.457   0.107
 0049   532  16.659   0.439         
 0050   479  16.787   0.443   0.129
 0050   532  16.467   0.420         
 0051   479  20.365   1.154  -0.981
 0052   479  13.750   0.196   0.197
 0053   479  17.403   0.616   0.024
 0053   532  17.073   0.611         
 0054   479  15.100   0.373   0.281
 0054   532  14.766   0.354         
 0055   479  17.105   0.559   0.003
 0055   532  16.785   0.618         
 0056   479  14.683   0.333   0.248
 0056   532  14.371   0.339         
 0057   479  16.522   0.387   0.205
 0057   532  16.165   0.347         
 0058   479  15.690   0.860   0.356
 0058   532  15.385   0.792         
 0059   479  17.014   0.439   0.064
 0059   532  16.719   0.461         
 0060   479  17.851   0.982   0.712
 0060   532  17.500   0.949         
 0061   479  16.457   0.686   0.075
 0061   532  16.121   0.685         
 0062   479  16.476   0.684   0.122
 0063   479  16.600   0.647  -0.023
 0064   479  17.256   0.564   0.090
 0064   532  16.954   0.617         
 0065   479  17.591   0.810   0.193
 0066   479  15.106   0.359   0.247
 0066   532  14.802   0.363         
 0067   479  17.046   0.539   0.093
 0067   532  16.734   0.582         
 0068   479  17.457   0.663   0.105
 0068   532  17.138   0.716         
 0069   479  14.815   0.689   0.096
 0070   479  15.976   0.677   0.080
 0071   479  18.364   0.800   0.233
 0071   532  17.942   0.845         
 0072   479  15.437   0.310   0.243
 0072   532  15.175   0.336         
 0073   479  15.773   0.149   0.070
 0073   532  15.438   0.055         
 0074   479  16.907   0.652  -0.029
 0074   532  16.527   0.629         
 0075   479  16.394   0.454   0.109
 0076   479  17.689   1.224   0.943
 0076   532  17.359   1.361         
 0077   479  18.122   0.607   0.046
 0078   479  15.709   0.780   0.333
 0078   532  15.348   0.752         
 0079   479  17.614   0.661   0.186
 0079   532  17.293   0.727         
 0080   479  17.774   1.033   0.378
 0081   479  15.148   0.893   0.694
 0081   532  14.789   0.851         
 0082   479  17.479   0.503   0.108
 0082   532  17.125   0.530         
 0083   479  16.420   0.543   0.082
 0084   479  18.106   0.445   0.498
 0084   532  17.738   0.429         
 0085   479  16.877   0.587   0.164
 0085   532  16.573   0.632         
 0086   479  14.526   0.528   0.033
 0087   479  15.663   0.367   0.208
 0087   532  15.326   0.303         
 0088   479  14.057   0.118   0.008
 0088   532  13.587   0.073         
 0089   479  17.226   0.655   0.083
 0089   532  16.948   0.703         
 0090   479  16.481   1.059   0.561
 0090   532  16.144   1.068         
 0091   479  16.156   0.624   0.059
 0092   479  18.161   0.715   0.220
 0093   479  15.098   0.226   0.300
 0093   532  14.756   0.157         
 0094   479  16.968   0.741   0.131
 0094   532  16.633   0.762         
 0095   479  15.848   0.407   0.205
 0095   532  15.518   0.432         
 0096   479  14.793   1.292   1.013
 0097   479  14.281   0.636   0.102
 0098   479  16.104   0.768   0.260
 0098   532  15.762   0.783         
 0099   479  16.646   0.392   0.227
 0099   532  16.325   0.404         
 0100   479  18.269   0.676   0.207
 0101   479  16.940   0.426   0.244
 0101   532  16.570   0.411         
 0102   479  15.167   0.892   0.226
 0103   479  16.560   1.156   0.901
 0103   532  16.222   1.109         
 0104   479  18.038   0.580   0.037
 0104   532  17.703   0.567         
 0105   479  16.312   1.114   1.061
 0106   479  16.778   0.721   0.151
 0107   479  17.693   0.953   0.582
 0107   532  17.350   1.032         
 0108   479  15.510   0.607   0.022
 0108   532  15.168   0.620         
 0109   479  14.863   0.628   0.127
 0109   532  14.517   0.607         
 0110   479  17.064   0.928   0.750
 0110   532  16.710   0.917         
 0111   479  17.439   1.360   1.062
 0111   532  17.120   1.537         
 0112   479  15.857   0.406   0.333
 0113   479  17.251   0.824   0.242
 0114   479  14.690   1.169   0.931
 0115   479  16.548   1.309   1.019
 0115   532  16.213   1.283         
 0116   479  13.837   0.369   0.352
 0117   479  17.104   0.749   0.318
 0118   479  17.675   0.783   0.337
 0119   479  17.529   0.621   0.076
 0120   479  18.570   0.708   0.044
 0120   532  18.205   0.846         
 0121   479  15.165   1.021   1.040
 0122   479  17.689   0.568   0.014
 0123   479  17.686   0.885   0.447
 0123   532  17.293   0.952         
 0124   479  18.298   0.689  -0.024
 0125   479  16.183   0.939   0.332
 0126   479  15.825   0.364   0.292
 0127   479  16.082   0.673   0.146
 0128   479  18.727   0.821   0.456
 0129   479  15.877   1.209   0.709
 0130   479  16.822   1.193   1.107
 0131   479  16.317   1.235   1.061
 0131   532  15.940   1.307         
 0132   479  15.652   0.487   0.486
 0133   479  15.247   0.348   0.345
 0134   479  15.231   0.790   0.147
 0135   479  17.343   0.691   0.048
 0135   532  16.957   0.775         
 0136   479  16.601   0.413   0.220
 0136   532  16.204   0.395         
 0137   479  17.960   0.629   0.197
 0137   532  17.555   0.678         
 0138   479  18.052   0.822   0.340
 0138   532  17.649   0.842         
 0139   479  18.065   0.632  -0.096
 0140   479  18.864   0.981   0.052
 0141   479  16.857   0.550   0.057
 0142   479  17.826   0.782   0.053
 0142   532  17.500   0.824         
 0143   479  18.444   0.671   0.222
 0144   479  18.330   0.745  -0.024
 0145   479  16.742   0.818   0.335
 0145   532  16.346   0.802         
 0146   479  16.482   0.579   0.102
 0146   532  16.182   0.587         
 0147   479  17.746   0.688   0.123
 0148   479  18.795   0.825   0.211
 0148   532  18.475   0.815         
 0149   479  16.836   0.664   0.024
 0150   479  17.054   0.668   0.026
 0150   532  16.686   0.677         
 0151   479  16.424   0.805   0.320
 0151   532  16.067   0.824         
 0152   479  18.681   0.735   0.133
 0152   532  18.325   0.713         
 0153   479  15.411   0.764   0.304
 0153   532  15.050   0.721         
 0154   479  17.900   0.677   0.062
 0155   479  14.714   1.075   0.830
 0155   532  14.370   1.018         
 0156   479  17.736   0.603   0.129
 0156   532  17.375   0.654         
 0157   479  14.432   0.338   0.301
 0157   532  14.077   0.274         
 0158   479  17.215   0.665  -0.061
 0158   532  16.836   0.696         
 0159   479  17.808   0.620   0.029
 0159   532  17.450   0.674         
 0160   479  16.770   0.664   0.004
 0160   532  16.423   0.694         
 0161   479  17.794   0.636   0.110
 0161   532  17.479   0.696         
 0162   479  16.908   0.679   0.026
 0163   479  17.320   0.936   0.372
 0164   479  17.621   0.585  -0.105
 0164   532  17.282   0.615         
 0165   479  16.395   0.479   0.069
 0165   532  16.044   0.484         
 0166   479  16.476   0.678   0.046
 0167   479  16.287   1.098   0.483
 0167   532  15.961   2.201         
 0168   479  16.749   0.679   0.006
 0168   532  16.407   0.701         
 0169   479  17.351   0.847   0.453
 0169   532  16.972   0.876         
 0170   479  17.534   0.587   0.004
 0171   479  18.041   0.813   0.218
 0171   532  17.660   0.768         
 0172   479  18.512   0.592  -0.063
 0172   532  18.189   0.649         
 0173   479  16.232   0.800   0.269
 0174   479  17.017   0.510  -0.005
 0174   532  16.673   0.524         
 0175   479  18.430   0.803  -0.182
 0175   532  18.014   0.877         
 0176   479  18.354   0.810   0.279
 0177   479  15.787   0.701   0.150
 0177   532  15.452   0.701         
 0178   479  18.133   0.605  -0.138
 0178   532  17.803   0.667         
 0179   479  18.217   0.877   0.335
 0179   532  17.880   0.824         
 0180   479  18.225   0.646  -0.006
 0180   532  17.895   0.677         
 0181   479  16.534   0.646   0.062
 0181   532  16.202   0.657         
 0182   479  18.651   0.695  -0.087
 0182   532  18.286   0.687         
 0183   479  16.969   0.602   0.042
 0184   479  17.782   0.559   0.015
 0184   532  17.502   0.625         
 0185   479  18.360   0.806   0.184
 0185   532  17.990   0.806         
 0186   479  16.942   0.717   0.071
 0187   479  17.138   1.055   1.079
 0187   532  16.799   1.020         
 0188   479  18.842   0.737   0.043
 0188   532  18.448   0.731         
 0189   479  17.477   0.541  -0.019
 0189   532  17.150   0.601         
 0190   479  15.927   0.346   0.282
 0190   532  15.578   0.295         
 0191   479  19.349   0.761  -0.463
 0191   532  18.980   0.777         
 0192   479  18.231   0.832   0.293
 0192   532  17.909   0.812         
 0193   479  18.088   0.628  -0.021
 0193   532  17.762   0.664         
 0194   479  16.316   0.476   0.236
 0194   532  15.970   0.429         
 0195   479  18.614   0.879   0.087
 0196   479  17.717   0.626   0.080
 0196   532  17.396   0.642         
 0197   479  18.451   0.638   0.153
 0197   532  18.121   0.691         
 0198   479  17.050   0.522   0.069
 0198   532  16.730   0.553         
 0199   479  17.289   0.599   0.027
 0199   532  16.908   0.603         
 0200   479  18.540   0.826   0.412
 0200   532  18.182   0.904         
 0201   479  18.626   0.767  -0.387
 0201   532  18.269   0.762         
 0202   479  15.527   0.627   0.340
 0203   479  15.715   0.323   0.260
 0203   532  15.386   0.254         
 0204   479  16.969   0.445   0.152
 0204   532  16.652   0.425         
 0205   479  18.126   0.709   0.107
 0205   532  17.809   0.751         
 0206   479  18.604   0.648   0.032
 0206   532  18.304   0.695         
 0207   479  18.570   0.727   0.310
 0207   532  18.239   0.763         
 0208   479  15.018   0.326   0.284
 0209   479  17.236   0.501   0.088
 0209   532  16.917   0.518         
 0210   479  15.007   0.437   0.229
 0210   532  14.682   0.429         
 0211   479  17.805   0.602   0.062
 0211   532  17.458   0.670         
 0212   479  18.239   0.723   0.003
 0212   532  17.872   0.678         
 0213   479  17.919   0.554  -0.027
 0213   532  17.604   0.673         
 0214   479  16.994   0.701   0.194
 0214   532  16.686   0.670         
 0215   479  17.950   0.639   0.030
 0215   532  17.626   1.865         
 0216   479  16.579   0.406   0.157
 0216   532  16.217   0.359         
 0217   479  17.390   0.672   0.058
 0217   532  17.117   0.772         
 0218   479  17.246   0.712   0.204
 0218   532  16.949   0.746         
 0219   479  17.884   0.568   0.047
 0219   532  17.523   0.620         
 0220   479  17.233  -0.060  -0.980
 0221   479  16.406   0.492   0.152
 0222   479  17.593   0.556   0.055
 0222   532  17.257   0.598         
 0223   479  13.785   0.096  -0.045
 0223   532  13.451   0.028         
 0224   479  17.032   0.461   0.089
 0224   532  16.669   0.429         
 0225   479  15.467   0.283   0.290
 0225   532  15.123   0.213         
 0226   479  17.120   0.548  -0.002
 0226   532  16.771   0.566         
 0227   479  17.918   0.701  -0.017
 0227   532  17.563   0.696         
 0228   479  17.976   0.617  -0.090
 0228   532  17.682   0.639         
 0229   479  17.369   0.515   0.001
 0229   532  17.070   0.536         
 0230   479  17.894   0.671   0.033
 0230   532  17.611   0.718         
 0231   479  17.779   0.646  -0.043
 0231   532  17.513   0.633         
 0232   479  17.181   0.821   0.142
 0232   532  16.904   0.882         
 0233   479  17.173   0.747  -0.009
 0234   479  18.535   0.757  -0.054
 0235   479  14.819   1.023   0.603
 0235   532  14.472   0.939         
 0236   479  16.872   0.833   0.516
 0236   532  16.565   0.817         
 0237   479  17.300   0.464   0.100
 0237   532  17.007   0.463         
 0238   479  17.368   0.748  -0.073
 0239   479  16.806   0.575   0.009
 0240   479  18.457   0.623   0.007
 0240   532  18.154   0.677         
 0241   479  18.767   0.602   0.499
 0241   532  18.419   0.663         
 0242   479  16.714   0.428   0.130
 0242   532  16.405   0.425         
 0243   479  17.968   0.526  -0.052
 0243   532  17.658   0.556         
 0244   479  14.787   1.009   0.603
 0245   479  19.445   0.530  -0.439
 0245   532  19.090   0.553         
 0246   479  18.386   0.563  -0.131
 0246   532  17.975   0.716         
 0247   479  18.309   0.617  -0.047
 0247   532  17.991   0.665         
 0248   479  18.140   0.772   0.216
 0248   532  17.835   0.683         
 0249   479  16.244   0.832   0.332
 0249   532  15.897   0.806         
 0250   479  18.552   0.767  -0.105
 0251   479  16.920   0.654   0.303
 0252   479  17.981   0.671   0.307
 0252   532  17.662   0.710         
 0253   479  13.272   0.170   0.152
 0253   532  12.925   0.033         
 0254   479  17.505   0.584   0.053
 0254   532  17.195   0.607         
 0255   479  16.666   0.692   0.070
 0255   532  16.311   0.727         
 0256   479  18.058   0.670   0.124
 0257   479  14.605   0.387   0.231
 0258   479  17.578   0.842   0.573
 0258   532  17.231   0.838         
 0259   479  17.638   0.604  -0.068
 0259   532  17.412   0.745         
 0260   479  17.150   0.689  -0.001
 0261   479  18.298   0.669  -0.125
 0261   532  17.990   0.757         
 0262   479  15.207   0.785   0.269
 0263   479  18.815   0.724  -0.076
 0263   532  18.513   0.674         
 0264   479  18.216   0.646  -0.090
 0264   532  17.958   0.680         
 0265   479  18.259   0.628   0.162
 0265   532  17.946   0.670         
 0266   479  15.536   0.377   0.226
 0266   532  15.278   0.422         
 0267   479  18.681   0.599   0.130
 0267   532  18.364   0.760         
 0268   479  18.238   0.809   0.685
 0268   532  17.843   0.799         
 0269   479  16.525   0.530   0.087
 0269   532  16.204   0.553         
 0270   479  17.439   0.687   0.044
 0270   532  17.113   0.713         
 0271   479  17.279   0.652   0.307
 0272   479  16.871   0.676   0.151
 0272   532  16.520  -0.288         
 0273   479  19.111   0.768   0.249
 0274   479  16.062   0.588   0.031
 0275   479  17.636   0.559  -0.074
 0275   532  17.294   0.579         
 0276   479  18.003   0.544   0.089
 0277   479  19.107   0.924   0.208
 0277   532  18.853   0.932         
 0278   479  15.530   0.383   0.248
 0278   532  15.297   0.446         
 0279   479  18.451   1.013   0.421
 0279   532  18.164   1.042         
 0280   479  16.318   0.661   0.055
 0280   532  15.938   0.679         
 0281   479  15.980   0.684   0.064
 0282   479  18.128   0.670   0.156
 0282   532  17.828   0.705         
 0283   479  16.950   1.015   0.910
 0283   532  16.601   1.023         
 0284   479  18.578   0.777   0.175
 0284   532  18.167   0.840         
 0285   479  17.020   0.768   0.209
 0285   532  16.702   0.772         
 0286   479  18.522   0.681   0.096
 0286   532  18.148   0.709         
 0287   479  18.054   0.773   0.060
 0287   532  17.751   0.786         
 0288   479  17.417   0.797   0.185
 0289   479  15.626   0.630   0.143
 0289   532  15.279   0.659         
 0290   479  18.106   0.820   0.134
 0291   479  18.715   1.122   1.063
 0291   532  18.337   1.086         
 0292   479  15.111   0.345   0.323
 0292   532  14.830   0.342         
 0293   479  18.286   0.716   0.028
 0294   479  15.447   0.324   0.259
 0295   479  17.777   0.675  -0.055
 0296   479  16.110   0.354   0.078
 0297   479  17.567   0.688  -0.008
 0297   532  17.241   0.680         
 0298   479  18.684   0.715   0.222
 0299   479  17.388   1.002   0.817
 0299   532  17.076   1.047         
 0300   479  17.563   0.863   0.508
 0300   532  17.232   0.808         
 0301   479  17.915   0.626  -0.135
 0301   532  17.560   0.685         
 0302   479  18.160   0.669  -0.073
 0302   532  17.812   0.721         
 0303   479  18.476   0.629   0.122
 0303   532  18.130   0.705         
 0304   479  15.339   0.502   0.242
 0305   479  18.960   0.596   0.439
 0306   479  18.945   0.615  -0.018
 0306   532  18.510   0.744         
 0307   479  16.626   0.595   0.269
 0308   479  15.837   1.279   0.849
 0309   479  16.625   0.769   0.240
 0310   479  17.664   0.580  -0.062
 0311   479  19.935   0.825  -0.746
 0312   479  20.411   0.672  -0.222
 0313   479  16.413   0.416   0.277
 0313   532  16.077   0.450         
 0314   479  17.668   0.689   0.087
 0314   532  17.340   0.709         
 0315   479  17.819   0.532   0.048
 0315   532  17.484   0.628         
 0316   479  18.794   0.685   0.106
 0316   532  18.438   0.762         
 0317   479  18.615   0.816   0.474
 0318   479  18.834   0.874  -0.273
 0319   479  15.884   0.334   0.346
 0320   479  17.398   0.579   0.050
 0320   532  17.046   0.591         
 0321   479  17.886   0.596  -0.025
 0321   532  17.511   0.586         
 0322   479  16.583   1.322   0.784
 0323   479  17.079   0.856   0.352
 0323   532  16.758   0.918         
 0324   479  18.431   0.721  -0.012
 0324   532  18.098   0.700         
 0325   479  16.122   0.378   0.241
 0325   532  15.779   0.337         
 0326   479  17.179   0.640   0.238
 0327   479  15.915   0.682   0.124
 0327   532  15.569   0.708         
 0328   479  16.678   0.893   0.577
 0328   532  16.303   0.887         
 0329   479  16.712   0.617   0.192
 0329   532  16.361   0.687         
 0330   479  17.193   0.541   0.058
 0330   532  16.855   0.596         
 0331   479  17.485   1.034   0.548
 0331   532  17.124   1.046         
 0332   479  19.593   1.122  -0.600
 0333   479  18.089   0.733   0.245
 0333   532  17.681   0.789         
 0334   479  18.668   0.832   0.136
 0335   479  16.271   0.651   0.071
 0336   479  15.068   0.307   0.287
 0337   479  15.958   0.896   0.613
 0337   532  15.613   0.843         
 0338   479  17.368   0.686   0.096
 0338   532  16.989   0.716         
 0339   479  18.162   0.662   0.171
 0340   479  17.491   1.216   0.987
 0341   479  18.565   0.809   0.022
 0342   479  18.888   0.607   0.140
 0342   532  18.484   0.724         
 0343   479  18.553   0.641  -0.009
 0343   532  18.174   0.700         
 0344   479  17.804   1.126   0.952
 0345   479  17.596   0.742   0.315
 0345   532  17.241   0.804         
 0346   479  17.723   0.723   0.083
 0347   479  17.178   1.057   0.498
 0348   479  18.958   0.717   0.055
 0348   532  18.597   0.797         
 0349   479  17.878   0.937   0.529
 0350   479  18.174   0.959   0.371
 0351   479  16.879   0.866   0.499
 0352   479  18.928   0.752   0.130
 0353   479  16.074   0.662   0.106
 0353   532  15.721   0.716         
 0354   479  18.038   0.667   0.043
 0354   532  17.680   0.674         
 0355   479  18.405   0.764   0.121
 0356   479  17.441   0.928   0.269
 0357   479  18.218   0.933   0.483
 0357   532  17.833   1.003         
 0358   479  17.815   0.732   0.233
 0359   479  16.593   0.772   0.223
 0360   479  18.524   0.723   0.126
 0360   532  18.154   0.749         
 0361   479  17.781   0.675   0.081
 0362   479  18.524   0.765   0.480
 0363   479  16.420   0.662   0.133
 0364   479  17.119   0.808   0.250
 0365   479  17.603   0.663   0.175
 0366   479  18.298   0.519   0.196
 0366   532  17.909   0.572         
 0367   479  17.400   0.609   0.018
 0367   532  17.045   0.641         
 0368   479  13.075   0.641   0.104
 0369   479  17.080   0.798   0.108
 0370   479  17.901   0.834   0.340
 0370   532  17.582   0.850         
 0371   479  18.866   0.687   0.203
 0371   532  18.498   0.766         
 0372   479  17.940   0.704  -0.177
 0372   532  17.635   0.701         
 0373   479  15.575   0.326   0.189
 0373   532  15.279   0.298         
 0374   479  18.620   0.774   0.144
 0374   532  18.270   0.663         
 0375   479  18.498   0.872   0.311
 0375   532  18.113   0.870         
 0376   479  17.322   0.474   0.019
 0376   532  17.007   0.554         
 0377   479  18.408   0.703  -0.184
 0377   532  18.052   0.721         
 0378   479  17.067   0.469  -0.069
 0378   532  16.776   0.486         
 0379   479  17.778   0.507  -0.038
 0379   532  17.465   0.556         
 0380   479  17.639   0.603   0.046
 0380   532  17.299   0.680         
 0381   479  13.558   1.083   0.688
 0382   479  17.694   0.568  -0.038
 0382   532  17.390   0.620         
 0383   479  18.500   0.790   0.235
 0383   532  18.177   0.868         
 0384   479  15.849   0.181   0.091
 0385   479  20.122   0.857  -0.105
 0386   479  17.325   0.665   0.203
 0387   479  15.843   1.075   0.518
 0388   479  14.588   0.592   0.174
 0389   479  13.425   0.993   0.626
 0390   479  17.231   0.458   0.076
 0390   532  16.881   1.383         
 0391   479  18.352   0.653  -0.390
 0391   532  18.022   0.765         
 0392   479  18.684   0.777  -0.751
 0392   532  18.319   0.706         
 0393   479  18.897   0.611   0.129
 0393   532  18.517   0.704         
 0394   479  18.011   0.681   0.076
 0395   479  19.063   0.825   0.324
 0396   479  17.917   0.760  -0.258
 0396   532  17.587   0.758         
 0397   479  13.354   1.030   0.630
 0398   479  16.843   0.644  -1.179
 0398   532  16.498   0.665         
 0399   479  19.310   1.177   0.129
 0400   479  19.063   0.825   0.324
 0401   479  17.188   1.122  -2.057
 0402   479  17.188   1.122  -2.057
 0403   479  12.419   0.943   0.514
 0404   479  17.723   1.415   1.372
 0404   532  17.442   1.634         
 0405   479  17.723   1.415   1.372
 0406   479  21.319   0.933  -2.594
 0407   479  20.313   0.745         
 0407   532  19.812   0.937         
 0408   479  19.067   0.943         
 0408   532  18.685   1.068         
 0409   479  19.500   1.363         
 0409   532  19.113   1.641         
 0410   479  20.071   1.024         
 0410   532  19.696   1.068         
 0411   479  21.429   0.959         
 0412   479  20.002   0.644         
 0413   479  20.658   1.490         
 0414   479  20.170   1.557         
 0414   532  19.703   1.437         
 0415   479  21.306   1.163         
 0416   479  20.825   0.866         
 0417   479  19.208   0.831         
 0417   532  18.867   0.877         
 0418   479  20.240   0.571         
 0418   532  19.996   0.786         
 0419   479  20.733   1.249         
 0420   479  20.756   0.752         
 0421   479  18.999   0.719         
 0421   532  18.612   0.740         
 0422   479  20.909   1.319         
 0423   479  20.244   0.864         
 0423   532  19.986   0.855         
 0424   479  19.779   0.938         
 0424   532  19.417   1.098         
 0425   479  18.969   1.183         
 0425   532  18.630   1.308         
 0426   479  21.351   1.045         
 0427   479  18.893   0.847         
 0427   532  18.543   0.860         
 0428   479  20.153   1.677         
 0429   479  20.136   1.391         
 0430   479  20.444   0.924         
 0431   479  19.213   1.168         
 0431   532  18.833   1.150         
 0432   479  19.261   1.024         
 0432   532  18.900   1.004         
 0433   479  20.323   0.679         
 0433   532  19.904   0.808         
 0434   479  20.436   1.142         
 0434   532  20.082   1.046         
 0435   479  19.078   0.821         
 0435   532  18.675   0.758         
 0436   479  18.061   1.445         
 0436   532  17.663   1.767         
 0437   479  20.357   0.719         
 0437   532  20.139   1.068         
 0438   479  20.160   0.848         
 0439   479  18.744   0.682         
 0439   532  18.384   0.722         
 0440   479  21.441   1.497         
 0441   479  19.119   0.613         
 0441   532  18.777   0.749         
 0442   479  21.300   1.543         
 0443   479  19.047   0.920         
 0443   532  18.650   0.886         
 0444   479  19.694   0.751         
 0444   532  19.407   0.839         
 0445   479  20.005   1.154         
 0445   532  19.690   1.242         
 0446   479  20.106   0.765         
 0446   532  19.800   0.882         
 0447   479  18.222   1.458         
 0447   532  17.858   1.724         
 0448   479  20.262   0.929         
 0448   532  19.987   0.956         
 0449   479  19.864   0.952         
 0449   532  19.603   1.077         
 0450   479  20.823   0.873         
 0451   479  20.181   0.549         
 0451   532  19.732   0.954         
 0452   479  18.101   0.627         
 0452   532  17.759   0.668         
 0453   479  20.330   1.087         
 0453   532  19.897   1.214         
 0454   479  20.733   1.100         
 0455   479  19.911   0.886         
 0455   532  19.660   0.896         
 0456   479  19.794   0.895         
 0456   532  19.405   0.768         
 0457   479  19.683   0.846         
 0457   532  19.206   0.897         
 0458   479  20.060   0.793         
 0459   479  21.124   1.368         
 0460   479  19.867   1.037         
 0461   479  21.057   0.847         
 0462   479  20.224   1.055         
 0462   532  19.921   1.071         
 0463   479  18.811   0.910         
 0464   479  21.087   0.662         
 0465   479  20.934   1.467         
 0465   532  20.607   1.078         
 0466   479  20.392   1.345         
 0467   479  20.281   1.339         
 0468   479  20.261   1.161         
 0468   532  20.051   0.964         
 0469   479  20.569   1.530         
 0470   479  19.732   1.732         
 0471   479  20.976   0.994         
 0472   479  19.795   1.766         
 0473   479  20.456   1.525         
 0474   479  20.712   1.205         
 0475   479  21.108   0.963         
 0476   479  21.039   1.107         
 0477   479  18.684   0.675         
 0478   479  15.942   0.599         
 0479   479  19.894   0.580         
 0480   479  19.563   1.214         
 0480   532  19.125   1.161         
 0481   479  20.183   0.838         
 0481   532  19.656   0.757         
 0482   479  20.323   1.655         
 0483   479  20.343   0.903         
 0483   532  20.053   1.005         
 0484   479  19.136   1.129         
 0485   479  19.943   1.460         
 0485   532  19.567   1.900         
 0486   479  20.811   0.626         
 0487   479  18.836   0.939         
 0487   532  18.533   0.944         
 0488   479  20.520   1.673         
 0489   479  21.140   0.681         
 0490   479  19.736   0.709         
 0490   532  19.479   0.868         
 0491   479  19.175   0.773         
 0492   479  19.651   1.071         
 0493   479  18.721   0.800         
 0493   532  18.392   0.772         
 0494   479  18.938   1.073         
 0494   532  18.644   1.096         
 0495   479  19.979   1.667         
 0495   532  19.645   2.003         
 0496   479  20.246   1.011         
 0497   479  19.432   0.918         
 0498   479  18.614   1.287         
 0499   479  19.367   0.857         
 0500   479  18.559   0.894         
 0500   532  18.215   0.780         
 0501   479  19.812   0.840         
 0501   532  19.459   0.957         
 0502   479  19.842   0.824         
 0503   479  20.414   0.871         
 0504   479  20.016   1.212         
 0505   479  19.861   0.913         
 0506   479  19.617   0.762         
 0507   479  21.037   1.122         
 0507   532  20.688   1.571         
 0508   479  20.342   1.418         
 0509   479  19.629   0.904         
 0510   479  20.586   1.138         
 0511   479  18.818   0.810         
 0512   479  20.345   0.907         
 0513   479  19.929   0.807         
 0514   479  19.378   1.064         
 0514   532  19.074   1.078         
 0515   479  19.608   0.702         
 0515   532  19.252   0.784         
 0516   479  20.132   0.957         
 0517   479  19.452   1.462         
 0518   479  19.510   0.719         
 0518   532  19.224   0.927         
 0519   479  19.937   0.974         
 0520   479  19.503   0.736         
 0520   532  19.157   0.882         
 0521   479  19.448   0.749         
 0522   479  21.078   1.663         
 0523   479  19.467   1.113         
 0523   532  19.199   1.020         
 0524   479  19.390   0.943         
 0525   479  19.019   0.768         
 0526   479  20.500   0.695         
 0526   532  20.213   0.873         
 0527   479  20.379   1.291         
 0528   479  18.159   0.991         
 0529   479  20.798   1.082         
 0530   479  19.596   1.288         
 0531   479  20.123   1.363         
 0532   479  19.794   0.640         
 0532   532  19.644   0.973         
 0533   479  19.397   0.715         
 0533   532  19.048   0.817         
 0534   479  19.846   0.860         
 0535   479  19.353   0.850         
 0535   532  18.981   0.842         
 0536   479  18.811   0.818         
 0537   479  19.058   1.047         
 0537   532  18.689   0.961         
 0538   479  19.260   0.844         
 0539   479  19.056   0.858         
 0540   479  21.061   0.682         
 0541   479  19.913   1.389         
 0542   479  18.613   1.331         
 0543   479  19.857   1.233         
 0544   479  18.647   0.863         
 0545   479  20.394   1.263         
 0546   479  20.951   1.314         
 0547   479  20.218   1.478         
 0548   479  19.349   0.825         
 0549   479  20.229   0.971         
 0550   479  21.162   1.052         
 0551   479  21.014   0.882         
 0551   532  20.687   1.015         
 0552   479  20.239   1.203         
 0553   479  20.379   0.954         
 0553   532  20.046   1.135         
 0554   479  18.694   1.027         
 0555   479  19.536   0.978         
 0556   479  19.791   1.333         
 0557   479  19.454   0.917         
 0557   532  19.029   0.966         
 0558   479  20.623   0.575         
 0558   532  20.171   0.664         
 0559   479  19.637   0.841         
 0560   479  19.711   0.812         
 0560   532  19.293   0.910         
 0561   479  20.076   0.842         
 0562   479  19.288   0.831         
 0562   532  18.908   0.856         
 0563   479  19.777   0.662         
 0563   532  19.417   0.803         
 0564   479  18.448   0.952         
 0564   532  18.046   0.970         
 0565   479  19.172   0.925         
 0565   532  18.593   0.925         
 0566   479  19.935   1.184         
 0566   532  19.488   1.409         
 0567   479  20.195   1.408         
 0567   532  19.731   1.364         
 0568   479  20.660   0.643         
 0569   479  19.307   0.847         
 0569   532  18.883   0.784         
 0570   479  19.098   1.478         
 0570   532  18.693   1.527         
 0571   479  19.271   0.783         
 0571   532  18.896   0.818         
 0572   479  19.800   0.876         
 0572   532  19.317   0.877         
 0573   479  19.982   0.968         
 0573   532  19.617   1.056         
 0574   479  19.117   0.873         
 0574   532  18.805   0.921         
 0575   479  19.534   0.887         
 0575   532  19.137   0.828         
 0576   479  19.350   0.869         
 0576   532  18.966   0.875         
 0577   479  19.568   1.112         
 0577   532  19.188   1.130         
 0578   479  21.140   0.571         
 0578   532  20.787   1.161         
 0579   479  20.637   1.096         
 0579   532  20.135   1.052         
 0580   479  20.325   0.710         
 0580   532  20.021   0.789         
 0581   479  20.593   1.102         
 0581   532  20.171   1.289         
 0582   479  18.375   1.287         
 0582   532  18.007   1.479         
 0583   479  20.766   1.010         
 0584   479  19.295   1.587         
 0584   532  19.029   2.692         
 0585   479  19.909   0.830         
 0585   532  19.577   0.784         
 0586   479  20.880   1.033         
 0586   532  20.582   1.086         
 0587   479  20.368   1.233         
 0587   532  19.946   1.351         
 0588   479  20.930   1.572         
 0589   479  21.042   1.193         
 0590   479  20.899   0.641         
 0591   479  18.332   1.337         
 0591   532  17.939   1.589         
 0592   479  19.202   0.561         
 0592   532  18.789   0.659         
 0593   479  19.278   1.093         
 0594   479  18.809   0.840         
 0594   532  18.477   0.822         
 0595   479  19.784   1.107         
 0595   532  19.413   1.114         
 0596   479  19.058   1.445         
 0597   479  19.058   1.445         
 0598   479  20.729   0.890         
 0599   479  19.529   1.480         
 0599   532  19.253   1.620         
 0600   479  19.507   0.817         
 0600   532  19.180   0.784         
 0601   479  20.552   0.633         
 0601   532  20.117   1.471         
 0602   479  18.555   0.793         
 0602   532  18.209   0.870         
 0603   479  20.570   0.713         
 0603   532  20.250   0.806         
 0604   479  20.133   0.924         
 0604   532  19.810   0.873         
 0605   479  20.989   1.143         
 0606   479  20.533   0.723         
 0606   532  20.007   0.664         
 0607   479  20.572   1.065         
 0607   532  20.305   0.994         
 0608   479  20.044   0.392         
 0608   532  19.704   0.602         
 0609   479  20.947   1.314         
 0609   532  20.517   1.768         
 0610   479  18.476   0.861         
 0610   532  18.118   0.937         
 0611   479  18.540   0.907         
 0611   532  18.166   0.931         
 0612   479  21.091   0.709         
 0613   479  19.671   0.733         
 0613   532  19.299   0.711         
 0614   479  20.075   1.386         
 0615   479  19.109   0.919         
 0615   532  18.751   0.918         
 0616   479  21.058   0.945         
 0617   479  21.189   0.862         
 0618   479  20.631   0.726         
 0618   532  20.244   0.894         
 0619   479  20.548   0.901         
 0620   479  20.449   1.229         
 0621   479  21.362   0.849         
 0622   479  20.373   0.983         
 0623   479  19.517   0.796         
 0623   532  19.165   0.765         
 0624   479  20.530   0.943         
 0625   479  19.447   1.138         
 0626   479  18.953   0.823         
 0626   532  18.581   0.935         
 0627   479  19.187   1.458         
 0627   532  18.873   1.738         
 0628   479  21.430   2.114         
 0629   479  20.777   1.047         
 0629   532  20.549   0.936         
 0630   479  19.049   0.791         
 0630   532  18.674   0.766         
 0631   479  18.288   0.756         
 0631   532  17.940   0.739         
 0632   479  18.972   0.966         
 0632   532  18.610   1.023         
 0633   479  18.380   0.855         
 0633   532  18.036   0.802         
 0634   479  19.570   0.491         
 0634   532  19.186   0.455         
 0635   479  19.010   0.992         
 0635   532  18.696   1.075         
 0636   479  19.648   0.575         
 0636   532  19.266   0.682         
 0637   479  18.765   1.317         
 0637   532  18.434   1.652         
 0638   479  20.511   1.303         
 0639   479  19.971   0.858         
 0640   479  19.841   1.134         
 0640   532  19.482   1.378         
 0641   479  20.217   0.554         
 0642   479  20.248   1.589         
 0643   479  18.814   1.283         
 0643   532  18.427   1.476         
 0644   479  20.565   1.138         
 0645   479  19.749   0.922         
 0645   532  19.422   0.938         
 0646   479  20.193   0.578         
 0647   479  19.278   0.743         
 0648   479  20.339   1.071         
 0648   532  20.107   1.029         
 0649   479  19.558   0.611         
 0649   532  19.241   0.716         
 0650   479  20.674   1.275         
 0651   479  20.449   1.676         
 0652   479  19.238   0.975         
 0652   532  18.948   1.050         
 0653   479  21.244   0.467         
 0654   479  19.184   1.327         
 0654   532  18.808   1.457         
 0655   479  20.133   0.885         
 0655   532  19.751   0.890         
 0656   479  20.395   0.928         
 0657   479  18.538   1.441         
 0658   479  20.568   0.864         
 0659   479  21.630   0.302         
 0660   479  20.318   1.022         
 0661   479  20.270   1.415         
 0661   532  19.927   2.302         
 0662   479  20.660   0.885         
 0663   479  21.252   1.341         
 0664   479  20.668   1.460         
 0664   532  20.501   1.528         
 0665   479  19.344   1.362         
 0665   532  18.936   1.520         
 0666   479  20.922   0.816         
 0667   479  19.174   0.909         
 0667   532  18.766   0.927         
 0668   479  19.510   0.863         
 0668   532  19.223   0.995         
 0669   479  19.863   1.152         
 0670   479  20.148   0.684         
 0670   532  19.760   0.819         
 0671   479  19.284   0.863         
 0671   532  18.935   0.873         
 0672   479  18.562   1.122         
 0672   532  18.220   1.021         
 0673   479  20.200   1.580         
 0674   479  19.684   1.060         
 0674   532  19.441   0.913         
 0675   479  19.181   1.104         
 0675   532  18.799   1.202         
 0676   479  20.030   0.985         
 0676   532  19.647   1.036         
 0677   479  19.831   1.456         
 0677   532  19.484   1.933         
 0678   479  21.153   0.981         
 0679   479  20.010   1.103         
 0679   532  19.677   0.921         
 0680   479  18.931   0.767         
 0680   532  18.538   0.756         
 0681   479  20.656   0.907         
 0681   532  20.230   1.440         
 0682   479  19.997   0.833         
 0682   532  19.622   0.938         
 0683   479  19.675   0.913         
 0684   479  20.249   0.890         
 0685   479  19.891   0.838         
 0685   532  19.595   0.864         
 0686   479  19.516   0.777         
 0687   479  20.448   1.045         
 0688   479  19.686   0.898         
 0689   479  20.140   1.292         
 0690   479  19.713   0.915         
 0691   479  20.999   0.857         
 0692   479  19.087   0.760         
 0693   479  19.923   0.818         
 0693   532  19.463   0.808         
 0694   479  20.778   0.906         
 0694   532  20.390   0.835         
 0695   479  20.078   0.994         
 0696   479  19.447   0.857         
 0696   532  19.153   0.839         
 0697   479  20.701   0.623         
 0698   479  19.071   0.655         
 0699   479  20.611   0.628         
 0700   479  19.510   1.409         
 0701   479  18.223   0.602         
 0701   532  17.914   0.646         
 0702   479  20.037   1.422         
 0703   479  19.260   0.921         
 0704   479  20.405   0.985         
 0704   532  20.057   1.240         
 0705   479  18.951   0.709         
 0705   532  18.567   0.777         
 0706   479  20.107   0.886         
 0707   479  19.865   1.052         
 0707   532  19.512   1.042         
 0708   479  19.519   0.862         
 0708   532  19.360   1.025         
 0709   479  19.874   1.394         
 0710   479  19.898   0.800         
 0710   532  19.499   0.989         
 0711   479  18.309   0.933         
 0711   532  17.959   0.885         
 0712   479  20.725   1.389         
 0712   532  20.504   1.183         
 0713   479  19.878   1.031         
 0714   479  19.031   1.147         
 0715   479  19.984   1.426         
 0715   532  19.625   1.970         
 0716   479  20.303   1.202         
 0716   532  19.984   1.232         
 0717   479  19.655   0.579         
 0717   532  19.305   0.474         
 0718   479  19.595   0.871         
 0718   532  19.313   0.752         
 0719   479  20.492   0.681         
 0719   532  20.122   0.908         
 0720   479  20.073   0.871         
 0720   532  19.677   0.713         
 0721   479  19.054   0.977         
 0721   532  18.704   0.951         
 0722   479  19.088   0.950         
 0722   532  18.720   0.946         
 0723   479  18.727   1.104         
 0724   479  17.862   0.926         
 0724   532  17.523   0.972         
 0725   479  18.292   1.228         
 0726   479  20.915   1.761         
 0726   532  20.597   1.681         
 0727   479  21.027   0.751         
 0728   479  20.221   1.633         
 0729   479  20.071   0.826         
 0730   479  19.631   0.813         
 0730   532  19.384   0.865         
 0731   479  19.033   1.023         
 0732   479  20.504   1.706         
 0732   532  20.251   1.954         
 0733   479  20.312   0.749         
 0734   479  20.174   1.075         
 0735   479  19.540   0.999         
 0736   479  18.955   0.821         
 0737   479  19.915   1.411         
 0738   479  18.709   0.664         
 0738   532  18.375   0.688         
 0739   479  19.385   0.869         
 0740   479  20.652   0.953         
 0741   479  20.006   0.823         
 0742   479  21.071   1.130         
 0743   479  18.954   1.007         
 0744   479  19.519   0.822         
 0745   479  19.675   0.814         
 0746   479  20.600   1.126         
 0746   532  20.177   1.199         
 0747   479  19.818   0.868         
 0747   532  19.549   0.887         
 0748   479  20.254   0.768         
 0748   532  19.837   0.793         
 0749   479  19.130   0.651         
 0749   532  18.766   0.791         
 0750   479  20.543   0.784         
 0750   532  20.118   0.848         
 0751   479  20.803   1.451         
 0751   532  20.546   1.318         
 0752   479  19.370   0.789         
 0753   479  19.313   0.697         
 0754   479  20.490   0.578         
 0755   479  20.452   0.861         
 0756   479  20.580   1.102         
 0757   479  20.133   1.043         
 0758   479  20.532   0.700         
 0759   479  19.352   0.718         
 0760   479  19.278   0.700         
 0761   479  20.073   0.836         
 0761   532  19.745   0.820         
 0762   479  21.053   0.564         
 0763   479  19.916   1.095         
 0764   479  19.541   1.115         
 0764   532  19.195   1.217         
 0765   479  19.908   0.528         
 0766   479  20.794   0.914         
 0767   479  20.544   0.733         
 0767   532  20.148   0.921         
 0768   479  19.547   1.156         
 0768   532  19.237   1.005         
 0769   479  20.090   1.186         
 0770   479  19.880   0.622         
 0771   479  20.909   1.161         
 0772   479  20.590   1.392         
 0773   479  20.124   1.381         
 0774   479  19.934   0.876         
 0774   532  19.680   0.896         
 0775   479  19.531   0.710         
 0775   532  19.182   0.871         
 0776   479  19.091   0.842         
 0776   532  18.763   0.961         
 0777   479  19.565   0.895         
 0778   479  20.505   1.575         
 0779   479  19.201   0.913         
 0779   532  18.861   0.908         
 0780   479  20.750   1.368         
 0781   479  19.934   0.831         
 0781   532  19.632   0.885         
 0782   479  20.909   0.998         
 0783   479  19.124   0.687         
 0783   532  18.790   0.749         
 0784   479  20.885   0.559         
 0784   532  20.583   0.825         
 0785   479  20.482   0.961         
 0786   479  19.419   0.862         
 0786   532  19.091   0.939         
 0787   479  19.661   1.202         
 0788   479  20.462   1.387         
 0789   479  20.513   0.685         
 0790   479  20.405   0.925         
 0791   479  20.748   1.266         
 0792   479  18.930   0.854         
 0793   479  19.936   1.606         
 0794   479  20.758   1.192         
 0795   479  19.024   0.784         
 0795   532  18.703   0.840         
 0796   479  19.751   1.388         
 0797   479  20.483   1.312         
 0798   479  20.527   0.862         
 0799   479  18.836   0.724         
 0800   479  20.387   1.622         
 0801   479  18.684   1.450         
 0802   479  18.222   1.069         
 0802   532  17.857   1.029         
 0803   479  18.695   0.937         
 0803   532  18.384   1.062         
 0804   479  19.817   1.081         
 0805   479  20.826   0.864         
 0805   532  20.483   1.009         
 0806   479  21.684   1.136         
 0807   479  18.662   1.019         
 0807   532  18.330   0.794         
 0808   479  16.444   0.608         
 0808   532  16.119   0.663         
 0809   479  18.911   1.132         
 0810   479  21.354   1.034         
 0811   479  20.379   1.560         
 0812   479  19.789   0.882         
 0812   532  19.408   0.941         
 0813   479  20.705   0.831         
 0814   479  20.321   0.873         
 0815   479  19.662   0.915         
 0816   479  19.998   0.648         
 0817   479  19.193   0.728         
 0817   532  18.883   0.775         
 0818   479  20.870   1.453         
 0818   532  20.142   1.752         
 0819   479  20.203   1.083         
 0820   479  19.765   0.909         
 0820   532  19.411   0.815         
 0821   479  19.665   0.744         
 0822   479  20.209   0.880         
 0823   479  18.912   0.911         
 0824   479  18.531   1.402         
 0825   479  19.260   0.977         
 0825   532  18.942   1.107         
 0826   479  20.481   1.215         
 0827   479  20.213   1.088         
 0828   479  20.645   0.798         
 0828   532  20.203   1.001         
 0829   479  19.472   0.930         
 0830   479  20.118   0.967         
 0830   532  19.803   1.076         
 0831   479  20.216   1.167         
 0831   532  19.793   1.440         
 0832   479  18.949   0.969         
 0832   532  18.661   0.944         
 0833   479  20.017   1.727         
 0834   479  17.848   1.114         
 0835   479  19.593   0.825         
 0836   479  20.318   1.208         
 0837   479  18.145   1.185         
 0838   479  20.190   1.476         
 0839   479  20.179   1.935         
 0839   532  19.967   1.512         
 0840   479  18.896   0.803         
 0841   479  19.598   0.879         
 0842   479  20.359   1.091         
 0843   479  19.006   0.783         
 0844   479  18.837   1.078         
 0845   479  20.007   1.005         
 0845   532  19.631   1.171         
 0846   479  19.161   0.995         
 0847   479  20.752   1.350         
 0848   479  19.530   0.994         
 0849   479  19.404   0.837         
 0850   479  20.576   1.359         
 0851   479  21.025   0.941         
 0852   479  21.115   1.219         
 0853   479  20.121   0.999         
 0854   479  19.403   0.977         
 0854   532  19.146   0.958         
 0855   479  19.620   0.904         
 0856   479  20.519   1.472         
 0857   479  19.768   0.788         
 0857   532  19.418   1.076         
 0858   479  18.689   0.922         
 0859   479  19.388   0.864         
 0860   479  19.280   0.869         
 0860   532  18.807   0.997         
 0861   479  20.063   0.967         
 0862   479  20.102   1.411         
 0863   479  20.105   0.758         
 0864   479  18.176   0.966         
 0865   479  20.281   1.118         
 0866   479  17.694   1.492         
 0867   479  19.274   0.776         
 0867   532  18.954   0.794         
 0868   479  20.021   1.158         
 0869   479  18.928   0.857         
 0869   532  18.588   0.956         
 0870   479  19.779   1.847         
 0871   479  19.932   1.071         
 0872   479  19.241   1.276         
 0873   479  20.538   0.979         
 0874   479  19.807   1.788         
 0875   479  19.794   1.448         
 0876   479  18.477   0.871         
 0877   479  19.917   0.971         
 0878   479  21.190   1.580         
 0879   479  21.079   1.362         
 0880   479  18.774   0.866         
 0881   479  20.290   0.873         
 0882   479  20.789   1.207         
 0883   479  18.532   1.373         
 0884   479  20.368   1.058         
 0885   479  19.395   0.823         
 0886   479  20.388   0.662         
 0887   479  19.991   0.898         
 0888   479  19.816   0.948         
 0889   479  18.737   1.042         
 0890   479  19.523   0.892         
 0891   479  20.031   0.915         
 0892   479  21.347   1.586         
 0893   479  18.859   0.791         
 0893   532  18.513   0.802         
 0894   479  19.419   1.204         
 0895   479  20.449   1.130         
 0896   479  19.244   0.821         
 0897   479  20.550   1.246         
 0897   532  20.254   1.106         
 0898   479  20.906   1.185         
 0898   532  20.535   1.166         
 0899   479  20.049   1.201         
 0899   532  19.637   1.524         
 0900   479  19.346   0.762         
 0901   479  17.677   0.876         
 0902   479  19.521   0.820         
 0903   479  21.129   0.638         
 0904   479  19.166   0.840         
 0904   532  18.848   0.801         
 0905   479  18.764   0.624         
 0906   479  19.687   1.263         
 0907   479  20.721   1.201         
 0908   479  20.794   1.476         
 0909   479  20.843   1.037         
 0910   479  19.491   0.812         
 0910   532  19.172   0.760         
 0911   479  20.163   1.019         
 0912   479  19.510   0.821         
 0912   532  19.149   0.973         
 0913   479  19.276   0.678         
 0913   532  19.073   0.860         
 0914   479  19.561   0.911         
 0915   479  20.191   1.483         
 0916   479  20.179   1.563         
 0917   479  20.130   0.794         
 0917   532  19.830   0.753         
 0918   479  21.101   0.719         
 0919   479  18.672   0.876         
 0919   532  18.315   0.739         
 0920   479  19.136   0.724         
 0921   479  19.494   2.667         
 0922   479  19.201   0.789         
 0923   479  18.854   1.888         
 0924   479  20.156   0.801         
 0925   479  19.972   0.766         
 0925   532  19.750   0.780         
 0926   479  18.974   0.846         
 0926   532  18.674   0.907         
 0927   479  20.182   0.623         
 0927   532  19.804   0.683         
 0928   479  20.955   1.005         
 0929   479  20.746   0.871         
 0929   532  20.251   0.713         
 0930   479  20.721   1.161         
 0931   479  20.756   0.918         
 0932   479  19.860   0.994         
 0932   532  19.412   1.061         
 0933   479  20.581   1.279         
 0934   479  20.558   0.801         
 0935   479  20.818   0.764         
 0936   479  20.754   0.825         
 0936   532  20.379   1.220         
 0937   479  20.664   0.953         
 0937   532  20.388   1.055         
 0938   479  20.824   0.770         
 0939   479  20.160   1.005         
 0940   479  19.235   0.694         
 0940   532  18.900   0.842         
 0941   479  19.856   1.524         
 0942   479  19.054   1.052         
 0943   479  19.159   0.762         
 0944   479  20.417   2.151         
 0945   479  20.821   1.162         
 0946   479  20.928   0.818         
 0947   479  21.150   1.323         
 0948   479  19.251   1.239         
 0949   479  19.916   0.936         
 0950   479  20.573   1.227         
 0951   479  20.721   1.700         
 0952   479  21.141   1.080         
 0953   479  20.420   1.058         
 0954   479  17.933   0.596         
 0954   532  17.613   0.700         
 0955   479  20.255   0.852         
 0956   479  19.854   1.335         
 0957   479  19.731   1.052         
 0958   479  19.661   1.536         
 0959   479  20.197   1.030         
 0959   532  19.845   0.978         
 0960   479  19.706   0.886         
 0961   479  20.769   0.685         
 0961   532  20.274   1.189         
 0962   479  20.650   1.119         
 0963   479  20.576   1.359         
 0964   479  20.149   0.897         
 0964   532  19.930   0.949         
 0965   479  19.014   1.422         
 0965   532  18.483   2.310         
 0966   479  19.394   1.332         
 0966   532  19.222   0.912         
 0967   479  20.117   1.051         
 0968   479  21.068   1.488         
 0969   479  21.583   1.021         
 0970   479  20.247  -0.052         
 0971   479  20.651   0.914         
 0972   479  21.492   0.673         
 0973   479  18.483   0.123         
 0974   479  20.451   1.209         
 0975   479  20.735   1.411         
 0976   479  21.852   1.571         
 0977   479  22.817   0.436         
 0978   479  21.457   1.651         
 0979   479  20.232   2.689         
 0980   479  18.450  -0.243         
 0981   479  22.723   0.412         
 0982   479  12.716   5.636         
 0984   532  20.495   1.832         
 0993   532  20.511   1.307         
 0995   532  20.439   1.215         
 1034   532  20.474   1.278         
 1041   532  20.682   0.727         
 1047   532  16.154   0.705         
 1061   532  20.456   1.068         
 1065   532  20.353   3.193         
 1070   532  20.613   1.716         
 1082   532  20.018   0.943         
 1093   532  20.965   1.462         
 1113   532  20.351   1.640         
 1131   532  19.201   1.262         
 1132   532  20.745   1.352         
 1143   532  20.616   1.267         
 1154   532  20.376   0.812         
 2000   532  11.424   0.822         
 2001   532  13.843   1.191         
 2002   532  14.893   0.698         
 2003   532  16.299   2.209         
 2004   532  14.905   1.464         
 2005   532  15.689   0.699         
 2006   532  15.058   0.269         
 2007   532  17.187   0.737         
 2008   532  15.482   0.727         
 2009   532  14.777   0.528         
 2010   532  18.202   0.708         
 2011   532  13.390   0.122         
 2016   532  15.668   0.701         
 2017   532  16.071   0.479         
 2018   532  14.172   0.515         
 2026   532  16.946   0.927         
 2027   532  17.353   0.840         
 2028   532  14.801   0.984         
 2035   532  14.882   0.306         
 2036   532  14.855   0.796         
 2037   532  17.723   0.663         
 2039   532  16.481   0.586         
 2040   532  18.084   0.704         
 2041   532  17.955   0.783         
 2043   532  16.476   0.701         
 2044   532  17.517   0.691         
 2046   532  16.116   0.688         
 2047   532  16.580   0.737         
 2049   532  15.165   0.545         
 2054   532  16.465   0.601         
 2055   532  14.861   0.753         
 2061   532  18.623   0.638         
 2062   532  16.295   0.780         
 2063   532  20.088   0.773         
 2065   532  19.273   1.225         
 2067   532  15.908   0.680         
 2068   532  14.703   0.270         
 2071   532  16.496   0.890         
 2072   532  17.995   0.850         
 2074   532  16.224   0.803         
 2075   532  17.394   0.735         
 2076   532  16.032   0.694         
 2077   532  16.753   0.794         
 2078   532  12.704   0.587         
 2082   532  15.471   1.124         
 2083   532  14.229   0.336         
 2085   532  12.997   1.094         
 2087   532  12.028   0.916         
 2088   532  19.552   0.664         
 2093   532  20.633   1.858         
 2094   532  19.851   1.931         
 2095   532  19.762   1.366         
 2096   532  20.033   0.923         
 2100   532  20.428   1.024         
 2102   532  19.979   1.785         
 2103   532  20.070   1.510         
 2104   532  20.527   1.212         
 2105   532  15.580   0.595         
 2106   532  19.924   2.144         
 2108   532  20.427   0.794         
 2109   532  19.823   1.063         
 2110   532  19.084   0.910         
 2112   532  18.973   0.809         
 2114   532  19.643   1.323         
 2115   532  19.481   1.104         
 2117   532  20.238   1.349         
 2119   532  18.991   0.854         
 2122   532  20.575   1.073         
 2123   532  20.381   1.215         
 2124   532  19.547   1.242         
 2125   532  20.410   1.638         
 2126   532  19.864   2.237         
 2127   532  19.855   1.106         
 2129   532  20.462   1.102         
 2132   532  18.932   1.142         
 2133   532  18.743   1.623         
 2135   532  19.718   1.604         
 2137   532  20.626   1.367         
 2138   532  20.074   1.041         
 2139   532  20.104   1.256         
 2141   532  19.992   1.247         
 2142   532  20.026   0.982         
 2143   532  20.162   1.266         
 2144   532  19.755   0.819         
 2148   532  20.039   2.135         
 2149   532  19.959   1.098         
 2150   532  20.233   0.922         
 2151   532  20.285   0.932         
 2152   532  20.705   2.489         
 2153   532  20.598   1.068         
 2155   532  20.505   1.101         
 2158   532  19.806   1.106         
 2160   532  19.591   1.109         
 2161   532  20.438   0.798         
 2162   532  18.730   0.670         
 2163   532  20.352   0.851         
 2164   532  19.144   1.712         
 2165   532  19.617   1.809         
 2168   532  19.548   0.975         
 2173   532  19.996   0.753         
 2174   532  19.895   1.059         
 2175   532  18.886   0.667         
 2176   532  20.551   0.722         
 2177   532  20.519   0.954         
 2178   532  19.657   1.274         
 2179   532  19.623   0.691         
 2184   532  19.434   1.197         
 2185   532  20.087   1.656         
 2189   532  18.637   0.853         
 2196   532  20.448   0.797         
 2197   532  20.045   0.978         
 2198   532  19.819   1.138         
 2199   532  20.272   1.176         
 2200   532  19.796   1.261         
 2201   532  19.746   1.989         
 2202   532  19.154   0.983         
 2203   532  19.958   1.271         
 2206   532  18.662   0.837         
 2210   532  19.770   1.020         
 2211   532  20.269   1.764         
 2212   532  19.730   0.951         
 2213   532  19.855   1.102         
 2216   532  20.090   1.251         
 2220   532  20.627   1.514         
 2223   532  20.035   1.285         
 2224   532  18.982   0.906         
 2225   532  19.519   0.969         
 2227   532  20.109   1.132         
 2230   532  20.544   0.899         
 2231   532  18.558   0.853         
 2233   532  19.922   1.183         
 2234   532  19.202   0.885         
 2235   532  19.850   1.396         
 2236   532  19.851   1.608         
 2237   532  18.730   0.791         
 2238   532  19.830   0.932         
 2239   532  20.280   1.298         
 2241   532  20.151   0.964         
 2242   532  20.409   1.160         
 2243   532  20.365   0.977         
 2248   532  20.278   0.995         
 2251   532  19.755   1.032         
 2252   532  19.793  -0.119         
 2254   532  20.676   1.648         
 2260   532  20.785   2.024         
 2262   532  20.261   1.679         
 2263   532  20.581   0.985         
 2267   532  21.245   1.670         
 2269   532  20.587   1.037         
 2271   532  20.695   1.300         
 2272   532  20.307   1.913         
 2277   532  21.455   2.823         
 2279   532  19.960   1.021         
 2280   532  20.301   1.427         
 2281   532  20.860   1.688         
 2282   532  20.158   1.757         
 2287   532  19.721   1.736         
 2292   532  20.500   1.391         
 2293   532  20.246   1.326         
 2294   532  20.229   1.302         
 2295   532  20.853   1.019         
 2297   532  20.651   1.267         
 2303   532  19.998   0.890         
 2304   532  20.049   1.285         
 2305   532  19.912   0.777         
 2306   532  17.288   0.489         
 2307   532  18.650   0.503         
 2309   532  19.256   1.116         
 2311   532  17.832   1.320         
 2312   532  17.817   1.061         
 2319   532  20.374   2.010         
 2322   532  13.053   1.254         
 2323   532  20.022   1.392         
 2333   532  18.423   1.254         
 2335   532  20.345   0.942         
 2344   532  19.217   0.931         
 2346   532  12.401   0.070         
 2347   532  14.731  -1.037         
 2351   532  18.986   0.956         
 2357   532  20.611   1.484         
 2359   532  17.040   0.871         
 2361   532  18.557   0.780         
 2371   532  19.590   0.844         
 2374   532  18.227   0.917         
 2376   532  17.251   0.801         
 2377   532  21.218   1.873         
 2379   532  19.002   0.866         
 2380   532  16.994   0.784         
 2381   532  19.151   0.839         
 2383   532  19.998   1.180         
 2386   532  20.595   2.033         
 2387   532  14.148   0.589         
 2390   532  20.359   0.719         
 2391   532  18.482  -0.235         
 2393   532  15.750   0.714         
 2394   532  16.170   0.643         
 2396   532  20.755   1.702         
 2398   532  21.835   1.954         
 2403   532  19.903   0.899         
 2405   532  20.341   1.329         
 2406   532  19.919   1.522         
 2407   532  17.749   0.794         
 2408   532  20.929   2.575         
 2411   532  19.720   0.868         
 2414   532  20.908   0.830         
 2416   532  20.070   0.776         
 2417   532  19.420   0.803         
 2418   532  18.854   1.023         
 2421   532  17.803   1.078         
 2422   532  20.420   0.798         
 2423   532  19.679   1.006         
 2425   532  21.660   1.510         
 2431   532  16.042   0.797         
 2435   532  15.165   1.054         
 2436   532  16.658   0.801         
 2439   532  20.082   1.113         
 2442   532  18.727   1.264         
 2444   532  18.871   0.773         
 2447   532  19.393   1.355         
 2448   532  20.951   1.175         
 2449   532  18.224   0.856         
 2450   532  20.366   1.412         
 2452   532  17.029   0.815         
 2454   532  19.750   1.062         
 2455   532  17.781   0.932         
 2456   532  19.307   0.891         
 2457   532  19.105   0.913         
 2459   532  18.137   0.761         
 2460   532  18.007   0.959         
 2461   532  17.733   0.727         
 2462   532  17.113   0.848         
 2463   532  18.400   0.863         
 2466   532  18.409   0.698         
 2467   532  18.188   0.799         
 2470   532  19.771   0.864         
 2474   532  17.027   0.916         
 2475   532  19.524   1.032         
 2483   532  19.982   0.414         
 2484   532  19.734   2.365         
 2486   532  14.923   0.695         
 2488   532  19.295   1.147         
 2489   532  20.638   0.969         
 2490   532  16.185   0.660         
 2491   532  15.923   0.536         
 2494   532  20.769   1.676         
 2495   532  17.719   0.837         
 2497   532  19.083   0.861         
 2502   532  19.759   0.923         
 2503   532  18.124   0.784         
 2511   532  20.345   1.015         
 2512   532  19.821   0.856         
 2514   532  17.619   0.870         
 2515   532  18.807   0.870         
 2518   532  14.066   0.179         
 2519   532  18.780   1.026         
 2520   532  19.892   0.851         
 2521   532  16.251   1.400         
 2525   532  18.191   1.289         
 2529   532  17.299  -0.053         
 2532   532  20.082   1.023         
 2534   532  21.122   2.073         
 2535   532  20.196   1.272         
 2536   532  18.198   0.776         
 2538   532  20.347   1.338         
 2539   532  19.309   1.102         
 2542   532  17.255   0.613         
 2543   532  19.582   1.137         
 2544   532  18.576   1.555         
 2546   532  18.590   1.080         
 2547   532  20.586   1.583         
 2548   532  18.940   0.732         
 2549   532  19.378   0.962         
 2550   532  17.977   0.824         
 2551   532  14.136   0.522         
 2552   532  21.242   2.248         
 2553   532  19.301   0.951         
 2554   532  20.455   0.959         
 2556   532  20.120   0.964         
 2559   532  16.871   0.683         
 2560   532  18.797   2.299         
 2563   532  22.515   3.408         
 2564   532  20.461   0.993         
 2565   532  20.124   1.811         
 2566   532  14.745   0.749         
 2567   532  18.190   0.891         
 2569   532  19.911   0.892         
 2570   532  19.044   0.864         
 2571   532  14.362   0.715         
 2573   532  19.660   0.569         
 2575   532  19.947   1.057         
 2577   532  21.124   2.077         
 2580   532  20.307   1.714         
 2581   532  19.193   1.001         
 2584   532  16.339   0.668         
 2585   532  19.193   1.775         
 2587   532  19.771   0.703         
 2588   532  15.983   0.987         
 2593   532  19.199   0.944         
 2595   532  18.156   1.962         
 2596   532  19.863   1.395         
 2597   532  16.270   0.691         
 2598   532  19.580   1.232         
 2606   532  20.550   1.360         
 2607   532  16.893   0.751         
 2610   532  18.126   0.780         
 2614   532  19.106   0.894         
 2616   532  19.172   0.959         
 2618   532  19.743   1.359         
 2620   532  17.751   0.905         
 2622   532  18.899   0.832         
 2625   532  17.361   0.870         
 2626   532  19.394   0.890         
 2630   532  18.003   0.758         
 2631   532  17.581   0.699         
 2632   532  20.906   1.592         
 2633   532  19.530   0.713         
 2634   532  16.439   0.905         
 2635   532  15.526   0.725         
 2639   532  16.699   0.665         
 2640   532  20.849   1.842         
 2641   532  14.051   0.658         
 2644   532  18.189   0.956         
 2646   532  19.940   1.259         
 2647   532  18.128   0.682         
 2648   532  17.966   0.726         
 2649   532  14.550   0.633         
 2652   532  18.575   1.235         
 2654   532  17.470   0.775         
 2656   532  17.304   0.736         
 2657   532  19.727   2.512         
 2658   532  19.825   1.132         
 2660   532  20.254   0.908         
 2661   532  20.296   0.880         
 2664   532  18.889   1.080         
 2665   532  19.343   1.020         
 2667   532  18.247   0.819         
 2668   532  17.482   0.649         
 2670   532  20.762   1.236         
 2674   532  18.674   0.827         
 2675   532  17.205   0.977         
 2678   532  19.532   1.066         
 2679   532  17.292   0.901         
 2680   532  19.701   0.837         
 2681   532  20.074   1.006         
 2683   532  18.144   1.273         
 2684   532  18.258   0.854         
 2685   532  20.542   0.881         
 2686   532  19.987   1.092         
 2688   532  19.626   1.912         
 2695   532  14.268   0.982         
 2697   532  19.541   0.935         
 2698   532  17.806   0.979         
 2699   532  16.386   0.701         
 2700   532  18.058   0.881         
 2701   532  19.755   0.720         
 2704   532  20.292   1.107         
 2705   532  18.060   0.853         
 2706   532  16.992   0.854         
 2709   532  18.034   0.716         
 2714   532  20.627   1.042         
 2715   532  20.548   1.179         
 2716   532  19.298   0.887         
 2717   532  18.670   0.625         
 2719   532  19.164   1.297         
 2722   532  18.220   1.080         
 2725   532  20.212   0.949         
 2728   532  20.384   0.173         
 2729   532  17.508   0.825         
 2730   532  18.174   1.190         
 2731   532  20.282   0.663         
 2732   532  17.325   0.598         
 2734   532  19.404   1.152         
 2735   532  17.179   1.107         
 2737   532  19.941   1.268         
 2743   532  16.969   0.567         
 2745   532  18.798   0.921         
 2746   532  17.670   0.922         
 2749   532  20.416   1.230         
 2750   532  18.154   0.771         
 2751   532  17.179   1.119         
 2753   532  18.538   0.724         
 2754   532  18.974  -1.062         
 2755   532  19.035   1.125         
 2756   532  16.936   0.788         
 2757   532  16.619   0.744         
 2758   532  17.821   0.899         
 2759   532  18.326   0.844         
 2760   532  17.857   1.941         
 2762   532  17.622   0.806         
 2764   532  20.387   1.014         
 2765   532  19.224   0.875         
 2770   532  16.291   0.868         
 2772   532  17.439   0.885         
 2773   532  21.064   1.670         
 2774   532  20.375   1.342         
 2779   532  13.584   1.267         
 2781   532  17.914   1.015         
 2783   532  20.802   0.935         
 2784   532  19.053   1.714         
 2785   532  16.521   0.781         
 2788   532  20.213   1.648         
 2790   532  15.064   0.586         
 2792   532  16.122   0.747         
 2794   532  19.912   2.465         
 2795   532  19.436   1.533         
 2799   532  18.461   1.047         
 2800   532  18.399   1.010         
 2801   532  19.546   1.066         
 2802   532  18.749   0.972         
 2803   532  19.515   0.882         
 2807   532  19.318   0.885         
 2808   532  19.264   0.863         
 2809   532  19.633   1.111         
 2810   532  17.827   0.793         
 2812   532  19.866   1.116         
 2814   532  19.731   0.868         
 2816   532  19.345   0.830         
 2817   532  17.529   1.483         
 2819   532  18.567   0.975         
 2820   532  20.831   1.378         
 2821   532  18.674  -0.262         
 2827   532  18.617   1.209         
 2828   532  17.792   0.930         
 2830   532  21.332   1.754         
 2834   532  18.584   0.917         
 2836   532  20.501   0.984         
 2837   532  20.511   1.390         
 2838   532  20.002   2.632         
 2842   532  20.236   1.392         
 2844   532  19.197   1.006         
 2846   532  20.278   0.853         
 2849   532  18.041   0.705         
 2852   532  19.058   1.011         
 2856   532  18.102   0.869         
 2858   532  16.898   0.871         
 2860   532  19.586   0.868         
 2861   532  19.750   0.956         
 2862   532  16.808   1.123         
 2863   532  17.201   0.633         
 2865   532  16.334   0.458         
 2866   532  18.547   1.378         
 2868   532  16.956   0.834         
 2871   532  19.623   1.166         
 2873   532  18.861   1.087         
 2874   532  20.118   1.045         
 2875   532  18.049   0.820         
 2876   532  18.053   0.729         
 2877   532  17.665   1.037         
 2878   532  20.896   2.018         
 2879   532  16.820   0.554         
 2880   532  19.642   1.398         
 2884   532  15.933   0.825         
 2885   532  17.451   0.939         
 2886   532  17.893   0.839         
 2887   532  17.562   1.119         
 2889   532  17.325   0.864         
 2890   532  19.916   1.524         
 2892   532  19.895   1.569         
 2894   532  16.590   0.877         
 2895   532  21.292   1.602         
 2896   532  15.264   0.443         
 2898   532  18.225   0.807         
 2899   532  20.323   1.233         
 2901   532  17.905   0.975         
 2902   532  19.466   1.132         
 2903   532  19.173   0.758         
 2904   532  17.124   0.824         
 2905   532  18.962   2.062         
 2908   532  17.374   0.540         
 2909   532  19.330   1.070         
 2910   532  19.330   0.731         
 2911   532  18.005   0.908         
 2912   532  18.126   0.837         
 2913   532  18.850   1.116         
 2914   532  17.087   0.617         
 2916   532  18.755   0.789         
 2917   532  20.550   1.161         
 2918   532  20.049   1.138         
 2919   532  18.113   2.157         
 2920   532  19.107   2.571         
 2922   532  17.293   0.427         
 2923   532  18.118   0.791         
 2924   532  19.704   1.712         
 2925   532  19.532   1.090         
 2928   532  18.437   0.732         
 2930   532  19.915   1.750         
 2932   532  15.978   0.662         
 2934   532  19.877   1.357         
 2935   532  19.073   1.032         
 2936   532  19.517   1.655         
 2937   532  19.434   0.896         
 2940   532  19.003   0.689         
 2941   532  18.281   0.690         
 2942   532  15.945   0.533         
 2943   532  19.976   1.266         
 2944   532  17.596   0.701         
 2946   532  20.075   1.418         
 2947   532  17.912   0.982         
 2948   532  15.809   2.028         
 2949   532  17.319   0.808         
 2950   532  18.078   0.892         
 2951   532  17.756   0.797         
 2953   532  19.745   0.786         
 2956   532  20.122   1.342         
 2957   532  20.647   1.504         
 2958   532  16.689   0.491         
 2959   532  20.667   1.825         
 2960   532  18.267   0.858         
 2964   532  18.695   1.419         
 2965   532  11.886   1.116         
 2968   532  19.497   1.857         
 2969   532  17.840   1.119         
 2975   532  19.745   0.854         
 2977   532  18.807   0.930         
 2978   532  19.549   0.939         
 2979   532  20.195   0.949         
 2980   532  17.241   1.113         
 2984   532  19.197   1.111         
 2985   532  16.680   0.758         
 2986   532  18.186   0.925         
 2988   532  18.714   0.793         
 2989   532  17.717   0.829         
 2990   532  19.087   0.951         
 2991   532  20.535   0.689         
 2993   532  19.344   1.059         
 2994   532  17.383   1.023         
 2996   532  17.106   0.694         
 2997   532  18.429   0.740         
 2999   532  17.817   0.696         
 3001   532  17.354   0.762         
 3002   532  17.965   1.393         
 3004   532  20.171   1.080         
 3005   532  16.260   0.762         
 3006   532  19.891   1.132         
 3009   532  17.215   0.620         
 3013   532  17.202   0.997         
 3015   532  19.521   0.683         
 3017   532  18.884   0.877         
 3018   532  12.466   0.603         
 3019   532  18.745   0.833         
 3024   532  19.373   0.837         
 3026   532  18.232   0.983         
 3030   532  17.320   0.760         
 3033   532  20.032   1.347         
 3035   532  16.157   0.532         
 3037   532  18.661   0.746         
 3038   532  18.916   0.651         
 3041   532  16.959   1.094         
 3042   532  19.793   1.395         
 3043   532  17.949   0.817         
 3046   532  16.183   0.446         
 3047   532  16.471   0.684         
 3048   532  19.322   1.375         
 3049   532  15.288   0.673         
 3050   532  17.728   0.869         
 3052   532  19.054   0.765         
 3053   532  17.178   0.938         
 3054   532  15.973   0.625         
 3056   532  19.102   0.958         
 3057   532  15.724   0.652         
 3058   532  20.275   1.107         
 3059   532  19.644   0.670         
 3060   532  19.200   1.029         
 3061   532  19.513   0.899         
 3062   532  20.088   1.841         
 3068   532  18.304   0.794         
 3069   532  16.630   0.486         
 3070   532  16.380   0.870         
 3072   532  18.809   1.290         
 3075   532  19.994   2.103         
 3077   532  20.131   1.886         
 3078   532  18.611   1.593         
 3079   532  18.080   0.766         
 3080   532  18.704   0.129         
 3081   532  20.017   0.820         
 3083   532  17.782   0.685         
 3084   532  16.180   0.677         
 3085   532  20.741   2.150         
 3086   532  21.103   2.111         
 3087   532  19.665   1.148         
 3089   532  17.538   0.837         
 3090   532  17.577   0.684         
 3092   532  19.634   1.479         
 3094   532  19.773   1.493         
 3095   532  17.484   0.689         
 3096   532  18.981   1.025         
 3098   532  19.077   0.925         
 3099   532  17.939   0.843         
 3101   532  15.424   0.249         
 3103   532  16.343   0.603         
 3106   532  20.396   1.121         
 3107   532  16.966   0.627         
 3108   532  17.668   0.970         
 3109   532  17.311   1.165         
 3111   532  17.164   0.608         
 3112   532  20.375   1.470         
 3114   532  17.806   0.806         
 3115   532  17.193   1.135         
 3116   532  16.962   1.181         
 3121   532  19.051   1.240         
 3126   532  19.872   1.042         
 3127   532  20.420   1.103         
 3131   532  19.441   1.404         
 3134   532  12.618   0.191         
 3138   532  18.036   0.808         
 3144   532  19.852   1.039         
 3146   532  10.415   0.241         
 3160   532  18.541   1.347         
 3161   532  20.510   1.121         
 3164   532  19.076   0.652         
 3166   532  18.732   0.956         
 3168   532  20.382   1.700         
 3169   532  17.459   0.820         
 3170   532  18.230   0.718         
 3173   532  20.185   0.811         
 3175   532  17.898   0.765         
 3176   532  16.932   0.536         
 3177   532  18.960   1.013         
 3178   532  14.541   0.634         
 3179   532  18.678   0.901         
 3181   532  18.159   0.815         
 3183   532  18.455   0.696         
 3184   532  19.526   1.923         
 3185   532  18.410   1.016         
 3187   532  20.506   2.038         
 3190   532  20.150   1.032         
 3191   532  17.700   0.721         
 3192   532  19.068   0.813         
 3194   532  18.676   0.725         
 3195   532  20.278   1.426         
 3197   532  18.222   0.709         
 3198   532  18.476   0.730         
 3199   532  19.177   0.966         
 3202   532  18.712   0.889         
 3204   532  13.856   0.577         
 3207   532  17.986   0.668         
 3208   532  19.028   1.023         
 3209   532  18.497   0.837         
 3211   532  17.955   0.780         
 3212   532  20.512   1.372         
 3217   532  19.206   1.085         
 3219   532  20.076   2.465         
 3221   532  19.604   1.097         
 3222   532  19.542   0.577         
 3223   532  19.186   1.204         
 3224   532  20.889   1.819         
 3225   532  19.098   0.916         
 3226   532  20.857   1.846         
 3227   532  17.109   0.897         
 3228   532  17.189   1.080         
 3230   532  17.783   0.677         
 3231   532  17.681   1.073         
 3233   532  16.173   0.359         
 3234   532  17.320   0.690         
 3237   532  20.089   0.983         
 3238   532  21.353   2.493         
 3239   532  17.059   0.651         
 3240   532  20.388   1.397         
 3241   532  18.596   1.483         
 3242   532  19.071   0.868         
 3243   532  14.815   0.753         
 3244   532  18.362   0.758         
 3245   532  19.828   0.967         
 3247   532  18.907   0.856         
 3248   532  17.800   0.740         
 3249   532  19.013   0.879         
 3252   532  19.560   0.884         
 3253   532  15.805   0.708         
 3254   532  17.035   1.228         
 3255   532  15.386   0.426         
 3256   532  18.057   0.949         
 3257   532  19.994   0.751         
 3259   532  18.010   0.732         
 3260   532  18.750   1.212         
 3262   532  17.948   0.868         
 3266   532  18.134   1.381         
 3267   532  18.688   1.073         
 3268   532  18.076   1.367         
 3270   532  11.694   1.051         
 3272   532  15.741   0.667         
 3274   532  19.261   0.832         
 3275   532  19.958   1.211         
 3281   532  14.701   1.135         
 3282   532  17.420   1.049         
 3284   532  19.903   0.837         
 3285   532  20.345   1.328         
 3286   532  19.061   0.894         
 3287   532  19.256   0.763         
 3288   532  17.863   0.660         
 3289   532  19.119   0.939         
 3290   532  18.547   0.722         
 3291   532  19.204   1.125         
 3292   532  20.638   1.176         
 3294   532  17.594   1.559         
 3295   532  17.265   0.921         
 3297   532  20.448   1.362         
 3298   532  19.923   1.377         
 3299   532  19.702   1.077         
 3301   532  18.766  -0.129         
 3302   532  18.343   0.925         
 3304   532  20.437   1.142         
 3306   532  14.145   0.043         
 3307   532  19.595   0.957         
 3308   532  16.946   0.696         
 3309   532  20.471   1.094         
 3310   532  16.948   0.598         
 3312   532  17.500   0.861         
 3313   532  20.225   1.373         
 3315   532  19.681   0.966         
 3316   532  18.944   0.982         
 3317   532  17.952   0.784         
 3318   532  18.977   0.967         
 3319   532  19.121   1.333         
 3320   532  18.570   0.749         
 3324   532  20.343   0.997         
 3326   532  15.013   0.833         
 3328   532  19.844   1.369         
 3329   532  20.047   0.700         
 3332   532  18.268   0.975         
 3333   532  20.178   1.056         
 3335   532  20.759   1.196         
 3336   532  16.481   0.778         
 3337   532  19.623   0.653         
 3338   532  16.577   1.085         
 3339   532  19.322   0.270         
 3340   532  18.672   1.972         
 3341   532  17.929   1.030         
 3342   532  20.094   1.227         
 3343   532  18.992   0.832         
 3344   532  20.061   1.581         
 3345   532  19.544   0.930         
 3347   532  14.295   0.355         
 3348   532  15.619   0.523         
 3350   532  19.238   0.670         
 3351   532  15.642   0.873         
 3352   532  17.677   0.642         
 3353   532  17.187   0.701         
 3354   532  18.670   1.280         
 3355   532  20.083   1.176         
 3356   532  15.650   0.801         
 3357   532  19.039   0.811         
 3359   532  19.562   0.784         
 3360   532  17.115   1.006         
 3363   532  18.968   1.011         
 3364   532  18.921   1.300         
 3365   532  19.355   1.378         
 3367   532  19.840   1.945         
 3368   532  14.603   0.851         
 3369   532  19.593   0.969         
 3370   532  14.752   0.315         
 3371   532  19.501   0.952         
 3375   532  19.298   1.349         
 3376   532  19.035   0.849         
 3377   532  20.684   0.674         
 3378   532  18.718   0.770         
 3379   532  20.488   1.005         
 3380   532  20.375   1.135         
 3381   532  16.747   0.556         
 3382   532  18.607   0.813         
 3383   532  19.796   1.097         
 3384   532  16.501   0.558         
 3385   532  20.324   1.028         
 3387   532  20.800   0.963         
 3390   532  20.341   1.073         
 3391   532  17.896   0.859         
 3392   532  20.276   1.099         
 3395   532  19.041   0.901         
 3397   532  16.176   0.448         
 3398   532  16.584   1.248         
 3401   532  18.959   0.742         
 3402   532  15.850   0.322         
 3403   532  18.550   0.776         
 3405   532  20.399   0.871         
 3406   532  15.781   0.736         
 3409   532  15.385   0.760         
 3410   532  19.407   0.977         
 3411   532  16.322   0.618         
 3413   532  18.987   1.457         
 3414   532  14.251   1.001         
 3415   532  19.087   1.067         
 3416   532  20.405   1.388         
 3417   532  17.586   0.891         
 3418   532  18.864   1.130         
 3419   532  18.284   1.046         
 3421   532  18.647   0.747         
 3422   532  17.335   1.318         
 3423   532  17.520   0.589         
 3424   532  19.283   1.342         
 3425   532  16.458   0.802         
 3426   532  19.906   0.935         
 3429   532  21.207   1.258         
 3430   532  17.170   0.751         
 3431   532  18.702   0.718         
 3436   532  17.876   0.693         
 3437   532  19.416   0.953         
 3438   532  20.499   1.217         
 3439   532  19.624   1.328         
 3440   532  19.492   1.029         
 3441   532  20.950   1.657         
 3443   532  18.250   0.735         
 3445   532  19.877   0.977         
 3446   532  19.104   0.729         
 3447   532  16.616   0.656         
 3450   532  18.836   0.856         
 3456   532  18.142   0.757         
 3460   532  20.440   0.949         
 3461   532  19.231   2.279         
 3462   532  19.806   1.460         
 3463   532  18.879   1.305         
 3465   532  18.980   1.061         
 3466   532  15.148   0.701         
 3467   532  18.898   0.696         
 3470   532  17.000   0.783         
 3471   532  17.198   0.654         
 3473   532  20.231   1.118         
 3474   532  18.785   1.314         
 3475   532  19.330   1.145         
 3478   532  16.995   0.527         
 3479   532  19.909   1.133         
 3483   532  16.627   0.713         
 3486   532  19.228   0.701         
 3489   532  20.123   0.887         
 3491   532  21.474   1.865         
 3492   532  19.771   0.739         
 3494   532  19.466   1.364         
 3495   532  19.401   0.964         
 3499   532  19.801   1.178         
 3501   532  18.259   1.325         
 3502   532  18.450   0.714         
 3503   532  17.875   0.589         
 3504   532  14.696   0.944         
 3505   532  18.136   0.678         
 3508   532  19.436   0.912         
 3511   532  19.200   0.874         
 3514   532  19.719   1.713         
 3516   532  19.693   0.863         
 3517   532  17.715  -0.674         
 3518   532  18.642   0.771         
 3519   532  17.034   1.435         
 3520   532  20.215   0.817         
 3522   532  17.187   0.701         
 3529   532  19.484   2.196         
 3532   532  13.617   1.829         
 3533   532  18.956   2.166         
 3534   532  20.153   1.065         
 3535   532  20.205   0.709         
 3537   532  21.409   2.889         
 3539   532  19.050   0.760         
 3541   532  18.983   0.832         
 3542   532  17.181   1.373         
 3544   532  19.856   1.750         
 3545   532  19.643   1.085         
 3547   532  16.249   0.553         
 3549   532  17.918   1.129         
 3550   532  13.596   0.329         
 3552   532  20.852   1.153         
 3553   532  19.917   1.161         
 3556   532  20.291   1.124         
 3559   532  17.222   0.964         
 3560   532  17.717   0.689         
 3562   532  18.659   0.739         
 3563   532  20.829   1.062         
 3564   532  16.155   0.718         
 3566   532  19.461   0.647         
 3568   532  17.265   0.670         
 3569   532  20.073   1.326         
 3570   532  18.771   0.794         
 3573   532  17.510   0.571         
 3576   532  15.425   0.742         
 3577   532  17.735   1.117         
 3578   532  19.743   2.073         
 3579   532  17.723   0.719         
 3580   532  20.123   1.083         
 3581   532  18.038   2.265         
 3582   532  18.147   0.708         
 3583   532  17.651   0.610         
 3584   532  19.239   1.867         
 3586   532  17.368   0.808         
 3587   532  19.436   1.824         
 3588   532  17.457   1.018         
 3589   532  19.923   1.119         
 3590   532  16.374   0.569         
 3591   532  17.865   0.824         
 3592   532  19.508   0.762         
 3593   532  15.974   0.601         
 3595   532  16.825   0.684         
 3597   532  20.473   1.524         
 3601   532  21.156   1.525         
 3605   532  18.023   0.758         
 3606   532  19.954   0.710         
 3608   532  18.607   1.858         
 3609   532  20.012   2.163         
 3610   532  17.157   1.173         
 3611   532  18.268   0.708         
 3613   532  19.161   0.946         
 3615   532  17.330   0.608         
 3616   532  20.631   0.815         
 3617   532  16.081   0.842         
 3619   532  19.894   0.489         
 3621   532  18.872   0.755         
 3622   532  15.577   0.853         
 3623   532  19.790   1.402         
 3625   532  19.948   1.340         
 3626   532  19.598   1.056         
 3627   532  19.408   0.682         
 3629   532  18.486   0.997         
 3631   532  20.077   1.056         
 3632   532  18.326   0.771         
 3634   532  16.277   0.765         
 3635   532  16.888   0.525         
 3639   532  18.294   0.732         
 3640   532  17.669   0.753         
 3642   532  19.112   0.890         
 3644   532  19.788   2.435         
 3645   532  19.688   0.665         
 3646   532  19.240   2.764         
 3647   532  16.129   0.620         
 3652   532  20.162   1.289         
 3657   532  19.033   0.899         
 3660   532  19.142   1.258         
 3661   532  18.672   1.409         
 3663   532  16.467   0.477         
 3665   532  20.479   1.862         
 3666   532  20.154   1.096         
 3667   532  16.355   0.481         
 3671   532  16.118   0.961         
 3673   532  18.986   1.004         
 3674   532  21.468   1.654         
 3676   532  20.040   1.707         
 3678   532  19.746   1.209         
 3681   532  10.820   0.613         
 3683   532  20.630   0.824         
 3686   532  19.013   1.711         
 3687   532  19.424   0.939         
 3688   532  18.596   0.842         
 3689   532  19.097   0.832         
 3693   532  16.366   0.804         
 3699   532  18.019   0.899         
 3701   532  19.042   1.121         
 3702   532  18.666   0.753         
 3703   532  17.656   1.271         
 3704   532  11.061   1.200         
 3706   532  20.124   1.028         
 3709   532  18.668   0.985         
 3710   532  19.510   1.338         
 3712   532  15.323   1.121         
 3713   532  20.143   0.705         
 3717   532  15.310   0.565         
 3720   532  13.318   1.295         
 3721   532  18.776   0.864         
 3724   532  18.539   0.713