UBV CCD observations

  No    Ref    V       B-V     U-B

 0001   479  15.914   0.722   0.325
 0002   479  18.616   1.166   0.624
 0003   479  17.009   0.981   0.222
 0004   479  17.418   0.970   0.437
 0005   479  16.867   1.504   0.779
 0006   479  14.605   0.758   0.135
 0007   479  15.746   0.822   0.047
 0008   479  17.654   1.023   0.488
 0009   479  17.109   0.950   0.296
 0010   479  16.821   1.147   0.419
 0011   479  16.791   1.022   0.257
 0012   479  15.508   0.900   0.239
 0013   479  17.118   1.046   0.328
 0014   479  15.289   0.804   0.125
 0015   479  15.620   1.979   0.562
 0016   479  17.424   0.954   0.447
 0017   479  17.381   0.896   0.289
 0018   479  16.246   1.662   0.697
 0019   479  18.111   1.100  -0.004
 0020   479  17.083   0.983   0.302
 0021   479  17.163   1.082   0.331
 0022   479  17.747   0.988   0.292
 0023   479  15.678   1.505   0.700
 0024   479  17.199   0.938   0.259
 0025   479  17.563   0.976   0.686
 0026   479  17.776   0.999   0.550
 0027   479  18.351   0.871   1.113
 0028   479  15.626   1.518   0.744
 0029   479  15.359   0.560   0.483
 0030   479  18.448   1.058   0.212
 0031   479  16.113   1.497   0.647
 0032   479  16.451   0.998   0.266
 0033   479  17.669   0.970   0.245
 0034   479  15.857   1.083   0.753
 0035   479  17.072   0.699   0.550
 0036   479  16.160   0.705   0.308
 0037   479  18.161   1.086   0.517
 0038   479  18.549   0.963   0.288
 0039   479  17.908   1.032   0.227
 0040   479  15.060   0.474   0.169
 0041   479  18.140   1.024   0.229
 0042   479  15.770   0.994   0.719
 0043   479  16.585   0.910   0.230
 0044   479  18.788   1.046   0.250
 0045   479  16.505   1.410   0.513
 0046   479  19.374   1.053   0.446
 0047   479  15.102   0.760   0.136
 0048   479  18.052   0.890   0.490
 0049   479  15.959   0.670   0.313
 0050   479  18.936   0.947   0.252
 0051   479  17.406   1.055   0.252
 0052   479  14.413   0.714   0.106
 0053   479  18.646   1.053   0.631
 0054   479  15.131   0.816   0.222
 0055   479  14.886   0.754   0.047
 0056   479  14.380   0.712   0.017
 0057   479  15.724   1.399   0.538
 0058   479  18.187   1.056   0.205
 0059   479  15.193   0.541   0.395
 0060   479  17.538   1.032   0.466
 0061   479  18.263   1.052   0.136
 0062   479  17.456   1.077   0.268
 0063   479  17.514   1.012   0.154
 0064   479  17.629   0.961   0.340
 0065   479  18.692   1.055   0.149
 0066   479  18.355   1.016   0.098
 0067   479  18.484   0.932   0.895
 0068   479  18.138   1.031   0.675
 0069   479  18.121   1.055   0.877
 0070   479  16.498   0.719   0.611
 0071   479  17.542   1.023   0.196
 0072   479  17.445   1.103   0.445
 0073   479  17.777   1.045   0.336
 0074   479  17.488   0.992   0.390
 0075   479  16.986   1.055   0.569
 0076   479  18.852   0.984   0.220
 0077   479  17.971   1.029   0.577
 0078   479  16.901   1.192   1.030
 0079   479  16.566   0.875   0.380
 0080   479  15.969   0.710   0.523
 0081   479  17.971   0.764   0.415
 0082   479  15.588   1.518   0.772
 0083   479  17.967   1.134   0.186
 0084   479  17.457   1.064   0.095
 0085   479  18.891   1.050   0.183
 0086   479  17.415   0.915   0.349
 0087   479  17.673   0.995   0.218
 0088   479  16.659   0.982   0.314
 0089   479  18.590   0.995   0.524
 0090   479  17.444   0.982   0.318
 0091   479  18.319   1.029   0.382
 0092   479  18.379   1.131   0.326
 0093   479  17.405   0.976   0.270
 0094   479  18.703   1.156   0.251
 0095   479  18.107   0.996   0.283
 0096   479  18.097   1.007   0.295
 0097   479  18.580   1.070   0.393
 0098   479  18.184   1.068   0.163
 0099   479  17.917   0.954   0.300
 0100   479  18.140   0.970   0.302
 0101   479  14.764   1.689   0.734
 0102   479  18.457   0.979   0.138
 0103   479  16.395   1.106   0.274
 0104   479  18.701   1.051   0.028
 0105   479  18.108   0.989   0.172
 0106   479  17.449   0.995   0.214
 0107   479  18.293   1.023  -0.007
 0108   479  17.194   1.050   0.311
 0109   479  18.162   0.962         
 0110   479  17.174   1.044   0.348
 0111   479  15.400   1.425   0.509
 0112   479  18.592   1.013   0.210
 0113   479  17.673   0.954   0.480
 0114   479  18.991   0.995   0.574
 0115   479  17.652   0.898   0.270
 0116   479  16.571   0.822   0.493
 0117   479  18.663   1.076   0.212
 0118   479  18.080   1.040   0.398
 0119   479  18.733   1.026   0.184
 0120   479  18.848   0.908   0.369
 0121   479  18.200   0.987   0.069
 0122   479  17.053   0.971   0.350
 0123   479  16.637   0.841   0.114
 0124   479  17.453   1.016   0.375
 0125   479  18.069   1.013   0.437
 0126   479  18.511   1.092   0.200
 0127   479  18.034   0.959   0.312
 0128   479  18.942   1.106   0.443
 0129   479  15.579   1.062   0.332
 0130   479  17.570   0.999   0.291
 0131   479  18.943   0.942   0.628
 0132   479  17.847   1.005   0.358
 0133   479  16.366   1.545   0.748
 0134   479  17.082   0.974   0.213
 0135   479  18.376   0.983   0.320
 0136   479  17.113   0.905   0.142
 0137   479  15.879   1.608   0.615
 0138   479  18.578   0.991   0.277
 0139   479  18.408   1.054   0.475
 0140   479  16.966   1.078   0.325
 0141   479  17.522   1.043   0.202
 0142   479  16.680   0.932   0.136
 0143   479  17.298   0.950   0.348
 0144   479  17.515   0.887   0.163
 0145   479  17.880   0.813   0.525
 0146   479  18.190   0.957   0.217
 0147   479  16.884   0.957   0.435
 0148   479  17.684   0.938   0.119
 0149   479  17.803   0.956   0.380
 0150   479  17.400   0.926   0.114
 0151   479  14.111   0.774   0.197
 0152   479  16.564   0.765   0.559
 0153   479  18.151   0.980   0.272
 0154   479  18.716   0.957   0.081
 0155   479  17.764   1.120   0.269
 0156   479  18.132   1.043  -0.642
 0157   479  17.150   0.930   0.387
 0158   479  17.311   1.080   0.205
 0159   479  18.787   1.107  -0.261
 0160   479  15.366   1.546   0.799
 0161   479  18.301   1.047   0.245
 0162   479  16.874   0.913   0.240
 0163   479  18.061   0.944   0.160
 0164   479  15.522   1.530   0.705
 0165   479  17.462   1.198   0.739
 0166   479  16.703   0.844   0.158
 0167   479  18.600   1.016  -0.016
 0168   479  18.197   1.111   0.292
 0169   479  15.276   0.788   0.043
 0170   479  15.276   0.788   0.043
 0171   479  18.399   1.184   0.443
 0172   479  17.319   1.065   0.258
 0173   479  13.218   0.254   0.101
 0174   479  18.937   1.241   0.009
 0175   479  18.219   0.988  -0.249
 0176   479  15.650   1.517   0.609
 0177   479  17.549   0.975  -0.109
 0178   479  17.543   0.951   0.051
 0179   479  17.413   1.054   0.407
 0180   479  17.479   0.905   0.250
 0181   479  17.479   0.905   0.250
 0182   479  17.546   1.080   0.463
 0183   479  17.694   0.948   0.325
 0184   479  19.220   1.175  -0.038
 0185   479  16.741   0.834   0.053
 0186   479  18.072   0.956   0.766
 0187   479  14.779   1.664   0.860
 0188   479  18.143   0.956   0.076
 0189   479  18.255   1.047  -0.646
 0190   479  18.597   0.820   0.578
 0191   479  16.738   0.954   0.308
 0192   479  14.408   1.612   0.876
 0193   479  13.471   0.646   0.038
 0194   479  18.216   1.151  -0.288
 0195   479  18.371   0.868   0.724
 0196   479  11.608   0.520  -0.106
 0197   479  17.319   0.914   0.260
 0198   479  16.412   0.705   0.312
 0199   479  17.021   1.601   1.110
 0200   479  18.173   1.060  -0.384
 0201   479  17.439   1.089   1.004
 0202   479  16.124   1.052   0.164
 0203   479  12.860   0.673   0.117
 0204   479  12.860   0.673   0.117
 0205   479  16.115   0.269   0.616
 0206   479  15.350   0.827   0.169
 0207   479  15.350   0.827   0.169
 0208   479  20.110   1.056         
 0209   479  20.344   1.559         
 0210   479  20.565   1.164         
 0211   479  20.550   1.151         
 0212   479  18.936   1.357         
 0213   479  19.990   1.295         
 0214   479  19.353   1.139         
 0215   479  19.439   1.132         
 0216   479  20.271   1.518         
 0217   479  20.110   1.305         
 0218   479  19.281   1.231         
 0219   479  18.073   1.309         
 0220   479  19.263   1.222         
 0221   479  19.581   1.593         
 0222   479  19.090   1.193         
 0223   479  18.728   1.052         
 0224   479  20.294   1.324         
 0225   479  19.374   0.952         
 0226   479  18.009   1.222         
 0227   479  19.238   1.475         
 0228   479  20.325   1.571         
 0229   479  19.569   1.067         
 0230   479  21.281   1.522         
 0231   479  20.070   1.129         
 0232   479  19.543   1.558         
 0233   479  19.020   1.244         
 0234   479  19.895   1.184         
 0235   479  19.097   1.158         
 0236   479  19.650   1.190         
 0237   479  20.110   1.132         
 0238   479  20.744   1.166         
 0239   479  19.931   1.084         
 0240   479  20.439   1.652         
 0241   479  18.299   1.056         
 0242   479  20.975   1.128         
 0243   479  17.515   1.466         
 0244   479  20.451   1.102         
 0245   479  19.862   1.181         
 0246   479  20.592   1.241         
 0247   479  20.244   1.273         
 0248   479  19.078   1.103         
 0249   479  20.350   1.352         
 0250   479  20.737   1.569         
 0251   479  20.255   1.284         
 0252   479  20.448   0.920         
 0253   479  18.701   1.041         
 0254   479  19.352   1.109         
 0255   479  19.284   1.256         
 0256   479  19.845   1.409         
 0257   479  20.068   1.200         
 0258   479  19.831   1.038         
 0259   479  19.587   1.648         
 0260   479  19.560   1.191         
 0261   479  19.027   1.083         
 0262   479  19.855   1.147         
 0263   479  19.206   1.260         
 0264   479  20.172   1.125         
 0265   479  20.144   1.510         
 0266   479  20.856   1.351         
 0267   479  20.519   1.089         
 0268   479  21.134   1.345         
 0269   479  20.106   1.497         
 0270   479  20.401   1.180         
 0271   479  19.986   1.402         
 0272   479  19.041   1.020         
 0273   479  18.891   1.157         
 0274   479  19.882   1.319         
 0275   479  19.956   1.326         
 0276   479  20.213   1.134         
 0277   479  19.420   1.237         
 0278   479  21.279   0.836         
 0279   479  20.567   1.346         
 0280   479  20.138   1.157         
 0281   479  19.063   1.288         
 0282   479  20.526   1.106         
 0283   479  19.219   1.174         
 0284   479  18.718   1.131         
 0285   479  20.234   1.085         
 0286   479  19.818   1.099         
 0287   479  20.533   1.432         
 0288   479  20.188   1.184         
 0289   479  18.875   1.037         
 0290   479  20.674   1.366         
 0291   479  19.750   1.166         
 0292   479  20.737   1.465         
 0293   479  18.573   1.125         
 0294   479  19.350   1.119         
 0295   479  19.250   1.148         
 0296   479  19.516   2.050         
 0297   479  20.408   1.157         
 0298   479  19.024   1.029         
 0299   479  19.873   1.184         
 0300   479  18.056   1.155         
 0301   479  20.620   1.387         
 0302   479  19.251   1.404         
 0303   479  19.863   1.546         
 0304   479  20.721   1.144         
 0305   479  20.416   1.165         
 0306   479  22.440   0.517         
 0307   479  20.028   1.689         
 0308   479  20.575   1.070         
 0309   479  20.020   1.699         
 0310   479  20.793   1.410         
 0311   479  20.213   1.279         
 0312   479  19.635   1.279         
 0313   479  20.736   1.166         
 0314   479  19.976   1.235         
 0315   479  19.859   1.085         
 0316   479  19.555   1.407         
 0317   479  19.924   1.101         
 0318   479  19.899   1.151         
 0319   479  18.995   1.259         
 0320   479  19.916   1.225         
 0321   479  19.692   1.065         
 0322   479  21.088   1.588         
 0323   479  20.448   1.209         
 0324   479  20.712   1.920         
 0325   479  19.724   1.071         
 0326   479  19.781   1.075         
 0327   479  20.204   1.247         
 0328   479  19.207   1.164         
 0329   479  18.742   1.083         
 0330   479  19.437   1.055         
 0331   479  18.761   1.101         
 0332   479  20.573   1.480         
 0333   479  19.139   1.067         
 0334   479  21.215   1.062         
 0335   479  20.783   1.010         
 0336   479  18.696   1.050         
 0337   479  21.053   1.035         
 0338   479  19.945   1.791         
 0339   479  19.145   1.056         
 0340   479  19.502   1.120         
 0341   479  20.861   1.513         
 0342   479  20.073   1.113         
 0343   479  19.294   1.153         
 0344   479  19.867   1.271         
 0345   479  20.277   1.215         
 0346   479  19.069   1.109         
 0347   479  18.445   1.501         
 0348   479  20.010   1.131         
 0349   479  19.457   1.334         
 0350   479  21.135   1.270         
 0351   479  21.090   1.280         
 0352   479  19.989   1.190         
 0353   479  19.694   1.106         
 0354   479  18.708   1.071         
 0355   479  19.878   1.129         
 0356   479  20.750   1.286         
 0357   479  18.683   1.298         
 0358   479  20.816   1.139         
 0359   479  18.988   1.050         
 0360   479  18.357   1.372         
 0361   479  20.649   1.496         
 0362   479  20.176   1.246         
 0363   479  19.941   1.225         
 0364   479  19.060   1.115         
 0365   479  19.535   1.077         
 0366   479  20.633   1.099         
 0367   479  19.442   1.268         
 0368   479  18.726   1.056         
 0369   479  20.334   1.217         
 0370   479  19.849   1.326         
 0371   479  20.174   1.346         
 0372   479  20.154   1.131         
 0373   479  20.497   1.609         
 0374   479  20.274   1.522         
 0375   479  19.392   1.179         
 0376   479  20.707   1.352         
 0377   479  19.229   1.004         
 0378   479  19.773   1.292         
 0379   479  20.218   1.360         
 0380   479  19.857   1.079         
 0381   479  18.269   1.036         
 0382   479  19.688   1.167         
 0383   479  21.216   1.035         
 0384   479  20.098   1.125         
 0385   479  20.877   1.423         
 0386   479  19.793   1.280         
 0387   479  20.678   1.480         
 0388   479  19.909   1.536         
 0389   479  19.678   1.357         
 0390   479  20.760   1.000         
 0391   479  19.514   1.188         
 0392   479  18.958   1.200         
 0393   479  19.658   1.232         
 0394   479  20.662   1.164         
 0395   479  20.917   1.956         
 0396   479  18.319   1.171         
 0397   479  18.328   1.005         
 0398   479  19.019   1.054         
 0399   479  20.323   1.075         
 0400   479  20.053   1.304         
 0401   479  20.625   1.182         
 0402   479  19.598   1.521         
 0403   479  20.735   1.342         
 0404   479  18.410   1.115         
 0405   479  19.320   1.111         
 0406   479  18.919   1.036         
 0407   479  20.102   1.467         
 0408   479  18.822   1.164         
 0409   479  20.216   1.108         
 0410   479  19.199   1.209         
 0411   479  20.060   1.367         
 0412   479  19.645   1.107         
 0413   479  20.277   1.708         
 0414   479  19.761   1.313         
 0415   479  20.530   1.062         
 0416   479  20.016   1.255         
 0417   479  18.128   0.983         
 0418   479  20.124   1.217         
 0419   479  19.251   1.006         
 0420   479  19.730   1.065         
 0421   479  20.269   1.465         
 0422   479  18.817   1.101         
 0423   479  18.839   1.555         
 0424   479  20.187   1.200         
 0425   479  20.746   1.129         
 0426   479  20.751   1.575         
 0427   479  19.188   1.221         
 0428   479  19.128   1.089         
 0429   479  20.268   1.284         
 0430   479  20.507   0.930         
 0431   479  19.719   1.413         
 0432   479  19.012   1.611         
 0433   479  19.026   1.095         
 0434   479  20.400   1.126         
 0435   479  20.156   1.159         
 0436   479  21.252   1.266         
 0437   479  21.381   1.082         
 0438   479  18.889   1.131         
 0439   479  18.652   0.994         
 0440   479  19.970   1.301         
 0441   479  18.519   0.992         
 0442   479  20.488   1.253         
 0443   479  21.015   1.389         
 0444   479  20.292   1.314         
 0445   479  20.841   1.185         
 0446   479  18.370   1.480         
 0447   479  21.184   1.332         
 0448   479  19.059   1.180         
 0449   479  18.594   1.151         
 0450   479  21.476   1.499         
 0451   479  19.464   0.983         
 0452   479  20.187   1.005         
 0453   479  20.241   1.779         
 0454   479  19.379   1.326         
 0455   479  19.174   1.413         
 0456   479  20.503   1.728         
 0457   479  20.754   1.365         
 0458   479  20.696   1.453         
 0459   479  17.870   1.899         
 0460   479  20.055   1.295         
 0461   479  19.007   1.027         
 0462   479  20.510   1.158         
 0463   479  20.946   1.104         
 0464   479  19.223   1.469         
 0465   479  20.952   1.397         
 0466   479  17.262   1.034         
 0467   479  20.385   1.449         
 0468   479  21.484   1.216         
 0469   479  20.915   1.570         
 0470   479  21.321   1.462         
 0471   479  21.820   1.471