UBV CCD observations

  No    Ref    V       B-V     U-B

 0001   432  16.106   1.152   0.445
 0002   432  17.421   1.192  -0.158
 0003   432  14.901   0.920   0.412
 0004   432  17.435   0.969   1.496
 0005   432  19.243   1.212  -2.262
 0006   432  15.348   0.952   0.278
 0007   432  16.687   1.205  -0.036
 0008   432  18.152   1.357  -0.161
 0009   432  17.335   1.535   0.200
 0010   432  19.153   1.132  -0.231
 0011   432  17.153   1.235   0.514
 0012   432  17.824   1.355  -2.558
 0013   432  16.226   1.224   0.384
 0014   432  14.560   0.726   0.441
 0015   432  17.850   1.208  -0.156
 0016   432  17.137   1.116   0.624
 0017   432  15.257   0.936   0.626
 0018   432  18.847   1.676         
 0019   432  13.568   0.773   0.375
 0020   432  18.681   1.151         
 0021   432  18.442   1.369         
 0022   432  14.494   0.730   0.369
 0023   432  12.676   1.011   0.557
 0024   432  16.725   1.267         
 0025   432  16.152   1.089   0.387
 0026   432  15.085   1.246   0.671
 0027   432  17.726   1.548  -0.651
 0028   432  15.112   0.853   0.522
 0029   432  15.534   0.967   0.802
 0030   432  18.335   1.088  -1.289
 0031   432  13.505   0.728   0.540
 0032   432  17.002   1.326         
 0033   432  16.930   1.166         
 0034   432  14.241   0.816   0.433
 0035   432  17.283   1.166  -0.456
 0036   432  19.162   1.046         
 0037   432  18.519   1.368         
 0038   432  19.105   2.909  -2.926
 0039   432  19.637   3.153         
 0040   432  19.260   3.265  -2.544
 0041   432  18.994   2.261         
 0042   432  17.589   1.183   4.114
 0043   432  18.008   1.410   1.816
 0044   432  17.311   1.475         
 0045   432  17.643   1.614  -0.431
 0046   432  17.979   1.169  -0.156
 0047   432  17.532   1.168         
 0048   432  16.079   1.010  -0.066
 0049   432  16.080   1.219  -0.046
 0050   432  14.291   0.757   0.438
 0051   432  14.919   0.868   0.316
 0052   432  17.750   1.289  -1.655
 0053   432  18.370   1.094         
 0054   432  15.880   0.975   0.194
 0055   432  18.351   1.132  -0.736
 0056   432  17.006   0.906  -0.257
 0057   432  19.329   1.393  -1.614
 0058   432  19.316   1.279  -1.337
 0059   432  18.508   1.295         
 0060   432  17.390   1.180   2.212
 0061   432  19.364   1.432   2.105
 0062   432  17.754   1.056  -1.783
 0063   432  18.506   1.372  -1.433
 0064   432  11.901   0.577   0.025
 0065   432  13.158   0.607   0.070
 0066   432  17.220   1.295         
 0067   432  19.502   2.141         
 0068   432  15.888   1.418   1.174
 0069   432  14.917   0.963   0.097
 0070   432  18.096   0.768  -2.049
 0071   432  16.249   1.018   0.236
 0072   432  17.210   1.193   0.536
 0073   432  19.738   2.164         
 0074   432  17.378   1.340         
 0075   432  18.032   1.280  -1.398
 0076   432  15.406   0.951   0.027
 0077   432  14.705   1.151   0.308
 0078   432  17.754   1.247         
 0079   432  14.904   1.005  -0.108
 0080   432  17.493   1.085  -1.043
 0081   432  19.000   1.211  -2.141
 0082   432  17.662   0.875  -0.637
 0083   432  15.942   1.043  -0.113
 0084   432  18.006   1.190  -0.620
 0085   432  18.659   1.522  -0.753
 0086   432  17.854   1.052   0.981
 0087   432  18.784   1.539         
 0088   432  18.071   1.318  -0.766
 0089   432  18.106   1.175   0.634