UBV CCD observations

  No    Ref    V       B-V     U-B

 0001   447  13.431   2.740         
 0002   447  13.675   2.729         
 0003   447  13.927   0.671         
 0004   447  14.637   2.218         
 0005   447  14.276   2.100         
 0006   447  14.749   2.170         
 0008   447  14.918   2.262         
 0009   447  14.724   1.377         
 0010   447  16.446   3.143         
 0011   447  15.286   2.320         
 0012   447  15.846   2.606         
 0013   447  15.106   1.376         
 0014   447  15.623   2.275         
 0015   447  15.674   2.256         
 0016   447  15.143   1.056         
 0017   447  15.185   1.231         
 0018   447  15.744   2.245         
 0019   447  15.195   1.163         
 0020   447  15.245   1.144         
 0021   447  15.234   1.229         
 0022   447  15.302   1.242         
 0023   447  16.149   2.497         
 0024   447  15.568   1.498         
 0025   447  15.474   1.394         
 0026   447  15.390   1.193         
 0027   447  15.477   1.289         
 0028   447  15.194   1.424         
 0029   447  15.451   1.154         
 0030   447  15.427   0.746         
 0031   447  15.601   1.231         
 0032   447  15.614   1.299         
 0033   447  15.608   1.215         
 0034   447  15.742   1.410         
 0035   447  16.089   2.172         
 0036   447  15.691   1.259         
 0037   447  16.358   2.132         
 0038   447  15.808   1.271         
 0039   447  15.860   1.360         
 0040   447  16.078   2.210         
 0041   447  15.872   1.272         
 0042   447  15.891   1.223         
 0043   447  15.857   1.217         
 0044   447  15.861   1.210         
 0045   447  15.706   0.944         
 0046   447  16.021   1.261         
 0047   447  16.108   1.407         
 0048   447  16.073   1.276         
 0049   447  16.075   1.259         
 0050   447  16.011   1.189         
 0051   447  16.192   1.297         
 0052   447  16.177   1.234         
 0053   447  16.242   1.329         
 0054   447  16.181   1.191         
 0055   447  16.209   1.271         
 0056   447  16.211   1.173         
 0057   447  16.287   1.381         
 0058   447  16.386   1.500         
 0059   447  16.962   2.458         
 0060   447  16.339   1.340         
 0061   447  16.099   0.935         
 0062   447  16.367   1.237         
 0063   447  16.449   1.237         
 0064   447  16.281   1.072         
 0065   447  16.361   1.221         
 0066   447  17.437   2.656         
 0067   447  16.440   1.271         
 0068   447  16.415   1.250         
 0069   447  17.351   2.410         
 0070   447  16.422   1.272         
 0071   447  17.078   2.273         
 0072   447  16.489   1.243         
 0073   447  16.454   1.214         
 0074   447  16.564   1.435         
 0075   447  16.672   1.564         
 0076   447  16.815   1.532         
 0077   447  16.658   1.376         
 0078   447  16.741   1.446         
 0079   447  16.737   1.391         
 0080   447  16.752   1.315         
 0081   447  16.691   1.237         
 0082   447  16.802   1.306         
 0083   447  16.786   1.199         
 0084   447  17.707   3.119         
 0085   447  16.908   1.550         
 0086   447  16.783   1.294         
 0087   447  16.804   1.331         
 0088   447  16.730   0.935         
 0089   447  16.803   1.237         
 0090   447  16.843   1.383         
 0091   447  16.918   1.373         
 0092   447  17.291   1.979         
 0093   447  16.392   0.900         
 0094   447  17.319   1.847         
 0095   447  17.294   1.999         
 0096   447  16.713   1.025         
 0097   447  16.871   1.234         
 0098   447  16.911   1.344         
 0099   447  16.943   1.342         
 0100   447  17.643   2.302         
 0101   447  17.026   1.448         
 0102   447  17.090   1.569         
 0103   447  17.034   1.280         
 0104   447  17.256   1.619         
 0105   447  17.045   1.301         
 0106   447  17.621   2.118         
 0107   447  17.140   1.217         
 0108   447  17.244   1.494         
 0109   447  17.201   1.378         
 0110   447  17.257   1.642         
 0111   447  17.116   1.274         
 0112   447  18.258   2.567         
 0113   447  17.124   1.320         
 0114   447  17.243   1.616         
 0115   447  17.293   1.554         
 0117   447  17.219   1.344         
 0118   447  17.441   1.714         
 0119   447  17.228   1.328         
 0120   447  17.249   1.359         
 0121   447  17.286   1.322         
 0122   447  17.268   1.250         
 0123   447  17.410   1.534         
 0125   447  17.540   1.692         
 0126   447  17.223   1.233         
 0127   447  17.374   1.411         
 0128   447  17.549   1.622         
 0129   447  17.460   1.595         
 0130   447  17.472   1.513         
 0131   447  17.564   1.552         
 0132   447  17.367   1.373         
 0133   447  17.626   1.654         
 0134   447  17.647   1.701         
 0135   447  17.509   1.488         
 0136   447  17.556   1.627         
 0137   447  17.448   1.414         
 0138   447  17.425   1.364         
 0139   447  17.490   1.396         
 0140   447  17.452   1.502         
 0141   447  17.447   1.316         
 0142   447  17.484   1.306         
 0143   447  17.691   1.621         
 0144   447  17.580   1.500         
 0145   447  17.622   1.479         
 0146   447  17.325   1.082         
 0147   447  17.594   1.377         
 0148   447  17.563   1.462         
 0149   447  17.559   1.342         
 0150   447  17.655   1.468         
 0151   447  17.679   1.647         
 0152   447  17.889   1.643         
 0153   447  17.712   1.402         
 0154   447  17.896   1.690         
 0155   447  17.806   1.439         
 0156   447  17.724   1.449         
 0157   447  17.817   1.523         
 0158   447  17.843   2.049         
 0159   447  17.580   1.076         
 0160   447  17.893   1.524         
 0161   447  17.732   1.357         
 0162   447  17.929   1.710         
 0163   447  17.934   1.739         
 0164   447  17.723   1.305         
 0165   447  17.849   1.461         
 0166   447  17.930   1.615         
 0167   447  17.816   1.342         
 0168   447  17.959   1.111         
 0169   447  17.664   1.513         
 0170   447  17.798   1.431         
 0171   447  17.955   2.145         
 0172   447  18.160   1.873         
 0173   447  18.383   2.178         
 0174   447  17.992   1.536         
 0175   447  17.984   1.946         
 0176   447  18.659   2.831         
 0177   447  17.882   1.412         
 0178   447  18.117   1.729         
 0179   447  17.925   1.414         
 0180   447  18.260   1.759         
 0181   447  17.997   1.451         
 0182   447  18.087   1.591         
 0183   447  18.146   1.644         
 0184   447  18.208   1.714         
 0185   447  18.078   1.650         
 0186   447  18.362   1.894         
 0187   447  18.280   1.667         
 0188   447  18.155   1.684         
 0189   447  18.241   1.705         
 0190   447  18.097   1.557         
 0191   447  17.998   1.718         
 0192   447  18.192   1.560         
 0193   447  18.239   1.528         
 0195   447  18.361   1.697         
 0196   447  18.038   1.359         
 0197   447  18.200   1.609         
 0198   447  18.486   1.725         
 0199   447  18.294   1.578         
 0200   447  18.337   1.644         
 0201   447  18.426   1.717         
 0202   447  18.420   1.676         
 0203   447  18.329   1.544         
 0204   447  18.343   1.662         
 0205   447  18.573   1.731         
 0206   447  18.313   1.506         
 0207   447  18.601   1.732         
 0208   447  18.321   1.541         
 0209   447  18.464   2.044         
 0210   447  18.463   1.714         
 0211   447  18.472   1.741         
 0213   447  18.476   1.722         
 0215   447  18.527   1.869         
 0216   447  18.445   1.534         
 0217   447  18.756   1.792         
 0218   447  18.617   1.396         
 0219   447  18.144   1.260         
 0220   447  18.418   1.566         
 0221   447  18.426   1.555         
 0222   447  18.569   1.760         
 0223   447  18.382   1.488         
 0224   447  18.207   1.389         
 0225   447  18.387   1.480         
 0226   447  18.627   1.642         
 0227   447  18.872   1.955         
 0228   447  18.622   1.666         
 0229   447  18.212   1.385         
 0230   447  18.571   1.910         
 0231   447  18.550   1.646         
 0232   447  18.757   1.932         
 0234   447  18.862   1.790         
 0235   447  19.002   1.993         
 0236   447  19.259   2.623         
 0237   447  18.759   1.692         
 0238   447  18.805   1.840         
 0239   447  18.667   1.633         
 0240   447  18.814   1.616         
 0241   447  18.670   1.472         
 0243   447  19.097   2.172         
 0244   447  18.709   1.591         
 0245   447  19.102   2.089         
 0246   447  18.853   2.200         
 0247   447  18.785   1.852         
 0248   447  18.616   1.532         
 0249   447  18.921   1.870         
 0250   447  19.029   2.020         
 0251   447  18.755   1.490         
 0252   447  19.181   1.894         
 0253   447  19.000   1.906         
 0254   447  18.883   1.943         
 0255   447  18.787   1.513         
 0256   447  19.021   2.063         
 0258   447  19.038   2.129         
 0259   447  18.962   1.847         
 0260   447  18.960   2.205         
 0261   447  18.962   1.625         
 0262   447  19.254   1.892         
 0263   447  19.191   2.313         
 0265   447  19.132   2.005         
 0266   447  18.857   1.685         
 0267   447  19.025   1.744         
 0268   447  19.175   1.740         
 0269   447  18.883   1.509         
 0270   447  19.016   1.687         
 0271   447  19.025   2.350         
 0272   447  19.202   2.287         
 0273   447  19.130   1.999         
 0274   447  18.911   1.825         
 0275   447  19.303   2.169         
 0277   447  19.055   1.541         
 0278   447  19.207   1.803         
 0279   447  19.089   1.712         
 0282   447  19.279   1.865         
 0283   447  19.047   1.494         
 0284   447  19.405   1.933         
 0285   447  19.305   1.894         
 0286   447  19.157   1.635         
 0287   447  18.979   1.510         
 0288   447  19.182   1.564         
 0289   447  19.041   1.633         
 0290   447  19.352   1.750         
 0291   447  19.199   1.909         
 0292   447  19.521   2.084         
 0293   447  19.189   1.731         
 0294   447  18.934   1.554         
 0295   447  19.074   1.521         
 0296   447  18.957   2.446         
 0297   447  19.552   1.832         
 0299   447  19.108   1.667         
 0300   447  19.126   1.741         
 0301   447  19.256   1.603         
 0302   447  19.180   1.703         
 0303   447  19.125   1.374         
 0304   447  19.313   1.774         
 0305   447  19.659   2.141         
 0307   447  19.791   1.837         
 0308   447  19.280   1.916         
 0309   447  19.559   1.898         
 0310   447  19.686   2.231         
 0311   447  19.433   1.907         
 0312   447  19.717   2.063         
 0313   447  19.133   2.262         
 0314   447  19.264   1.737         
 0315   447  19.871   1.793         
 0317   447  19.267   1.991         
 0318   447  19.446   2.404         
 0319   447  19.534   1.688         
 0321   447  19.321   1.937         
 0322   447  19.682   1.925         
 0323   447  19.397   1.931         
 0324   447  19.606   1.700         
 0325   447  19.388   1.832         
 0326   447  19.291   1.845         
 0327   447  19.456   1.756         
 0329   447  19.563   1.721         
 0331   447  19.397   2.145         
 0332   447  19.809   2.011         
 0334   447  19.208   1.654         
 0337   447  19.483   1.903         
 0339   447  20.089   2.221         
 0341   447  19.724   2.268         
 0343   447  19.588   1.671         
 0344   447  19.489   1.735         
 0345   447  19.704   1.783         
 0346   447  19.775   1.952         
 0349   447  19.573   1.554         
 0351   447  19.687   1.729         
 0352   447  19.726   2.081         
 0354   447  19.757   1.926         
 0355   447  19.651   1.722         
 0356   447  19.524   1.554         
 0357   447  19.570   1.504         
 0359   447  20.021   1.914         
 0360   447  19.639   1.583         
 0361   447  19.658   1.968         
 0364   447  19.620   1.330         
 0365   447  19.605   1.716         
 0370   447  20.048   2.302         
 0374   447  19.789   2.007         
 0375   447  19.651   1.625         
 0377   447  19.788   1.589         
 0378   447  20.020   1.884         
 0379   447  19.589   1.658         
 0380   447  20.056   1.859         
 0381   447  19.862   1.030         
 0384   447  19.760   1.815         
 0385   447  20.188   2.343         
 0386   447  19.887   1.940         
 0387   447  19.760   1.690         
 0388   447  20.970   1.367         
 0389   447  20.354   1.848         
 0390   447  19.977   1.958         
 0391   447  20.062   2.012         
 0392   447  19.723   2.206         
 0393   447  20.011   2.046         
 0394   447  20.052   1.868         
 0395   447  20.090   2.104         
 0397   447  19.913   1.663         
 0400   447  20.044   1.623         
 0401   447  20.232   1.899         
 0404   447  19.999   1.673         
 0405   447  19.852   2.618         
 0406   447  19.900   1.500         
 0408   447  20.183   2.040         
 0409   447  19.943   2.005         
 0410   447  19.943   1.330         
 0414   447  19.801   1.539         
 0417   447  20.053   1.995         
 0419   447  20.139   2.095         
 0423   447  20.000   1.471         
 0425   447  19.896   1.817         
 0428   447  19.937   1.550         
 0429   447  20.322   1.422         
 0430   447  20.247   2.148         
 0433   447  20.006   1.944         
 0438   447  20.764   1.812         
 0439   447  20.166   2.415         
 0441   447  20.180   1.763         
 0444   447  20.170   1.713         
 0445   447  19.950   1.618         
 0446   447  20.402   2.166         
 0447   447  20.255   2.092         
 0453   447  20.066   2.041         
 0457   447  20.087   1.856         
 0458   447  20.204   1.772         
 0460   447  20.155   1.728         
 0463   447  20.437   2.065         
 0464   447  20.257   1.725         
 0466   447  20.327   1.483         
 0470   447  20.452   1.943         
 0471   447  20.183   1.890         
 0472   447  20.603   1.974         
 0475   447  20.367   1.427         
 0476   447  20.278   1.654         
 0479   447  20.878   1.395         
 0483   447  20.719   1.925         
 0484   447  20.514   1.517         
 0485   447  22.547  -0.020         
 0487   447  20.593   1.350         
 0488   447  20.186   2.161         
 0490   447  20.343   1.441         
 0492   447  20.726   1.596         
 0493   447  20.233   2.294         
 0494   447  20.549   1.736         
 0495   447  20.410   1.847         
 0500   447  20.602   2.023         
 0502   447  20.503   1.779         
 0507   447  20.434   2.059         
 0508   447  20.349   1.464         
 0509   447  20.237   1.309         
 0510   447  20.518   2.058         
 0512   447  20.421   1.603         
 0514   447  20.162   1.648         
 0515   447  20.542   1.866         
 0516   447  20.538   1.897         
 0517   447  20.409   2.203         
 0521   447  20.678   1.442         
 0524   447  20.736   1.774         
 0532   447  20.534   2.157         
 0534   447  20.479   1.368         
 0536   447  20.399   2.271         
 0540   447  20.638   1.721         
 0542   447  20.600   1.487         
 0547   447  20.739   1.595         
 0548   447  20.508   1.695         
 0551   447  20.890   1.693         
 0553   447  20.450   1.661         
 0554   447  20.742   1.312         
 0556   447  20.634   1.869         
 0557   447  20.989   1.566         
 0559   447  20.713   1.634         
 0562   447  20.707   1.581         
 0563   447  20.964   1.556         
 0565   447  21.131   0.940         
 0569   447  21.007   1.771         
 0582   447  20.993   1.336         
 0584   447  20.729   1.297         
 0590   447  20.789   1.901         
 0591   447  20.705   1.863         
 0594   447  21.317   1.144         
 0595   447  21.088   1.211         
 0596   447  21.089   1.538         
 0599   447  22.035   0.709         
 0606   447  21.166   1.616         
 0618   447  21.072   0.919         
 0651   447  21.132   1.155         
 0668   447  21.544   1.201         
 0669   447  21.083   1.576         
 0677   447  23.085  -0.140         
 0678   447  21.649   1.145         
 0679   447  22.363   0.164         
 0682   447  21.075   0.948         
 0685   447  21.168   1.486         
 0688   447  21.499   1.333         
 0693   447  22.187   0.746         
 0700   447  20.983   1.172         
 0702   447  21.281   1.437         
 0703   447  21.643   1.239         
 0708   447  21.542   1.178         
 0727   447  21.139   0.858         
 0731   447  22.254   0.380         
 0738   447  21.624   1.047         
 0743   447  21.473   1.298         
 0755   447  22.192  -0.897         
 0767   447  21.445   0.484         
 0776   447  21.551   1.043         
 0783   447  22.814  -0.288         
 0785   447  22.881  -0.841         
 0788   447  22.130   0.333         
 0796   447  22.001   0.786         
 0801   447  21.736  -0.031         
 0803   447  22.474   0.665         
 0809   447  21.863   0.766         
 0834   447  22.282   0.249         
 0835   447  22.341   0.441         
 0854   447  22.875  -0.423         
 0866   447  22.143   0.506         
 0871   447  22.668  -0.482         
 0892   447  22.472   0.341         
 0896   447  22.558  -0.210         
 0907   447  22.950  -0.017         
 0921   447  22.770  -0.108         
 0928   447  22.861  -0.026         
 0929   447  22.688  -0.207         
 0931   447  22.500   0.029         
 0932   447  22.975  -0.188         
 0934   447  22.730  -0.124         
 0935   447  23.048  -0.364         
 0940   447  22.582   0.284         
 0947   447  22.895  -0.033         
 0955   447  22.833   0.206         
 0964   447  22.877  -0.088         
 0965   447  23.169  -0.348         
 0966   447  23.055  -0.063