UBV CCD observations

  No    Ref    V       B-V     U-B

 0001   495  14.529   0.912         
 0002   495  16.111   1.711         
 0003   495  18.304   1.462         
 0004   495  11.570   0.673         
 0005   495  16.637   1.061         
 0006   495  18.009   1.376         
 0007   495  18.080   1.318         
 0008   495  18.389   1.431         
 0009   495  15.001   1.206         
 0010   495  17.962   1.645         
 0011   495  16.421   1.045         
 0012   495  15.838   0.915         
 0013   495  17.834   1.675         
 0014   495  18.112   1.431         
 0015   495  15.294   1.108         
 0016   495  17.807   1.502         
 0017   495  14.124   1.160         
 0018   495  17.430   1.181         
 0019   495  16.394   1.598         
 0020   495  15.634   2.198         
 0021   495  17.797   1.617         
 0022   495  17.685   1.422         
 0023   495  17.703   1.710         
 0024   495  16.960   1.217         
 0025   495  18.306   1.474         
 0026   495  17.753   1.617         
 0027   495  17.815   2.084         
 0028   495  16.726   1.417         
 0029   495  17.503   2.075         
 0030   495  15.931   1.574         
 0031   495  15.433   1.956         
 0032   495  16.009   0.993         
 0033   495  18.195   1.710         
 0034   495  18.551   1.339         
 0035   495  16.094   1.895         
 0036   495  18.605   1.393         
 0037   495  16.990   1.476         
 0038   495  17.922   1.688         
 0039   495  16.736   1.491         
 0040   495  17.663   1.369         
 0041   495  17.931   1.612         
 0042   495  17.071   1.151         
 0043   495  16.903   2.107         
 0044   495  18.070   1.438         
 0045   495  16.899   1.444         
 0046   495  18.494   1.390         
 0047   495  17.894   1.941         
 0048   495  16.720   1.512         
 0049   495  19.153  -0.058         
 0050   495  17.094   1.330         
 0051   495  18.100   1.392         
 0052   495  16.426   1.290         
 0053   495  18.138   1.762         
 0054   495  17.340   1.653         
 0055   495  16.647   2.202         
 0056   495  16.715   1.114         
 0057   495  16.575   1.123         
 0058   495  17.118   1.815         
 0059   495  18.199   1.653         
 0060   495  13.403   0.840         
 0061   495  17.105   1.574         
 0062   495  12.955   0.953         
 0063   495  17.517   1.345         
 0064   495  16.820   1.025         
 0065   495  16.925   1.334         
 0066   495  14.533   0.848         
 0067   495  17.327   1.332         
 0068   495  16.831   1.205         
 0069   495  14.652   1.085         
 0070   495  14.697   2.307         
 0071   495  18.142   1.590         
 0072   495  18.239   1.843         
 0073   495  16.742   1.053         
 0074   495  17.868   1.350         
 0075   495  17.651   1.531         
 0076   495  17.456   1.432         
 0077   495  14.331   2.140         
 0078   495  17.937   1.222         
 0079   495  13.399   0.994         
 0080   495  17.083   1.581         
 0081   495  17.178   1.591         
 0082   495  17.855   1.466         
 0083   495  17.391   1.518         
 0084   495  17.944   1.593         
 0085   495  17.135   1.557         
 0086   495  15.866   1.075         
 0087   495  17.780   1.443         
 0088   495  18.058   1.477         
 0089   495  16.899   1.579         
 0090   495  16.003   2.733         
 0091   495  17.183   3.130         
 0092   495  18.232   1.630         
 0093   495  17.452   1.746         
 0094   495  17.186   2.076         
 0095   495  18.052   1.663         
 0096   495  17.277   1.280         
 0097   495  17.874   1.399         
 0098   495  18.314   1.480         
 0099   495  16.958   1.214         
 0100   495  17.616   1.335         
 0101   495  16.414   1.251         
 0102   495  18.098   1.551         
 0103   495  18.413   1.863         
 0104   495  16.925   1.595         
 0105   495  15.940   1.373         
 0106   495  17.963   2.549         
 0107   495  17.795   1.369         
 0108   495  18.706   1.268         
 0109   495  17.312   1.184         
 0110   495  18.204   1.391         
 0111   495  18.357   0.379         
 0112   495  16.505   1.352         
 0113   495  17.349   1.950         
 0114   495  17.602   1.472         
 0115   495  18.075   1.452         
 0116   495  15.974   1.004         
 0117   495  17.507   1.654         
 0118   495  18.286   1.645         
 0119   495  18.136   2.151         
 0120   495  18.666   1.488         
 0121   495  16.636   1.188         
 0122   495  18.269   1.483         
 0123   495  17.954   1.416         
 0124   495  17.948   1.785         
 0125   495  16.682   2.016         
 0126   495  17.704   1.230         
 0127   495  19.050   1.481         
 0128   495  16.374   1.211         
 0129   495  17.947   1.500         
 0130   495  12.958   0.648         
 0131   495  17.857   1.197         
 0132   495  16.606   1.512         
 0133   495  16.389   1.353         
 0134   495  17.146   2.153         
 0135   495  16.188   0.970         
 0136   495  17.928   2.145         
 0137   495  17.317   2.195         
 0138   495  17.291   1.371         
 0139   495  17.259   1.026         
 0140   495  15.894   1.456         
 0141   495  17.535   1.612         
 0142   495  15.622   1.081         
 0143   495  18.802   1.846         
 0144   495  17.217   1.344         
 0145   495  18.572   1.562         
 0146   495  14.297   1.250         
 0147   495  15.170   0.982         
 0148   495  17.278   1.445         
 0149   495  18.061   1.414         
 0150   495  17.342   1.501         
 0151   495  17.368   1.372         
 0152   495  18.344   1.254         
 0153   495  15.771   1.061         
 0154   495  15.820   1.384         
 0155   495  17.317   1.980         
 0156   495  16.234   1.158         
 0157   495  16.427   1.147         
 0158   495  17.485   2.072         
 0159   495  17.938   1.657         
 0160   495  18.280   1.586         
 0161   495  18.343   1.620         
 0162   495  17.071   1.403         
 0163   495  17.411   1.235         
 0164   495  17.680   1.478         
 0165   495  16.663   1.090         
 0166   495  16.240   1.448         
 0167   495  16.405   1.059         
 0168   495  15.793   0.865         
 0169   495  16.555   1.865         
 0170   495  17.119   1.135         
 0171   495  18.348   1.277         
 0172   495  18.047   1.516         
 0173   495  17.572   1.559         
 0174   495  17.808   1.601         
 0175   495  16.628   1.453         
 0176   495  15.493   0.870         
 0177   495  17.400   1.328         
 0178   495  17.367   1.528         
 0179   495  17.912   1.697         
 0180   495  18.342   1.880         
 0181   495  16.275   1.079         
 0182   495  14.303   1.025         
 0183   495  17.427   1.308         
 0184   495  17.586   1.422         
 0185   495  16.277   0.901         
 0186   495  14.038   0.941         
 0187   495  15.244   1.104         
 0188   495  16.236   1.035         
 0189   495  17.484   2.030         
 0190   495  16.726   2.064         
 0191   495  18.182   1.651         
 0192   495  17.919   1.477         
 0193   495  17.524   2.326         
 0194   495  17.713   1.642         
 0195   495  14.344   0.939         
 0196   495  16.678   1.195         
 0197   495  18.733   1.928         
 0198   495  18.042   1.322         
 0199   495  14.346   0.980         
 0200   495  18.188   1.766         
 0201   495  17.410   1.378         
 0202   495  14.034   0.879         
 0203   495  17.142   2.121         
 0204   495  17.346   1.425         
 0205   495  18.023   1.314         
 0206   495  15.999   0.875         
 0207   495  18.295   1.606         
 0208   495  17.917   1.280         
 0209   495  16.754   1.265         
 0210   495  11.263   0.769         
 0211   495  16.260   2.013         
 0212   495  17.248   1.223         
 0213   495  16.179   1.648         
 0214   495  17.479   1.471         
 0215   495  18.508   1.662         
 0216   495  16.918   1.334         
 0217   495  17.701   1.880         
 0218   495  14.201   2.702         
 0219   495  16.187   1.361         
 0220   495  16.580   1.272         
 0221   495  15.538   0.928         
 0222   495  17.796   1.462         
 0223   495  17.382   1.857         
 0224   495  16.535   1.107         
 0225   495  15.819   1.056         
 0226   495  17.109   1.409         
 0227   495  14.914   0.997         
 0228   495  15.848   0.906         
 0229   495  16.962   1.398         
 0230   495  15.071   1.014         
 0231   495  17.188   1.675         
 0232   495  15.740   1.368         
 0233   495  16.298   1.133         
 0234   495  16.851   1.553         
 0235   495  16.642   1.483         
 0236   495  18.398   2.465         
 0237   495  17.267   1.614         
 0238   495  18.622   1.351         
 0239   495  17.217   1.323         
 0240   495  17.444   1.749         
 0241   495  16.318   1.161         
 0242   495  17.937   1.827         
 0243   495  17.881   1.572         
 0244   495  16.311   1.008         
 0245   495  18.500   1.660         
 0246   495  14.969   1.049         
 0247   495  15.283   0.997         
 0248   495  13.985   0.949         
 0249   495  17.628   1.350         
 0250   495  18.055   1.480         
 0251   495  15.918   1.237         
 0252   495  17.447   1.696         
 0253   495  16.316   2.055         
 0254   495  18.294   1.475         
 0255   495  16.882   1.276         
 0256   495  14.978   1.301         
 0257   495  16.215   1.006         
 0258   495  18.486   1.850         
 0259   495  16.783   1.198         
 0260   495  18.492   1.671         
 0261   495  16.895   0.789         
 0262   495  15.562   1.148         
 0263   495  17.970   1.783         
 0264   495  15.859   1.183         
 0265   495  17.481   1.583         
 0266   495  16.947   1.508         
 0267   495  17.999   3.148         
 0268   495  18.571   0.964         
 0269   495  17.010   2.342         
 0270   495  16.642   2.428         
 0271   495  18.619   1.428         
 0272   495  17.897   1.316         
 0273   495  18.839   1.525         
 0274   495  16.295   1.194         
 0275   495  18.359   1.343         
 0276   495  15.839   1.131         
 0277   495  14.493   0.975         
 0278   495  15.274   1.160         
 0279   495  18.258   1.282         
 0280   495  18.117   1.523         
 0281   495  16.003   0.986         
 0282   495  15.141   1.052         
 0283   495  17.178   1.442         
 0284   495  17.788   1.324         
 0285   495  17.669   1.530         
 0286   495  17.349   1.110         
 0287   495  17.870   1.451         
 0288   495  11.183   3.051         
 0289   495  18.054   1.963         
 0290   495  18.398   2.307         
 0291   495  18.112   1.233         
 0292   495  17.892   1.751         
 0293   495  16.921   2.028         
 0294   495  17.336   1.810         
 0295   495  17.154   1.428         
 0296   495  16.628   1.299         
 0297   495  17.059   1.403         
 0298   495  16.517   1.066         
 0299   495  18.374   1.262         
 0300   495  17.485   1.485         
 0301   495  17.594   2.155         
 0302   495  16.919   0.738         
 0303   495  17.419   1.620         
 0304   495  17.922   1.731         
 0305   495  15.663   1.138         
 0306   495  18.067   1.575         
 0307   495  17.602   1.944         
 0308   495  18.255   1.599         
 0309   495  17.462   1.390         
 0310   495  18.296   2.160         
 0311   495  18.229   1.389         
 0312   495  14.246   1.898         
 0313   495  18.526   1.648         
 0314   495  16.894   1.665         
 0315   495  18.249   1.834         
 0316   495  18.495   1.747         
 0317   495  15.070   1.200         
 0318   495  13.769   2.476         
 0319   495  17.366   2.352         
 0320   495  17.135   1.318         
 0321   495  17.679   1.682         
 0322   495  16.160   1.433         
 0323   495  16.070   1.347         
 0324   495  17.498   1.208         
 0325   495  14.792   1.025         
 0326   495  16.289   1.532         
 0327   495  18.567   1.664         
 0328   495  17.416   0.878         
 0329   495  14.926   1.064         
 0330   495  16.693   1.425         
 0331   495  17.124   1.965         
 0332   495  14.634   2.272         
 0333   495  17.559   1.837         
 0334   495  16.736   1.279         
 0335   495  18.017   1.425         
 0336   495  18.022   1.439         
 0337   495  15.489   0.978         
 0338   495  15.494   0.907         
 0339   495  15.312   1.085         
 0340   495  17.489   1.658         
 0341   495  16.681   1.527         
 0342   495  17.396   1.268         
 0343   495  14.496   1.189         
 0344   495  16.239   1.259         
 0345   495  17.924   1.492         
 0346   495  17.275   2.189         
 0347   495  17.009   1.133         
 0348   495  17.705   1.935         
 0349   495  17.505   1.638         
 0350   495  15.088   1.062         
 0351   495  16.763   1.283         
 0352   495  17.719   1.371         
 0353   495  14.931   1.854         
 0354   495  17.017   1.108         
 0355   495  18.178   1.290         
 0356   495  17.744   1.462         
 0357   495  17.900   2.350         
 0358   495  17.060   1.684         
 0359   495  14.920   2.175         
 0360   495  17.656   1.243         
 0361   495  16.971   1.839         
 0362   495  16.565   1.166         
 0363   495  17.263   1.151         
 0364   495  17.933   1.278         
 0365   495  17.481   1.386         
 0366   495  17.368   1.676         
 0367   495  15.855   1.088         
 0368   495  16.815   1.845         
 0369   495  13.967   2.091         
 0370   495  15.738   1.012         
 0371   495  16.675   0.962         
 0372   495  11.543   0.672         
 0373   495  17.919   1.388         
 0374   495  14.418   1.010         
 0375   495  16.009   2.052         
 0376   495  12.784   0.759         
 0377   495  18.191   1.920         
 0378   495  18.426   1.577         
 0379   495  15.156   2.188         
 0380   495  18.634   1.338         
 0381   495  17.791   1.424         
 0382   495  15.137   1.002         
 0383   495  17.251   1.277         
 0384   495  15.893   1.141         
 0385   495  15.852   1.992         
 0386   495  15.569   0.785         
 0387   495  15.380   1.007         
 0388   495  17.546   1.251         
 0389   495  16.453   1.082         
 0390   495  15.424   1.404         
 0391   495  17.874   1.484         
 0392   495  18.657   1.746         
 0393   495  13.359   0.733         
 0394   495  16.583   1.997         
 0395   495  17.212   1.565         
 0396   495  17.436   1.272         
 0397   495  18.819   1.475         
 0398   495  16.518   1.341         
 0399   495  16.970   2.079         
 0400   495  17.234   1.346         
 0401   495  15.781   0.996         
 0402   495  17.005   1.192         
 0403   495  16.678   1.430         
 0404   495  16.737   1.371         
 0405   495  16.944   1.071         
 0406   495  13.431   0.803         
 0407   495  18.457   1.777         
 0408   495  17.909   2.480         
 0409   495  16.824   1.484         
 0410   495  18.570   0.386         
 0411   495  18.148   1.345         
 0412   495  17.709   1.669         
 0413   495  17.367   1.412         
 0414   495  17.915   1.628         
 0415   495  17.626   1.218         
 0416   495  18.377   1.341         
 0417   495  14.823   1.143         
 0418   495  18.597   1.557         
 0419   495  18.405   1.508         
 0420   495  17.688  -0.208         
 0421   495  17.962   1.194         
 0422   495  17.410   1.533