UBV CCD observations

  No    Ref    V       B-V     U-B

 0001   183  14.672                 
 0001   546  14.712   0.368   0.217
 0002   183  16.364   1.108         
 0002   546  16.379   1.040   0.424
 0003    61  16.239   0.777         
 0003   183  16.158   0.729         
 0003   546  16.192   0.699   0.206
 0004    61  16.045   0.651         
 0004   183  16.024   0.661         
 0004   546  16.017   0.620   0.139
 0005   183  12.430   0.394  -0.024
 0005   546  12.446   0.366   0.020
 0006    61  15.843   0.345         
 0006   183  15.803   0.419         
 0006   546  15.823   0.386   0.244
 0007    61  15.262   0.660         
 0007   183  15.258   0.688         
 0007   546  15.251   0.651   0.194
 0008    61  16.790   0.827         
 0008   183  16.751   0.816         
 0008   546  16.780   0.759   0.120
 0009    61  15.114   0.634         
 0009   183  15.102   0.656         
 0009   546  15.085   0.616   0.122
 0010    61  17.047   0.912         
 0010   183  16.956   0.908         
 0010   546  17.010   0.850   0.298
 0011    61  15.582   0.428         
 0011   183  15.559   0.443         
 0011   546  15.554   0.412  -0.164
 0012    61  16.988   0.550         
 0012   183  16.933   0.598         
 0012   546  16.929   0.564  -0.083
 0013    61  12.977   1.524         
 0013   183  12.972   1.585         
 0013   546  12.988   1.557   1.722
 0014    61  15.728   0.810         
 0014   183  15.717   0.861         
 0014   546  15.725   0.808   0.500
 0015   183  17.162   0.658         
 0015   546  17.158   0.589   0.129
 0016    61  16.365   1.370         
 0016   183  16.358   1.250         
 0016   546  16.359   1.147   0.213
 0017    61  14.580   0.627         
 0017   183  14.589   0.627         
 0017   546  14.579   0.565  -0.418
 0018    61  14.266   0.805         
 0018   183  14.284   0.804         
 0018   546  14.287   0.758  -0.297
 0019    61  14.601   1.111         
 0019   183  14.607   1.139         
 0019   546  14.576   1.097   0.662
 0020    61  16.537   1.049         
 0020   183  16.534   0.921         
 0020   546  16.538   0.855   0.375
 0021   183  11.839   1.084   0.607
 0021   546  11.842   1.040   0.724
 0022   183  14.631   0.640         
 0022   546  14.617   0.610   0.237
 0023   183  16.464   0.530         
 0023   546  16.454   0.477  -0.124
 0024   183  16.961   0.760         
 0024   546  16.956   0.710  -1.041
 0025   183  15.041   0.489         
 0025   546  15.021   0.445  -0.384
 0026   183   9.901   1.119   0.790
 0026   546   9.901   1.107   0.994
 0027   183  13.850   0.481   0.063
 0027   546  13.817   0.460   0.189
 0028   183  13.598   1.377         
 0028   546  13.573   1.359   1.385
 0029   183  17.000   0.872         
 0029   546  16.995   0.813   0.270
 0030   183  16.923   0.651         
 0030   546  16.927   0.592   0.216
 0031   183  15.659   0.668         
 0031   546  15.657   0.633   0.101
 0032   183  14.169   0.522         
 0032   546  14.160   0.499   0.256
 0033   183  16.931   0.739         
 0033   546  16.951   0.673   0.137
 0034   183  14.520   0.583         
 0034   546  14.527   0.561   0.047
 0035   183  16.458   1.029         
 0035   546  16.472   0.956   0.253
 0036   183  17.118   0.631         
 0036   546  17.139   0.611   0.112
 0037   183  15.925   0.632         
 0037   546  15.929   0.591   0.136
 0038   183  13.720   0.594   0.112
 0038   546  13.726   0.565   0.261
 0039   183  14.594   0.589         
 0039   546  14.583   0.577   0.095
 0040    61  16.355   0.561         
 0040   183  16.305   0.581         
 0040   546  16.302   0.526  -0.025
 0041    61  16.559   0.606         
 0041   183  16.522   0.586         
 0041   546  16.577   0.571  -0.261
 0042   183  15.701   0.387         
 0042   546  15.734   0.339   0.185
 0043    61  12.090   0.391         
 0043   183  12.055   0.402  -0.559
 0043   546  12.031   0.349  -0.578
 0044    61  15.520   0.775         
 0044   183  15.406   0.688         
 0044   546  15.384   0.583   0.066
 0045   183  14.517   0.391  -0.380
 0045   546  14.509   0.343  -0.403
 0046    61  16.015   0.481         
 0046   183  16.029   0.476         
 0046   546  16.041   0.434   0.108
 0047    61  16.599   0.782         
 0047   183  16.618   0.782         
 0047   546  16.616   0.715   0.013
 0048    61  16.871   0.796         
 0048   183  16.864   0.749         
 0048   546  16.878   0.715  -0.315
 0049    61  13.488   0.414         
 0049   183  13.479   0.429  -0.443
 0049   546  13.468   0.375  -0.469
 0050    61  16.058   0.717         
 0050   183  16.087   0.746         
 0050   546  16.101   0.731   0.108
 0051    61  16.843   0.683         
 0051   183  16.936   0.750         
 0051   546  16.993   0.696   0.029
 0052    61  13.004   0.158         
 0052   183  13.025   0.158  -0.236
 0052   546  12.991   0.144  -0.188
 0053    61  15.240   0.912         
 0053   183  15.220   0.891         
 0053   546  15.172   0.840  -0.107
 0054   183  15.624   0.468         
 0054   546  15.608   0.675  -0.029
 0055   183  16.153   0.546         
 0055   546  16.305   0.642  -0.141
 0056   183  11.212   0.333  -0.634
 0056   546  11.217   0.263  -0.707
 0057   183  14.933   0.769         
 0057   546  14.974   0.794   0.699
 0058    61  16.715   0.701         
 0058   546  16.697   0.644   0.216
 0059    61  16.797   0.951         
 0059   546  16.750   0.730   0.182
 0060    61  16.894   0.776         
 0060   546  16.884   0.696   0.204
 0061    61  14.370   0.381         
 0061   546  14.353   0.392   0.272
 0062    61  16.776   0.791         
 0062   546  16.748   0.754   0.223
 0063    61  16.082   0.589         
 0063   546  16.054   0.551   0.300
 0064    61  17.225   0.797         
 0064   546  17.171   0.681   0.212
 0065    61  17.234   0.707         
 0065   546  17.193   0.680   0.210
 0066    61  16.173   0.471         
 0066   546  16.107   0.479   0.315
 0067    61  17.147   0.843         
 0067   546  17.115   0.736   0.056
 0068    61  15.573   0.298         
 0068   546  15.628   0.206   0.133
 0069    61  12.005   0.152         
 0069   546  11.940   0.141  -0.632
 0070    61  14.971   0.260         
 0070   546  14.935   0.273   0.218
 0071    61  14.430   0.244         
 0071   546  14.388   0.266   0.163
 0072    61  14.612   0.387         
 0072   546  14.595   0.403   0.263
 0073    61  14.787   0.533         
 0073   546  14.760   0.521   0.025
 0074    61  14.856   0.722         
 0074   546  14.917   0.592  -0.051
 0075    61  16.645   0.829         
 0075   546  16.621   0.777   0.297
 0076    61  16.849   0.900         
 0076   546  16.816   0.865   0.393
 0077    61  16.840   1.210         
 0077   546  16.714   1.134   0.388
 0078    61  15.517   0.479         
 0078   546  15.348   0.381   0.349
 0100   546  10.331   0.107  -0.479
 0101   546  10.390   1.267   1.459
 0102   546  10.931   0.028  -0.086
 0103   546  11.017   1.114   1.096
 0104   546  11.020   2.257   2.457
 0105   546  11.224   0.784   0.274
 0106   546  11.332   0.155   0.029
 0107   546  11.644   0.124  -0.351
 0108   546  11.783   1.000   0.450
 0109   546  11.902   0.276   0.240
 0110   546  11.997   1.119   1.181
 0111   546  12.070   0.062   0.151
 0112   546  12.153   0.428  -0.040
 0113   546  12.238   0.359   0.204
 0114   546  12.264   1.490   1.697
 0115   546  12.336   0.086  -0.801
 0116   546  12.372   0.148  -0.658
 0117   546  12.402   0.250   0.107
 0118   546  12.405   0.488   0.091
 0119   546  12.439   0.409  -0.526
 0120   546  12.440   0.564   0.159
 0121   546  12.591   0.166  -0.333
 0122   546  12.614   1.050   0.780
 0123   546  12.634   0.743   0.411
 0124   546  12.664   0.175  -0.020
 0125   546  12.760   0.431  -0.170
 0126   546  12.824   0.190  -0.103
 0127   546  12.875   0.204  -0.566
 0128   546  12.888   0.217   0.054
 0129   546  12.889   0.419   0.306
 0130   546  12.910   0.897   0.696
 0131   546  12.948   0.337   0.264
 0132   546  13.125   1.329   1.367
 0133   546  13.125   1.146   0.829
 0134   546  13.139   0.193  -0.599
 0135   546  13.274   0.218   0.031
 0136   546  13.276   1.286   1.234
 0137   546  13.283   0.510   0.099
 0138   546  13.288   0.291   0.225
 0139   546  13.297   0.464   0.072
 0140   546  13.326   1.289   1.147
 0141   546  13.355   0.206   0.130
 0142   546  13.362   1.221   1.159
 0143   546  13.374   0.488  -0.132
 0144   546  13.400   0.589   0.079
 0145   546  13.448   0.521   0.128
 0146   546  13.470   0.293  -0.073
 0147   546  13.471   0.253  -0.257
 0148   546  13.498   1.089   0.592
 0149   546  13.535   0.380   0.049
 0150   546  13.584   0.379   0.319
 0151   546  13.684   0.492  -0.374
 0152   546  13.717   0.530  -0.450
 0153   546  13.769   0.243   0.065
 0154   546  13.857   1.169   0.774
 0155   546  13.889   1.412   1.729
 0156   546  13.915   1.149   0.979
 0157   546  13.925   0.234  -0.404
 0158   546  13.985   1.124   0.805
 0159   546  14.060   0.431  -0.531
 0160   546  14.066   1.115   0.679
 0161   546  14.085   0.306   0.243
 0162   546  14.095   1.024   0.989
 0163   546  14.099   0.394   0.080
 0164   546  14.122   0.197  -0.001
 0165   546  14.124   0.562   0.074
 0166   546  14.126   0.635   0.252
 0167   546  14.143   0.263   0.211
 0168   546  14.163   0.440   0.115
 0169   546  14.179   0.928   0.696
 0170   546  14.199   0.577   0.118
 0171   546  14.211   0.522   0.178
 0172   546  14.240   1.114   0.811
 0173   546  14.243   0.586   0.069
 0174   546  14.249   0.788   0.479
 0175   546  14.256   1.153   0.195
 0176   546  14.267   0.453  -0.093
 0177   546  14.272   0.574  -0.138
 0178   546  14.299   0.224  -0.462
 0179   546  14.322   0.716   0.371
 0180   546  14.347   1.272   1.347
 0181   546  14.349   0.295  -0.264
 0182   546  14.356   0.516  -0.015
 0183   546  14.389   0.208   0.189
 0184   546  14.427   0.621   0.190
 0185   546  14.438   0.565  -0.031
 0186   546  14.442   0.561   0.122
 0187   546  14.469   0.428   0.171
 0188   546  14.483   0.555   0.003
 0189   546  14.509   0.559   0.060
 0190   546  14.539   0.686   0.169
 0191   546  14.543   0.199  -0.360
 0192   546  14.571   0.595   0.017
 0193   546  14.575   0.303  -0.406
 0194   546  14.578   0.242  -0.415
 0195   546  14.598   0.354   0.133
 0196   546  14.633   0.712   0.225
 0197   546  14.642   0.522  -0.452
 0198   546  14.662   0.553   0.292
 0199   546  14.687   0.629   0.100
 0200   546  14.698   0.487   0.133
 0201   546  14.731   0.494  -0.016
 0202   546  14.752   0.600  -0.137
 0203   546  14.755   1.246   1.318
 0204   546  14.778   0.610   0.232
 0205   546  14.784   0.465  -0.368
 0206   546  14.786   0.576   0.331
 0207   546  14.796   0.558   0.170
 0208   546  14.798   0.451   0.095
 0209   546  14.811   0.382   0.220
 0210   546  14.825   0.371   0.264
 0211   546  14.829   0.625  -0.018
 0212   546  14.833   0.521  -0.243
 0213   546  14.847   0.312   0.211
 0214   546  14.870   0.563   0.334
 0215   546  14.900   1.104   0.842
 0216   546  14.913   0.507   0.040
 0217   546  14.937   1.141   0.756
 0218   546  14.949   0.615   0.010
 0219   546  14.951   0.404   0.115
 0220   546  15.001   0.684   0.269
 0221   546  15.015   0.575   0.035
 0222   546  15.018   0.419         
 0223   546  15.022   0.287  -0.213
 0224   546  15.026   0.893   0.525
 0226   546  15.044   0.514   0.176
 0227   546  15.057   0.243   0.039
 0228   546  15.071   1.487   1.654
 0229   546  15.083   0.625   0.077
 0230   546  15.104   0.657   0.294
 0231   546  15.105   0.469  -0.225
 0232   546  15.111   0.249  -0.199
 0233   546  15.116   0.632   0.229
 0234   546  15.126   0.698   0.276
 0235   546  15.130   0.234  -0.246
 0236   546  15.143   0.495   0.186
 0237   546  15.145   0.474   0.008
 0238   546  15.145   0.474  -0.154
 0239   546  15.170   0.639   0.104
 0240   546  15.173   0.327  -0.308
 0241   546  15.181   0.911   0.148
 0242   546  15.197   0.617   0.227
 0243   546  15.201   1.195   0.771
 0244   546  15.204   0.266   0.324
 0245   546  15.209   0.727   0.015
 0246   546  15.216   0.556   0.319
 0247   546  15.232   0.381   0.208
 0248   546  15.247   0.369   0.229
 0249   546  15.251   0.661   0.220
 0250   546  15.263   0.585   0.126
 0251   546  15.281   0.592   0.023
 0252   546  15.291   0.834   0.311
 0253   546  15.304   0.340   0.265
 0254   546  15.327   0.532   0.124
 0255   546  15.328   1.856   1.908
 0256   546  15.331   0.343   0.122
 0257   546  15.348   1.156   0.915
 0258   546  15.355   1.736   1.426
 0259   546  15.369   0.681   0.057
 0260   546  15.403   0.565   0.058
 0261   546  15.411   0.602   0.282
 0262   546  15.413   0.596  -0.234
 0263   546  15.416   0.805   0.381
 0264   546  15.422   0.645   0.094
 0265   546  15.429   0.565   0.167
 0266   546  15.436   0.271  -0.019
 0267   546  15.437   0.900   0.925
 0268   546  15.453   0.362   0.134
 0269   546  15.465   0.598  -0.019
 0270   546  15.491   0.304  -0.103
 0271   546  15.491   0.282  -0.126
 0272   546  15.504   0.830   0.313
 0273   546  15.504   0.323  -0.211
 0274   546  15.517   0.441   0.132
 0275   546  15.520   0.314  -0.203
 0276   546  15.524   0.576  -0.005
 0277   546  15.531   0.517   0.143
 0278   546  15.532   0.623   0.086
 0279   546  15.546   0.576  -0.029
 0280   546  15.547   0.545  -0.169
 0281   546  15.550   0.368  -0.331
 0282   546  15.556   0.610   0.149
 0283   546  15.562   0.719   0.401
 0284   546  15.575   0.546   0.090
 0285   546  15.609   0.520   0.352
 0286   546  15.612   0.694   0.585
 0287   546  15.615   0.474   0.275
 0288   546  15.626   0.399   0.108
 0289   546  15.634   0.768   0.735
 0290   546  15.636   0.585  -0.080
 0291   546  15.642   0.710   0.006
 0292   546  15.655   0.622   0.320
 0293   546  15.661   0.750   0.057
 0294   546  15.666   0.374   0.147
 0295   546  15.667   2.156   1.439
 0296   546  15.678   0.780   0.316
 0297   546  15.678   0.419   0.204
 0298   546  15.680   0.641  -0.054
 0299   546  15.698   0.881   0.443
 0300   546  15.709   0.542   0.044
 0301   546  15.712   0.447   0.109
 0302   546  15.719   0.621   0.146
 0303   546  15.724   0.359   0.077
 0304   546  15.724   0.732  -0.312
 0305   546  15.727   0.586  -0.014
 0306   546  15.733   0.643   0.043
 0307   546  15.755   0.765   0.306
 0308   546  15.757   0.661   0.084
 0309   546  15.760   0.590   0.167
 0310   546  15.776   1.075   0.844
 0311   546  15.782   1.102   1.130
 0312   546  15.790   0.655   0.096
 0313   546  15.791   0.580   0.072
 0314   546  15.791   0.650  -0.115
 0315   546  15.796   0.494   0.075
 0316   546  15.802   0.317   0.523
 0317   546  15.802   0.664   0.190
 0318   546  15.802   0.491   0.099
 0319   546  15.812   1.010   1.126
 0320   546  15.825  -0.451   0.144
 0321   546  15.825   0.439   0.218
 0322   546  15.827   0.450   0.465
 0323   546  15.832   0.695   0.011
 0324   546  15.840   0.717   0.177
 0325   546  15.844   0.606  -0.039
 0326   546  15.852   0.569   0.444
 0327   546  15.859   0.753   0.294
 0328   546  15.882   0.593   0.208
 0329   546  15.890   0.649   0.186
 0330   546  15.895   0.381  -0.600
 0331   546  15.896   0.571   0.351
 0332   546  15.900   0.531   0.205
 0333   546  15.908   0.651  -0.108
 0334   546  15.908   0.634   0.017
 0335   546  15.910   0.800   0.494
 0336   546  15.910   0.688  -0.110
 0337   546  15.912   0.786   0.384
 0338   546  15.913   0.981   0.400
 0339   546  15.916   0.827   0.308
 0340   546  15.917   0.272  -0.087
 0341   546  15.933   0.684   0.134
 0342   546  15.957   0.368   0.155
 0343   546  15.970   0.297   0.291
 0344   546  15.982   0.321   0.100
 0345   546  15.982   0.314   0.348
 0346   546  15.983   1.143   0.659
 0347   546  16.003   0.579  -0.079
 0348   546  16.017   0.637   0.072
 0349   546  16.018   0.810   0.249
 0350   546  16.019   0.495   0.183
 0351   546  16.025   0.749  -0.002
 0352   546  16.036   0.350   0.025
 0353   546  16.044   0.391  -0.015
 0354   546  16.050   0.483  -0.007
 0355   546  16.053   0.805   0.356
 0356   546  16.059   0.706  -0.018
 0357   546  16.061   0.481  -0.616
 0358   546  16.062   0.894   0.452
 0359   546  16.067   0.761   0.562
 0360   546  16.070   0.697   0.215
 0361   546  16.084   0.795   0.255
 0362   546  16.087   0.745   0.207
 0363   546  16.089   0.561  -0.161
 0364   546  16.092   0.617   0.155
 0365   546  16.092   0.649  -0.137
 0366   546  16.093   0.344  -0.057
 0367   546  16.093   0.884   0.302
 0368   546  16.093   0.631   0.075
 0369   546  16.094   0.860  -0.131
 0370   546  16.100   0.864   0.596
 0371   546  16.103   0.985   0.617
 0372   546  16.112   0.677   0.344
 0373   546  16.113   0.491   0.312
 0374   546  16.139   0.855  -0.715
 0375   546  16.140   0.588   0.241
 0376   546  16.145   0.682   0.077
 0377   546  16.152   0.813   0.452
 0378   546  16.157   0.525  -0.080
 0379   546  16.159   0.649   0.337
 0380   546  16.161   0.689   0.224
 0381   546  16.169   0.939   0.327
 0382   546  16.175   0.607  -0.018
 0383   546  16.176   0.489   0.121
 0384   546  16.177   0.499   0.212
 0385   546  16.182   0.459   0.162
 0386   546  16.183   0.921   0.509
 0387   546  16.184   0.490   0.213
 0388   546  16.186   1.252   1.218
 0389   546  16.187   0.717   0.104
 0390   546  16.188   0.601  -0.092
 0391   546  16.197   0.626  -0.085
 0392   546  16.205   0.566  -0.062
 0393   546  16.216   1.574   1.216
 0394   546  16.219   0.701   0.001
 0395   546  16.233   0.746   0.157
 0396   546  16.234   0.607   0.139
 0397   546  16.241   0.391  -0.176
 0398   546  16.243   0.790   0.071
 0399   546  16.252   0.625  -0.114
 0400   546  16.258   0.813   0.247
 0401   546  16.260   0.636   0.223
 0402   546  16.271   0.686   0.095
 0403   546  16.275   0.523   0.200
 0404   546  16.282   0.611  -0.037
 0405   546  16.293   0.545   0.198
 0406   546  16.295   0.542   0.074
 0407   546  16.306   0.666   0.169
 0408   546  16.312   0.747  -0.004
 0409   546  16.315   0.737   0.379
 0410   546  16.317   0.613   0.081
 0411   546  16.318   0.434   0.256
 0412   546  16.319   0.672  -0.050
 0413   546  16.330   0.663   0.279
 0414   546  16.334   0.421   0.135
 0415   546  16.338   0.471   0.183
 0416   546  16.339   0.511   0.073
 0417   546  16.341   0.733   0.544
 0418   546  16.344   0.489   0.159
 0419   546  16.353   0.404   0.187
 0420   546  16.356   0.352   0.203
 0421   546  16.357   1.080   1.148
 0422   546  16.362   0.648  -0.086
 0423   546  16.371   0.381   0.131
 0424   546  16.375   0.941   0.328
 0425   546  16.377   1.534   1.248
 0426   546  16.378   0.620  -0.126
 0427   546  16.382   0.506   0.041
 0428   546  16.382   0.872   0.408
 0429   546  16.383   0.415         
 0430   546  16.394   0.640   0.172
 0431   546  16.405   0.802   0.228
 0432   546  16.405   0.695   0.336
 0433   546  16.408   1.058   0.890
 0434   546  16.412   0.713   0.024
 0435   546  16.415   0.646   0.227
 0436   546  16.425   0.724   0.284
 0437   546  16.438   0.664   0.096
 0438   546  16.439   1.447   1.200
 0439   546  16.446   0.652  -0.309
 0440   546  16.452   0.517   0.273
 0441   546  16.462   0.665   0.055
 0442   546  16.463   0.827   0.275
 0443   546  16.466   0.641   0.094
 0444   546  16.466   1.044   0.314
 0445   546  16.466   0.379   0.091
 0446   546  16.467   0.728   0.086
 0447   546  16.469   0.900   0.563
 0448   546  16.479   0.489   0.156
 0449   546  16.480   0.671   0.315
 0450   546  16.486   0.661   0.198
 0451   546  16.498   1.218   1.018
 0452   546  16.500   0.753   0.195
 0453   546  16.500   0.705   0.277
 0454   546  16.501   0.918   0.801
 0455   546  16.501   0.591   0.117
 0456   546  16.503   0.745   0.118
 0457   546  16.504   0.604  -0.002
 0458   546  16.514   0.610  -0.013
 0459   546  16.516   0.983   0.595
 0460   546  16.524   0.642  -0.051
 0461   546  16.526   0.838   0.180
 0462   546  16.526   0.984   0.872
 0463   546  16.529   0.602   0.101
 0464   546  16.532   0.672   0.132
 0465   546  16.537   1.663   1.297
 0466   546  16.538   0.785   0.631
 0467   546  16.546   0.798   0.249
 0468   546  16.547   0.488   0.256
 0469   546  16.549   0.503   0.284
 0470   546  16.551   0.848   0.508
 0471   546  16.553   1.034   0.704
 0472   546  16.554   0.782   0.293
 0473   546  16.559   0.650   0.046
 0474   546  16.563   0.802   0.112
 0475   546  16.573   0.784   0.220
 0476   546  16.575   0.728   0.060
 0477   546  16.576   0.669   0.070
 0478   546  16.581   0.704   0.159
 0479   546  16.586   1.021   1.001
 0480   546  16.590   0.927   0.786
 0481   546  16.591   0.725   0.203
 0482   546  16.592   0.619   0.125
 0483   546  16.593   0.672   0.007
 0484   546  16.595   1.768         
 0485   546  16.597   0.670  -0.137
 0486   546  16.602   0.845   0.210
 0487   546  16.628   0.726   0.214
 0488   546  16.633   0.476   0.268
 0489   546  16.635   0.588  -0.020
 0490   546  16.637   0.599  -0.707
 0491   546  16.639   0.688   0.071
 0492   546  16.641   0.727   0.160
 0493   546  16.662   0.494   0.288
 0494   546  16.670   0.648   0.013
 0495   546  16.686   0.822   0.163
 0496   546  16.688   0.817   0.478
 0497   546  16.688   0.850   0.284
 0498   546  16.695   0.479   0.430
 0499   546  16.700   0.899   0.630
 0500   546  16.713   0.815   0.216
 0501   546  16.719   0.520   0.300
 0502   546  16.721   0.681   0.066
 0503   546  16.728   0.625   0.326
 0504   546  16.731   0.766   0.101
 0505   546  16.734   0.737  -0.155
 0507   546  16.746   0.772   0.447
 0508   546  16.757   0.878         
 0509   546  16.758   0.831   0.260
 0510   546  16.764   0.617   0.098
 0511   546  16.767   0.866   0.300
 0512   546  16.771   0.489   0.274
 0513   546  16.775   0.750  -0.008
 0514   546  16.781   0.678   0.157
 0515   546  16.800   0.953   0.467
 0516   546  16.807   0.909   0.265
 0517   546  16.813   1.355         
 0518   546  16.814   0.773   0.166
 0519   546  16.815   0.845   0.395
 0520   546  16.820   0.612  -0.049
 0521   546  16.821   0.772   0.334
 0522   546  16.822   0.610   0.196
 0523   546  16.826   0.516   0.175
 0524   546  16.827   0.766  -0.106
 0525   546  16.839   0.758   0.259
 0526   546  16.840   0.916   0.324
 0527   546  16.848   0.644  -0.014
 0528   546  16.849   1.536         
 0529   546  16.851   0.680   0.191
 0530   546  16.872   0.927   0.393
 0531   546  16.878   0.558   0.006
 0532   546  16.883   0.924   0.741
 0533   546  16.884   0.568  -0.103
 0534   546  16.886   0.671   0.130
 0535   546  16.888   0.684   0.040
 0536   546  16.888   0.685   0.023
 0537   546  16.889   0.785  -0.067
 0538   546  16.892   0.783   0.330
 0539   546  16.893   0.687         
 0540   546  16.894   0.679   0.190
 0541   546  16.905   0.541   0.363
 0542   546  16.921   0.804   0.332
 0543   546  16.928   1.071   1.138
 0544   546  16.929   0.584   0.388
 0545   546  16.932   0.663   0.012
 0546   546  16.933   1.559         
 0547   546  16.940   0.835   0.247
 0548   546  16.946   0.795   0.160
 0549   546  16.955   0.661   0.199
 0550   546  16.975   0.684   0.061
 0551   546  16.975   0.809   0.129
 0552   546  16.978   0.905   0.290
 0553   546  16.979   0.595   0.168
 0554   546  16.979   0.570  -0.013
 0555   546  16.984   0.887   0.665
 0556   546  16.987   0.872   0.477
 0557   546  16.987   0.767   0.211
 0558   546  16.990   0.659   0.073
 0559   546  16.992   0.868   0.295
 0560   546  16.994   0.691  -0.168
 0561   546  16.998   0.525   0.179
 0562   546  17.002   0.726   0.133
 0563   546  17.005   0.774   0.090
 0564   546  17.005   0.572   0.029
 0565   546  17.008   0.656   0.075
 0566   546  17.010   0.895   0.733
 0567   546  17.011   0.780         
 0568   546  17.013   0.890   0.465
 0569   546  17.022   1.209   1.300
 0570   546  17.023   0.887   0.477
 0571   546  17.026   0.730   0.370
 0572   546  17.027   0.850   0.696
 0573   546  17.029   0.823   0.176
 0574   546  17.034   0.246   0.401
 0575   546  17.036   0.961   0.373
 0576   546  17.045   0.782   0.262
 0577   546  17.051   1.394   0.947
 0578   546  17.052   0.855   0.509
 0579   546  17.059   0.587   0.007
 0580   546  17.061   0.803   0.097
 0581   546  17.064   0.585   0.354
 0582   546  17.075   0.782   0.098
 0583   546  17.087   2.716         
 0584   546  17.090   1.002   0.355
 0585   546  17.093   0.962   0.280
 0586   546  17.095   0.759   0.205
 0587   546  17.096   0.809   0.285
 0588   546  17.100   0.726         
 0589   546  17.107   0.620  -0.049
 0590   546  17.114   0.782         
 0591   546  17.114   0.500   0.258
 0592   546  17.120   1.390   0.722
 0593   546  17.128   0.698   0.827
 0594   546  17.128   0.763   0.084
 0595   546  17.128   0.655  -0.113
 0596   546  17.129   0.704  -0.108
 0597   546  17.129   0.950   0.289
 0598   546  17.130   0.720   0.171
 0599   546  17.133   0.753  -0.066
 0600   546  17.136   0.952   0.504
 0601   546  17.138   0.815   0.003
 0602   546  17.145   0.964   0.665
 0603   546  17.150   0.733   0.208
 0604   546  17.151   0.634   0.200
 0605   546  17.154   0.836   0.326
 0606   546  17.155   0.716   0.147
 0607   546  17.161   0.774   0.290
 0608   546  17.162   0.702  -0.008
 0609   546  17.168   1.154   0.241
 0610   546  17.173   0.588   0.383
 0611   546  17.174   0.739   0.315
 0612   546  17.175   0.567   0.242
 0613   546  17.178   0.849   0.006
 0614   546  17.193   0.716   0.146
 0615   546  17.197   1.455  -0.454
 0616   546  17.198   0.622   0.089
 0617   546  17.204   0.825   0.210
 0618   546  17.209   0.851   0.655
 0619   546  17.209   0.868   0.315
 0620   546  17.211   0.868   0.174
 0621   546  17.212   1.479   1.159
 0622   546  17.213   0.766   0.009
 0623   546  17.215   1.070   0.722
 0624   546  17.217   0.784   0.631
 0625   546  17.217   0.613   0.182
 0626   546  17.219   0.859   1.110
 0627   546  17.219   0.936   0.414
 0628   546  17.221   0.995   0.462
 0629   546  17.222   0.814   0.316
 0630   546  17.229   1.275   0.934
 0631   546  17.230   0.659         
 0632   546  17.233   0.809         
 0633   546  17.234   0.846   0.304
 0634   546  17.238   1.023   0.995
 0635   546  17.241   0.648   0.355
 0636   546  17.241   0.787   0.176
 0637   546  17.245   0.936   0.337
 0639   546  17.248   0.704   0.106
 0640   546  17.249   0.668  -0.244
 0641   546  17.258   0.708   0.085
 0642   546  17.267   0.745   0.250
 0643   546  17.270   0.814   0.177
 0644   546  17.270   0.881   0.092
 0645   546  17.275   0.705   0.256
 0646   546  17.279   0.677   0.050
 0647   546  17.283   0.809   0.124
 0648   546  17.290   0.824   0.375
 0649   546  17.291   0.685  -0.069
 0650   546  17.291   0.608   0.041
 0651   546  17.295   0.773   0.373
 0652   546  17.300   0.773   0.175
 0653   546  17.300   0.784   0.415
 0654   546  17.301   0.671   0.226
 0655   546  17.302   0.809  -0.048
 0656   546  17.309   0.844   0.185
 0657   546  17.311   0.895   0.341
 0658   546  17.311   0.721   0.551
 0659   546  17.312   1.068   0.715
 0660   546  17.313   1.154         
 0661   546  17.317   0.791   0.254
 0664   546  17.325   0.769   0.113
 0665   546  17.331   0.683   0.152
 0666   546  17.333   0.638   0.450
 0667   546  17.335   0.738   0.094
 0668   546  17.337   0.729   0.563
 0669   546  17.342   0.746   0.247
 0670   546  17.342   0.995         
 0671   546  17.343   0.649   0.087
 0672   546  17.344   1.030   0.844
 0673   546  17.350   1.006   0.603
 0674   546  17.352   0.862   0.286
 0675   546  17.355   0.990   0.358
 0676   546  17.357   0.920   0.350
 0677   546  17.361   0.680   0.122
 0678   546  17.362   0.769   0.212
 0679   546  17.364   1.997         
 0680   546  17.364   0.716   0.326
 0681   546  17.367   0.893   0.400
 0682   546  17.367   0.713   0.141
 0683   546  17.368   0.712   0.040
 0684   546  17.371   0.953   0.596
 0685   546  17.371   0.834   0.229
 0686   546  17.371   1.086   0.925
 0687   546  17.375   0.822   0.286
 0688   546  17.375   0.766   0.408
 0689   546  17.375   0.755   0.375
 0690   546  17.376   0.876   0.125
 0691   546  17.380   1.657         
 0692   546  17.381   0.863   0.054
 0693   546  17.383   0.853   0.254
 0694   546  17.385   1.248  -0.533
 0695   546  17.387   1.483  -0.001
 0696   546  17.388   0.802   0.074
 0697   546  17.389   0.660   0.301
 0698   546  17.391   0.749  -0.014
 0699   546  17.391   0.672   0.039
 0700   546  17.391   1.091   1.235
 0701   546  17.395   0.983   0.239
 0702   546  17.399   0.839   0.172
 0703   546  17.400   0.822   0.121
 0704   546  17.402   0.973   0.650
 0705   546  17.405   0.969   0.089
 0706   546  17.408   1.747         
 0707   546  17.413   0.941   0.552
 0708   546  17.414   0.905   0.446
 0709   546  17.414   0.640   0.139
 0710   546  17.421   0.899         
 0711   546  17.423   0.836   0.543
 0712   546  17.424   0.638   0.352
 0713   546  17.428   0.693   0.219
 0714   546  17.428   0.666   0.103
 0715   546  17.429   1.362   1.339
 0716   546  17.431   0.848  -0.709
 0717   546  17.431   0.973   0.760
 0718   546  17.433   0.675   0.211
 0719   546  17.437   0.780   0.464
 0720   546  17.445   1.014   0.649
 0721   546  17.447   0.713  -0.042
 0722   546  17.447   0.790   0.114
 0723   546  17.452   1.485   0.411
 0724   546  17.457   0.794   0.106
 0725   546  17.464   0.801   0.108
 0726   546  17.475   0.704  -0.328
 0727   546  17.476   0.712  -0.264
 0728   546  17.480   0.750   0.209
 0729   546  17.484   0.727   0.190
 0730   546  17.486   0.714   0.050
 0731   546  17.491   0.712   0.145
 0732   546  17.492   0.778  -0.046
 0733   546  17.493   1.022   1.167
 0734   546  17.494   1.487         
 0735   546  17.499   1.000   0.587
 0736   546  17.501   0.831         
 0737   546  17.504   0.876   0.075
 0738   546  17.506   1.149   0.518
 0739   546  17.506   0.771  -0.036
 0740   546  17.506   0.720   0.202
 0741   546  17.507   0.962         
 0742   546  17.508   0.725   0.021
 0743   546  17.511   0.926   0.568
 0744   546  17.513   0.620  -0.009
 0745   546  17.519   0.984   0.615
 0746   546  17.519   0.833   0.724
 0747   546  17.522   0.847   0.262
 0748   546  17.527   0.962   0.424
 0749   546  17.538   0.813   0.455
 0750   546  17.543   1.666         
 0751   546  17.547   0.624  -0.043
 0752   546  17.551   0.706   0.777
 0753   546  17.552   1.158         
 0754   546  17.552   0.925   0.695
 0755   546  17.553   0.781         
 0756   546  17.563   0.851   0.503
 0757   546  17.564   0.677   0.026
 0758   546  17.565   0.840   0.168
 0759   546  17.565   0.774   0.216
 0760   546  17.567   0.738   0.094
 0761   546  17.579   0.799   0.092
 0762   546  17.580   0.739   0.198
 0763   546  17.583   1.235  -1.092
 0764   546  17.584   0.788   0.013
 0765   546  17.588   0.772   0.128
 0766   546  17.588   0.780   0.284
 0767   546  17.593   0.757   0.056
 0768   546  17.595   0.830   0.055
 0769   546  17.596   0.909   0.283
 0770   546  17.599   0.771   0.453
 0771   546  17.608   0.666         
 0772   546  17.609   1.124         
 0773   546  17.619   0.704  -0.541
 0774   546  17.622   0.874   0.255
 0775   546  17.627   0.643  -0.048
 0776   546  17.629   0.739  -0.512
 0777   546  17.634   0.738   0.096
 0778   546  17.635   0.880   0.484
 0779   546  17.635   1.086   0.901
 0780   546  17.643   0.962   0.707
 0781   546  17.646   0.770   0.150
 0782   546  17.656   0.745   0.029
 0783   546  17.664   0.912   0.568
 0784   546  17.667   1.018         
 0785   546  17.667   0.815         
 0786   546  17.671   0.922   0.128
 0787   546  17.673   0.781   0.184
 0788   546  17.676   1.235   0.457
 0789   546  17.679   0.740   0.227
 0790   546  17.681   0.644  -0.367
 0791   546  17.682   0.712   0.016
 0792   546  17.682   1.036   0.799
 0793   546  17.683   0.705   0.385
 0794   546  17.684   1.204   0.589
 0795   546  17.688   0.844   0.426
 0796   546  17.688   0.795   0.343
 0797   546  17.688   0.647   0.355
 0798   546  17.694   0.662  -0.057
 0799   546  17.696   1.137   1.437
 0800   546  17.697   0.737   0.517
 0801   546  17.702   1.066   0.523
 0802   546  17.708   0.671   0.283
 0803   546  17.709   0.759   0.071
 0804   546  17.709   0.880   0.089
 0805   546  17.712   0.888   0.383
 0806   546  17.717   0.992   0.327
 0807   546  17.719   0.882   0.490
 0808   546  17.729   0.934  -0.194
 0809   546  17.729   0.975  -0.133
 0810   546  17.730   0.734   0.341
 0811   546  17.732   0.758   0.232
 0812   546  17.733   0.716   0.054
 0813   546  17.734   0.628  -0.050
 0814   546  17.734   0.852   0.222
 0815   546  17.737   0.853   0.212
 0816   546  17.739   1.008   1.320
 0817   546  17.741   0.769   0.328
 0818   546  17.745   0.680   0.166
 0819   546  17.752   0.790   0.323
 0820   546  17.755   0.698   0.065
 0821   546  17.755   0.953   0.595
 0822   546  17.755   0.753   0.172
 0823   546  17.758   0.775   0.060
 0824   546  17.758   0.909   0.332
 0825   546  17.763   1.038   0.623
 0826   546  17.767   0.779   0.359
 0827   546  17.769   1.106   0.648
 0828   546  17.770   0.718   0.351
 0829   546  17.774   1.422         
 0830   546  17.786   1.145         
 0831   546  17.786   0.783   0.366
 0832   546  17.789   0.880  -0.071
 0833   546  17.789   1.064   0.837
 0834   546  17.790   1.144   0.284
 0835   546  17.790   1.025   0.621
 0836   546  17.806   0.993   0.624
 0837   546  17.807   0.895         
 0838   546  17.807   0.976   0.599
 0839   546  17.809   0.852   0.085
 0840   546  17.811   0.599   0.078
 0841   546  17.813   1.082   0.683
 0842   546  17.815   0.703   0.185
 0843   546  17.821   0.956   0.401
 0844   546  17.830   0.968   0.577
 0845   546  17.830   1.062   0.545
 0846   546  17.831   0.721   0.311
 0848   546  17.837   0.798   0.257
 0849   546  17.838   1.063   0.019
 0850   546  17.846   0.788   0.086
 0851   546  17.848   0.688  -0.075
 0852   546  17.851   0.786   0.071
 0853   546  17.855   0.667  -0.010
 0854   546  17.855   1.001   0.554
 0855   546  17.858   0.882   0.308
 0856   546  17.860   1.201   1.358
 0857   546  17.866   0.850   0.347
 0858   546  17.868   0.840   0.631
 0859   546  17.871   0.800   0.060
 0860   546  17.887   1.942         
 0861   546  17.893   0.912   0.165
 0862   546  17.897   0.800   0.172
 0863   546  17.900   0.729   0.127
 0864   546  17.905   0.920         
 0865   546  17.905   1.158   0.615
 0866   546  17.906   0.742   0.634
 0867   546  17.908   0.979         
 0868   546  17.912   0.870   0.641
 0869   546  17.912   1.300         
 0870   546  17.914   0.874   0.464
 0872   546  17.919   0.679   0.114
 0873   546  17.923   0.775   0.430
 0874   546  17.929   0.834   0.425
 0875   546  17.932   0.795   0.061
 0876   546  17.933   0.812   0.121
 0877   546  17.934   0.813  -0.186
 0878   546  17.940   1.234  -0.007
 0879   546  17.940   0.790   0.515
 0880   546  17.948   0.971         
 0882   546  17.954   0.993   0.150
 0883   546  17.962   1.116         
 0884   546  17.967   0.874   0.474
 0885   546  17.971   1.152         
 0887   546  17.982   1.173         
 0888   546  17.983   0.994   0.813
 0889   546  17.985   1.233   0.315
 0890   546  17.987   0.974   0.517
 0891   546  17.995   0.784   0.128
 0892   546  18.003   1.066   0.939
 0894   546  18.005   0.726  -0.016
 0895   546  18.011   0.773   0.209
 0896   546  18.015   1.086         
 0897   546  18.015   0.820   0.125
 0898   546  18.016   0.976   0.761
 0899   546  18.024   0.874   0.251
 0900   546  18.027   0.863   0.326
 0901   546  18.029   0.713  -0.233
 0902   546  18.033   0.917   0.384
 0903   546  18.037   0.767   0.116
 0904   546  18.037   0.870   0.241
 0905   546  18.040   0.886         
 0906   546  18.043   0.853   0.040
 0907   546  18.044   0.746   0.018
 0908   546  18.047   1.468         
 0909   546  18.050   0.796   0.157
 0910   546  18.059   0.965  -1.556
 0911   546  18.059   0.795         
 0912   546  18.067   0.871         
 0913   546  18.069   0.911   0.310
 0914   546  18.070   0.878   0.291
 0915   546  18.081   1.227         
 0916   546  18.081   0.765  -0.160
 0917   546  18.087   0.722  -0.009
 0918   546  18.093   0.910   0.233
 0919   546  18.093   0.852         
 0920   546  18.094   1.309         
 0921   546  18.094   1.182         
 0922   546  18.097   1.194  -0.756
 0923   546  18.100   0.842   0.373
 0924   546  18.101   1.159         
 0925   546  18.101   0.925         
 0926   546  18.102   1.020         
 0927   546  18.116   0.748   0.328
 0928   546  18.120   1.150         
 0929   546  18.121   0.846   0.044
 0930   546  18.121   0.876   0.081
 0931   546  18.121   1.248  -0.100
 0932   546  18.123   0.798   0.265
 0933   546  18.131   0.736  -0.084
 0934   546  18.132   0.794  -0.361
 0935   546  18.136   0.838  -0.052
 0936   546  18.142   0.885   0.252
 0937   546  18.146   0.759   0.130
 0938   546  18.148   1.098   1.273
 0939   546  18.149   1.535         
 0940   546  18.149   0.948         
 0941   546  18.150   0.776   0.849
 0942   546  18.154   0.819   0.346
 0943   546  18.154   0.990   0.600
 0944   546  18.156   1.066   0.696
 0945   546  18.156   1.073   0.784
 0946   546  18.156   0.814   0.002
 0947   546  18.162   0.635         
 0948   546  18.163   1.084   1.159
 0949   546  18.165   0.824  -0.354
 0950   546  18.166   0.827  -0.679
 0951   546  18.170   0.882   0.477
 0952   546  18.173   0.969   0.167
 0953   546  18.176   0.749   0.203
 0954   546  18.177   1.088         
 0955   546  18.179   0.955   0.360
 0956   546  18.183   1.676         
 0957   546  18.185   0.804   0.041
 0958   546  18.186   0.721   0.142
 0959   546  18.188   0.976         
 0960   546  18.189   1.244         
 0961   546  18.198   0.789  -0.028
 0962   546  18.201   0.925   0.489
 0963   546  18.202   1.068         
 0964   546  18.211   1.304         
 0965   546  18.214   0.789  -0.372
 0966   546  18.215   0.815   0.105
 0967   546  18.217   0.774  -0.037
 0968   546  18.217   0.861   0.116
 0970   546  18.219   1.413         
 0971   546  18.219   1.049         
 0972   546  18.220   0.794   0.082
 0973   546  18.221   0.733         
 0974   546  18.225   0.796   0.839
 0975   546  18.226   1.038   0.573
 0976   546  18.226   1.183         
 0977   546  18.231   1.027   0.071
 0978   546  18.233   1.123         
 0979   546  18.240   0.925         
 0980   546  18.245   0.766   0.671
 0981   546  18.245   0.722  -0.031
 0982   546  18.250   1.040   0.586
 0983   546  18.251   1.174   0.058
 0984   546  18.254   1.062         
 0985   546  18.254   0.999         
 0986   546  18.259   1.037         
 0987   546  18.260   1.212         
 0988   546  18.261   0.861  -0.315
 0989   546  18.263   0.855   0.151
 0990   546  18.263   0.950   0.304
 0991   546  18.264   0.746   0.219
 0992   546  18.265   0.882   0.155
 0993   546  18.270   0.918   0.289
 0994   546  18.272   0.805   0.511
 0995   546  18.274   1.239         
 0996   546  18.279   0.999         
 0997   546  18.279   0.999         
 0998   546  18.285   0.983         
 0999   546  18.288   1.096         
 1000   546  18.292   0.860   0.120
 1001   546  18.296   0.740   0.045
 1002   546  18.298   0.965  -0.014
 1003   546  18.303   1.014         
 1004   546  18.307   0.950         
 1005   546  18.307   0.938         
 1006   546  18.309   0.795         
 1007   546  18.309   1.118         
 1008   546  18.317   1.055   0.536
 1009   546  18.319   0.927  -0.003
 1010   546  18.319   0.856   0.551
 1011   546  18.320   1.244         
 1012   546  18.322   1.390         
 1013   546  18.323   0.985         
 1014   546  18.325   1.036         
 1015   546  18.326   0.831  -0.346
 1016   546  18.327   0.783  -0.513
 1017   546  18.328   1.075         
 1018   546  18.332   1.535         
 1019   546  18.336   0.921   0.415
 1020   546  18.337   1.383         
 1021   546  18.338   1.163         
 1022   546  18.339   1.359         
 1023   546  18.342   0.776   0.066
 1024   546  18.342   1.475         
 1025   546  18.343   1.118         
 1026   546  18.344   0.821   0.199
 1027   546  18.352   1.005         
 1028   546  18.356   1.024   0.558
 1029   546  18.360   1.473         
 1030   546  18.360   0.981   0.509
 1031   546  18.363   0.649         
 1032   546  18.363   0.878         
 1033   546  18.365   0.843         
 1034   546  18.365   1.064         
 1035   546  18.368   1.115         
 1036   546  18.372   0.664         
 1037   546  18.373   0.746   0.108
 1038   546  18.374   1.297         
 1039   546  18.375   0.750   0.046
 1040   546  18.377   1.063         
 1041   546  18.378   0.879   0.734
 1042   546  18.381   0.895         
 1043   546  18.381   1.173         
 1044   546  18.384   1.074         
 1045   546  18.384   0.723         
 1046   546  18.386   0.915  -0.450
 1047   546  18.386   0.843   0.856
 1048   546  18.392   1.328         
 1049   546  18.392   0.869   0.390
 1050   546  18.396   1.034   0.445
 1051   546  18.397   1.044         
 1052   546  18.400   0.845         
 1053   546  18.406   0.694         
 1054   546  18.407   0.846         
 1055   546  18.410   0.940         
 1056   546  18.412   1.448         
 1057   546  18.412   1.007         
 1058   546  18.415   1.049         
 1059   546  18.419   0.906   0.453
 1060   546  18.419   0.879         
 1061   546  18.420   0.849   0.416
 1062   546  18.423   0.922         
 1063   546  18.427   1.038         
 1065   546  18.428   0.926   0.314
 1066   546  18.432   0.781   0.362
 1067   546  18.433   1.511         
 1068   546  18.437   0.766  -0.125
 1070   546  18.443   0.843  -0.428
 1071   546  18.444   0.839   0.329
 1072   546  18.445   1.156         
 1073   546  18.445   0.808   0.388
 1075   546  18.448   0.740   0.165
 1076   546  18.448   0.887   0.426
 1077   546  18.450   0.909         
 1078   546  18.451   1.042         
 1079   546  18.452   1.474         
 1080   546  18.458   0.863         
 1081   546  18.460   1.030         
 1083   546  18.462   0.817   0.324
 1084   546  18.463   1.035         
 1085   546  18.464   1.005   0.270
 1086   546  18.466   0.769   0.199
 1087   546  18.467   0.732   0.347
 1089   546  18.471   0.887   0.153
 1090   546  18.474   0.824  -0.113
 1091   546  18.477   0.709         
 1092   546  18.480   0.989         
 1093   546  18.481   1.007         
 1094   546  18.485   0.967         
 1096   546  18.488   0.771   0.133
 1097   546  18.492   0.791   0.093
 1098   546  18.493   1.161         
 1100   546  18.496   0.912   0.561
 1101   546  18.496   0.866   0.408
 1102   546  18.498   1.262         
 1103   546  18.498   0.750  -0.116
 1104   546  18.502   1.956         
 1105   546  18.504   0.850         
 1106   546  18.504   0.785         
 1107   546  18.505   1.426         
 1108   546  18.519   0.962         
 1109   546  18.520   0.784   0.396
 1110   546  18.530   1.100         
 1111   546  18.530   0.868         
 1112   546  18.530   0.807         
 1113   546  18.534   1.074         
 1114   546  18.534   0.764         
 1115   546  18.536   0.872         
 1116   546  18.538   0.626         
 1117   546  18.539   1.442         
 1118   546  18.541   1.097   0.304
 1119   546  18.542   0.923         
 1120   546  18.542   0.818   0.268
 1121   546  18.544   0.774         
 1122   546  18.547   0.857   0.178
 1124   546  18.551   0.817   0.033
 1125   546  18.555   1.063         
 1126   546  18.559   0.899   0.154
 1127   546  18.563   1.561         
 1128   546  18.563   1.237         
 1129   546  18.565   0.890         
 1130   546  18.565   0.830         
 1131   546  18.571   0.836         
 1132   546  18.572   1.393         
 1133   546  18.575   1.056   0.108
 1134   546  18.578   1.057         
 1135   546  18.583   0.829         
 1136   546  18.584   0.985         
 1137   546  18.587   0.813   0.034
 1138   546  18.588   0.743         
 1139   546  18.588   1.258         
 1140   546  18.594   1.016  -0.109
 1141   546  18.597   0.743         
 1142   546  18.601   1.044         
 1144   546  18.607   1.155   0.748
 1145   546  18.607   0.793         
 1146   546  18.608   0.911         
 1147   546  18.608   1.642         
 1148   546  18.612   0.843         
 1149   546  18.615   0.894         
 1150   546  18.615   1.326         
 1151   546  18.616   1.153         
 1152   546  18.617   0.798   0.527
 1153   546  18.620   0.836   0.070
 1154   546  18.621   1.541         
 1155   546  18.628   1.140         
 1157   546  18.630   1.151         
 1158   546  18.630   0.940         
 1159   546  18.631   0.753  -0.283
 1160   546  18.632   0.813         
 1161   546  18.632   0.779         
 1162   546  18.633   0.892         
 1163   546  18.636   0.826   0.237
 1164   546  18.638   1.140         
 1166   546  18.639   1.040         
 1167   546  18.643   1.064         
 1168   546  18.643   0.872         
 1169   546  18.647   0.817         
 1170   546  18.649   1.355         
 1171   546  18.651   1.005         
 1172   546  18.651   0.887         
 1173   546  18.658   1.421         
 1174   546  18.658   0.713         
 1175   546  18.662   0.909         
 1176   546  18.664   1.142         
 1177   546  18.664   1.503         
 1178   546  18.668   0.870  -0.049
 1179   546  18.671   0.875         
 1180   546  18.672   0.634         
 1181   546  18.675   0.897         
 1182   546  18.675   1.418         
 1183   546  18.680   0.797         
 1184   546  18.683   0.913   0.337
 1185   546  18.684   1.206         
 1186   546  18.687   0.868   0.159
 1187   546  18.689   0.995         
 1188   546  18.692   0.895         
 1190   546  18.694   0.884  -0.267
 1191   546  18.698   0.826   0.165
 1192   546  18.700   0.574         
 1193   546  18.703   1.015         
 1194   546  18.706   0.990   0.539
 1195   546  18.708   0.856   0.061
 1196   546  18.710   0.867         
 1197   546  18.712   1.254         
 1198   546  18.715   0.847         
 1199   546  18.721   0.978         
 1200   546  18.727   1.082         
 1201   546  18.731   1.447         
 1202   546  18.736   1.313         
 1203   546  18.737   1.437         
 1204   546  18.738   1.031         
 1205   546  18.738   0.871         
 1206   546  18.738   0.958         
 1207   546  18.740   0.958         
 1208   546  18.741   0.800         
 1209   546  18.742   1.070         
 1210   546  18.744   0.977         
 1211   546  18.746   0.820         
 1212   546  18.748   0.905         
 1213   546  18.754   0.926         
 1215   546  18.758   0.986         
 1216   546  18.758   1.900         
 1217   546  18.762   1.016         
 1218   546  18.763   0.995         
 1219   546  18.763   1.377         
 1220   546  18.764   1.218         
 1221   546  18.766   0.921         
 1222   546  18.767   0.721         
 1223   546  18.769   1.046   0.490
 1224   546  18.769   1.417         
 1225   546  18.770   0.948         
 1226   546  18.772   1.119         
 1227   546  18.772   0.896         
 1228   546  18.772   1.260         
 1229   546  18.778   1.361         
 1230   546  18.778   0.864   0.158
 1232   546  18.783   1.122         
 1233   546  18.788   0.912         
 1234   546  18.789   1.143         
 1235   546  18.790   1.643         
 1236   546  18.793   0.880         
 1237   546  18.795   0.948         
 1238   546  18.797   0.960         
 1241   546  18.805   0.460         
 1242   546  18.805   0.916         
 1243   546  18.810   0.993         
 1244   546  18.810   0.875         
 1245   546  18.815   0.816   0.176
 1246   546  18.815   0.959   0.422
 1247   546  18.816   0.910   0.180
 1248   546  18.817   1.029         
 1249   546  18.819   1.115         
 1250   546  18.819   0.908         
 1251   546  18.823   0.953         
 1252   546  18.824   1.166         
 1253   546  18.824   1.595         
 1254   546  18.827   1.454         
 1255   546  18.830   1.228         
 1256   546  18.833   0.754         
 1257   546  18.833   1.033         
 1258   546  18.839   1.163         
 1259   546  18.840   1.236         
 1260   546  18.846   0.876   0.109
 1261   546  18.847   1.537         
 1262   546  18.850   1.549         
 1263   546  18.851   0.539  -2.589
 1264   546  18.852   0.811         
 1265   546  18.853   1.220         
 1268   546  18.858   0.887   0.518
 1269   546  18.862   1.229         
 1270   546  18.863   1.052         
 1271   546  18.865   1.056         
 1272   546  18.868   1.825         
 1273   546  18.868   0.853  -0.033
 1274   546  18.871   0.823   0.136
 1275   546  18.872   1.457         
 1276   546  18.876   1.350         
 1277   546  18.878   0.997         
 1278   546  18.881   1.512         
 1279   546  18.881   0.887         
 1280   546  18.884   1.671         
 1281   546  18.884   0.867         
 1282   546  18.889   1.139         
 1283   546  18.890   1.602         
 1284   546  18.890   1.160         
 1285   546  18.892   0.767         
 1286   546  18.892   1.176         
 1287   546  18.894   0.928         
 1288   546  18.895   1.552         
 1290   546  18.896   0.883         
 1291   546  18.898   0.999         
 1292   546  18.902   1.244         
 1293   546  18.902   0.952         
 1294   546  18.904   1.614         
 1295   546  18.905   1.085         
 1296   546  18.908   1.286         
 1297   546  18.909   1.073         
 1298   546  18.910   1.114         
 1299   546  18.911   0.934         
 1300   546  18.912   1.508         
 1301   546  18.913   0.786         
 1302   546  18.915   1.026         
 1303   546  18.919   1.180         
 1304   546  18.924   1.292         
 1305   546  18.926   0.967         
 1306   546  18.927   0.875         
 1307   546  18.930   1.079         
 1308   546  18.936   0.915         
 1309   546  18.938   0.830         
 1310   546  18.939   0.947         
 1311   546  18.941   0.794  -0.247
 1312   546  18.942   0.967         
 1313   546  18.946   0.950         
 1314   546  18.947   0.883         
 1315   546  18.950   1.370         
 1316   546  18.958   0.923         
 1317   546  18.959   1.477         
 1318   546  18.960   1.047         
 1319   546  18.963   1.046         
 1320   546  18.963   0.866         
 1321   546  18.965   0.708         
 1322   546  18.970   1.197         
 1323   546  18.971   1.324         
 1324   546  18.974   1.036         
 1325   546  18.975   1.034         
 1326   546  18.980   1.053         
 1327   546  18.980   1.090         
 1328   546  18.983   1.013         
 1329   546  18.985   1.309         
 1330   546  18.986   1.498         
 1331   546  18.991   0.782         
 1332   546  18.993   1.025         
 1333   546  18.994   1.430         
 1334   546  19.003   1.214         
 1335   546  19.004   0.831         
 1336   546  19.006   1.235         
 1337   546  19.009   0.972         
 1338   546  19.010   1.219         
 1339   546  19.015   1.089         
 1340   546  19.018   0.982         
 1341   546  19.018   0.833         
 1342   546  19.018   0.839  -0.162
 1343   546  19.024   0.889         
 1344   546  19.035   0.835         
 1345   546  19.040   0.834         
 1346   546  19.040   1.581         
 1347   546  19.041   0.918  -0.225
 1348   546  19.044   1.010         
 1349   546  19.053   0.994         
 1350   546  19.054   0.994         
 1351   546  19.060   1.687         
 1352   546  19.071   0.877         
 1353   546  19.073   1.212         
 1354   546  19.074   1.276         
 1355   546  19.077   1.108         
 1356   546  19.080   1.049         
 1358   546  19.083   0.894         
 1359   546  19.084   1.104         
 1360   546  19.087   1.292         
 1361   546  19.089   0.811         
 1362   546  19.093   1.210         
 1363   546  19.093   1.597         
 1364   546  19.097   0.931         
 1365   546  19.099   0.870         
 1366   546  19.102   0.863         
 1367   546  19.102   1.321         
 1368   546  19.103   0.974         
 1369   546  19.103   1.289         
 1370   546  19.103   1.244         
 1371   546  19.104   0.872         
 1372   546  19.105   1.373         
 1373   546  19.106   1.579         
 1374   546  19.107   0.812         
 1375   546  19.108   1.190         
 1376   546  19.111   1.097         
 1377   546  19.115   0.936         
 1378   546  19.116   1.344         
 1379   546  19.124   1.139         
 1381   546  19.127   1.289         
 1382   546  19.131   0.924         
 1383   546  19.133   0.849         
 1384   546  19.137   1.111         
 1385   546  19.137   1.152         
 1386   546  19.139   0.982         
 1387   546  19.139   1.377         
 1388   546  19.141   1.148         
 1389   546  19.146   1.044         
 1390   546  19.146   1.120         
 1391   546  19.147   1.135         
 1392   546  19.149   0.884         
 1393   546  19.150   0.731         
 1394   546  19.152   1.080         
 1395   546  19.152   1.265         
 1396   546  19.155   1.606         
 1397   546  19.156   1.063         
 1398   546  19.160   1.170         
 1399   546  19.162   0.835         
 1400   546  19.165   1.160         
 1401   546  19.167   1.133         
 1402   546  19.173   1.313         
 1403   546  19.179   1.016         
 1404   546  19.180   1.128         
 1405   546  19.181   0.876         
 1407   546  19.183   2.163         
 1408   546  19.185   1.146         
 1409   546  19.188   1.238         
 1410   546  19.192   1.096         
 1411   546  19.192   1.381         
 1412   546  19.194   0.770         
 1414   546  19.208   0.990   0.159
 1415   546  19.211   1.454         
 1416   546  19.212   1.416         
 1417   546  19.214   1.109         
 1418   546  19.215   1.300         
 1419   546  19.216   1.191         
 1420   546  19.218   0.912         
 1421   546  19.220   1.271         
 1422   546  19.223   1.025         
 1423   546  19.226   1.035         
 1424   546  19.233   1.114         
 1425   546  19.235   0.904         
 1426   546  19.236   1.122         
 1427   546  19.236   0.923         
 1428   546  19.237   1.251         
 1431   546  19.250   1.376         
 1432   546  19.250   1.253         
 1434   546  19.257   0.960         
 1435   546  19.259   1.408         
 1436   546  19.264   1.197         
 1437   546  19.266   0.771         
 1438   546  19.268   1.238         
 1439   546  19.269   1.194         
 1440   546  19.269   1.055         
 1441   546  19.269   0.996         
 1443   546  19.275   1.300         
 1444   546  19.281   0.970         
 1446   546  19.282   1.267         
 1447   546  19.283   1.015         
 1448   546  19.284   0.816         
 1449   546  19.285   1.513         
 1450   546  19.286   0.847         
 1451   546  19.287   1.117  -1.514
 1452   546  19.287   0.950         
 1453   546  19.294   0.864         
 1454   546  19.297   0.963         
 1455   546  19.298   1.443         
 1456   546  19.298   0.945         
 1457   546  19.299   1.319         
 1458   546  19.299   1.084         
 1459   546  19.303   0.920         
 1460   546  19.304   2.030         
 1461   546  19.305   1.132         
 1462   546  19.309   1.387         
 1466   546  19.318   1.298         
 1467   546  19.323   1.034         
 1468   546  19.324   1.221         
 1469   546  19.328   1.044         
 1470   546  19.328   1.295         
 1472   546  19.332   0.582         
 1473   546  19.334   1.155         
 1474   546  19.336   1.061         
 1475   546  19.338   0.861         
 1476   546  19.339   1.234         
 1478   546  19.343   0.734         
 1479   546  19.344   1.060         
 1480   546  19.351   1.073         
 1481   546  19.351   1.406         
 1482   546  19.351   1.152         
 1483   546  19.354   1.663         
 1484   546  19.355   1.068         
 1485   546  19.355   1.252         
 1486   546  19.356   1.094         
 1489   546  19.367   1.616         
 1490   546  19.368   1.151         
 1491   546  19.370   1.251         
 1493   546  19.373   0.965         
 1494   546  19.375   1.031         
 1495   546  19.376   1.229         
 1496   546  19.377   1.270         
 1497   546  19.377   1.567         
 1498   546  19.378   1.136         
 1499   546  19.381   1.225         
 1500   546  19.382   1.297         
 1501   546  19.388   0.920         
 1502   546  19.388   1.247         
 1504   546  19.390   1.043         
 1505   546  19.390   1.285         
 1507   546  19.392   1.113         
 1508   546  19.394   1.484         
 1509   546  19.395   1.704         
 1510   546  19.398   1.164         
 1511   546  19.398   1.181         
 1513   546  19.399   1.380         
 1514   546  19.401   0.937         
 1515   546  19.403   1.019         
 1516   546  19.405   1.198         
 1517   546  19.405   1.359         
 1519   546  19.410   0.976         
 1520   546  19.414   0.996         
 1521   546  19.416   0.781         
 1522   546  19.418   1.045         
 1523   546  19.418   1.067         
 1524   546  19.422   0.850         
 1526   546  19.430   0.955         
 1527   546  19.431   0.899         
 1528   546  19.434   1.161         
 1529   546  19.435   1.712         
 1530   546  19.437   0.830         
 1532   546  19.438   1.524         
 1533   546  19.448   1.010         
 1534   546  19.453   1.157         
 1535   546  19.456   1.009         
 1536   546  19.460   1.442         
 1537   546  19.462   1.129         
 1540   546  19.473   1.045         
 1544   546  19.484   1.245         
 1545   546  19.485   1.267         
 1548   546  19.489   1.285         
 1549   546  19.491   1.223         
 1550   546  19.496   1.179         
 1551   546  19.500   1.265         
 1552   546  19.502   1.303         
 1553   546  19.503   1.692         
 1554   546  19.504   1.408         
 1555   546  19.508   1.115         
 1556   546  19.508   1.450         
 1557   546  19.508   1.012         
 1558   546  19.512   1.338         
 1559   546  19.512   1.191         
 1560   546  19.513   1.032         
 1561   546  19.517   1.005         
 1563   546  19.524   1.019  -0.222
 1564   546  19.526   1.526         
 1566   546  19.532   1.597         
 1567   546  19.533   1.161         
 1569   546  19.541   1.308         
 1570   546  19.543   1.361         
 1571   546  19.545   0.986         
 1574   546  19.555   1.234         
 1575   546  19.556   1.353         
 1577   546  19.559   1.027         
 1579   546  19.562   0.899         
 1580   546  19.563   1.127         
 1581   546  19.564   1.015         
 1582   546  19.570   1.528         
 1583   546  19.573   0.859         
 1584   546  19.574   1.275         
 1585   546  19.576   1.345         
 1587   546  19.579   1.133         
 1588   546  19.579   0.994         
 1589   546  19.583   1.108         
 1590   546  19.586   0.899         
 1591   546  19.594   0.970         
 1592   546  19.596   1.269         
 1593   546  19.600   1.385         
 1594   546  19.601   1.232         
 1595   546  19.603   1.486         
 1596   546  19.611   1.177         
 1597   546  19.612   1.077         
 1598   546  19.614   1.198         
 1600   546  19.616   1.282         
 1601   546  19.622   0.998         
 1602   546  19.626   1.039         
 1603   546  19.626   1.057         
 1605   546  19.627   1.553         
 1606   546  19.627   0.794         
 1607   546  19.630   0.989         
 1611   546  19.635   0.922         
 1612   546  19.635   0.795         
 1613   546  19.637   1.556         
 1615   546  19.647   1.491         
 1618   546  19.654   1.031         
 1619   546  19.658   1.126         
 1620   546  19.661   1.078         
 1621   546  19.662   1.118         
 1622   546  19.663   0.990         
 1624   546  19.673   0.901         
 1625   546  19.673   1.341         
 1626   546  19.679   1.094         
 1627   546  19.680   1.285         
 1629   546  19.684   0.657         
 1630   546  19.686   1.518         
 1634   546  19.698   1.393         
 1636   546  19.704   1.145         
 1639   546  19.719   0.943         
 1640   546  19.725   1.211         
 1641   546  19.726   1.262         
 1642   546  19.727   1.078         
 1644   546  19.739   1.009         
 1649   546  19.746   1.153         
 1652   546  19.755   1.051         
 1655   546  19.770   1.297         
 1656   546  19.774   1.302         
 1659   546  19.779   1.204         
 1660   546  19.783   0.909         
 1662   546  19.787   1.449         
 1666   546  19.791   1.377         
 1667   546  19.792   0.778         
 1671   546  19.805   1.302         
 1673   546  19.817   0.976         
 1674   546  19.820   1.205         
 1677   546  19.831   1.081         
 1678   546  19.832   1.107         
 1680   546  19.835   1.159         
 1684   546  19.852   1.244         
 1685   546  19.855   1.495         
 1690   546  19.866   1.076         
 1691   546  19.866   1.378         
 1692   546  19.872   0.902         
 1694   546  19.879   1.593         
 1697   546  19.885   1.152         
 1698   546  19.889   0.790         
 1699   546  19.890   2.022         
 1704   546  19.910   1.100         
 1712   546  19.947   1.062         
 1714   546  19.950   0.949         
 1716   546  19.961   1.052         
 1718   546  19.971   1.124         
 1725   546  19.983   1.344         
 1727   546  19.985   0.950         
 1728   546  19.991   0.948         
 1731   546  20.011   0.986         
 1733   546  20.020   1.180         
 1734   546  20.023   1.152         
 1737   546  20.031   1.036         
 1746   546  20.064   0.978         
 1748   546  20.075   0.997         
 1766   546  20.178   0.539         
 1768   546  20.200   1.358         
 1771   546  20.235   1.065         
 1777   546  20.322   1.499         
 1787   546  20.409   0.931         
 1799   546  20.672   1.070