%UBV CCD observations
%
% No    Ref    V       B-V     U-B
%
 0101   488  15.985   1.702   1.327
 0102   488  17.023   1.770   1.262
 0103   488  18.590   1.119   0.651
 0104   488  17.793   1.146   0.850
 0105   488  17.018   1.741   1.334
 0106   488  17.928   1.272   0.698
 0107   488  19.032   1.255   0.529
 0108   488  17.805   1.274   0.735
 0109   488  17.634   1.203   0.568
 0110   488  17.710   1.192   0.577
 0111   488  17.994   1.327   0.668
 0112   488  18.026   1.232   0.541
 0113   488  18.156   1.180   0.552
 0114   488  16.995   1.804   1.326
 0115   488  14.033   2.516   2.540
 0116   488  18.328   1.339   0.585
 0117   488  18.551   1.234   0.508
 0118   488  18.845   1.297         
 0119   488  18.315   1.133   0.403
 0120   488  17.053   1.745   1.117
 0121   488  19.013   1.801         
 0122   488  19.090   1.313         
 0123   488  18.281   1.312   0.640
 0124   488  16.903   1.148   0.573
 0125   488  17.027   1.688   0.999
 0126   488  18.264   1.173   1.170
 0127   488  16.963   1.768   1.216
 0128   488  17.203   1.178   0.589
 0129   488  18.207   1.138   0.540
 0130   488  17.669   1.210   0.521
 0131   488  18.333   1.171   0.527
 0132   488  17.981   1.056   0.407
 0133   488  18.923   1.162   0.446
 0134   488  18.672   1.256   0.470
 0135   488  16.405   0.965   0.247
 0136   488  16.845   1.099   0.607
 0137   488  17.561   1.101   0.543
 0138   488  17.619   1.104   0.508
 0139   488  18.454   1.187   0.575
 0140   488  17.618   1.305   0.626
 0141   488  17.414   1.082   0.638
 0142   488  17.132   1.783   1.303
 0143   488  14.847   0.651   0.259
 0144   488  16.199   1.786   1.409
 0147   488  18.038   1.155   0.477
 0148   488  13.091   1.539   1.314
 0149   488  17.480   1.111   0.577
 0150   488  18.308   1.099   0.486
 0151   488  17.241   1.109   0.628
 0152   488  16.256   1.032   0.604
 0153   488  14.486   1.778   1.447
 0154   488  17.767   1.167   0.704
 0201   488  17.290   1.579   0.923
 0202   488  18.041   1.333   0.684
 0203   488  17.819   1.154   0.647
 0204   488  18.201   1.175   0.619
 0205   488  17.868   1.228   0.693
 0206   488  18.209   1.195   0.617
 0207   488  17.298   1.189   0.766
 0208   488  17.721   1.095   0.439
 0209   488  16.941   1.124   0.576
 0210   488  17.617   1.179   0.473
 0211   488  18.622   1.323   0.628
 0212   488  17.108   1.811   1.199
 0213   488  18.036   1.269   0.826
 0214   488  18.331   1.331   0.828
 0215   488  16.336   1.836   1.426
 0216   488  18.249   1.212   0.783
 0217   488  15.644   1.971   1.722
 0218   488  17.703   1.177   0.524
 0219   488  17.548   1.139   0.602
 0220   488  16.627   1.686   1.183
 0221   488  18.653   1.169   0.482
 0222   488  19.597   1.303   0.144
 0223   488  18.141   1.111   0.496
 0224   488  17.355   1.119   0.605
 0225   488  17.580   1.324   0.617
 0226   488  18.985   1.337         
 0227   488  17.953   1.107   0.718
 0228   488  18.504   1.248   0.545
 0229   488  17.505   1.295   0.738
 0230   488  18.849   1.259   1.191
 0231   488  16.900   1.743   1.483
 0232   488  18.497   1.197   0.909
 0233   488  15.111   1.544   1.098
 0301   488  17.203   1.276   0.646
 0302   488  16.988   1.755   1.356
 0303   488  17.977   1.308   0.868
 0304   488  18.213   1.328         
 0305   488  16.834   1.593   0.958
 0306   488  17.364   1.034   0.351
 0307   488  18.328   1.168   0.556
 0308   488  17.309   1.196   0.677
 0309   488  18.539   1.231   0.726
 0310   488  17.394   1.156   0.633
 0311   488  17.451   1.101   0.457
 0312   488  17.989   1.257   0.625
 0313   488  17.540   1.230   0.613
 0314   488  18.317   1.197   0.576
 0315   488  17.998   1.152   0.576
 0316   488  19.528   1.363         
 0317   488  18.593   1.331   0.919
 0318   488  16.671   1.774   1.347
 0319   488  16.832   1.206   0.643
 0320   488  19.646   1.412         
 0321   488  18.530   1.296         
 0322   488  18.948   1.391         
 0323   488  16.672   1.011   0.447
 0324   488  18.841   1.270   0.451
 0325   488  18.878   1.112         
 0326   488  18.485   1.095         
 0327   488  17.751   1.262   0.702
 0328   488  17.573   1.358   0.789
 0329   488  17.672   1.303   0.665
 0330   488  18.731   1.224   0.596
 0331   488  18.518   1.346   0.723
 0332   488  17.531   1.267   0.790
 0333   488  18.093   1.320   0.881
 0334   488  18.345   1.274   0.700
 0335   488  18.890   1.302   0.982
 0336   488  19.330   1.428         
 0337   488  16.944   1.105   0.499
 0338   488  16.843   1.788   1.336
 0339   488  16.674   1.944   1.559
 0340   488  17.835   1.195   0.606
 0341   488  17.126   1.779   1.457
 0342   488  17.231   1.757   1.309
 0343   488  18.959   1.261   0.565
 0344   488  18.511   1.257   0.705
 0345   488  18.810   1.341   1.050
 0401   488  17.200   1.171   0.579
 0402   488  17.376   1.714   1.218
 0403   488  16.831   1.736   1.179
 0404   488  17.654   1.122   0.560
 0405   488  18.615   1.148         
 0406   488  16.679   1.744   1.158
 0407   488  16.663   0.845   0.476
 0408   488  17.441   1.195   0.735
 0409   488  16.614   1.585   0.998
 0410   488  16.640   1.751   1.290
 0411   488  17.052   1.728   1.262
 0413   488  18.327   1.258   0.749
 0414   488  17.851   1.196   0.640
 0415   488  18.377   1.208   0.521
 0416   488  16.593   1.658   1.101
 0417   488  17.736   1.141   0.665
 0418   488  16.687   1.167   0.655
 0419   488  17.424   1.142   0.783
 0420   488  18.287   1.094   0.742
 0421   488  19.045   1.171   0.543
 0422   488  19.057   1.265         
 0423   488  18.809   1.204         
 0424   488  17.724   1.223   0.693
 0425   488  15.840   1.007   0.426
 0426   488  17.092   1.779   1.399
 0427   488  18.764   1.237   0.707
 0428   488  18.195   1.152         
 0429   488  19.858   1.396         
 0430   488  18.791   1.138         
 0431   488  16.637   1.739   1.351
 0432   488  17.022   1.194   0.714
 0433   488  17.992   1.259   0.992
 0434   488  17.861   1.213         
 0435   488  17.668   1.145   0.854
 0436   488  17.391   1.139   0.827
 0437   488  16.174   0.945   0.473
 0438   488  17.330   1.362   1.440
 0439   488  18.450   1.323         
 0440   488  16.567   1.709   1.369
 0441   488  16.998   1.400   0.715
 0442   488  19.063   1.319         
 0443   488  16.724   1.107   0.658
 0444   488  18.154   1.173   0.666
 0445   488  18.783   1.288         
 0446   488  17.607   1.291   0.729
 0447   488  16.907   1.792         
 0448   488  18.830   1.324         
 0449   488  17.479   1.284   0.940
 0450   488  19.030   1.402   0.786
 0451   488  18.090   1.133   0.644
 0452   488  17.101   1.228   0.623
 0453   488  18.265   1.138   0.597
 0454   488  18.454   1.191   0.568
 0455   488  17.561   1.204   0.858
 0456   488  17.095   1.230   0.833
 0458   488  16.990   1.075   0.660
 1000   488  19.249   1.129         
 1001   488  19.930   1.240         
 1002   488  19.828   1.300         
 1003   488  18.573   1.654         
 1004   488  20.165   1.202         
 1005   488  19.333   0.988         
 1006   488  18.900   1.171         
 1007   488  19.483   1.140         
 1008   488  18.189   1.128         
 1009   488  19.117   1.286         
 1010   488  19.895   1.313         
 1011   488  18.354   1.328         
 1012   488  19.694   1.576         
 1013   488  19.374   1.239         
 1014   488  18.258   1.078         
 1015   488  18.367   1.177         
 1016   488  18.569   1.073         
 1017   488  19.776   1.345         
 1018   488  19.396   1.176         
 1019   488  18.624   1.184         
 1020   488  18.732   1.421         
 1021   488  17.927   1.056         
 1022   488  20.035   1.202         
 1023   488  18.856   1.257         
 1024   488  18.613   1.223         
 1025   488  18.453   1.113         
 1026   488  18.265   1.902         
 1027   488  19.212   1.294         
 1028   488  19.175   1.563         
 1029   488  19.901   1.284         
 1030   488  18.790   1.202         
 1031   488  18.017   1.026         
 1032   488  19.115   1.250         
 1033   488  19.169   1.223         
 1034   488  19.856   1.006         
 1035   488  19.732   1.308         
 1036   488  19.613   1.238         
 1037   488  20.604   1.220         
 1038   488  19.924   1.305         
 1039   488  20.000   1.356         
 1040   488  19.660   1.212         
 1041   488  19.223   1.442         
 1042   488  20.257   1.518         
 1043   488  19.827   1.666         
 1044   488  19.613   1.280         
 1045   488  20.273   1.115         
 1046   488  21.071   1.350         
 1047   488  20.441   1.043         
 1048   488  16.721   1.623         
 1049   488  19.872   1.412         
 1050   488  19.082   1.138         
 1051   488  19.903   1.274         
 1052   488  19.368   1.336         
 1053   488  20.141   1.522         
 1054   488  19.950   1.375         
 1055   488  19.861   1.323         
 1056   488  20.294   1.574         
 1057   488  19.697   1.218         
 1058   488  20.087   1.310         
 1059   488  18.970   1.261         
 1060   488  20.803   1.241         
 1061   488  19.799   1.435         
 1062   488  19.594   1.146         
 1063   488  20.531   1.337         
 1064   488  19.975   1.212         
 1065   488  19.803   1.328         
 1066   488  19.829   1.247         
 1067   488  19.752   1.264         
 1068   488  19.853   1.233         
 1069   488  19.571   1.243         
 1070   488  19.099   1.230         
 1071   488  19.924   1.470         
 1072   488  19.082   1.355         
 1073   488  20.382   1.564         
 1074   488  19.803   1.252         
 1075   488  20.134   1.426         
 1076   488  19.633   1.252         
 1077   488  18.014   1.768         
 1078   488  20.485   1.317         
 1079   488  16.522   1.740         
 1080   488  18.676   1.876         
 1081   488  18.945   1.150         
 1082   488  19.609   1.311         
 1083   488  19.702   1.461         
 1084   488  17.835   1.180         
 1085   488  17.539   2.739         
 1086   488  20.977   1.728         
 1087   488  16.736   1.869         
 1088   488  19.891   1.357         
 1089   488  19.018   1.419         
 1090   488  18.018   2.106         
 1091   488  20.167   1.362         
 1092   488  19.171   1.364         
 1093   488  17.774   1.270         
 1094   488  18.475   1.044         
 1095   488  18.912   1.207         
 1096   488  19.064   1.346         
 1097   488  19.490   1.225         
 1098   488  18.547   1.492         
 1099   488  19.524   1.205         
 1100   488  19.665   1.206         
 1101   488  19.868   1.218         
 1102   488  19.764   1.812         
 1103   488  19.407   1.374         
 1104   488  17.704   1.000         
 1105   488  20.225   1.421         
 1106   488  19.197   1.334         
 1107   488  19.649   1.283         
 1108   488  20.340   1.354         
 1109   488  18.929   1.188         
 1110   488  19.585   0.973         
 1111   488  20.209   1.349         
 1112   488  18.494   1.126         
 1113   488  19.318   1.379         
 1114   488  19.325   1.218         
 1115   488  19.202   1.414         
 1116   488  20.202   1.204         
 1117   488  18.052   1.826         
 1118   488  19.142   1.464         
 1119   488  19.342   1.063         
 1120   488  19.850   1.793         
 1121   488  19.433   1.275         
 1122   488  20.472   1.415         
 1123   488  18.853   0.977         
 1124   488  20.179   1.453         
 1125   488  20.700   0.743         
 1126   488  21.378   0.848         
 1127   488  20.411   1.163         
 1128   488  20.140   1.385         
 1129   488  20.534   0.927         
 1130   488  18.912   1.141         
 1131   488  19.199   1.152         
 1132   488  21.069   1.397         
 1133   488  19.747   1.250         
 1134   488  19.466   1.164         
 1135   488  18.715   1.281         
 1136   488  20.106   1.268         
 1137   488  19.721   1.527         
 1138   488  20.234   1.102         
 1139   488  20.128   1.225         
 1140   488  19.714   1.923         
 1141   488  18.729   2.072         
 1142   488  19.206   1.402         
 1143   488  19.460   1.231         
 1144   488  19.209   1.357         
 1145   488  18.673   1.268         
 1146   488  19.133   1.284         
 1147   488  19.409   1.162         
 1148   488  19.464   1.197         
 1149   488  18.415   1.254         
 1150   488  19.380   1.685         
 1151   488  19.033   1.321         
 1152   488  19.720   1.200         
 1153   488  19.394   1.196         
 1154   488  19.996   1.398         
 1155   488  18.453   1.920         
 1156   488  19.199   1.275         
 1157   488  20.246   1.491         
 1158   488  18.929   1.399         
 1159   488  19.745   1.361         
 1160   488  20.498   1.443         
 1161   488  20.111   1.207         
 1162   488  19.664   1.355         
 1163   488  19.102   1.215         
 1164   488  19.001   1.436         
 1165   488  20.567   1.059         
 1166   488  19.023   1.347         
 1167   488  20.298   1.019         
 1168   488  19.313   1.141         
 1169   488  19.640   1.447         
 1170   488  16.482   1.773         
 1171   488  19.897   1.157         
 1172   488  19.319   1.304         
 1173   488  19.507   1.661         
 1174   488  18.642   1.540         
 1175   488  19.900   1.273         
 1176   488  19.007   1.457         
 1177   488  18.472   1.390         
 1178   488  19.176   1.406         
 1179   488  19.689   1.178         
 1180   488  19.140   1.526         
 1181   488  19.612   1.198         
 1182   488  18.328   1.863         
 1183   488  19.989   1.459         
 1184   488  20.158   1.522         
 1185   488  19.872   1.467         
 1186   488  19.916   1.187         
 1187   488  19.055   1.421         
 1188   488  20.017   1.350         
 1189   488  19.622   1.417         
 1190   488  19.043   1.445         
 1191   488  20.645   1.195         
 1192   488  17.078   1.204         
 1193   488  19.794   1.214         
 1194   488  19.592   1.176         
 1195   488  18.251   1.712         
 1196   488  20.340   1.230         
 1197   488  20.140   1.120         
 1198   488  19.799   1.400         
 1199   488  19.772   1.332         
 1200   488  19.353   1.469         
 1201   488  19.224   1.434         
 1202   488  20.681   1.399         
 1203   488  19.536   1.206         
 1204   488  19.878   1.150         
 1205   488  20.101   0.913         
 1206   488  20.367   1.235         
 1207   488  19.341   1.774         
 1208   488  19.794   1.202         
 1209   488  19.391   1.357         
 1210   488  20.160   1.417         
 1211   488  19.064   1.409         
 1212   488  19.695   1.379         
 1213   488  19.639   1.149         
 1214   488  20.114   1.490         
 1215   488  18.788   1.925         
 1216   488  20.107   1.296         
 1217   488  18.813   1.289         
 1218   488  19.234   1.480         
 1219   488  20.081   1.240         
 1220   488  17.983   1.291         
 1221   488  18.155   1.324         
 1222   488  18.856   1.412         
 1223   488  18.916   1.345         
 1224   488  19.353   1.196         
 1225   488  18.360   1.387         
 1226   488  19.807   1.300         
 1227   488  19.490   1.127         
 1228   488  20.152   1.216         
 1229   488  18.931   1.205         
 1230   488  20.674   1.579         
 1231   488  18.702   1.823         
 1232   488  19.182   1.147         
 1233   488  18.635   1.601         
 1234   488  18.716   1.669         
 1235   488  19.787   1.269         
 1236   488  19.591   1.309         
 1237   488  18.728   2.001         
 1238   488  18.838   1.311         
 1239   488  20.616   1.040         
 1240   488  19.292   1.445         
 1241   488  19.711   1.303         
 1242   488  19.843   1.449         
 1243   488  15.471   2.383         
 1244   488  20.055   1.318         
 1245   488  19.459   1.210         
 1246   488  19.869   1.309         
 1247   488  21.420   0.814         
 1248   488  18.968   1.108         
 1249   488  19.144   1.399         
 1250   488  17.676   1.937         
 1251   488  18.821   1.624         
 1252   488  19.115   1.371         
 1253   488  19.819   1.437         
 1254   488  19.132   1.176         
 1255   488  18.702   1.269         
 1256   488  19.206   1.186         
 1257   488  20.394   1.427         
 1258   488  20.211   1.252         
 1259   488  19.389   1.153         
 1260   488  20.241   1.346         
 1261   488  19.172   1.361         
 1262   488  20.377   1.564         
 1263   488  19.945   1.587         
 1264   488  19.373   1.323         
 1265   488  19.563   1.516         
 1266   488  19.523   1.450         
 1267   488  19.500   1.445         
 1268   488  19.464   1.121         
 1269   488  18.777   1.176         
 1270   488  19.561   1.329         
 1271   488  19.716   1.357         
 1272   488  19.591   1.547         
 1273   488  20.016   1.519         
 1274   488  19.321   1.303         
 1275   488  19.049   1.740         
 1276   488  20.176   1.936         
 1277   488  18.260   1.059         
 1278   488  19.633   1.244         
 1279   488  19.381   1.273         
 1280   488  19.472   1.520         
 1281   488  19.521   1.584         
 1282   488  20.008   1.554         
 1283   488  18.171   1.435         
 1284   488  17.678   1.893         
 1285   488  20.687   1.582         
 1286   488  19.471   1.170         
 1287   488  18.504   1.016         
 1288   488  18.263   1.321         
 1289   488  19.189   1.496         
 1290   488  19.861   0.980         
 1291   488  21.049   1.443         
 1292   488  19.727   1.380         
 1293   488  19.480   1.334         
 1294   488  20.317   1.203         
 1295   488  19.070   1.535         
 1296   488  18.833   1.213         
 1297   488  19.600   1.495         
 1298   488  19.779   1.338         
 1299   488  18.784   1.290         
 1300   488  19.924   1.314         
 1301   488  19.970   1.399         
 1302   488  19.514   1.379         
 1303   488  20.622   1.224         
 1304   488  18.051   1.597         
 1305   488  19.597   1.582         
 1306   488  20.645   1.067         
 1307   488  19.625   1.607         
 1308   488  19.631   1.321         
 1309   488  19.523   1.280         
 1310   488  20.194   1.164         
 1311   488  18.934   1.525         
 1312   488  19.833   1.321         
 1313   488  20.361   1.393         
 1314   488  19.509   1.163         
 1315   488  19.529   1.814         
 1316   488  19.403   1.235         
 1317   488  19.660   1.248         
 1318   488  20.061   1.312         
 1319   488  20.358   1.322         
 1320   488  19.433   1.352         
 1321   488  19.095   1.072         
 1322   488  19.389   1.529         
 1323   488  20.224   1.479         
 1324   488  19.887   1.260         
 1325   488  19.688   1.173         
 1326   488  20.116   1.109         
 1327   488  20.233   1.187         
 1328   488  20.310   1.368         
 1329   488  19.776   1.379         
 1330   488  19.818   1.341         
 1331   488  19.814   1.191         
 1332   488  19.613   1.259         
 1333   488  19.539   1.184         
 1334   488  19.756   1.338         
 1335   488  18.795   1.325         
 1336   488  20.534   1.175         
 1337   488  19.340   1.341         
 1338   488  19.497   1.143         
 1339   488  20.213   1.492         
 1340   488  18.726   1.125         
 1341   488  20.063   1.365         
 1342   488  20.152   1.239         
 1343   488  18.119   1.349         
 1344   488  19.701   1.175         
 1345   488  20.528   1.264         
 1346   488  19.201   1.380         
 1347   488  19.452   1.424         
 1348   488  20.245   1.634         
 1349   488  18.957   1.248         
 1350   488  18.358   1.037         
 1351   488  18.543   1.244         
 1352   488  17.310   1.898         
 1353   488  20.635   1.543         
 1354   488  19.834   1.301         
 1355   488  19.949   1.320         
 1356   488  20.426   1.429         
 1357   488  19.699   1.382         
 1358   488  19.794   1.261         
 1359   488  19.729   1.385         
 1360   488  19.281   1.294         
 1361   488  19.782   1.522         
 1362   488  20.948   1.241         
 1363   488  20.136   1.236         
 1364   488  20.053   1.243         
 1365   488  19.034   1.328         
 1366   488  20.346   1.160         
 1367   488  19.797   1.385         
 1368   488  20.091   1.243         
 1369   488  19.504   1.355         
 1370   488  19.902   1.459         
 1371   488  19.749   1.590         
 1372   488  19.244   1.258         
 1373   488  19.622   1.234         
 1374   488  19.269   1.398         
 1375   488  18.413   1.448         
 1376   488  19.124   1.256         
 1377   488  18.346   1.251         
 1378   488  18.781   1.236         
 1379   488  19.987   1.413         
 1380   488  19.323   1.208         
 1381   488  19.368   1.180         
 1382   488  18.490   1.073         
 1383   488  20.025   1.306         
 1384   488  19.668   1.212         
 1385   488  18.796   1.168         
 1386   488  19.063   1.033         
 1387   488  19.532   1.134         
 1388   488  18.968   1.264         
 1389   488  20.143   1.403         
 1390   488  19.731   1.311         
 1391   488  19.420   1.399         
 1392   488  17.874   1.175         
 1393   488  19.870   1.352         
 1394   488  19.232   1.251         
 1395   488  19.906   1.222         
 1396   488  18.414   1.221         
 1397   488  20.205   1.373         
 1398   488  19.443   1.346         
 1399   488  19.628   1.347         
 1400   488  19.905   1.175         
 1401   488  18.770   1.341         
 1402   488  18.403   1.255         
 1403   488  20.407   1.497         
 1404   488  18.791   1.318         
 1405   488  19.702   1.270         
 1406   488  19.010   1.229         
 1407   488  20.029   1.466         
 1408   488  19.173   1.226         
 1409   488  20.088   1.363         
 1410   488  19.834   1.465         
 1411   488  20.375   1.514         
 1412   488  19.904   1.300         
 1413   488  20.983   1.413         
 1414   488  20.032   1.609         
 1415   488  19.052   1.279         
 1416   488  20.267   1.268         
 1417   488  19.508   1.348         
 1418   488  19.074   1.092         
 1419   488  19.958   1.345         
 1420   488  19.637   1.266         
 1421   488  20.043   1.321         
 1422   488  19.309   1.308         
 1423   488  19.823   1.188         
 1424   488  20.007   1.229         
 1425   488  20.077   1.357         
 1426   488  19.000   1.316         
 1427   488  20.163   1.472         
 1428   488  19.113   1.180         
 1429   488  18.665   1.175         
 1430   488  18.818   1.171         
 1431   488  18.521   1.231         
 1432   488  20.040   1.188         
 1433   488  19.522   1.474         
 1434   488  19.809   1.340         
 1435   488  20.817   1.158         
 1436   488  20.292   1.178         
 1437   488  19.047   1.400         
 1438   488  19.821   1.182         
 1439   488  19.100   1.164         
 1440   488  21.197   1.406         
 1441   488  20.080   1.286         
 1442   488  18.618   1.260         
 1443   488  19.730   1.474         
 1444   488  19.954   1.355         
 1445   488  19.885   1.403         
 1446   488  19.347   1.298         
 1447   488  19.977   1.547         
 1448   488  19.213   1.281         
 1449   488  19.138   1.414         
 1450   488  21.010   1.512         
 1451   488  20.075   1.174         
 1452   488  20.025   1.313         
 1453   488  19.348   1.180         
 1454   488  20.218   1.326         
 1455   488  19.243   1.407         
 1456   488  19.422   1.257         
 1457   488  18.313   1.264         
 1458   488  19.158   1.270         
 1459   488  19.540   1.329         
 1460   488  19.750   1.211         
 1461   488  19.719   1.550         
 1462   488  20.475   1.561         
 1463   488  19.543   1.396         
 1464   488  19.813   1.227         
 1465   488  19.026   1.276         
 1466   488  19.666   1.165         
 1467   488  19.817   1.272         
 1468   488  20.193   1.329         
 1469   488  20.406   1.464         
 1470   488  19.438   1.256         
 1471   488  19.310   1.594         
 1472   488  20.421   1.072         
 1473   488  19.225   1.363         
 1474   488  19.284   1.457         
 1475   488  19.444   1.199         
 1476   488  19.315   1.248         
 1477   488  19.324   1.217         
 1478   488  20.069   1.313         
 1479   488  20.029   1.287         
 1480   488  20.346   1.292         
 1481   488  19.597   1.364         
 1482   488  19.017   1.313         
 1483   488  19.009   1.021         
 1484   488  19.815   1.530         
 1485   488  19.937   1.294         
 1486   488  18.989   1.266         
 1487   488  20.069   1.300         
 1488   488  19.846   1.364         
 1489   488  19.453   1.554         
 1490   488  19.493   1.218         
 1491   488  20.019   1.439         
 1492   488  19.619   2.120         
 1493   488  19.650   1.548         
 1494   488  20.371   1.498         
 1495   488  20.021   1.291         
 1496   488  20.031   1.712         
 1497   488  18.890   1.446         
 1498   488  19.001   1.161         
 1499   488  17.396   1.209         
 1500   488  19.961   1.351         
 1501   488  20.081   1.291         
 1502   488  19.875   1.400         
 1503   488  18.943   1.372         
 1504   488  18.001   1.296         
 1505   488  19.964   1.373         
 1506   488  19.641   1.225         
 1507   488  19.507   1.277         
 1508   488  19.582   1.161         
 1509   488  19.693   1.216         
 1510   488  19.598   1.277         
 1511   488  20.510   1.218         
 1512   488  19.454   1.283         
 1513   488  19.714   1.311         
 1514   488  18.998   1.442         
 1515   488  19.280   1.466         
 1516   488  19.937   1.542         
 1517   488  19.833   1.309         
 1518   488  19.947   1.298         
 1519   488  18.118   1.384         
 1520   488  18.771   1.173         
 1521   488  18.770   1.129         
 1522   488  19.790   1.067         
 1523   488  19.670   0.795         
 1524   488  19.521   1.519         
 1525   488  19.627   1.567         
 1526   488  19.093   1.262         
 1527   488  19.705   1.027         
 1528   488  19.797   1.194         
 1529   488  19.056   1.158         
 1530   488  19.967   1.321         
 1531   488  20.802   1.260         
 1532   488  20.536   1.498         
 1533   488  19.389   1.419         
 1534   488  19.636   1.257         
 1535   488  19.386   1.409         
 1536   488  18.978   1.178         
 1537   488  19.555   1.226         
 1538   488  19.099   1.368         
 1539   488  20.122   1.430         
 1540   488  19.925   1.451         
 1541   488  19.116   1.246         
 1542   488  18.815   1.168         
 1543   488  20.255   1.604         
 1544   488  19.320   1.378         
 1545   488  18.135   1.158         
 1546   488  20.454   1.539         
 1547   488  18.436   1.777         
 1548   488  19.674   1.320         
 1549   488  19.672   1.154         
 1550   488  17.994   1.206         
 1551   488  19.183   1.230         
 1552   488  19.105   1.426         
 1553   488  19.883   1.216         
 1554   488  19.533   1.268         
 1555   488  20.329   1.442         
 1556   488  20.451   1.615         
 1557   488  19.820   1.510         
 1558   488  19.310   1.306         
 1559   488  18.944   1.171         
 1560   488  19.181   1.401         
 1561   488  18.666   1.244         
 1562   488  19.690   1.395         
 1563   488  17.128   1.787         
 1564   488  18.660   1.118         
 1565   488  20.442   1.661         
 1566   488  19.837   1.029         
 1567   488  19.907   1.390         
 1568   488  18.808   1.336         
 1569   488  19.657   1.198         
 1570   488  19.862   1.357         
 1571   488  20.434   1.308         
 1572   488  19.611   1.338         
 1573   488  19.671   1.472         
 1574   488  19.517   1.472         
 1575   488  19.226   1.281         
 1576   488  21.166   0.886         
 1577   488  19.965   1.376         
 1578   488  19.575   1.045         
 1579   488  20.212   1.267         
 1580   488  17.493   1.984         
 1581   488  18.455   1.222         
 1582   488  19.696   1.219         
 1583   488  19.667   1.426         
 1584   488  20.464   1.271         
 1585   488  18.031   1.197         
 1586   488  20.120   1.191         
 1587   488  19.213   1.179         
 1588   488  19.170   1.276         
 1589   488  19.813   0.990         
 1590   488  19.361   1.373         
 1591   488  19.693   1.280         
 1592   488  19.578   1.421         
 1593   488  19.916   1.447         
 1594   488  19.088   1.392         
 1595   488  19.753   1.255         
 1596   488  18.954   1.181         
 1597   488  19.916   1.196         
 1598   488  19.196   1.262         
 1599   488  20.128   1.327         
 1600   488  19.960   1.410         
 1601   488  19.236   1.232         
 1602   488  19.371   1.478         
 1603   488  19.884   1.585         
 1604   488  20.022   1.152         
 1605   488  19.785   1.289         
 1606   488  19.019   1.680         
 1607   488  20.166   1.254         
 1608   488  20.820   1.296         
 1609   488  19.767   1.285         
 1610   488  19.433   1.324         
 1611   488  18.771   1.524         
 1612   488  19.558   1.304         
 1613   488  19.602   1.294         
 1614   488  19.591   1.528         
 1615   488  19.459   1.413         
 1616   488  18.965   1.220         
 1617   488  19.350   1.166         
 1618   488  20.527   1.539         
 1619   488  19.636   1.359         
 1620   488  20.230   1.464         
 1621   488  19.724   1.374         
 1622   488  20.781   1.319         
 1623   488  19.559   1.376         
 1624   488  20.759   1.446         
 1625   488  20.513   1.283         
 1626   488  18.934   1.385         
 1627   488  17.321   1.774         
 1628   488  19.739   1.240         
 1629   488  17.449   1.295         
 1630   488  19.660   1.506         
 1631   488  19.861   1.375         
 1632   488  19.766   1.414         
 1633   488  17.681   1.922         
 1634   488  20.054   1.127         
 1635   488  19.917   1.139         
 1636   488  19.951   1.631         
 1637   488  19.359   1.606         
 1638   488  19.693   1.263         
 1639   488  19.634   1.296         
 1640   488  20.172   1.345         
 1641   488  19.624   1.266         
 1642   488  18.799   1.107         
 1643   488  20.052   1.414         
 1644   488  19.327   1.241         
 1645   488  19.938   1.467         
 1646   488  19.898   1.441         
 1647   488  19.236   1.292         
 1648   488  19.821   1.292         
 1649   488  19.503   1.134         
 1650   488  20.531   1.428         
 1651   488  18.680   1.509         
 1652   488  20.078   1.422         
 1653   488  19.417   1.238         
 1654   488  19.359   1.254         
 1655   488  20.074   1.485         
 1656   488  19.912   1.353         
 1657   488  18.098   1.243         
 1658   488  19.790   1.298         
 1659   488  19.904   1.410         
 1660   488  19.886   1.412         
 1661   488  20.054   1.504         
 1662   488  19.123   1.261         
 1663   488  19.273   1.189         
 1664   488  19.510   1.323         
 1665   488  20.687   1.396         
 1666   488  19.503   1.419         
 1667   488  19.469   1.244         
 1668   488  19.433   1.439         
 1669   488  19.999   1.239         
 1670   488  17.029   1.798         
 1671   488  19.895   1.403         
 1672   488  19.640   1.374         
 1673   488  19.996   1.477         
 1674   488  19.242   1.217         
 1675   488  20.009   1.223         
 1676   488  19.324   1.225         
 1677   488  18.620   1.217         
 1678   488  19.262   1.396         
 1679   488  20.627   1.547         
 1680   488  18.569   1.089         
 1681   488  19.848   1.437         
 1682   488  19.640   1.244         
 1683   488  19.950   1.413         
 1684   488  18.869   1.156         
 1685   488  19.920   1.421         
 1686   488  19.267   1.192         
 1687   488  19.813   1.301         
 1688   488  18.745   1.728         
 1689   488  20.867   1.396         
 1690   488  19.189   1.382         
 1691   488  19.436   1.282         
 1692   488  18.025   1.278         
 1693   488  19.720   1.375         
 1694   488  18.658   1.286         
 1695   488  20.244   1.250         
 1696   488  18.189   1.184         
 1697   488  19.058   1.320         
 1698   488  20.320   1.515         
 1699   488  20.307   1.296         
 1700   488  19.584   1.849         
 1701   488  21.703   1.220         
 1702   488  19.145   1.266         
 1703   488  19.998   1.277         
 1704   488  19.500   1.506         
 1705   488  19.429   1.142         
 1706   488  19.193   1.353         
 1707   488  20.139   1.424         
 1708   488  19.941   1.425         
 1709   488  19.864   1.335         
 1710   488  19.756   1.238         
 1711   488  19.928   1.506         
 1712   488  19.949   1.432         
 1713   488  19.764   1.553         
 1714   488  19.333   1.345         
 1715   488  20.187   1.478         
 1716   488  17.301   1.736         
 1717   488  19.714   1.373         
 1718   488  20.953   1.805         
 1719   488  20.337   1.586         
 1720   488  19.022   1.405         
 1721   488  20.110   1.898         
 1722   488  19.020   1.574         
 1723   488  17.149   1.794         
 1724   488  17.951   1.519         
 1725   488  19.899   1.342         
 1726   488  19.684   1.365         
 1727   488  19.571   1.457         
 1728   488  18.755   1.254         
 1729   488  21.607   0.227         
 1730   488  18.218   1.231         
 1731   488  18.945   1.345         
 1732   488  20.291   1.318         
 1733   488  19.848   1.304         
 1734   488  19.370   1.459         
 1735   488  19.925   1.411         
 1736   488  19.882   1.477         
 1737   488  20.309   1.226         
 1738   488  20.580   1.463         
 1739   488  20.104   1.388         
 1740   488  18.909   1.370         
 1741   488  19.760   1.310         
 1742   488  19.490   1.135         
 1743   488  19.572   1.387         
 1744   488  20.889   1.216         
 1745   488  18.847   1.715         
 1746   488  17.698   1.362         
 1747   488  19.644   1.288         
 1748   488  19.101   1.330         
 1749   488  19.142   1.332         
 1750   488  19.553   1.848         
 1751   488  18.509   1.177         
 1752   488  19.951   1.253         
 1753   488  21.151   1.084         
 1754   488  19.950   1.492         
 1755   488  20.109   1.272         
 1756   488  20.219   1.298         
 1757   488  19.144   1.979         
 1758   488  18.944   1.455         
 1759   488  19.392   1.318         
 1760   488  20.224   1.487         
 1761   488  20.620   1.615         
 1762   488  19.936   1.545         
 1763   488  18.103   2.058         
 1764   488  19.547   1.389         
 1765   488  18.945   1.209         
 1766   488  19.565   1.332         
 1767   488  19.927   1.433         
 1768   488  20.894   0.989         
 1769   488  19.866   1.429         
 1770   488  20.460   1.421         
 1771   488  19.795   1.296         
 1772   488  19.737   1.415         
 1773   488  20.825   1.052         
 1774   488  20.421   1.434         
 1775   488  19.877   1.322         
 1776   488  19.450   1.652         
 1777   488  19.764   1.361         
 1778   488  20.038   1.494         
 1779   488  18.535   1.559         
 1780   488  19.792   1.435         
 1781   488  21.580   1.463         
 1782   488  20.266   1.360         
 1783   488  19.918   1.387         
 1784   488  17.472   1.883         
 1785   488  20.036   1.380         
 1786   488  19.773   1.115         
 1787   488  20.747   1.618         
 1788   488  19.107   1.244         
 1789   488  19.012   1.282         
 1790   488  19.320   1.548         
 1791   488  19.074   1.592         
 1792   488  19.637   1.315         
 1793   488  20.199   1.233         
 1794   488  19.008   1.359         
 1795   488  19.866   1.627         
 1796   488  21.043   1.179         
 1797   488  19.576   1.258         
 1798   488  20.013   1.332         
 1799   488  20.224   1.416         
 1800   488  19.579   1.350         
 1801   488  19.130   1.463         
 1802   488  19.506   1.303         
 1803   488  19.589   1.412         
 1804   488  19.520   1.339         
 1805   488  18.909   1.388         
 1806   488  19.678   1.367         
 1807   488  19.615   1.322         
 1808   488  19.645   1.396         
 1809   488  19.773   1.697         
 1810   488  18.798   1.214         
 1811   488  19.752   1.379         
 1812   488  19.239   1.275         
 1813   488  19.834   1.399         
 1814   488  20.083   1.434         
 1815   488  17.198   1.821         
 1816   488  19.999   1.413         
 1817   488  19.995   1.299         
 1818   488  19.923   1.289         
 1819   488  19.117   1.401         
 1820   488  18.863   1.221         
 1821   488  18.561   1.455         
 1822   488  19.690   1.675         
 1823   488  19.582   1.429         
 1824   488  19.605   1.280         
 1825   488  19.770   1.314         
 1826   488  19.414   1.368         
 1827   488  20.029   1.237         
 1828   488  19.340   1.300         
 1829   488  19.075   1.319         
 1830   488  19.499   1.222         
 1831   488  18.753   1.398         
 1832   488  19.747   1.259         
 1833   488  19.383   1.304         
 1834   488  19.124   1.295         
 1835   488  20.492   1.885         
 1836   488  20.089   1.347         
 1837   488  19.830   1.525         
 1838   488  19.846   1.428         
 1839   488  19.156   1.333         
 1840   488  20.484   1.536         
 1841   488  20.290   1.679         
 1842   488  18.658   1.281         
 1843   488  19.186   1.271         
 1844   488  18.863   1.262         
 1845   488  21.021   1.051         
 1846   488  18.692   1.606         
 1847   488  19.631   1.433         
 1848   488  19.398   1.387         
 1849   488  19.196   1.446         
 1850   488  19.860   1.463         
 1851   488  19.007   1.698         
 1852   488  20.039   1.445         
 1853   488  19.840   1.463         
 1854   488  19.882   1.239         
 1855   488  19.596   1.315         
 1856   488  20.225   1.658         
 1857   488  20.677   1.071         
 1858   488  19.992   1.312         
 1859   488  18.411   1.465         
 1860   488  19.460   1.482         
 1861   488  19.437   1.267         
 1862   488  17.816   1.290         
 1863   488  18.422   1.150         
 1864   488  18.655   1.343         
 1865   488  20.351   1.372         
 1866   488  19.420   1.355         
 1867   488  18.680   1.293         
 1868   488  20.339   1.381         
 1869   488  20.099   1.333         
 1870   488  19.250   1.331         
 1871   488  20.177   1.323         
 1872   488  19.707   1.361         
 1873   488  18.786   1.287         
 1874   488  19.030   1.232         
 1875   488  19.141   1.219         
 1876   488  19.684   1.391         
 1877   488  19.700   1.154         
 1878   488  19.345   1.932         
 1879   488  19.979   1.384         
 1880   488  20.044   1.496         
 1881   488  19.288   1.359         
 1882   488  19.182   1.446         
 1883   488  19.776   1.427         
 1884   488  19.627   1.904         
 1885   488  19.563   1.505         
 1886   488  20.163   1.378         
 1887   488  19.449   1.250         
 1888   488  19.622   1.470         
 1889   488  19.924   1.388         
 1890   488  19.326   1.376         
 1891   488  19.872   1.493         
 1892   488  19.483   1.320         
 1893   488  19.268   1.401         
 1894   488  20.207   1.438         
 1895   488  18.114   1.981         
 1896   488  18.930   1.206         
 1897   488  20.859   1.633         
 1898   488  19.532   1.511         
 1899   488  18.977   1.450         
 1900   488  19.939   1.406         
 1901   488  19.815   1.409         
 1902   488  19.549   1.396         
 1903   488  20.298   1.422         
 1904   488  20.618   1.179         
 1905   488  19.952   1.280         
 1906   488  19.412   1.567         
 1907   488  19.020   1.214         
 1908   488  18.685   1.392         
 1909   488  20.584   1.497         
 1910   488  19.561   1.369         
 1911   488  19.528   1.357         
 1912   488  19.732   1.329         
 1913   488  19.170   1.204         
 1914   488  18.500   1.608         
 1915   488  20.262   1.546         
 1916   488  19.323   1.244         
 1917   488  19.703   1.444         
 1918   488  19.940   1.607         
 1919   488  20.341   1.518         
 1920   488  20.408   1.238         
 1921   488  19.041   1.458         
 1922   488  19.903   1.508         
 1923   488  20.207   1.372         
 1924   488  19.674   1.190         
 1925   488  19.506   1.289         
 1926   488  19.154   1.610         
 1927   488  21.368   1.510         
 1928   488  18.674   1.589         
 1929   488  19.756   1.693         
 1930   488  20.105   1.485         
 1931   488  19.025   1.730         
 1932   488  19.962   1.399         
 1933   488  19.532   1.177         
 1934   488  19.842   1.437         
 1935   488  19.808   1.772         
 1936   488  19.461   1.418         
 1937   488  19.203   1.424         
 1938   488  20.009   1.508         
 1939   488  19.520   1.145         
 1940   488  19.327   1.372         
 1941   488  18.330   1.949         
 1942   488  19.076   1.461         
 1943   488  19.533   1.006         
 1944   488  20.358   1.564         
 1945   488  19.988   1.366         
 1946   488  20.220   1.314         
 1947   488  19.622   1.418         
 1948   488  19.052   1.657         
 1949   488  19.544   1.407         
 1950   488  20.236   1.381         
 1951   488  19.958   1.343         
 1952   488  20.174   1.475         
 1953   488  20.505   1.115         
 1954   488  20.805   1.515         
 1955   488  19.908   1.434         
 1956   488  20.041   1.415         
 1957   488  19.057   1.252         
 1958   488  19.600   1.280         
 1959   488  19.507   1.361         
 1960   488  20.315   1.311         
 1961   488  18.250   0.833   0.320
 1962   488  19.150   0.912   0.506
 1963   488  17.559   0.707   0.306
 1964   488  18.128   0.929   0.313
 1965   488  16.566   1.120   0.550
 1966   488  16.582   0.895   0.279
 1967   488  15.031   0.975   0.279
 1968   488  16.955   1.672   1.081
 1969   488  18.133   1.174   0.355
 1970   488  17.115   0.863   0.095
 1971   488  18.988   1.236   0.309
 1972   488  17.051   1.644   0.996
 1973   488  18.684   1.169   0.505
 1974   488  18.378   1.107   0.242
 1975   488  16.580   0.815   0.315
 1976   488  16.410   1.042   0.399
 1977   488  17.645   1.056   0.577
 1978   488  18.999   1.023   0.499
 1979   488  17.198   0.921   0.151
 1980   488  17.531   1.148   0.375
 1981   488  16.058   1.178   0.638
 1982   488  18.662   1.090   0.398
 1983   488  16.729   1.081   0.570
 1984   488  17.614   0.831   0.417
 1985   488  13.467   1.707   1.660
 1986   488  15.534   1.507   1.229
 1987   488  18.526   1.108   0.546
 1988   488  17.928   1.436   0.889
 1989   488  18.679   1.050   0.561
 1990   488  12.699   0.542   0.191
 1991   488  18.137   1.059   0.528
 1992   488  17.828   1.005   0.385
 1993   488  16.878   1.066   0.548
 1994   488  18.279   1.234   0.612
 1995   488  18.504   1.300   0.572
 1996   488  18.546   1.063   0.647
 1997   488  17.323   1.297   1.010
 1998   488  17.631   1.294   0.722
 1999   488  17.939   1.057   0.362
 2000   488  12.921   0.468  -0.263
 2001   488  17.919   0.957   0.328
 2002   488  17.842   0.965   0.412
 2003   488  17.159   1.102   0.503
 2004   488  15.300   1.410   0.835
 2005   488  18.569   1.104   0.562
 2006   488  17.897   1.095   0.407
 2007   488  18.196   1.143   0.269
 2008   488  18.940   1.119   0.222
 2009   488  18.404   1.131   0.663
 2010   488  18.333   1.002   0.589
 2011   488  18.269   1.248   0.441
 2012   488  18.837   0.987   0.387
 2013   488  18.857   1.210   0.781
 2014   488  16.733   0.924   0.205
 2015   488  18.079   1.438   0.604
 2016   488  18.501   1.075   0.253
 2017   488  18.219   1.049   0.177
 2018   488  16.940   1.053   0.265
 2019   488  18.161   1.053   0.466
 2020   488  18.371   1.085   0.552
 2021   488  18.616   1.112   0.189
 2022   488  18.087   0.915   0.415
 2023   488  15.093   1.040   0.473
 2024   488  18.822   1.170   0.500
 2025   488  18.222   0.968   0.312
 2026   488  17.328   1.070   0.361
 2027   488  18.538   1.171   0.592
 2028   488  18.912   1.190   0.604
 2029   488  19.800   1.207   0.169
 2030   488  18.379   1.152   0.546
 2031   488  15.028   0.648   0.259
 2032   488  18.172   0.978   0.520
 2033   488  17.295   0.832   0.400
 2034   488  18.717   1.095   0.450
 2035   488  18.535   1.034   0.369
 2036   488  17.055   0.982   0.391
 2037   488  15.433   0.745   0.254
 2038   488  17.074   1.147   0.580
 2039   488  15.772   0.950   0.240
 2040   488  18.357   1.103   0.444
 2041   488  19.018   1.419   0.380
 2042   488  18.306   1.144   0.400
 2043   488  19.133   1.092   0.462
 2044   488  16.762   1.616   1.085
 2045   488  17.676   0.998   0.529
 2046   488  18.590   1.070   0.139
 2047   488  18.289   1.212   0.585
 2048   488  17.043   1.667   1.384
 2049   488  16.377   0.974   0.172
 2050   488  19.270   1.221   0.334
 2051   488  16.963   1.397   0.609
 2052   488  15.733   0.633   0.371
 2053   488  18.450   1.271   0.834
 2054   488  17.117   1.736   1.273
 2055   488  16.301   0.935   0.220
 2056   488  17.524   1.193   0.602
 2057   488  19.286   0.989   0.569
 2058   488  17.911   1.038   0.613
 2059   488  16.287   0.983   0.363
 2060   488  18.415   1.024   0.312
 2061   488  17.558   1.191   0.715
 2062   488  17.551   1.056   0.367
 2063   488  17.197   1.160   0.447
 2064   488  18.769   1.065   0.273
 2065   488  19.116   1.125   0.170
 2066   488  18.169   1.077   0.372
 2067   488  15.633   1.052   0.426
 2068   488  18.419   1.168   0.350
 2069   488  19.111   1.228   0.019
 2070   488  18.694   1.355   0.660
 2071   488  17.154   0.913   0.423
 2072   488  16.408   1.895   1.817
 2073   488  17.892   1.056   0.393
 2074   488  17.090   1.053   0.532
 2075   488  17.216   1.108   0.468
 2076   488  17.699   0.921   0.236
 2077   488  18.593   1.162   0.316
 2078   488  18.596   1.460   0.612
 2079   488  18.785   1.022   0.376
 2080   488  17.063   1.707   1.318
 2081   488  17.210   1.092   0.527
 2082   488  17.186   1.044   0.413
 2083   488  18.273   1.151   0.776
 2084   488  19.370   1.138   0.340
 2085   488  18.528   1.179   0.552
 2086   488  17.410   1.078   0.454
 2087   488  16.735   0.779   0.384
 2088   488  17.519   1.060   0.569
 2089   488  17.053   1.091   0.475
 2090   488  18.514   1.210   0.623
 2091   488  15.370   2.034   1.961
 2092   488  17.588   0.709   0.125
 2093   488  18.216   1.170   0.564
 2094   488  18.532   1.136   0.390
 2095   488  17.297   1.256   0.619
 2096   488  16.704   0.912   0.441
 2097   488  18.026   0.966   0.345
 2098   488  17.584   1.082   0.426
 2099   488  19.211   1.052   0.144
 2100   488  18.149   1.123   0.579
 2101   488  18.208   0.779   0.298
 2102   488  17.585   0.970   0.511
 2103   488  18.017   1.206   0.571
 2104   488  16.650   1.563   1.112
 2105   488  17.334   1.850   1.453
 2106   488  12.185   0.492   0.249
 2107   488  12.316   1.099   0.507
 2108   488  17.955   1.029   0.283
 2109   488  16.895   1.740   1.298
 2110   488  16.748   1.695   1.269
 2111   488  18.152   1.187   0.785
 2112   488  17.127   1.111   0.492
 2113   488  17.346   0.970   0.505
 2114   488  17.639   1.041   0.510
 2115   488  17.942   0.951   0.449
 2116   488  16.626   1.520   0.953
 2117   488  18.162   0.977   0.431
 2118   488  18.153   1.031   0.703
 2119   488  17.651   0.964   0.361
 2120   488  17.739   0.947   0.456
 2121   488  18.253   1.137   0.345
 2122   488  17.605   1.803   1.412
 2123   488  17.537   1.037   0.420
 2124   488  18.915   1.047   0.422
 2125   488  18.549   1.043   0.512
 2126   488  16.223   0.739   0.292
 2127   488  18.071   1.031   0.266
 2128   488  16.694   0.978   0.537
 2129   488  18.731   1.243   0.613
 2130   488  17.892   1.025   0.469
 2131   488  11.740   1.181   0.737
 2132   488  18.955   1.119   0.356
 2133   488  16.469   0.690   0.229
 2134   488  17.633   1.544   0.838
 2135   488  18.347   1.056   0.410
 2136   488  18.682   1.074   0.449
 2137   488  18.150   0.943   0.517
 2138   488  18.351   1.174   0.408
 2139   488  19.321   1.148   0.309
 2140   488  17.670   1.126   0.561
 2141   488  17.951   1.022   0.580
 2142   488  17.728   0.938   0.301
 2143   488  16.577   1.602   1.089
 2144   488  17.989   1.060   0.482
 2145   488  17.488   0.964   0.375
 2146   488  15.750   0.898   0.269
 2147   488  15.645   0.750   0.357
 2148   488  19.093   1.112   0.048
 2149   488  17.508   1.089   0.524
 2150   488  18.598   1.212   0.486
 2151   488  15.832   0.967   0.500
 2152   488  13.664   0.757   0.402
 2153   488  18.040   1.346   0.756
 2154   488  17.347   1.076   0.319
 2155   488  18.405   1.057   0.165
 2156   488  18.913   1.062   0.428
 2157   488  17.083   1.042   0.459
 2158   488  18.754   1.163   0.258
 2159   488  16.263   1.604   1.168
 2160   488  17.320   1.389   0.802
 2161   488  17.356   0.834   0.251
 2162   488  18.520   1.158   0.491
 2163   488  16.352   1.196   0.726
 2164   488  16.831   1.085   0.440
 2165   488  19.136   1.133   0.362
 2166   488  20.296   1.183   0.727
 2167   488  19.378   1.087   0.372
 2168   488  18.275   1.034   0.395
 2169   488  18.383   1.142   0.610
 2170   488  19.268   1.510   0.515
 2171   488  18.224   0.997   0.423
 2172   488  16.900   0.672   0.142
 2173   488  18.263   0.957   0.333
 2174   488  17.602   1.380   0.772
 2175   488  17.991   1.022   0.490
 2176   488  16.769   0.840   0.378
 2177   488  18.157   1.169   0.673
 2178   488  18.525   1.267   0.539
 2179   488  17.985   1.084   0.616
 2180   488  17.982   0.958   0.308
 2181   488  18.386   0.963   0.426
 2182   488  17.499   0.943   0.485
 2183   488  17.585   0.738   0.255
 2184   488  17.787   1.322   0.949
 2185   488  19.180   1.185   0.483
 2186   488  18.250   1.140   0.289
 2187   488  17.000   0.939   0.253
 2188   488  18.805   1.031   0.216
 2189   488  18.169   1.071   0.641
 2190   488  18.366   0.989   0.583
 2191   488  15.908   0.955   0.334
 2192   488  19.688   1.197   0.238
 2193   488  16.956   1.213   0.487
 2194   488  15.730   1.628   1.207
 2195   488  17.649   1.008   0.409
 2196   488  18.148   1.113   0.300
 2197   488  18.242   1.017   0.494
 2198   488  18.797   1.218   0.735
 2199   488  18.211   0.976   0.401
 2200   488  18.156   1.071   0.295
 2201   488  17.429   0.967   0.527
 2202   488  15.868   0.730   0.355
 2203   488  18.874   1.351   0.407
 2204   488  16.596   1.622   1.011
 2205   488  17.214   0.939   0.383
 2206   488  16.315   1.464   0.948
 2207   488  17.998   0.985   0.313
 2208   488  17.425   1.075   0.585
 2209   488  16.938   1.116   0.287
 2210   488  16.889   1.046   0.490
 2211   488  15.838   0.849   0.175
 2212   488  17.833   0.998   0.487
 2213   488  18.260   1.057   0.478
 2214   488  16.596   1.570   1.152
 2215   488  17.521   1.179   0.697
 2216   488  16.637   1.074   0.447
 2217   488  18.723   1.134   0.556
 2218   488  16.576   1.587   1.163
 2219   488  16.096   1.070   0.511
 2220   488  17.775   1.070   0.580
 2221   488  16.482   0.984   0.386
 2222   488  16.560   1.667   1.192
 2223   488  16.190   1.037   0.467
 2224   488  18.971   1.098   0.491
 2225   488  17.456   1.019   0.425
 2226   488  15.014   1.013   0.440
 2227   488  15.316   1.547   1.119
 2228   488  19.966   1.360   0.380
 2229   488  16.269   0.855   0.433
 2230   488  18.525   1.101   0.383
 2231   488  18.718   1.352   0.698
 2232   488  17.719   1.201   0.777
 2233   488  16.983   1.019   0.401
 2234   488  13.937   1.523   1.358
 2235   488  19.157   1.138   0.263
 2236   488  18.954   1.121   0.372
 2237   488  16.875   1.166   0.626
 2238   488  16.667   1.639   1.126
 2239   488  17.690   1.027   0.522
 2240   488  18.240   1.291   0.980
 2241   488  16.709   0.810   0.471
 2242   488  16.995   0.912   0.456
 2243   488  19.005   1.120   0.340
 2244   488  19.188   1.107   0.245
 2245   488  19.166   1.147   0.363
 2246   488  17.575   0.927   0.376
 2247   488  18.566   1.050   0.628
 2248   488  16.538   1.452   0.795
 2249   488  17.338   1.824   1.361
 2250   488  18.796   1.274   0.711
 2251   488  19.122   1.235   0.602
 2252   488  17.967   1.013   0.443
 2253   488  16.134   0.841   0.284
 2254   488  17.466   0.910   0.298
 2255   488  19.005   1.153   0.644
 2256   488  19.598   1.368   0.352
 2257   488  19.457   1.129   0.595
 2258   488  17.886   0.975   0.469
 2259   488  16.826   0.989   0.238
 2260   488  16.629   1.545   1.028
 2261   488  16.593   1.042   0.415
 2262   488  17.426   0.981   0.537
 2263   488  18.693   1.420   0.912
 2264   488  17.419   1.072   0.536
 2265   488  15.576   1.546   1.375
 2266   488  17.399   1.221   0.645
 2267   488  16.231   0.759   0.406
 2268   488  18.547   1.404   0.801
 2269   488  17.335   0.967   0.454
 2270   488  17.904   0.989   0.252
 2271   488  16.079   1.340   0.767
 2272   488  19.132   1.195   0.414
 2273   488  16.875   1.750   1.289
 2274   488  18.359   1.097   0.660
 2275   488  18.093   1.115   0.558
 2276   488  18.908   1.175   0.351
 2277   488  18.996   1.198   0.681
 2278   488  19.371   1.238  -0.071
 2279   488  18.296   1.368   0.953
 2280   488  16.242   1.009   0.373
 2281   488  16.317   1.649   1.113
 2282   488  17.649   1.148   0.462
 2283   488  18.034   1.172   0.649
 2284   488  18.087   1.005   0.307
 2285   488  19.103   1.110   0.276
 2286   488  11.504   1.609   1.393
 2287   488  20.582   1.808  -1.609
 2288   488  19.362   1.216   0.381
 2289   488  17.957   1.221   0.707
 2290   488  18.679   1.123   0.389
 2291   488  15.974   0.959   0.219
 2292   488  15.772   2.068   1.987
 2293   488  18.847   0.988   0.332
 2294   488  19.335   1.229   0.715
 2295   488  16.291   0.907   0.487
 2296   488  15.768   1.501   0.966
 2297   488  18.943   1.154   0.219
 2298   488  18.990   1.097   0.395
 2299   488  17.741   1.070   0.613
 2300   488  17.248   1.009   0.440
 2301   488  18.352   1.129   0.410
 2302   488  16.114   0.801   0.468
 2303   488  17.938   0.984   0.403
 2304   488  18.363   1.079   0.466
 2305   488  17.561   1.904   0.372
 2306   488  18.727   1.052   0.273
 2307   488  17.130   1.259   0.631
 2308   488  18.462   1.509   0.991
 2309   488  16.701   1.020   0.491
 2310   488  18.340   1.025   0.540
 2311   488  18.139   1.150   0.516
 2312   488  17.795   1.385   0.974
 2313   488  19.740   1.141   0.195
 2314   488  18.318   0.865   0.368
 2315   488  18.372   0.893   0.399
 2316   488  16.604   1.210   0.604
 2317   488  13.077   0.424  -0.182
 2318   488  18.362   1.052   0.336
 2319   488  17.161   0.921   0.304
 2320   488  18.802   1.198   0.304
 2321   488  19.251   1.119   0.230
 2322   488  17.437   1.426   1.234
 2323   488  16.408   0.831   0.479
 2324   488  18.758   1.145   0.510
 2325   488  18.406   1.182   0.393
 2326   488  18.746   1.035   0.447
 2327   488  17.394   1.900   1.770
 2328   488  18.706   1.151   0.421
 2329   488  16.554   0.979   0.490
 2330   488  18.840   1.086   0.294
 2331   488  16.354   0.826   0.367
 2332   488  17.573   0.994   0.656
 2333   488  18.194   1.028   0.427
 2334   488  17.990   1.310   0.628
 2335   488  16.939   1.278   0.857
 2336   488  18.854   1.157   0.193
 2337   488  18.844   1.174   0.668
 2338   488  15.868   1.103   0.595
 2339   488  17.124   0.995   0.513
 2340   488  18.308   1.206   0.701
 2341   488  18.739   1.038   0.258
 2342   488  16.797   1.618   1.122
 2343   488  18.544   1.058   0.378
 2344   488  17.403   1.899   1.357
 2345   488  18.145   0.869   0.165
 2346   488  15.362   1.674   1.354
 2347   488  16.587   1.070   0.476
 2348   488  18.628   1.159   0.613
 2349   488  17.846   0.768   0.218
 2350   488  18.340   1.059   0.508
 2351   488  15.337   0.674   0.338
 2352   488  18.131   1.321   0.911
 2353   488  17.382   1.115   0.683
 2354   488  17.418   0.971   0.569
 2355   488  18.663   1.251   0.846
 2356   488  16.123   0.731   0.393
 2357   488  17.022   1.049   0.538
 2358   488  16.464   1.703   1.284
 2359   488  18.924   1.165   0.383
 2360   488  14.300   0.849   0.229
 2361   488  15.320   0.914   0.243
 2362   488  16.982   1.816   1.220
 2363   488  19.013   1.111   0.495
 2364   488  17.580   1.847   1.586
 2365   488  17.905   1.218   0.717
 2366   488  15.983   1.073   0.406
 2367   488  18.860   1.330   0.432
 2368   488  16.945   1.268   0.742
 2369   488  17.692   1.098   0.511
 2370   488  16.750   1.023   0.288
 2371   488  17.669   1.116   0.420
 2372   488  18.261   1.169   0.783
 2373   488  17.456   1.024   0.411
 2374   488  18.898   1.099   0.182
 2375   488  17.187   1.751   1.571
 2376   488  18.231   1.332   0.822
 2377   488  19.167   1.120   0.020
 2378   488  18.268   1.381   0.873
 2379   488  13.963   2.173   2.304
 2380   488  17.241   1.037   0.435
 2381   488  18.617   1.291   0.534
 2382   488  18.480   1.259   0.287
 2383   488  18.022   1.180   0.813
 2384   488  13.818   0.601   0.167
 2385   488  18.384   1.083   0.586
 2386   488  18.941   1.115   0.672
 2387   488  17.162   1.049   0.473
 2388   488  18.733   1.219   0.438
 2389   488  18.460   1.198   0.687
 2390   488  17.473   1.021   0.433
 2391   488  18.890   1.273   0.824
 2392   488  18.668   1.305   0.492
 2393   488  17.869   1.298   0.752
 2394   488  19.745   1.139   0.479
 2395   488  15.306   1.836   1.660
 2396   488  16.247   1.881   1.476
 2397   488  18.908   1.219   0.403
 2398   488  15.887   0.810   0.442
 2399   488  16.757   1.592   1.083
 2400   488  15.919   1.056   0.411
 2401   488  15.188   2.021   1.923
 2402   488  19.190   1.372   0.529
 2403   488  17.670   1.178   0.760
 2404   488  15.566   1.084   0.504
 2405   488  17.729   1.264   0.699
 2406   488  16.100   0.782   0.264
 2407   488  16.182   1.509   0.927
 2408   488  17.107   1.074   0.479
 2409   488  15.980   1.039   0.324
 2410   488  16.152   0.844   0.219
 2411   488  18.642   1.292   0.283
 2412   488  18.129   1.230   0.708
 2413   488  18.347   1.255   0.415
 2414   488  18.180   1.028   0.563
 2415   488  16.788   1.784   1.334
 2416   488  18.805   1.142   0.151
 2417   488  18.675   1.400   0.534
 2418   488  18.091   1.192   0.594
 2419   488  18.702   1.216   0.838
 2420   488  16.694   1.606   1.077
 2421   488  19.043   1.228   0.473
 2422   488  17.175   1.811   1.469
 2423   488  16.270   0.816   0.313
 2424   488  16.790   1.021   0.373
 2425   488  16.149   1.031   0.386
 2426   488  17.499   1.077   0.428
 2427   488  16.411   1.477   0.893
 2428   488  17.017   0.779   0.107
 2429   488  18.187   1.172   0.509
 2430   488  17.466   1.049   0.434
 2431   488  17.135   1.068   0.518
 2432   488  15.953   0.898   0.541
 2433   488  16.930   0.966   0.467
 2434   488  17.045   0.977   0.341
 2435   488  18.625   1.134   0.589
 2436   488  19.076   1.147   0.191
 2437   488  19.087   1.226   0.204
 2438   488  18.188   1.162   0.765
 2439   488  16.250   1.643   1.047
 2440   488  16.331   0.702   0.260
 2441   488  16.402   1.641   1.114
 2442   488  16.266   1.648   1.444
 2443   488  17.922   1.120   0.608
 2444   488  18.440   1.039   0.500
 2445   488  18.252   1.190   0.560
 2446   488  19.786   1.239   0.013
 2447   488  19.147   1.093   0.745
 2448   488  17.917   0.995   0.590
 2449   488  17.149   1.162   0.689
 2450   488  18.077   1.063   0.284
 2451   488  17.147   1.724   1.323
 2452   488  17.166   1.881   1.246
 2453   488  16.511   1.539   0.971
 2454   488  19.644   1.245   0.071
 2455   488  16.938   1.064   0.535
 2456   488  17.436   1.850   1.367
 2457   488  17.456   1.351   0.776
 2458   488  18.039   1.108   0.690
 2459   488  18.282   1.203   0.628
 2460   488  18.013   1.669   0.964
 2461   488  16.333   1.478   1.108
 2462   488  14.772   1.584   0.998
 2463   488  18.297   1.063   0.346
 2464   488  19.541   1.199   0.638
 2465   488  17.241   1.909   1.486
 2466   488  15.348   1.339   1.213
 2467   488  18.109   1.150   0.787
 2468   488  18.446   1.135   0.638
 2469   488  17.698   0.931   0.479
 2470   488  19.664   1.267   0.323
 2471   488  17.687   1.148   0.481
 2472   488  18.928   1.213   0.759
 2473   488  18.338   1.040   0.458
 2474   488  17.459   1.093   0.734
 2475   488  17.984   1.043   0.559
 2476   488  16.554   1.618   0.790
 2477   488  17.182   1.189   0.770
 2478   488  17.233   1.246   0.807
 2479   488  16.320   1.561   1.047
 2480   488  17.490   0.895   0.257
 2481   488  18.806   1.273   0.817
 2482   488  17.601   1.346   0.803
 2483   488  18.377   1.147   0.374
 2484   488  16.750   0.975   0.352
 2485   488  17.008   1.675   1.162
 2486   488  17.600   1.156   0.612
 2487   488  18.465   1.180   0.379
 2488   488  17.277   0.969   0.428
 2489   488  18.992   1.103   0.134
 2490   488  16.887   1.668   1.146
 2491   488  17.568   1.195   0.603
 2492   488  18.203   1.142   0.603
 2493   488  17.718   1.062   0.308
 2494   488  19.258   1.214   0.361
 2495   488  19.292   1.123   0.218
 2496   488  19.655   1.257   0.105
 2497   488  18.639   1.037   0.105
 2498   488  17.298   1.214   0.601
 2499   488  17.468   1.216   0.580
 2500   488  18.431   1.191   0.394
 2501   488  17.131   1.445   0.720
 2502   488  16.811   1.341   0.625
 2503   488  18.198   1.350   0.336
 2504   488  17.820   1.237   0.568
 2505   488  15.903   0.752   0.226
 2506   488  19.474   1.358   0.088
 2507   488  19.022   1.164   0.245
 2508   488  18.372   1.131   0.450
 2509   488  18.916   1.230   0.480
 2510   488  17.374   1.261   0.675
 2511   488  16.267   2.033   1.812
 2512   488  18.395   1.034   0.024
 2513   488  18.232   1.097   0.687
 2514   488  17.591   1.079   0.436
 2515   488  18.432   1.108   0.424
 2516   488  18.579   1.128   0.442
 2517   488  18.607   1.079   0.554
 2518   488  17.714   1.139   0.585
 2519   488  16.744   1.655   1.150
 2520   488  18.726   1.200   0.473
 2521   488  17.665   1.042   0.564
 2522   488  17.925   1.051   0.490
 2523   488  18.115   1.200   0.545
 2524   488  18.137   1.149   0.476
 2525   488  18.167   1.085   0.473
 2526   488  17.587   1.024   0.410
 2527   488  17.945   1.350   0.850
 2528   488  19.056   1.175   0.374
 2529   488  17.579   0.996   0.529
 2530   488  17.347   1.034   0.406
 2531   488  17.876   1.066   0.392
 2532   488  16.874   1.722   1.160
 2533   488  17.257   1.832   1.332
 2534   488  18.371   1.100   0.432
 2535   488  18.683   1.060   0.323
 2536   488  16.496   1.424   0.813
 2537   488  19.590   1.180   0.296
 2538   488  19.176   1.251   0.741
 2539   488  18.927   1.154   0.513
 2540   488  17.971   1.228   0.463
 2541   488  18.983   1.192   0.419
 2542   488  18.302   1.123   0.628
 2543   488  17.769   1.151   0.678
 2544   488  18.742   1.200   0.690
 2545   488  18.021   1.067   0.586
 2546   488  15.122   0.749   0.318
 2547   488  16.806   1.712   1.216
 2548   488  18.104   1.097   0.575
 2549   488  19.206   1.229  -0.124
 2550   488  18.888   1.143   0.479
 2551   488  17.197   1.075   0.640
 2552   488  18.926   1.225   0.556
 2553   488  16.675   0.806   0.291
 2554   488  17.830   0.988   0.364
 2555   488  15.485   0.513   0.123
 2556   488  12.230   2.225   2.528
 2557   488  19.093   1.210   0.368
 2558   488  18.923   1.087   0.660
 2559   488  17.917   1.439   1.073
 2560   488  15.271   0.853   0.391
 2561   488  19.467   1.289   0.249
 2562   488  17.204   1.110   0.511
 2563   488  18.939   1.276   0.601
 2564   488  17.141   1.190   0.501
 2565   488  18.776   1.123   0.406
 2566   488  17.165   1.155   0.537
 2567   488  19.105   1.070   0.971
 2568   488  18.334   1.094   0.335
 2569   488  17.703   1.122   0.483
 2570   488  19.612   1.234   0.193
 2571   488  17.451   0.991   0.371
 2572   488  18.311   1.162   0.518
 2573   488  19.254   1.353   0.842
 2574   488  18.299   1.026   0.382
 2575   488  17.915   1.000   0.404
 2576   488  19.273   1.235   0.548
 2577   488  19.205   1.202   0.478
 2578   488  19.445   1.417   0.358
 2579   488  18.523   1.146   0.420
 2580   488  18.816   1.270   0.538
 2581   488  17.854   1.121   0.572
 2582   488  18.840   1.118   0.522
 2583   488  16.950   1.622   1.002
 2584   488  18.652   1.225   1.248
 2585   488  18.296   1.097   0.364
 2586   488  16.601   1.158   0.604
 2587   488  17.076   1.061   0.437
 2588   488  17.380   1.135   0.565
 2589   488  15.530   1.866   1.552
 2590   488  18.405   1.613   0.741
 2591   488  19.081   1.147   0.624
 2592   488  17.532   1.176   0.582
 2593   488  16.583   1.638   1.156
 2594   488  17.349   1.021   0.626
 2595   488  14.688   0.562   0.057
 2596   488  17.645   1.828   1.296
 2597   488  17.006   0.885   0.490
 2598   488  18.845   1.193   0.286
 2599   488  16.828   1.673   1.244
 2600   488  18.487   1.110   0.594
 2601   488  17.024   1.145   0.712
 2602   488  17.069   1.692   1.182
 2603   488  18.483   1.290   0.806
 2604   488  19.055   1.121   0.656
 2605   488  16.178   2.404   2.583
 2606   488  17.994   1.185   0.711
 2607   488  17.457   1.020   0.535
 2608   488  18.526   1.152   0.621
 2609   488  18.481   1.220   0.674
 2610   488  18.895   1.307   0.995
 2611   488  19.254   1.353   0.556
 2612   488  18.568   1.187   0.583
 2613   488  17.050   1.711   1.263
 2614   488  20.258   1.424  -0.802
 2615   488  19.166   1.201   0.643
 2616   488  20.090   1.262  -0.046
 2617   488  17.890   1.253   0.662
 2618   488  16.328   0.886   0.284
 2619   488  17.384   1.259   0.687
 2620   488  15.159   0.948   0.215
 2621   488  13.195   1.827   1.798
 2622   488  18.967   1.148   0.318
 2623   488  18.847   1.324   0.532
 2624   488  18.527   1.176   0.709
 2625   488  18.898   1.199   0.783
 2626   488  16.032   1.136   0.802
 2627   488  18.673   1.135   0.504
 2628   488  18.972   1.094   0.480
 2629   488  17.761   1.041   0.319
 2630   488  18.818   1.142   0.360
 2631   488  16.288   1.042   0.155
 2632   488  17.731   1.076   0.551
 2633   488  18.435   1.188   0.559
 2634   488  17.806   1.087   0.454
 2635   488  18.238   1.149   0.568
 2636   488  17.927   1.145   0.601
 2637   488  18.443   1.330   0.733
 2638   488  16.244   1.636   1.187
 2639   488  16.474   0.777   0.365
 2640   488  16.449   1.633   1.204
 2641   488  15.686   1.015   0.348
 2642   488  19.105   1.186   0.310
 2643   488  18.377   1.091   0.455
 2644   488  18.503   1.239   0.697
 2645   488  15.861   0.737   0.256
 2646   488  17.462   0.961   0.341
 2647   488  18.683   1.079   0.353
 2648   488  16.772   0.766   0.264
 2649   488  17.744   1.073   0.269
 2650   488  16.813   1.099   0.417
 2651   488  14.594   1.905   1.977
 2652   488  18.348   1.035   0.427
 2653   488  17.181   1.166   0.610
 2654   488  17.098   1.111   0.366
 2655   488  18.521   1.099   0.581
 2656   488  17.116   0.996   0.617
 2657   488  18.398   1.216   0.403
 2658   488  18.899   1.086   0.438
 2659   488  19.079   1.275   0.579
 2660   488  18.678   1.060   0.319
 2661   488  18.508   1.208   0.576
 2662   488  16.641   0.841   0.412
 2663   488  13.455   0.622   0.070
 2664   488  18.532   1.193   1.124
 2665   488  16.200   0.739   0.313
 2666   488  19.353   1.273   0.323
 2667   488  17.837   1.122   0.428
 2668   488  17.392   1.051   0.702
 2669   488  19.075   1.304   1.581
 2670   488  17.122   1.203   0.868
 2671   488  15.950   1.038   0.240
 2672   488  18.313   1.250   0.697
 2673   488  17.528   1.466   0.835
 2674   488  17.094   1.140   0.550
 2675   488  16.109   1.048   0.404
 2676   488  17.637   1.077   0.584
 2677   488  14.942   2.051   1.743
 2678   488  19.834   1.282   0.072
 2679   488  19.104   1.311   0.256
 2680   488  17.070   1.753   1.348
 2681   488  18.561   1.268   0.602
 2682   488  16.879   1.247   0.553
 2683   488  18.401   1.281   0.968
 2684   488  18.254   1.130   0.502
 2685   488  17.550   1.104   0.528
 2686   488  18.619   1.272   0.645
 2687   488  16.770   1.811   1.473
 2688   488  17.193   1.137   0.462
 2689   488  19.483   1.224   0.299
 2690   488  17.721   1.172   0.617
 2691   488  18.041   1.019   0.463
 2692   488  18.311   1.248   0.986
 2693   488  18.461   1.229   0.633
 2694   488  19.055   1.230   0.213
 2695   488  17.615   1.160   0.709
 2696   488  18.321   1.181   0.383
 2697   488  18.913   1.205   0.606
 2698   488  15.373   1.975   1.818
 2699   488  17.735   1.116   0.421
 2700   488  17.376   1.119   0.578
 2701   488  18.613   1.134   0.432
 2702   488  16.777   1.637   1.180
 2703   488  18.359   1.192   0.441
 2704   488  19.091   1.134   0.501
 2705   488  17.324   0.963   0.420
 2706   488  19.933   1.289   0.307
 2707   488  14.697   2.296   2.374
 2708   488  17.869   1.126   0.544
 2709   488  17.820   1.040   0.268
 2710   488  16.737   1.818   1.305
 2711   488  17.360   1.093   0.549
 2712   488  16.227   1.066   0.296
 2713   488  17.879   1.093   0.561
 2714   488  16.210   0.965   0.423
 2715   488  17.352   1.129   0.649
 2716   488  18.748   1.336   0.853
 2717   488  18.868   1.324   0.700
 2718   488  19.214   1.302   0.572
 2719   488  17.429   1.118   0.668
 2720   488  17.647   1.168   0.601
 2721   488  19.514   1.117   0.541
 2722   488  16.926   1.168   0.338
 2723   488  16.473   1.724   1.189
 2724   488  17.678   1.039   0.471
 2725   488  18.978   1.186   0.164
 2726   488  17.531   1.672   0.909
 2727   488  18.319   1.135   0.660
 2728   488  19.742   1.242   0.107
 2729   488  14.942   0.597   0.022
 2730   488  17.761   1.210   0.634
 2731   488  18.202   1.063   0.530
 2732   488  18.288   1.241   0.732
 2733   488  18.248   1.200   0.812
 2734   488  19.281   1.276   0.230
 2735   488  17.005   1.738   1.180
 2736   488  18.387   1.114   0.494
 2737   488  19.092   1.263   0.297
 2738   488  18.497   1.129   0.422
 2739   488  18.216   1.135   0.763
 2740   488  18.341   1.259   0.570
 2741   488  17.732   1.162   0.482
 2742   488  18.898   1.172   0.595
 2743   488  17.063   1.850   1.370
 2744   488  16.644   1.078   0.429
 2745   488  18.281   1.276   0.357
 2746   488  18.894   1.115   0.360
 2747   488  17.637   1.198   0.397
 2748   488  17.510   0.923   0.359
 2749   488  18.789   1.335   0.626
 2750   488  18.665   1.049   0.387
 2751   488  18.737   1.052   0.835
 2752   488  18.848   1.483   0.463
 2753   488  18.591   1.377   0.525
 2754   488  14.902   0.780   0.446
 2755   488  19.029   1.079   0.628
 2756   488  17.932   1.058   0.161
 2757   488  16.716   1.429   0.717
 2758   488  18.579   1.389   0.550
 2759   488  18.235   1.249   0.785
 2760   488  18.232   1.117   0.499
 2761   488  19.390   1.379   0.593
 2762   488  19.106   1.309   0.853
 2763   488  19.113   1.277   0.386
 2764   488  16.734   0.917   0.513
 2765   488  18.302   1.050   0.345
 2766   488  17.585   1.396   0.856
 2767   488  18.652   1.322   0.825
 2768   488  18.580   1.120   0.133
 2769   488  17.419   1.292   0.648
 2770   488  19.014   1.206   0.336
 2771   488  17.967   1.092   0.418
 2772   488  18.641   1.226   0.818
 2773   488  17.770   1.110   0.577
 2774   488  17.855   1.135   0.472
 2775   488  18.219   1.134   0.283
 2776   488  19.030   1.353   0.526
 2777   488  17.984   1.053   0.486
 2778   488  17.762   1.187   0.648
 2779   488  17.571   1.059   0.308
 2780   488  18.357   1.139   0.546
 2781   488  18.962   1.341   0.575
 2782   488  17.447   0.983   0.342
 2783   488  18.915   1.233   1.025
 2784   488  18.485   1.366   0.655
 2785   488  18.699   1.262   0.420
 2786   488  19.176   1.151   0.561
 2787   488  17.203   1.079   0.395
 2788   488  17.430   1.083   0.569
 2789   488  17.017   1.801   1.228
 2790   488  17.765   1.404   0.994
 2791   488  19.035   1.342   1.107
 2792   488  18.881   1.179   0.436
 2793   488  18.059   1.136   0.430
 2794   488  19.009   1.343   0.672
 2795   488  14.179   2.160   2.201
 2796   488  17.485   1.190   0.629
 2797   488  18.036   1.171   0.423
 2798   488  17.655   1.265   0.884
 2799   488  18.997   1.206   0.440
 2800   488  17.246   1.136   0.386
 2801   488  17.423   1.856   1.394
 2802   488  18.853   1.173   0.298
 2803   488  18.837   1.146   0.512
 2804   488  17.452   1.123   0.508
 2805   488  18.379   1.246   0.833
 2806   488  17.482   1.206   0.667
 2807   488  18.476   1.294   0.885
 2808   488  18.701   1.337   0.463
 2809   488  18.257   1.349   0.776
 2810   488  18.689   1.220   0.331
 2811   488  17.445   1.418   0.877
 2812   488  19.610   1.465  -0.103
 2813   488  18.327   1.180   0.643
 2814   488  18.328   1.196   0.594
 2815   488  17.127   1.231   0.624
 2816   488  17.591   1.275   0.588
 2817   488  17.457   1.222   0.530
 2818   488  17.628   1.291   0.661
 2819   488  18.164   1.121   0.411
 2820   488  17.189   1.019   0.196
 2821   488  16.302   1.217   0.499
 2822   488  18.240   1.267   0.781
 2823   488  17.868   1.131   0.670
 2824   488  18.133   1.161   0.462
 2825   488  19.003   1.149   0.158
 2826   488  16.237   1.787   1.283
 2827   488  17.976   1.247   0.527
 2828   488  17.256   1.238   0.717
 2829   488  17.291   1.206   0.624
 2830   488  18.615   1.137   0.395
 2831   488  17.971   1.159   0.646
 2832   488  17.947   0.975   0.471
 2833   488  17.544   0.817  -0.048
 2834   488  18.597   1.199   0.722
 2835   488  17.500   1.390   0.564
 2836   488  18.692   1.286   0.472
 2837   488  16.924   0.956   0.236
 2838   488  18.440   1.197   0.587
 2839   488  17.662   1.184   0.585
 2840   488  16.905   0.895   0.186
 2841   488  17.768   1.041   0.475
 2842   488  18.409   1.158   0.637
 2843   488  16.783   1.310   0.583
 2844   488  16.726   0.856   0.268
 2845   488  18.913   1.386   0.416
 2846   488  15.846   1.969   1.883
 2847   488  16.914   1.771   1.236
 2848   488  17.389   1.278   0.744
 2849   488  18.856   1.204   0.628
 2850   488  18.503   1.407   0.561
 2851   488  17.310   1.098   0.550
 2852   488  18.905   1.249   0.583
 2853   488  18.474   1.298   0.549
 2854   488  16.631   1.230   0.548
 2855   488  18.576   1.244   0.406
 2856   488  18.749   1.213   0.604
 2857   488  18.778   1.334   0.577
 2858   488  18.778   1.248   0.430
 2859   488  17.705   1.207   0.651
 2860   488  18.897   1.181   0.755
 2861   488  18.125   1.328   0.692
 2862   488  15.799   1.211   0.474
 2863   488  19.006   1.232   0.217
 2864   488  17.865   1.286   0.829
 2865   488  19.343   1.338   0.480
 2866   488  17.346   1.827   1.333
 2867   488  18.075   1.260   0.370
 2868   488  16.672   1.876   1.488
 2869   488  17.459   1.787   1.302
 2870   488  18.115   1.294   0.640
 2871   488  18.727   1.222   0.348
 2872   488  19.486   1.268   0.643
 2873   488  18.847   1.398   0.567
 2874   488  15.010   1.609   1.146
 2875   488  17.220   1.194   0.680
 2876   488  18.000   1.211   0.426
 2877   488  17.722   1.371   0.811
 2878   488  18.918   1.061   0.200
 2879   488  17.579   1.096   0.458
 2880   488  18.830   1.171   0.320
 2881   488  18.600   1.279   0.612
 2882   488  17.813   1.163   0.433
 2883   488  14.941   1.590   1.085
 2884   488  17.441   1.468   1.594
 2885   488  20.141   1.454   0.176
 2886   488  16.943   1.023   0.406
 2887   488  17.566   1.139   0.468
 2888   488  18.790   1.265   0.694
 2889   488  17.841   1.176   0.431
 2890   488  19.200   1.247   0.295
 2891   488  18.641   1.031   0.533
 2892   488  16.049   2.092   2.129
 2893   488  17.329   1.863   1.452
 2894   488  17.855   1.399   0.810
 2895   488  16.914   1.765   1.409
 2896   488  16.459   1.759   1.105
 2897   488  17.189   1.176   0.791
 2898   488  18.091   1.218   0.503
 2899   488  18.308   1.227   0.829
 2900   488  17.223   1.314   0.832
 2901   488  17.711   1.124   0.501
 2902   488  18.441   1.257   0.865
 2903   488  18.617   1.337   0.745
 2904   488  17.385   1.272   0.653
 2905   488  17.059   1.146   0.467
 2906   488  17.236   1.385   0.990
 2907   488  12.399   0.848   0.476
 2908   488  16.732   1.152   0.477
 2909   488  17.996   1.292   0.821
 2910   488  17.707   1.275   0.774
 2911   488  17.239   1.802   1.527
 2912   488  18.588   1.262   0.673
 2913   488  17.642   1.191   0.693
 2914   488  17.997   1.153   0.467
 2915   488  17.558   1.078   0.501
 2916   488  17.999   1.341   0.791
 2917   488  19.067   1.279   0.681
 2918   488  17.180   1.771   1.317
 2919   488  17.580   1.293   0.669
 2920   488  17.354   1.788   1.359
 2921   488  16.870   1.112   0.444
 2922   488  16.931   1.172   0.613
 2923   488  16.897   1.706   1.114
 2924   488  17.853   1.010   0.262
 2925   488  18.325   1.230   0.698
 2926   488  16.291   1.079   0.584
 2927   488  17.628   1.047   0.485
 2928   488  18.129   1.262   0.440
 2929   488  19.739   1.436   0.727
 2930   488  17.210   1.179   0.622
 2931   488  19.009   1.382   1.120
 2932   488  18.248   1.054   0.615
 2933   488  19.645   1.310   0.408
 2934   488  18.023   1.127   0.487
 2935   488  19.303   1.375   0.643
 2936   488  17.020   1.317   0.703
 2937   488  18.062   1.154   0.534
 2938   488  17.796   1.200   0.662
 2939   488  17.888   1.026   0.208
 2940   488  16.491   1.192   0.513
 2941   488  19.279   1.301   0.522
 2942   488  18.703   1.193   0.214
 2943   488  17.659   1.166   0.574
 2944   488  18.000   1.069   0.436
 2945   488  17.295   1.773   1.333
 2946   488  18.136   1.083   0.399
 2947   488  16.191   0.915   0.291
 2948   488  17.551   1.182   0.580
 2949   488  14.640   0.880   0.156
 2950   488  17.618   1.243   0.581
 2951   488  19.365   1.316   0.011
 2952   488  19.108   1.323   0.636
 2953   488  19.491   1.353   0.401
 2954   488  16.847   1.680   1.379
 2955   488  17.962   1.295   0.621
 2956   488  18.540   1.365   1.303
 2957   488  19.193   1.135   0.430
 2958   488  18.335   1.219   0.608
 2959   488  17.784   1.250   0.630
 2960   488  18.281   1.161   0.491
 2961   488  17.638   1.046   0.422
 2962   488  18.112   1.148   0.682
 2963   488  18.946   1.205   1.244
 2964   488  18.794   1.168   0.495
 2965   488  19.454   1.229   0.177
 2966   488  19.140   1.282   0.295
 2967   488  17.831   1.716   1.308
 2968   488  17.779   1.292   0.612
 2969   488  17.294   1.741   1.048
 2970   488  17.902   1.325   0.779
 2971   488  18.066   1.222   0.433
 2972   488  18.447   1.239   0.250
 2973   488  17.705   1.062   0.363
 2974   488  16.884   1.019   0.546
 2975   488  18.997   1.222   0.729
 2976   488  19.020   1.280   0.620
 2977   488  16.087   0.876   0.453
 2978   488  18.595   1.177   0.687
 2979   488  16.717   1.041   0.237
 2980   488  17.312   1.342   0.665
 2981   488  18.653   1.147   0.314
 2982   488  19.293   1.253   0.450
 2983   488  17.476   1.263   0.562
 2984   488  18.100   1.348   0.779
 2985   488  18.038   1.207   0.554
 2986   488  18.311   1.351   0.617
 2987   488  19.045   1.313   0.573
 2988   488  17.233   1.804   1.253
 2989   488  18.849   1.195   0.356
 2990   488  17.063   0.917   0.319
 2991   488  18.797   1.424   0.341
 2992   488  17.926   1.190   0.418
 2993   488  16.971   1.794   1.205
 2994   488  17.075   1.744   1.165
 2995   488  18.477   1.163   0.562
 2996   488  18.533   1.035   0.448
 2997   488  15.682   1.129   0.404
 2998   488  18.683   1.483   0.652
 2999   488  18.435   1.288   0.647
 3000   488  19.016   1.148   0.555
 3001   488  17.663   1.252   0.712
 3002   488  18.344   1.170   0.427
 3003   488  18.099   1.133   0.745
 3004   488  18.715   1.180   0.587
 3005   488  17.200   1.660   0.960
 3006   488  17.130   1.141   0.298
 3007   488  15.375   1.966   1.784
 3008   488  18.354   1.356   0.372
 3009   488  19.229   1.190   0.529
 3010   488  17.061   1.248   0.610
 3011   488  19.230   1.241   0.412
 3012   488  17.676   1.129   0.616
 3013   488  12.920   0.746   0.347
 3014   488  18.027   1.364   0.590
 3015   488  19.270   1.357   0.373
 3016   488  17.298   1.063   0.327
 3017   488  18.383   1.202   0.530
 3018   488  15.814   0.758   0.354
 3019   488  14.021   1.119   0.393
 3020   488  17.605   1.112   0.880
 3021   488  18.839   1.382   0.243
 3022   488  16.380   1.197   0.651
 3023   488  17.618   1.284   0.556
 3024   488  18.674   1.290   0.503
 3025   488  17.826   1.178   0.246
 3026   488  16.828   0.947   0.240
 3027   488  16.994   0.892   0.387
 3028   488  17.998   1.094   0.362
 3029   488  15.699   1.014   0.292
 3030   488  17.612   1.263   0.593
 3031   488  15.648   0.700   0.213
 3032   488  18.011   1.214   0.645
 3033   488  19.452   1.063   0.350
 3034   488  18.696   1.137   0.644
 3035   488  18.213   1.200   0.423