UBV CCD observations

  No    Ref    V       B-V     U-B

 0006    94   9.500   0.510         
 0015    94   9.170   0.020         
 0020   115   9.360   0.160         
 0056    94  10.260   0.580         
 0057    94   9.950   0.570         
 0062   115   8.820   1.420         
 0069    94   9.460   0.670         
 0071   115  10.860   0.600         
 0072   115  10.860   0.350         
 0076   115  10.590   1.340         
 0079   115  10.100   0.540         
 0081   115   9.660   2.040         
 0082    94  10.160   0.130         
 0089   115  10.920   0.330         
 0090   115  10.820   0.730         
 0093    94  10.130   0.670         
 0094    94  10.820   0.640         
 0097    94  10.660   1.110         
 0101   115   9.620   0.130         
 0102    94  10.610   0.640         
 0102   115  10.520   0.650         
 0103    94  10.220   0.120         
 0103   115  10.250   0.150         
 0104   115   9.980   0.640         
 0105    94  10.720   0.380         
 0105   115  10.710   0.420         
 0106   115   9.500   1.220         
 0108    94  10.570   1.010         
 0109    94  10.750   1.220         
 0110    94  10.590   0.170         
 0110   115  10.580   0.200         
 0111    94  10.230   0.290         
 0111   115  10.170   0.290         
 0112    94  10.930   0.850         
 0113    94  10.940   0.760         
 0116   115  10.690   0.900         
 0119   115  10.850   0.630         
 0120   115  10.890   0.640         
 0128   115   9.620   0.570         
 0130    94  10.540   0.200         
 0131    94   9.870   0.520         
 0132    94  10.260   0.670         
 0134    94  10.660   0.930         
 0135    94  10.890   0.310         
 0136    94  10.840   1.210         
 0139    94  10.140   0.160         
 0140   115  10.750   0.750         
 0141   115  10.270   0.250         
 0142   115  10.080   0.480         
 0145   115   9.510   0.880         
 0152   115  10.450   0.700         
 0153   115  10.990   0.590         
 0155    94  10.950   1.040         
 0156   115  11.230   0.860         
 0157    94  10.920   0.690         
 0158    94  10.730   0.780         
 0162   115  11.630   0.650         
 2010   115  11.570   0.910         
 2020   115  12.520   1.250         
 2030   115  11.320   0.870         
 2032   115  13.770   0.510         
 2040   115  12.190   1.270         
 2051   115   9.560   0.490         
 2052   115   9.680   0.160         
 2061   115  13.310   1.630         
 2062   115  15.270   1.810         
 2070   115   9.210   0.440         
 2081   115  10.410   0.650         
 2082   115  12.330   0.750         
 2091   115  13.270   1.050         
 2092   115  15.200   0.800         
 2093   115  15.820   0.820         
 2094   115  16.140   0.700         
 2095   115  16.710   0.790         
 2100   115  12.770   1.230         
 2111   115  14.360   0.590         
 2112   115  16.600   1.260         
 2113   115  13.690   1.840         
 2120   115   9.480   1.190         
 2130   115  15.780   1.450         
 2140   115  11.570   0.870         
 2151   115  11.750   0.930         
 2152   115  14.280   1.600         
 2161   115  16.180   1.590         
 2162   115  14.540   1.380         
 2171   115   9.990   0.070         
 2172   115  12.170   0.420         
 2180   115  12.490   1.050         
 2201   115  14.140   1.510         
 2202   115  13.510   1.570         
 2203   115  14.840   1.760         
 2240   115  14.600   1.430         
 2260   115  15.100   1.540         
 2270   115  14.410   1.500         
 2281   115  15.680   2.070         
 2282   115  12.830   0.640         
 2283   115  14.360   1.010         
 2290   115  12.730   1.110         
 2300   115  15.790   1.510         
 2310   115  15.060   1.590         
 2320   115  15.000   1.630         
 2371   115  14.690   1.860         
 2372   115  12.790   1.190         
 2373   115  14.320   0.460         
 2380   115  15.770   1.530         
 2390   115  16.060   1.570         
 2421   115  12.890   1.980         
 2422   115  11.730   0.510         
 2423   115  11.560   0.800         
 2424   115  14.110   1.410         
 2430   115  12.080   1.000         
 2440   115  14.930   1.550         
 2450   115  10.730   0.660         
 2460   115  10.700   0.670         
 2490    94  11.710   0.750         
 2500   115  14.760   1.560         
 2520   115  12.250   1.070         
 2531   115  14.070   1.890         
 2532   115  15.420   1.610         
 2540   115  12.130   1.150         
 2542   115  13.910   0.430         
 2560   115  13.540   1.430         
 2570   115  15.640   1.600         
 2640   115  16.520   1.430         
 2660    94  11.070   0.680         
 2670   115  14.950   1.570         
 2692    94  14.120   1.970         
 2700    94  10.920   0.690         
 2710   115  14.500   2.050         
 2710   115  15.400   2.090         
 2740    94  14.670   0.810         
 2760   115  16.670   1.500         
 2770   115  14.060   1.470         
 2820    94  14.980   1.620         
 2830    94  10.700   0.620         
 2881    94  12.710   1.200         
 2882    94  12.790   1.380         
 2890   115  13.000   1.240         
 2930   115  13.760   1.370         
 2940   115  13.350   1.390         
 2950   115  11.710   0.870         
 2952   115  15.800   2.100         
 2960   115  12.940   1.250         
 2990   115  14.440   0.910         
 3050   115  14.110   1.310         
 3060   115  14.140   1.820         
 3080   115  14.890   0.620         
 3091    94  12.430   0.660         
 3092    94  12.780   0.270