UBV CCD observations

  No    Ref    V       B-V     U-B

 0001   165  20.150   1.520         
 0003   165  19.700   2.240         
 0006   165  19.680   2.110         
 0007   165  20.060   1.510         
 0010   165  17.580   1.910         
 0012   165  19.990   1.610         
 0013   165  20.100   1.860         
 0014   165  14.680   1.620         
 0016   165  17.190   1.950         
 0020   165  11.310   0.740         
 0021   165  14.420   1.410         
 0022   165  17.580   1.860         
 0024   165  19.710   1.780         
 0026   159  16.220   1.540         
 0026   165  16.230   1.640         
 0027   159  17.030   1.450         
 0027   165  17.050   1.490         
 0032   165  18.870   1.630         
 0038   159  18.590   1.410         
 0038   165  18.590   1.430         
 0039   159  17.640   2.240         
 0039   165  17.880   2.040         
 0041   159  16.830   1.480   0.920
 0041   165  16.880   1.300         
 0043   159  15.080   1.700   1.400
 0043   165  15.100   1.690         
 0044   159  17.180   2.290         
 0044   165  19.060   1.940         
 0050   159  18.810   2.190         
 0050   165  18.990   2.040         
 0051   159  17.570   1.630         
 0051   165  17.610   1.670         
 0057   159  19.150   2.130         
 0057   165  19.480   2.120         
 0059   159  18.700   2.010         
 0059   165  18.810   1.790         
 0061   159  18.800   1.660         
 0061   165  18.870   1.670         
 0062   159  18.750   2.170         
 0062   165  18.940   1.940         
 0063   159  16.920   1.920         
 0063   165  17.020   1.990         
 0065   159  17.370   1.970   1.640
 0065   165  17.480   1.880         
 0070   159  14.410   1.500   1.070
 0070   165  14.440   1.570         
 0080   165  19.810   2.130         
 0083   159  11.920   0.810   0.310
 0083   165  11.860   0.840         
 0085   159  17.780   1.930   1.460
 0085   165  17.990   2.140         
 0086   159  19.250   1.940         
 0086   165  19.270   2.200         
 0087   159  18.060   1.910   1.120
 0087   165  18.130   1.760         
 0089   159  11.640   0.790   0.250
 0089   165  11.580   0.810         
 0091   165  17.840   2.190         
 0092   159  18.010   2.100         
 0092   165  18.180   2.280         
 0093   159  17.490   2.100   2.390
 0093   165  17.600   2.070         
 0094   159  18.650   1.980         
 0094   165  17.860   1.540         
 0095   159  17.550   1.950         
 0095   165  17.710   2.090         
 0097   159  17.930   1.840   0.970
 0097   165  18.110   1.970         
 0098   159  17.280   1.930         
 0098   165  17.400   2.020         
 0099   159  19.520   1.950         
 0099   165  19.450   2.030         
 0100   165  19.400   2.040         
 0102   159  17.010   1.870   1.390
 0102   165  17.130   2.040         
 0103   159  13.390   1.230   0.570
 0103   165  13.360   1.330         
 0104   159  15.120   1.640   1.340
 0104   165  15.310   1.780         
 0107   165  19.600   2.130         
 0110   159  18.290   2.280         
 0110   165  18.750   2.310         
 0114   159  15.060   2.070   1.480
 0114   165  15.000   2.120         
 0115   165  19.910   2.320         
 0116   159  15.940   1.740   1.020
 0116   165  15.860   1.480         
 0119   159  17.080   1.920         
 0119   165  17.180   2.060         
 0121   159  15.410   1.730   1.670
 0121   165  15.720   1.820         
 0123   165  19.290   2.070         
 0124   159  17.050   1.970   0.470
 0124   165  17.380   2.130         
 0125   159  18.970   2.170         
 0125   165  19.150   2.320         
 0131   165  18.280   2.290         
 0137   159  13.990   1.540   1.080
 0137   165  14.000   1.620         
 0138   159  19.680   2.050         
 0139   159  14.450   1.610   1.050
 0139   165  14.870   1.670         
 0140   165  15.710   1.760         
 0142   159  17.690   1.990         
 0142   165  17.840   2.270         
 0143   159  16.010   1.810   1.510
 0143   165  16.260   2.030         
 0144   159  13.460   1.460   0.840
 0144   165  13.540   1.520         
 0145   159  17.830   1.850         
 0145   165  18.210   2.220         
 0146   159  17.000   1.490         
 0146   165  17.810   2.240         
 0148   159  15.770   1.810   1.730
 0148   165  15.900   1.920         
 0150   159  17.660   2.060         
 0150   165  18.050   2.280         
 0153   159  18.280   1.650         
 0153   165  18.430   2.150         
 0154   159  17.600   1.360         
 0154   165  18.710   1.940         
 0155   159  15.630   1.820   1.570
 0155   165  15.700   1.880         
 0157   159  15.170   1.870   1.720
 0157   165  15.390   1.940         
 0158   159  17.250   2.040         
 0158   165  17.560   2.220         
 0166   159  12.840   1.650   0.940
 0166   165  12.860   1.610         
 0168   159  16.720   1.840         
 0168   165  16.790   2.050         
 0170   159  17.870   1.630         
 0170   165  17.890   2.240         
 0171   159  16.340   1.940   2.080
 0171   165  16.470   2.080         
 0173   159  17.140   1.910   0.600
 0173   165  17.230   2.040         
 0174   165  19.390   2.110         
 0177   159  20.400   1.700         
 0178   159  15.760   2.010   1.900
 0178   165  15.720   2.070         
 0179   159  17.140   2.150         
 0179   165  17.250   2.260         
 0180   165  18.630   2.340         
 0181   159  17.440   1.840         
 0181   165  17.650   2.110         
 0182   159  18.940   2.290         
 0182   165  17.500   2.490         
 0184   159  14.840   1.940   1.300
 0184   165  14.890   2.010         
 0185   159  17.990   2.140         
 0185   165  18.220   2.350         
 0187   159  15.820   2.080   1.480
 0187   165  15.900   2.190         
 0190   159  15.980   1.870   1.390
 0190   165  16.060   1.950         
 0198   165  18.400   2.060         
 0202   165  18.420   1.800         
 0203   165  18.780   2.270         
 0205   159  16.120   1.610   1.340
 0205   165  16.070   1.740         
 0210   159  14.690   1.420   1.060
 0210   165  14.670   1.560         
 0211   165  18.670   2.640         
 0212   165  19.860   1.900         
 0214   159  17.400   2.190         
 0214   165  17.470   2.390         
 0218   165  19.480   1.880         
 0219   165  18.810   1.980         
 0221   165  18.780   2.260         
 0230   165  18.160   1.780         
 0234   165  17.180   1.750         
 0249   165  18.970   1.750         
 0252   159  11.800   0.850   0.520
 0252   165  11.770   0.820         
 0254   159  10.600   0.970   0.550
 0254   165  10.560   0.990         
 0261   159  11.580   1.000   0.520
 0261   165  11.590   0.940         
 0264   159  10.250   0.890   0.510
 0293   159  19.230   2.140         
 0294   159  19.310   2.220         
 0295   159  17.020   2.140   2.680
 0296   159  13.440   1.470   1.130
 0298   159  15.930   1.590   1.240
 0300   159   9.930   0.480   0.320
 0301   159  10.010   0.500   0.350
 0303   159  16.820   1.700         
 0304   159  14.690   1.400   1.150
 0305   159  17.780   1.800         
 0306   159  16.890   1.440  -0.030
 0307   159  18.360   2.220         
 0308   159  15.920   1.710         
 0309   159  17.680   1.820         
 0312   159  13.560   1.370   0.740
 0314   159   8.550   0.700   0.060
 0318   159  19.420   2.090         
 0319   159  15.420   1.730   1.210
 0320   159  19.570   1.370         
 0321   159  17.780   2.250         
 0322   159  16.220   1.790   0.520