UBV CCD observations

  No    Ref    V       B-V     U-B

 0001   460  10.738   0.291         
 0001   495  10.714   0.275         
 0002   460  15.902   1.571         
 0002   495  14.418   1.158         
 0003   460  14.170   1.840         
 0003   495  13.997   1.729         
 0005   460  14.148   1.996         
 0005   495  14.055   1.852         
 0006   460  14.960   1.407         
 0006   495  14.787   1.450         
 0007   460  11.626   0.424         
 0007   495  11.553   0.505         
 0008   460  16.493   0.723         
 0008   495  15.296   0.258         
 0009   495  15.836   0.656         
 0010   460  15.265   0.896         
 0010   495  15.034   0.922         
 0011   460  15.555   0.595         
 0011   495  15.115   0.870         
 0012   460  14.522   0.308         
 0012   495  14.058   0.478         
 0013   460  15.453   0.599         
 0013   495  14.263   0.411         
 0014   460  15.237   0.543         
 0014   495  14.962   0.652         
 0015   460  16.035   1.790         
 0015   495  15.674   1.203         
 0016   460  16.594   0.802         
 0016   495  16.543   0.756         
 0017   460  15.933   0.489         
 0017   495  15.821   0.623         
 0018   495  16.759   1.007         
 0019   495  16.410   1.726         
 0020   460  12.594   0.578         
 0020   495  12.527   0.680         
 0021   460  13.534   0.234         
 0021   495  13.251   0.477         
 0024   495  16.861   1.142         
 0025   460  16.720   0.470         
 0025   495  16.728   0.491         
 0026   495  16.404   0.632         
 0028   460  16.011   0.446         
 0028   495  15.631   0.917         
 0029   460  15.452   0.376         
 0029   495  15.311   0.517         
 0030   460  16.546   0.651         
 0030   495  16.603   0.678         
 0031   460  16.304   0.373         
 0031   495  16.304   0.489         
 0032   460  15.194   0.291         
 0032   495  15.086   0.490         
 0033   495  16.627   0.985         
 0034   495  17.360   0.979         
 0035   460  15.889   0.492         
 0035   495  15.757   0.541         
 0036   460  16.679   0.840         
 0037   460  12.688   0.222         
 0037   495  13.020  -0.077         
 0038   460  14.903   0.354         
 0039   460  17.067   1.043         
 0040   460  11.313   0.203         
 0040   495  11.262   0.272         
 0041   460  14.812   0.323         
 0042   460  12.089   0.305         
 0042   495  12.020   0.380         
 0043   495  16.227   0.871         
 0045   495  16.738   0.996         
 0046   495  16.386   0.962         
 0047   495  16.760   0.845         
 0048   495  14.304   0.535         
 0049   495  14.012   0.594         
 0050   495  14.673   0.645         
 0052   495  16.592   0.997         
 0055   495  15.948   0.824         
 0056   495  14.484   0.961         
 0058   495  10.911   0.359         
 0059   495  16.541   0.631         
 0060   495  15.322   0.634         
 0061   495  14.987   0.368         
 0062   495  17.244   0.900         
 0063   495  16.242   1.130         
 0064   495  16.662   0.883         
 0065   495  13.495   0.382         
 0066   495  14.937   0.481         
 0067   495  14.640   0.704         
 0068   495  14.934   0.616         
 0069   495  16.243   0.857         
 0070   460  16.312   0.808         
 0070   495  15.924   0.088         
 0071   460  15.173   0.756         
 0071   495  14.923   0.838         
 0072   460  14.889   0.346         
 0072   495  14.784   0.513         
 0073   495  16.753   0.518         
 0074   460  16.519   0.444         
 0074   495  16.490   0.560         
 0075   460  16.089   0.633         
 0075   495  15.295   0.819         
 0076   460  16.279   0.936         
 0077   460  15.745   0.506         
 0077   495  15.644   0.616         
 0078   460  16.433   0.654         
 0078   495  16.188   0.860         
 0079   460  17.097   1.069         
 0079   495  16.606   1.017         
 0080   460  13.167   0.240         
 0080   495  13.043   0.300         
 0081   460  16.377   0.671         
 0082   495  16.613   0.912         
 0083   460  15.786   0.567         
 0083   495  15.715   0.602         
 0084   460  14.698   0.326         
 0084   495  14.619   0.343         
 0085   460  13.106   0.215         
 0085   495  13.009   0.279         
 0086   460  16.897   0.913         
 0086   495  16.696   0.996         
 0087   460  15.346   0.531         
 0087   495  15.276   0.561         
 0088   460  14.742   1.554         
 0088   495  14.591   1.404         
 0089   460  14.422   0.560         
 0089   495  13.852   0.469         
 0090   460  14.809   0.318         
 0091   460  15.939   0.641         
 0092   460  16.272   0.774         
 0092   495  16.270   0.809         
 0093   460  10.554   0.242         
 0093   495  10.440   0.309         
 0094   460  13.549   0.347         
 0094   495  12.965   0.473         
 0095   495  17.251   1.428         
 0096   495  17.104   1.080         
 0097   495  17.095   1.004         
 0098   460  15.840   0.763         
 0098   495  15.742   0.796         
 0099   460  15.527   0.764         
 0099   495  15.452   0.787         
 0100   460  15.914   0.650         
 0100   495  15.788   0.914         
 0101   495  14.937   1.665         
 0102   460  14.601   0.434         
 0102   495  14.546   0.468         
 0103   460  15.066   0.444         
 0103   495  14.837   0.500         
 0104   460  13.278   0.887         
 0105   460  14.336   0.399         
 0105   495  14.213   0.482         
 0106   460  14.009   1.464         
 0106   495  13.890   1.356         
 0107   460  15.398   0.575         
 0107   495  15.034   0.719         
 0108   460  13.268   0.406         
 0108   495  13.196   0.410         
 0109   495  16.601   0.817         
 0110   460  14.726   0.335         
 0110   495  13.731   0.605         
 0111   460  14.276   0.659         
 0111   495  13.675   0.652         
 0112   460  17.083   0.658         
 0112   495  16.750   0.806         
 0113   460  13.372   1.350         
 0113   495  13.244   1.339         
 0115   460  15.832   0.499         
 0115   495  15.274   0.702         
 0116   460  16.867   1.022         
 0116   495  16.214   1.073         
 0117   460  15.564   0.530         
 0117   495  15.290   0.637         
 0118   495  15.663   0.741         
 0119   460  16.298   0.723         
 0119   495  16.308   0.559         
 0120   460  16.314   0.900         
 0120   495  16.201   0.962         
 0121   495  13.396   1.068         
 0122   495  13.201   1.321         
 0123   495  13.041   0.617         
 0125   495  15.293   1.015         
 0126   460  13.655   0.262         
 0126   495  13.549   0.359         
 0127   495  17.170   0.923         
 0128   495  17.388   0.860         
 0129   460  14.994   0.530         
 0129   495  14.727   0.676         
 0130   460  15.907   0.407         
 0130   495  15.734   0.647         
 0131   460  16.259   0.765         
 0131   495  16.123   0.981         
 0132   460  16.354   0.521         
 0132   495  16.336   0.545         
 0133   460  11.855   0.632         
 0133   495  11.736   0.655         
 0134   460  15.280   0.401         
 0134   495  15.102   0.439         
 0135   460  14.906   0.413         
 0135   495  14.839   0.438         
 0136   460  13.902   0.544         
 0136   495  13.763   0.425         
 0137   460  14.680   0.400         
 0137   495  14.484   0.511         
 0139   495  15.043   1.780         
 0141   495  16.395   0.615         
 0142   460  15.140   0.473         
 0142   495  15.018   0.495         
 0143   460  16.412   0.868         
 0143   495  16.331   0.874         
 0144   460  16.027   0.562         
 0144   495  15.637   0.659         
 0145   460  16.448   0.545         
 0146   460  14.096   0.332         
 0146   495  13.887   0.803         
 0147   460  14.887   0.412         
 0147   495  14.792   0.478         
 0148   460  16.079   0.711         
 0148   495  16.007   0.745         
 0149   460  15.027   0.882         
 0149   495  14.921   0.934         
 0150   495  15.638   0.670         
 0151   460  15.606   0.492         
 0151   495  15.382   0.630         
 0152   460  15.435   0.471         
 0152   495  15.203   0.477         
 0153   460  15.707   0.645         
 0154   460  13.738   0.215         
 0154   495  13.447   0.327         
 0155   460  13.654   0.310         
 0155   495  13.423   0.385         
 0157   460  16.601   0.693         
 0157   495  15.917   0.641         
 0158   460  13.178   1.450         
 0158   495  13.026   1.457         
 0159   460  15.611   0.819         
 0159   495  14.059   1.879         
 0161   460  16.729   0.802         
 0162   460  16.450   0.834         
 0163   460  13.009   0.198         
 0163   495  12.950   0.327         
 0164   495  15.214   0.951         
 0165   495  15.201   0.906         
 0166   495  15.343   1.498         
 0167   495  15.374   0.855         
 0168   495  15.146   0.493         
 0169   495  14.554   0.319         
 0170   495  15.979   0.889         
 0171   460  14.133   0.338         
 0171   495  13.971   0.454         
 0172   460  16.315   0.879         
 0172   495  14.231   0.496         
 0173   495  17.561   1.289         
 0174   495  17.160   1.032         
 0175   460  16.617   0.585         
 0175   495  16.501   0.696         
 0176   460  16.533   0.928         
 0176   495  15.414   0.400         
 0177   460  12.157   0.236         
 0177   495  12.107   0.299         
 0178   460  16.179   0.755         
 0178   495  15.980   0.809         
 0179   460  16.686   0.897         
 0179   495  16.520   1.097         
 0180   460  15.013   0.347         
 0180   495  14.889   0.453         
 0181   495  13.530   1.641         
 0182   495  16.404   1.063         
 0183   495  16.177   0.778         
 0184   495  16.424   0.733         
 0185   495  15.221   0.555         
 0186   495  16.112   0.779         
 0187   495  16.113   0.870         
 0188   495  16.477   0.550         
 0189   495  14.694   0.597         
 0190   495  14.592   0.356         
 0191   495  14.737   1.126         
 0192   495  14.085   1.867         
 0193   495  12.972   0.353         
 0194   495  12.333   0.440         
 0195   495  14.119   0.616         
 0196   495  13.291   0.509         
 0197   495  13.996   0.476         
 0198   495  12.972   0.591         
 0199   495  15.428   0.531         
 0200   495  14.508   0.894         
 0201   495  13.431   0.756         
 0202   495  13.795   1.105         
 0203   495  13.067   0.420         
 0204   495  14.116   0.475         
 0205   495  11.619   0.441         
 0206   460  13.334   0.198         
 0206   495  13.095   0.353         
 0300   495  16.476   0.978         
 0301   460  16.946   0.689         
 0302   460  16.967   1.413         
 0302   495  16.224   1.127         
 0304   495  14.637   0.608         
 0306   495  14.754   0.650         
 0308   460  16.761   1.025         
 0310   460  16.062   0.801         
 0311   460  15.499  -0.839         
 0312   495  17.240   1.175         
 0314   460  14.816   0.578         
 0314   495  14.697   0.829         
 0500   495  17.473   1.470         
 0501   495  17.327   1.213         
 0502   495  15.642   1.527         
 0504   495  16.122   0.928         
 0505   495  16.342   2.366         
 0507   495  17.189   1.044         
 0508   495  14.782   0.426         
 0509   495  16.616   2.037         
 0510   495  16.456   1.138         
 0512   495  17.257   1.102         
 0513   495  18.307   1.946         
 0514   495  17.439   1.214         
 0516   495  16.801   1.092         
 0518   495  17.885   1.295         
 0520   495  15.614   2.006         
 0522   495  16.278   0.826         
 0523   495  16.793   0.922         
 0524   495  16.777   0.937         
 0525   495  17.682   2.446         
 0527   495  13.902   0.776         
 0528   495  17.336   1.297         
 0529   495  13.919   0.820         
 0530   495  16.474   0.843         
 0531   495  17.260   1.091         
 0532   495  18.492   3.692         
 0533   495  14.710   1.437         
 0535   495  15.943   0.747         
 0536   495  17.962   1.503         
 0538   495  16.210   0.776         
 0539   495  17.862   0.757         
 0540   495  18.235   1.324         
 0542   495  17.084   1.036         
 0546   495  14.264   0.786         
 0547   495  16.170   0.804         
 0548   495  17.159   1.162         
 0550   495  17.391   0.891         
 0552   495  16.659   1.137         
 0553   495  17.167   1.590         
 0554   495  18.106   1.385         
 0555   495  14.361   0.828         
 0556   495  15.599   1.108         
 0557   495  14.245   0.782         
 0558   495  15.608   0.968         
 0559   495  16.532   1.069         
 0560   495  15.681   0.698         
 0561   495  16.646   2.290         
 0562   495  16.960   0.967         
 0563   495  18.380   1.222         
 0565   495  16.862   1.569         
 0566   495  17.528   1.290         
 0567   495  16.689   1.038         
 0568   495  13.880   1.111         
 0569   495  15.720   1.129         
 0570   495  16.326   0.496         
 0572   495  18.016   1.270         
 0573   495  14.505   0.769         
 0574   495  18.270   1.690         
 0575   495  17.144   1.169         
 0576   495  15.693   0.875         
 0577   495  15.445   0.786         
 0578   495  14.363   1.242         
 0579   495  17.179   1.063         
 0582   495  17.889   1.121         
 0583   495  18.420   1.470         
 0584   495  14.786   0.913         
 0585   495  16.244   0.640         
 0587   495  16.303   1.632         
 0588   495  17.424   0.848         
 0590   495  11.905   0.245         
 0592   495  18.380   1.546         
 0593   495  14.308   1.388         
 0594   495  17.184   1.384         
 0595   495  16.261   1.023         
 0596   495  18.669   1.891         
 0597   495  16.567   1.162         
 0600   495  16.438   1.130         
 0601   495  14.820   0.860         
 0602   495  17.299   1.404         
 0603   495  16.894   1.288         
 0604   495  10.393   1.178         
 0606   495  15.008   1.365         
 0607   495  16.353   1.861         
 0608   495  18.003   1.842         
 0609   495  15.377   1.112         
 0610   495  14.052   1.512         
 0611   495  16.722   1.153         
 0612   495  16.698   1.255         
 0613   495  13.449   0.806         
 0614   495  12.620   0.761         
 0615   495  17.555   1.411         
 0616   495  17.755   1.209         
 0619   495  16.914   1.067         
 0620   495  17.359   1.109         
 0623   495  16.380   0.836         
 0624   495  18.541   1.097         
 0625   495  17.224   1.223         
 0627   495  17.897   0.786         
 0628   495  14.302   1.470         
 0629   495  16.704   0.831         
 0631   495  16.731   1.315         
 0632   495  13.580   0.501         
 0633   495  18.410   0.942         
 0634   495  18.370   1.469         
 0635   495  18.774   1.863         
 0636   495  17.686   1.570         
 0637   495  17.372   1.190         
 0639   495  14.048   1.372         
 0640   495  18.488   1.367         
 0641   495  17.437   1.489         
 0642   495  17.946   1.110         
 0643   495  16.025   0.841         
 0644   495  11.803   0.653         
 0645   495  16.560   0.695         
 0646   495  16.744   1.075         
 0647   495  14.887   0.826         
 0648   495  15.898   1.205         
 0649   495  18.535   1.633         
 0650   495  16.250   1.383         
 0651   495  17.341   1.075         
 0652   495  18.041   1.214         
 0653   495  14.202   0.698         
 0654   495  17.871   1.642         
 0655   495  18.034   1.195         
 0657   495  18.065   1.030         
 0658   495  15.769   0.754         
 0659   495  18.672   1.203         
 0661   495  15.961   1.456         
 0662   495  15.293   0.838         
 0663   495  15.755   1.215         
 0664   495  17.249   2.013         
 0665   495  17.427   1.073         
 0666   495  17.299   1.325         
 0668   495  15.878   0.417         
 0669   495  17.750   1.386         
 0670   495  16.489   0.998         
 0671   495  13.238   0.479         
 0673   495  15.059   0.932         
 0674   495  16.529   1.148         
 0675   495  17.783   1.136         
 0676   495  17.550   1.577         
 0677   495  16.049   0.912         
 0678   495  15.865   0.857         
 0679   495  15.604   0.467         
 0680   495  17.029   1.034         
 0681   495  18.356   0.747         
 0682   495  18.571   1.243         
 0684   495  15.037   0.877         
 0685   495  18.450   1.140         
 0686   495  16.174   0.718         
 0691   495  15.859   1.385         
 0692   495  17.969   1.545         
 0693   495  17.096   1.076         
 0694   495  13.396   0.559         
 0695   495  17.889   0.688         
 0696   495  18.111   2.243         
 0697   495  18.317   1.138         
 0698   495  16.448   1.053         
 0700   495  18.141   1.227         
 0701   495  16.427   0.982         
 0703   495  18.127   1.166         
 0704   495  16.726   1.033         
 0705   495  15.237   0.564         
 0706   495  17.007   1.273         
 0707   495  13.136   0.584         
 0708   495  16.793   1.078         
 0709   495  17.986   1.077         
 0710   495  18.334   1.501         
 0713   495  16.270   1.122         
 0714   495  15.162   0.640         
 0715   495  16.193   1.078         
 0717   495  14.322   0.667         
 0719   495  17.136   1.088         
 0720   495  16.386   0.899         
 0721   495  17.498   1.198         
 0723   495  16.778   0.916         
 0724   495  16.784   0.840         
 0725   495  17.437   1.471         
 0726   495  13.804   0.334         
 0729   495  17.234   1.442         
 0730   495  18.432   1.097         
 0731   495  18.676   1.537         
 0733   495  16.316   0.878         
 0734   495  17.568   0.923         
 0736   495  16.929   1.098         
 0737   495  15.562   0.969         
 0738   495  17.186   1.347         
 0739   495  18.111   1.862         
 0740   495  16.497   0.915         
 0741   495  17.896   1.782         
 0743   495  18.226   1.490         
 0744   495  17.590   1.185         
 0745   495  17.311   1.162         
 0746   495  17.031   1.206         
 0747   495  18.039   1.209         
 0748   495  17.424   1.407         
 0749   495  17.761   1.228         
 0752   495  17.375   1.070         
 0753   495  16.953   1.242         
 0754   495  17.742   1.133         
 0755   495  17.059   1.038         
 0756   495  17.922   1.146         
 0757   495  17.084   1.198         
 0758   495  16.561   0.867         
 0759   495  17.834   1.130         
 0760   495  17.028   1.943         
 0761   495  17.183   0.936         
 0762   495  14.488   1.669         
 0763   495  16.971   1.110         
 0764   495  17.330   1.137         
 0765   495  16.151   1.417         
 0766   495  20.019   0.416         
 0767   495  14.619   0.445         
 0768   495  16.569   1.055         
 0769   495  16.859   0.866         
 0770   495  16.759   0.911         
 0771   495  15.868   0.958         
 0773   495  19.027   1.226         
 0774   495  16.013   1.035         
 0776   495  17.834   0.855         
 0778   495  16.042   1.037         
 0779   495  17.078   0.934         
 0780   495  18.330   2.186         
 0783   495  15.536   0.889         
 0784   495  17.393   1.094         
 0785   495  15.159   0.790         
 0787   495  13.938   0.839         
 0788   495  16.741   0.798         
 0790   495  17.910  -0.087         
 0791   495  16.806   0.805         
 0792   495  15.514   1.010         
 0795   495  15.746   0.732         
 0796   495  16.927   1.996         
 0797   495  12.788   0.841         
 0798   495  12.402   2.164         
 0799   495  17.888   1.078         
 0800   495  17.824   1.046         
 0803   495  15.940   0.923         
 0804   495  17.574   1.234         
 0805   495  16.772   0.937         
 0806   495  17.680   1.402         
 0808   495  11.522   0.408         
 0809   495  18.809   1.599         
 0812   495  15.740   0.981         
 0814   495  16.559   0.796         
 0816   495  17.719   1.412         
 0817   495  17.285   1.173         
 0819   495  17.150   1.342         
 0820   495  18.669   1.016         
 0822   495  16.592   1.211         
 0824   495  16.988   1.247         
 0825   495  15.396   1.058         
 0826   495  16.981   0.876         
 0827   495  15.685   1.856         
 0828   495  17.829   1.406         
 0829   495  16.132   0.697         
 0830   495  17.080   1.034         
 0831   495  16.733   0.910         
 0832   495  17.679  -0.104         
 0836   495  16.488   1.366         
 0837   495  17.636   0.942         
 0838   495  13.129   0.909         
 0839   495  17.332   1.331         
 0840   495  17.094   1.317         
 0841   495  15.638   1.535         
 0843   495  18.413   1.063         
 0844   495  14.731   1.616         
 0845   495  18.198   1.519         
 0846   495  16.198   1.960         
 0848   495  16.073   1.016         
 0849   495  13.318   0.719         
 0850   495  17.900   1.321         
 0851   495  17.371   1.097         
 0853   495  15.271   0.591         
 0855   495  18.658   2.059         
 0856   495  17.037   0.999         
 0857   495  18.994   1.972         
 0858   495  14.793   1.118         
 0861   495  18.793   1.275         
 0862   495  16.721   1.750         
 0863   495  16.658   1.226         
 0864   495  18.334   1.005         
 0865   495  16.818   0.967         
 0866   495  18.108   1.360         
 0867   495  17.732   1.458         
 0868   495  17.488   1.324         
 0869   495  17.534   1.784         
 0870   495  17.410   1.200         
 0873   495  17.761   1.680         
 0874   495  19.070   1.089         
 0875   495  15.546   1.447         
 0876   495  18.163   1.825         
 0877   495  15.447   0.644         
 0878   495  18.100   1.061         
 0879   495  16.831   0.479         
 0882   495  17.447   1.092         
 0883   495  17.908   1.144         
 0884   495  14.862   1.478         
 0886   495  16.170   1.011         
 0887   495  16.862   1.307         
 0888   495  14.780   0.674         
 0892   495  15.125   1.008         
 0894   495  14.942   1.465         
 0895   495  16.837   1.125         
 0896   495  18.013   2.656         
 0897   495  14.294   0.488         
 0898   495  15.396   0.934         
 0900   495  17.031   1.300         
 0903   495  18.805   1.215         
 0904   495  17.459   1.108         
 0905   495  15.821   1.402         
 0906   495  16.887   0.839         
 0908   495  17.119   1.316         
 0909   495  17.073   0.983         
 0910   495  16.065   1.614         
 0911   495  14.925   0.979         
 0912   495  18.035   1.089         
 0914   495  18.171   1.026         
 0915   495  13.400   1.081         
 0916   495  16.801   2.019         
 0917   495  15.758   0.606         
 0919   495  16.966   0.475         
 0920   495  15.811   0.884         
 0921   495  17.272   0.976         
 0923   495  13.889   0.842         
 0925   495  18.629   0.831         
 0926   495  16.932   1.008         
 0927   495  17.670   1.122         
 0928   495  17.950   1.036         
 0930   495  14.413   0.585         
 0931   495  18.676   1.288         
 0932   495  18.059   1.343         
 0933   495  15.933   1.022         
 0937   495  16.551   1.423         
 0938   495  18.894   1.510         
 0939   495  17.740   0.961         
 0940   495  16.828   1.136         
 0941   495  16.422   1.043         
 0942   495  17.508   0.946         
 0943   495  17.524   1.037         
 0944   495  17.375   1.044         
 0945   495  17.689   1.310         
 0947   495  18.062   1.212         
 0950   495  14.634   0.509         
 0951   495  16.368   0.885         
 0952   495  16.835   1.155         
 0953   495  16.321   0.730         
 0955   495  12.535   0.443         
 0956   495  17.366   1.210         
 0957   495  17.409   0.794         
 0958   495  17.258   1.193         
 0959   495  17.828   1.603         
 0960   495  17.667   1.881         
 0961   495  17.686   1.152         
 0962   495  13.670   0.595         
 0963   495  17.013   1.176         
 0964   495  18.424   1.652         
 0968   495  12.430   0.704         
 0969   495  14.886   1.192         
 0970   495  18.400   1.441         
 0971   495  14.389   1.660         
 0972   495  18.323   1.805         
 0974   495  15.402   1.004         
 0975   495  15.190   1.456         
 0976   495  16.465   1.112         
 0977   495  18.558  -0.334         
 0978   495  13.661   0.538         
 0979   495  18.693   1.664         
 0982   495  18.787   1.375         
 0983   495  16.689   0.976         
 0985   495  14.047   0.530         
 0987   495  14.708   0.843         
 0988   495  14.388   1.532         
 0989   495  14.726   0.855         
 0990   495  16.849   0.969         
 0991   495  14.872   0.919         
 0992   495  16.852   1.347         
 0993   495  17.858   1.251         
 0994   495  16.377   1.294         
 0995   495  16.759   0.812         
 0997   495  16.548   1.030         
 0998   495  16.876   0.849         
 0999   495  18.387   2.200         
 1000   495  16.530   1.121         
 1001   495  16.702   1.141         
 1002   495  14.142   0.743         
 1003   495  17.457   1.138         
 1004   495  18.079   0.979         
 1005   495  14.164   0.578         
 1006   495  17.460   1.215         
 1008   495  18.093   1.350         
 1009   495  14.518   0.687         
 1010   495  15.642   0.909         
 1011   495  18.577   1.104         
 1012   495  14.476   1.014         
 1013   495  16.554   0.895         
 1014   495  17.800   1.270         
 1015   495  15.848   1.877         
 1016   495  17.110   1.030         
 1017   495  15.690   1.192         
 1018   495  17.415   1.312         
 1019   495  17.033   1.081         
 1020   495  15.542   1.292         
 1021   495  18.277   1.327         
 1024   495  15.524   0.660         
 1025   495  17.162   1.038         
 1027   495  16.791   0.853         
 1028   495  17.945   1.119         
 1029   495  17.740   1.384         
 1030   495  14.619   0.673         
 1031   495  17.135   1.208         
 1032   495  18.375   1.296         
 1033   495  18.185   1.361         
 1034   495  15.286   0.934         
 1035   495  15.940   0.678         
 1036   495  18.111   1.220         
 1037   495  17.582   1.318         
 1038   495  16.365   1.015         
 1039   495  15.809   0.972         
 1040   495  15.802   0.948         
 1042   495  17.340   2.038         
 1044   495  17.459   1.045         
 1045   495  16.136   0.783         
 1046   495  16.908   1.847         
 1048   495  13.856   0.785         
 1050   495  17.072   2.271         
 1051   495  15.377   1.539         
 1052   495  15.213   1.412         
 1053   495  17.061   1.105         
 1054   495  13.897   0.809         
 1055   495  15.345   1.371         
 1056   495  16.762   1.015         
 1057   495  17.784   1.395         
 1058   495  15.069   1.914         
 1059   495  16.986   1.136         
 1060   495  14.344   0.680         
 1061   495  17.739   1.324         
 1062   495  16.098   0.932         
 1064   495  17.243   1.121         
 1065   495  16.082   0.860         
 1066   495  18.963   1.626         
 1067   495  18.763   0.768         
 1068   495  18.372   1.745         
 1070   495  17.919   1.277         
 1071   495  16.767   1.105         
 1072   495  13.941   1.146         
 1074   495  15.342   0.916         
 1075   495  16.474   1.041         
 1076   495  16.916   1.115         
 1077   495  16.192   1.188         
 1079   495  16.722   1.247         
 1080   495  15.295   0.693         
 1081   495  16.453   1.101         
 1082   495  15.527   1.192         
 1083   495  17.870   1.202         
 1085   495  16.946   0.770         
 1087   495  16.276   1.149         
 1088   495  16.375   0.904         
 1089   495  16.608   1.132         
 1090   495  15.331   0.607         
 1092   495  15.040   0.962         
 1095   495  16.938   1.120         
 1097   495  16.739   0.943         
 1098   495  16.928   1.120         
 1099   495  16.741   1.041         
 1101   495  18.336   1.127         
 1102   495  17.974   1.942         
 1103   495  17.226   1.103         
 1104   495  16.022   0.964         
 1105   495  13.443   0.359         
 1106   495  15.876   1.585         
 1107   495  16.547   1.159         
 1108   495  15.078   0.694         
 1109   495  17.478   1.014         
 1110   495  18.431   1.833         
 1111   495  17.684   1.206         
 1112   495  16.225   0.978         
 1116   495  16.555   0.812         
 1117   495  17.313   1.882         
 1118   495  19.501   1.773         
 1119   495  16.296   1.146         
 1120   495  17.785   1.163         
 1121   495  17.166   0.932         
 1122   495  17.661   1.537         
 1124   495  18.333   1.044         
 1125   495  18.202   1.685         
 1126   495  17.809   1.244         
 1127   495  16.136   0.895         
 1128   495  16.969   1.259         
 1129   495  18.126   1.432         
 1130   495  17.637   1.288         
 1132   495  18.049   1.277         
 1133   495  17.008   1.349         
 1134   495  18.826   2.034         
 1136   495  17.675   1.075         
 1137   495  16.620   0.835         
 1138   495  15.952   1.359         
 1139   495  17.515   1.077         
 1142   495  16.171   0.648         
 1143   495  18.109   1.046         
 1144   495  15.819   1.647         
 1145   495  16.058   0.982         
 1146   495  16.715   0.953         
 1147   495  18.009   0.834         
 1149   495  16.686   0.878         
 1150   495  17.325   1.288         
 1151   495  16.529   0.951         
 1153   495  18.563   1.248         
 1154   495  17.512   1.484         
 1155   495  12.859   0.441         
 1156   495  17.018   1.146         
 1157   495  16.692   0.816         
 1158   495  17.377   1.112         
 1159   495  17.306   0.990         
 1160   495  14.669   1.467         
 1162   495  14.205   1.023         
 1163   495  17.220   1.214         
 1166   495  18.437   1.414         
 1167   495  17.336   1.586         
 1168   495  16.595   0.702         
 1169   495  18.035   1.226         
 1170   495  17.584   1.183         
 1174   495  15.742   0.924         
 1175   495  17.195   0.980         
 1176   495  17.262   2.460         
 1177   495  15.026   0.462         
 1178   495  15.628   0.778         
 1180   495  16.714   1.226         
 1181   495  16.663   1.161         
 1182   495  15.268   0.775         
 1183   495  17.388   0.830         
 1184   495  15.294   2.083         
 1186   495  17.200   0.891         
 1187   495  15.766   0.588         
 1188   495  13.760   1.150         
 1189   495  15.287   1.020         
 1190   495  18.451   1.461         
 1191   495  16.189   1.070         
 1193   495  16.116   0.701         
 1195   495  14.812   0.887         
 1196   495   9.958   1.862         
 1197   495  14.969   0.458         
 1198   495  17.525   1.052         
 1199   495  17.161   0.584         
 1201   495  16.647   1.039         
 1202   495  14.973   0.459         
 1203   495  14.889   1.085         
 1205   495  16.700   1.978         
 1206   495  17.971   1.465         
 1208   495  16.670   0.857         
 1209   495  16.474   0.889         
 1210   495  17.387   1.740         
 1211   495  17.543   0.968         
 1212   495  16.982   1.124         
 1213   495  17.896   1.353         
 1214   495  18.047   1.406         
 1215   495  16.278   1.024         
 1216   495  17.259   1.020         
 1217   495  16.761   0.907         
 1220   495  16.456   0.734         
 1221   495  16.351   0.796         
 1222   495  18.058   1.165         
 1223   495  15.528   0.582         
 1224   495  16.104   0.625         
 1225   495   9.501   3.574         
 1226   495  14.477   1.572         
 1227   495  16.422   0.970         
 1229   495  18.058   1.345         
 1232   495  17.036   1.122         
 1233   495  17.870   1.124         
 1234   495  18.382   1.665         
 1235   495  14.458   0.508         
 1236   495  17.219   0.900         
 1238   495  16.697   1.047         
 1239   495  18.509   1.955         
 1240   495  17.617   1.610         
 1241   495  15.902   0.684         
 1242   495  17.704   1.080         
 1243   495  15.723   1.297         
 1244   495  17.849   0.868         
 1245   495  12.157   1.452         
 1246   495  17.912   0.898         
 1247   495  18.984   1.216         
 1249   495  18.349   1.025         
 1251   495  17.766   1.115         
 1253   495  15.419   0.844         
 1256   495  18.450   1.232         
 1257   495  17.921   1.275         
 1258   495  16.006   1.174         
 1259   495  18.348   1.176         
 1261   495  18.055   2.147         
 1263   495  16.884   1.260         
 1264   495  17.190   1.084         
 1265   495  17.094   0.993         
 1266   495  17.945   1.422         
 1267   495  18.386   1.004         
 1268   495  18.072   0.875         
 1269   495  16.140   1.444         
 1270   495  13.057   0.630         
 1271   495  17.531   1.087         
 1272   495  13.595   0.727         
 1274   495  16.802   1.115         
 1275   495  16.129   0.834         
 1276   495  16.386   0.884         
 1277   495  16.032   1.486         
 1278   495  17.325   1.110         
 1279   495  17.852   1.443         
 1280   495  15.058   1.517         
 1281   495  17.846   1.085         
 1282   495  18.018   1.287         
 1283   495  14.469   0.956         
 1284   495  17.502   0.957         
 1285   495  17.634   0.744         
 1286   495  16.566   1.096         
 1287   495  17.911   1.386         
 1289   495  16.308   1.025         
 1290   495  17.670   2.418         
 1292   495  17.417   1.238         
 1293   495  16.705   1.283         
 1294   495  17.634   1.084         
 1295   495  16.343   0.855         
 1296   495  18.007   1.357         
 1298   495  13.799   0.473         
 1299   495  16.866   0.968         
 1301   495  17.074   0.988         
 1302   495  18.054   1.250         
 1304   495  18.155   1.127         
 1305   495  17.881   1.161         
 1306   495  14.780   0.698         
 1307   495  16.016   0.671         
 1308   495  15.644   0.706         
 1309   495  18.443   1.015         
 1310   495  15.890   0.872         
 1311   495  17.718   1.696         
 1312   495  17.695   1.292         
 1313   495  18.626   1.202         
 1314   495  16.897   1.165         
 1315   495  16.792   1.961         
 1319   495  17.303   0.914         
 1320   495  16.313   1.772         
 1321   495  18.184   1.493         
 1322   495  18.519   1.781         
 1323   495  16.209   1.201         
 1324   495  18.782   0.847         
 1326   495  17.584   1.140         
 1327   495  14.523   1.906         
 1330   495  16.740   1.730         
 1332   495  17.448   1.037         
 1333   495  15.324   0.526         
 1334   495  17.196   1.089         
 1335   495  17.680   1.332         
 1336   495  17.190   1.469         
 1338   495  17.521   1.243         
 1339   495  17.127   1.236         
 1340   495  16.592   0.890         
 1341   495  18.340  -0.406         
 1343   495  17.409   1.187         
 1344   495  16.687   0.920         
 1345   495  15.698   1.030         
 1347   495  18.449   1.743         
 1349   495  16.110   0.988         
 1350   495  15.571   1.141         
 1351   495  15.728   1.766         
 1353   495  18.198   1.441         
 1354   495  18.226   1.091         
 1355   495  16.905   0.738         
 1357   495  17.166   1.202         
 1358   495  16.227   0.751         
 1359   495  17.196   0.531         
 1360   495  17.495   1.307         
 1361   495  14.409   1.734         
 1362   495  15.965   1.777         
 1365   495  16.472   1.062         
 1366   495  18.415   1.382         
 1367   495  16.285   1.487         
 1368   495  13.960   1.039         
 1369   495  17.784   1.239         
 1371   495  14.643   0.503         
 1372   495  17.301   1.243         
 1373   495  17.837   1.253         
 1374   495  16.796   1.305         
 1375   495  17.717   1.395         
 1377   495  15.737   0.909         
 1379   495  19.051   1.287         
 1381   495  17.942   1.853         
 1382   495  17.819   1.457         
 1383   495  17.614   1.353         
 1384   495  17.696   1.258         
 1385   495  13.850   0.906         
 1386   495  14.725   0.926         
 1387   495  17.329   1.497         
 1388   495  16.878   1.379         
 1389   495  15.494   1.089         
 1390   495  15.714   1.338         
 1392   495  15.678   0.974         
 1393   495  17.880   1.047         
 1394   495  17.138   1.330         
 1395   495  17.448   1.292         
 1398   495  16.565   1.135         
 1399   495  10.052   1.216         
 1400   495  17.169   1.003         
 1401   495  16.021   1.054         
 1402   495  14.720   0.855         
 1403   495  15.902   0.825         
 1404   495  18.181   1.700         
 1405   495  17.375   1.274         
 1406   495  16.755   0.936         
 1407   495  14.788   1.116         
 1408   495  17.081   0.852         
 1409   495  17.387   0.693         
 1410   495  17.620   1.191         
 1411   495  17.577   1.127         
 1412   495  17.722   1.438         
 1413   495  16.873   1.395         
 1414   495  17.380   1.585         
 1415   495  17.912   0.962         
 1416   495  15.227   0.905         
 1417   495  14.855   0.918         
 1418   495  17.299   1.551         
 1419   495  15.934   1.125         
 1421   495  17.746   1.278         
 1422   495  18.162   1.000         
 1423   495  16.003   1.137         
 1428   495  14.131   0.985         
 1429   495  16.453   1.149         
 1430   495  14.063   0.734         
 1431   495  15.941   0.714         
 1432   495  15.945   1.350         
 1433   495  17.485   1.231         
 1434   495  17.803   1.065         
 1436   495  17.247   0.855         
 1437   495  17.042   1.084         
 1439   495  17.642   1.350         
 1441   495  16.104   1.229         
 1442   495  15.483   0.789         
 1444   495  17.233   1.074         
 1446   495  16.678   1.130         
 1447   495  15.722   1.102         
 1448   495  16.324   0.706         
 1449   495  17.548   1.302         
 1450   495  17.078   1.097         
 1451   495  17.769   1.033         
 1453   495  16.239   1.567         
 1455   495  17.619   1.202         
 1456   495  17.764   1.077         
 1457   495  17.065   1.146         
 1458   495  18.372   2.257         
 1459   495  17.157   1.424         
 1460   495  16.517   1.049         
 1461   495  18.139   1.119         
 1462   495  17.634   1.361         
 1463   495  16.696   0.818         
 1464   495  16.735   0.916         
 1466   495  17.270   1.249         
 1467   495  17.962   1.639         
 1468   495  11.069   0.561         
 1469   495  14.253   0.357         
 1471   495  16.086   1.004         
 1472   495  17.505   1.105         
 1473   495  17.179   1.558         
 1474   495  15.821   0.941         
 1475   495  16.333   1.109         
 1476   495  16.184   0.922         
 1477   495  18.009   1.006         
 1480   495  16.230   1.748         
 1481   495  16.531   2.287         
 1482   495  16.958   0.990         
 1483   495  16.435   0.651         
 1484   495  17.758   1.175         
 1485   495  17.360   1.300         
 1486   495  16.249   1.665         
 1487   495  12.502   2.195         
 1489   495  16.438   1.013         
 1490   495  17.913   0.991         
 1491   495  14.192   0.514         
 1492   495  17.764   1.200         
 1494   495  13.866   2.153         
 1495   495  17.756   1.708         
 1496   495  16.158   0.813         
 1498   495  19.243   1.211         
 1499   495  17.554   1.080         
 1501   495  14.270   0.541         
 1502   495  16.972   1.240         
 1504   495  14.787   0.874         
 1506   495  15.983   0.836         
 1507   495  18.025   1.208         
 1508   495  17.678   1.114         
 1509   495  13.242   1.637         
 1510   495  15.959   0.904         
 1512   495  16.907   1.044         
 1513   495  15.891   0.474         
 1514   495  15.104   0.914         
 1515   495  14.552   1.024         
 1516   495  14.913   0.896         
 1517   495  16.686   0.884         
 1518   495  16.996   1.492         
 1519   495  17.092   1.173         
 1520   495  17.699   2.666         
 1524   495  18.356   1.324         
 1526   495  16.573   1.208         
 1527   495  17.184   1.227         
 1528   495  15.407   1.253         
 1529   495  18.072   0.926         
 1530   495  18.707   1.637         
 1531   495  16.617   0.969         
 1532   495  15.140   1.828         
 1534   495  18.116   1.445         
 1535   495  18.022   1.397         
 1536   495  17.588   1.236         
 1538   495  17.245   1.106         
 1539   495  16.704   1.197         
 1541   495  18.526   1.654         
 1542   495  18.068   1.252         
 1543   495  16.847   1.194         
 1544   495  14.559   1.172         
 1545   495  19.027   1.613         
 1547   495  16.221   0.954         
 1548   495  15.960   1.052         
 1549   495  16.279   1.789         
 1550   495  15.435   0.656         
 1551   495  16.322   0.817         
 1552   495  16.830   1.848         
 1553   495  14.159   0.800         
 1555   495  16.184   0.617         
 1558   495  18.391   1.503         
 1559   495  17.199   1.238         
 1560   495  16.005   0.485         
 1561   495  19.036   2.323         
 1562   495  18.646   1.795         
 1563   495  17.983   1.123         
 1564   495  16.070   1.041         
 1565   495  17.033   1.022         
 1566   495  17.711   1.301         
 1568   495  17.565   1.290         
 1569   495  17.618   1.357         
 1570   495  17.173   0.928         
 1571   495  14.188   0.885         
 1572   495  14.124   0.991         
 1575   495  15.077   0.612         
 1576   495  16.291   1.325         
 1579   495  18.721   1.375         
 1580   495  12.281   1.954         
 1581   495  18.113   1.799         
 1583   495  18.350   1.035         
 1585   495  17.782   1.170         
 1586   495  17.460   1.518         
 1588   495  18.588   1.504         
 1589   495  17.851   1.142         
 1591   495  18.858   1.887         
 1592   495  16.640   1.928         
 1595   495  17.516   1.667         
 1598   495  17.897   1.479         
 1599   495  16.852   1.698         
 1600   495  14.444   1.571         
 1601   495  14.969   1.049         
 1602   495  18.109   1.536         
 1603   495  13.403   1.008         
 1604   495  13.242   0.780         
 1605   495  16.206   0.733         
 1608   495  17.969   1.610         
 1610   495  17.780   1.266         
 1611   495  16.462   1.059         
 1613   495  15.871   1.034         
 1614   495  17.738   1.192         
 1615   495  18.505   0.788         
 1616   495  16.864   0.853         
 1617   495  18.053   1.153         
 1619   495  17.245   1.163         
 1620   495  17.213   0.989         
 1622   495  17.000   0.980         
 1625   495  16.174   0.924         
 1626   495  17.948   1.696         
 1627   495  17.882   1.246         
 1628   495  16.672   0.573         
 1629   495  17.202   1.422         
 1631   495  16.461   1.132         
 1633   495  15.369   0.948         
 1634   495  16.659   0.900         
 1636   495  17.120   1.141         
 1637   495  16.560   1.120         
 1638   495  13.447   1.526         
 1639   495  16.381   0.918         
 1640   495  15.866   0.887         
 1641   495  18.730   1.009         
 1642   495  17.717   1.400         
 1643   495  17.686   1.034         
 1644   495  17.754   1.076         
 1645   495  17.329   1.112         
 1646   495  17.927   0.992         
 1647   495  16.529   1.021         
 1648   495  17.732   1.477         
 1650   495  13.336   0.439         
 1651   495  16.306   1.077         
 1652   495  16.968   0.749         
 1653   495  15.616   0.655         
 1654   495  16.353   1.020         
 1655   495  17.328   1.421         
 1656   495  15.605   0.765         
 1657   495  16.750   1.097         
 1660   495  16.778   1.325         
 1662   495  17.433   1.147         
 1664   495  17.116   1.331         
 1665   495  14.763   0.514         
 1666   495  15.230   1.602         
 1668   495  18.571   1.186         
 1670   495  15.391   1.655         
 1671   495  16.305   1.148         
 1672   495  16.956   1.032         
 1674   495  17.667   0.875         
 1676   495  16.386   1.132         
 1678   495  16.321   1.230         
 1679   495  17.425   1.573         
 1680   495  16.988   1.113         
 1681   495  16.534   1.028         
 1682   495  18.261   1.874         
 1683   495  16.332   0.976         
 1684   495  18.555   1.926         
 1685   495  15.366   0.554         
 1686   495  17.871   1.192         
 1688   495  15.026   1.048         
 1690   495  14.243   0.510         
 1691   495  14.260   0.442         
 1692   495  17.114   0.849         
 1693   495  14.590   1.706         
 1694   495  15.467   0.910         
 1695   495  18.226   1.309         
 1697   495  18.415   1.994         
 1698   495  16.476   1.082         
 1699   495  17.809   1.303         
 1700   495  17.048   0.893         
 1701   495  17.730   1.420         
 1703   495  18.392   1.022         
 1704   495  18.201   1.683         
 1705   495  15.736   0.857         
 1706   495  16.493   0.781         
 1707   495  16.621   1.050         
 1710   495  15.218   0.799         
 1711   495  16.805   0.807         
 1712   495  16.459   0.848         
 1713   495  18.353   1.435         
 1716   495  17.520   1.313         
 1718   495  17.494   0.853         
 1719   495  17.029   1.321         
 1722   495  16.452   1.001         
 1724   495  17.077   1.207         
 1725   495  16.176   0.709         
 1726   495  15.101   0.152         
 1727   495  17.688   1.400         
 1728   495  18.045   1.612         
 1729   495  17.579   0.836         
 1730   495  17.943   1.830         
 1731   495  17.645   1.018         
 1732   495  18.744   1.414         
 1733   495  18.602   1.204         
 1734   495  18.084   1.391         
 1735   495  15.552   1.171         
 1736   495  17.657   1.005         
 1737   495  18.012   1.580         
 1739   495  17.320   1.029         
 1741   495  17.422   1.311         
 1742   495  15.572   1.476         
 1743   495  13.602   0.845         
 1744   495  18.749   1.939         
 1745   495  18.629   2.662         
 1748   495  16.680   0.975         
 1750   495  18.314   1.761         
 1751   495  16.763   1.029         
 1752   495  18.140   0.961         
 1753   495  18.388   1.796         
 1754   495  15.109   0.893         
 1756   495  17.437   1.360         
 1757   495  17.226   0.954         
 1758   495  16.951   1.992         
 1759   495  14.673   0.787         
 1763   495  15.816   1.054         
 1764   495  18.729   1.500         
 1765   495  15.335   0.783         
 1766   495  14.308   1.005         
 1769   495  17.020   1.013         
 1771   495  16.908   0.971         
 1773   495  14.965   0.485         
 1775   495  13.908   1.485         
 1776   495  18.042   2.173         
 1778   495  18.845   1.530         
 1779   495  15.047   0.597         
 1782   495  18.406   1.314         
 1783   495  15.903   1.177         
 1784   495  16.430   0.919         
 1785   495  16.576   0.927         
 1786   495  12.308   0.791         
 1787   495  16.976   1.313         
 1788   495  18.062   1.353         
 1789   495  16.802   0.951         
 1790   495  17.635   1.271         
 1791   495  16.210   0.975         
 1792   495  16.910   0.782         
 1794   495  17.208   1.139         
 1795   495  17.421   2.002         
 1797   495  18.444   1.248         
 1798   495  17.403   0.782         
 1800   495  18.305   1.618         
 1801   495  17.569   1.059         
 1803   495  15.754   0.730         
 1804   495  17.434   1.204         
 1805   495  17.104   1.180         
 1806   495  17.713   2.243         
 1808   495  18.114   1.637         
 1809   495  16.087   0.731         
 1810   495  16.580   1.053         
 1814   495  17.699   1.119         
 1818   495  12.390   0.362         
 1820   495  17.209   1.461         
 1821   495  16.190   0.814         
 1822   495  16.929   0.880         
 1826   495  17.530   0.664         
 1827   495  17.503   1.645         
 1828   495  13.494   1.431         
 1829   495  16.923   1.361         
 1830   495  17.547   0.822         
 1833   495  15.930   1.396         
 1834   495  17.433   1.726         
 1835   495  17.152   1.430         
 1837   495  13.166   0.856         
 1838   495  17.816   1.349         
 1839   495  18.205   1.430         
 1841   495  16.934   0.939         
 1842   495  17.091   1.351         
 1843   495  17.556   1.450         
 1844   495  14.908   0.926         
 1845   495  17.078   1.003         
 1846   495  13.701   1.182         
 1849   495  18.116   1.227         
 1853   495  15.276   1.252         
 1854   495  14.786   0.845         
 1856   495  13.762   1.458         
 1857   495  17.301   1.129         
 1858   495  17.155   2.559         
 1859   495  17.273   0.803         
 1860   495  17.651   1.601         
 1863   495  17.644   0.951         
 1864   495  15.777   0.891         
 1865   495  17.370   1.306         
 1866   495  16.330   0.832         
 1867   495  18.344   1.149         
 1868   495  15.271   0.536         
 1875   495  18.217   1.532         
 1876   495  19.100   1.010         
 1877   495  16.556   2.164         
 1878   495  17.050   1.279         
 1879   495  17.601   0.956         
 1881   495  17.101   1.237         
 1882   495  16.148   0.769         
 1883   495  18.240   1.719         
 1886   495  18.084   1.119         
 1890   495  17.481   0.906         
 1891   495  15.680   0.744         
 1893   495  11.418   0.361         
 1894   495  17.332   1.398         
 1898   495  14.754   1.635         
 1900   495  17.599   1.056         
 1901   495  17.317   0.972         
 1903   495  15.289   0.574         
 1907   495  17.916   1.120         
 1912   495  17.884   1.138         
 1913   495  18.429   1.303         
 1915   495  17.901   1.006         
 1921   495  16.334   0.600         
 1922   495  16.186   0.692         
 1923   495  16.983   1.457         
 1924   495  17.308   1.152         
 1925   495  18.238   0.726         
 1928   495  13.492   0.517         
 1929   495  17.628   1.113         
 1930   495  15.941   0.928         
 1931   495  16.624   0.929         
 1932   495  16.668   1.176         
 1933   495  16.980   1.374         
 1934   495  17.732   1.248         
 1935   495  16.461   0.897         
 1937   495  15.059   0.814         
 1938   495  17.593   2.333         
 1939   495  18.142   1.545         
 1942   495  15.756   1.309         
 1943   495  17.808   1.105         
 1944   495  17.037   1.007         
 1945   495  17.003   0.895         
 1948   495  18.221   1.405         
 1949   495  14.177   0.265         
 1952   495  16.451   0.883         
 1953   495  15.400   0.948         
 1954   495  13.941   0.427         
 1955   495  17.254   0.709         
 1957   495  15.981   1.922         
 1958   495  18.020   1.214         
 1959   495  16.210   0.921         
 1961   495  18.922   1.602         
 1963   495  18.400   1.930         
 1964   495  14.520   0.546         
 1965   495  16.520   1.718         
 1966   495  12.643   0.647         
 1972   495  15.761   1.256         
 1974   495  15.792   0.994         
 1975   495  18.013   1.232         
 1976   495  17.087   1.127         
 1977   495  17.855   1.373         
 1978   495  18.239   1.207         
 1979   495  16.513   1.561         
 1980   495  17.587   1.403         
 1981   495  17.214   1.113         
 1982   495  17.889   1.158         
 1983   495  17.543   0.901         
 1984   495  17.514   1.754         
 1986   495  18.142   1.254         
 1987   495  17.865   1.589         
 1988   495  17.305   1.281         
 1990   495  17.184   0.959         
 1991   495  18.003   1.374         
 1992   495  15.830   1.536         
 1993   495  17.766   1.795         
 1994   495  15.280   0.894         
 1995   495  17.061   1.138         
 1996   495  17.464   1.187         
 1997   495  17.250   1.161         
 1998   495  18.140   1.368         
 2000   495  17.743   0.678         
 2001   495  17.520   1.172         
 2002   495  15.974   1.081         
 2003   495  14.793   0.623         
 2004   495  16.463   1.457         
 2005   495  15.897   0.706         
 2007   495  17.253   1.213         
 2008   495  17.095   1.061         
 2009   495  17.435   0.943         
 2010   495  18.494   1.236         
 2011   495  13.929   0.754         
 2012   495  15.803   0.738         
 2014   495  18.759   0.846         
 2015   495  13.773   1.498         
 2016   495  15.097   1.021         
 2017   495  18.320   1.541         
 2019   495  17.616   0.830         
 2020   495  14.254   0.931         
 2021   495  17.672   1.337         
 2022   495  16.381   1.410         
 2023   495  17.968   1.075         
 2024   495  16.128   1.566         
 2026   495  17.360   1.099         
 2027   495  18.433   1.195         
 2028   495  18.454   1.226         
 2031   495  18.094   1.734         
 2032   495  18.533   1.443         
 2033   495  18.378   1.318         
 2034   495  18.560   1.379         
 2036   495  13.413   0.440         
 2037   495  17.247   1.037         
 2039   495  15.503   1.378         
 2040   495  14.412   0.644         
 2041   495  17.998   0.981         
 2044   495  17.811   1.116         
 2045   495  18.313   1.316         
 2046   495  14.060   1.673         
 2047   495  17.506   1.524         
 2049   495  18.385   1.373         
 2053   495  16.630   1.103         
 2055   495  14.887   0.690         
 2056   495  18.196   1.391         
 2057   495  14.784   1.828         
 2058   495  16.154   0.925         
 2060   495  13.571   0.698         
 2063   495  17.194   1.126         
 2064   495  17.160   1.017         
 2066   495  18.676   1.383         
 2067   495  17.707   1.344         
 2068   495  17.983   1.339         
 2069   495  17.468   1.148         
 2070   495  18.129   1.200         
 2073   495  16.893   1.228         
 2074   495  17.773   1.451         
 2075   495  17.841   1.112         
 2076   495  17.689   1.280         
 2079   495  17.317   1.033         
 2080   495  16.909   0.730         
 2081   495  14.835   0.445         
 2082   495  14.200   1.177         
 2083   495  16.130   0.875         
 2084   495  15.522   1.592         
 2086   495  16.052   1.064         
 2087   495  17.608   1.277         
 2088   495  17.941   1.217         
 2089   495  17.449   1.168         
 2091   495  17.434   1.215         
 2092   495  17.806   1.008         
 2093   495  18.169   1.781         
 2094   495  17.499   1.207         
 2095   495  18.468   1.276         
 2096   495  16.517   0.955         
 2097   495  17.082   1.092         
 2098   495  13.269   1.728         
 2099   495  16.622   0.600         
 2101   495  17.460   1.339         
 2102   495  17.445   1.451         
 2104   495  15.401   1.542         
 2105   495  18.062   1.111         
 2108   495  17.048   1.037         
 2109   495  14.653   1.171         
 2110   495  18.456   1.678         
 2111   495  18.761   1.258         
 2112   495  18.026   0.930         
 2116   495  16.302   0.744         
 2117   495  18.116   1.323         
 2118   495  14.770   0.986         
 2119   495  17.180   0.980         
 2120   495  18.350   0.808         
 2122   495  18.048   1.152         
 2123   495  14.756  -0.872         
 2124   495  18.168   1.356         
 2125   495  14.156   1.267         
 2129   495  17.644   1.111         
 2130   495  15.935   1.173         
 2131   495  15.740   0.701         
 2132   495  18.911   1.284         
 2133   495  18.216   1.017         
 2134   495  16.898   0.922         
 2136   495  16.901   1.032         
 2137   495  11.021   0.473         
 2138   495  17.516   1.287         
 2139   495  18.559   1.068         
 2141   495  16.097   0.744         
 2142   495  15.724   1.114         
 2143   495  15.890   0.888         
 2144   495  15.841   1.201         
 2145   495  17.706   0.876         
 2147   495  17.151   1.047         
 2149   495  17.248   1.050         
 2150   495  14.812   1.011         
 2151   495  18.636   1.869         
 2152   495  17.090   1.047         
 2153   495  16.914   0.965         
 2154   495  16.224   1.274         
 2155   495  17.921   1.026         
 2157   495  14.352   0.767         
 2158   495  16.390   0.861         
 2159   495  16.363   1.277         
 2160   495  17.303   0.973         
 2163   495  17.404   0.925         
 2164   495  17.990   1.176         
 2165   495  17.136   1.063         
 2166   495  16.471   1.068         
 2167   495  18.228   1.279         
 2170   495  17.926   1.481         
 2172   495  14.884   1.353         
 2173   495  16.675   0.962         
 2174   495  17.863   1.248         
 2175   495  16.799   1.198         
 2176   495  18.427   2.210         
 2177   495  17.562   0.971         
 2178   495  18.462   2.490         
 2179   495  13.453   0.926         
 2180   495  18.277   1.221         
 2181   495  17.180   1.229         
 2183   495  16.744   1.142         
 2184   495  17.456   0.917         
 2185   495  16.658   0.896         
 2186   495  17.696   1.553         
 2187   495  17.474   1.057         
 2188   495  17.657   1.537         
 2189   495  14.192   1.667         
 2190   495  17.162   0.949         
 2191   495  14.493   1.437         
 2192   495  15.605   0.556         
 2193   495  16.327   0.804         
 2194   495  15.340   0.956         
 2196   495  18.238   1.424         
 2197   495  17.716   1.376         
 2199   495  15.628   0.906         
 2200   495  16.825   1.051         
 2201   495  15.638   1.361         
 2203   495  14.716   0.821         
 2204   495  17.353   1.378         
 2205   495  16.736   0.974         
 2206   495  15.239   0.790         
 2208   495  18.292   1.958         
 2209   495  17.120   0.893         
 2210   495  16.992   0.978         
 2212   495  17.257   0.922         
 2213   495  15.370   0.609         
 2214   495  17.372   1.336         
 2215   495  15.502   0.705         
 2216   495  18.097   1.344         
 2218   495  17.476   1.437         
 2219   495  17.795   1.948         
 2221   495  15.710   0.676         
 2222   495  18.956   1.357         
 2223   495  17.929   1.372         
 2224   495  17.279   1.454         
 2225   495  17.181   1.158         
 2226   495  15.514   0.647         
 2227   495  15.618   1.565         
 2228   495  15.325   0.848         
 2229   495  17.383   1.069         
 2230   495  16.523   0.895         
 2231   495  15.650   0.657         
 2232   495  17.347   0.982         
 2234   495  15.899   1.132         
 2235   495  16.746   0.766         
 2236   495  16.815   0.108         
 2237   495  16.847   2.412         
 2238   495  13.521   0.907         
 2239   495  17.152   1.166         
 2241   495  16.238   0.925         
 2242   495  17.532   1.200         
 2243   495  17.977   1.605         
 2245   495  14.776   0.737         
 2246   495  15.271   1.544         
 2247   495  17.138   1.096         
 2248   495  19.171   0.741         
 2249   495  11.535   0.363         
 2250   495  15.956   0.993         
 2251   495  18.454   1.130         
 2254   495  15.864   0.588         
 2257   495  17.494   1.020         
 2259   495  18.511   1.554         
 2260   495  16.713   1.496         
 2261   495  18.478   1.193         
 2262   495  16.965   0.919         
 2263   495  15.532   1.457         
 2264   495  18.555   1.298         
 2265   495  17.918   1.268         
 2266   495  15.928   1.004         
 2268   495  15.812   1.049         
 2269   495  17.657   0.957         
 2271   495  16.522   1.127         
 2272   495  15.704   0.897         
 2273   495  13.894   0.812         
 2274   495  17.839   1.478         
 2275   495  18.732   1.666         
 2276   495  18.339   1.599         
 2277   495  14.216   0.697         
 2278   495  17.123   1.258         
 2279   495  14.261   1.787         
 2280   495  14.556   0.853         
 2283   495  16.749   0.863         
 2284   495  16.890   0.866         
 2286   495  16.639   1.186         
 2288   495  15.409   1.338         
 2289   495  18.091   1.327         
 2291   495  18.234   1.508         
 2292   495  16.686   0.621         
 2293   495  15.309   0.554         
 2296   495  17.923   1.274         
 2298   495  17.693   0.857         
 2299   495  18.068   1.560         
 2300   495  16.945   0.861         
 2301   495  13.308   0.709         
 2305   495  15.163   0.778         
 2306   495  16.511   0.827         
 2307   495  17.070   1.023         
 2309   495  14.303   0.865         
 2310   495  17.520   0.583         
 2311   495  18.473   0.826         
 2313   495  17.222   1.425         
 2314   495  18.080   1.502         
 2316   495  17.227   1.248         
 2317   495  16.673   1.157         
 2318   495  16.833   0.831         
 2319   495  16.300   0.967         
 2320   495  17.419   0.878         
 2321   495  17.569   0.877         
 2322   495  16.980   0.968         
 2324   495  15.910   0.722         
 2325   495  17.389   1.191         
 2326   495  15.456   0.667         
 2327   495  18.817   1.426         
 2328   495  17.909   1.567         
 2330   495  16.350   1.088         
 2331   495  16.469   1.351         
 2332   495  15.569   1.776         
 2334   495  18.260   1.483         
 2335   495  16.401   1.896         
 2336   495  17.353   1.054         
 2337   495  15.732   1.045         
 2338   495  15.198   0.939         
 2339   495  16.273   1.013         
 2340   495  17.411   1.372         
 2341   495  16.708   0.953         
 2342   495  18.907   1.039         
 2344   495  17.408   1.371         
 2346   495  15.815   0.598         
 2348   495  14.450   0.746         
 2349   495  17.118   1.576         
 2350   495  18.330   0.939         
 2351   495  16.248   1.634         
 2352   495  16.761   1.134         
 2353   495  17.130   1.248         
 2354   495  15.710   0.900         
 2355   495  13.538  -0.322         
 2356   495  18.134   0.939         
 2357   495  17.637   1.472         
 2359   495  15.699   0.853         
 2360   495  16.338   1.182         
 2362   495  16.762   1.071         
 2363   495   9.630   0.400         
 2364   495  17.963   1.171         
 2365   495  18.328   1.191         
 2366   495  17.385   1.539         
 2367   495  14.565   1.257         
 2369   495  15.299   0.775         
 2370   495  13.938   0.925         
 2371   495  17.310   1.022         
 2372   495  18.127   0.998         
 2373   495  14.757   0.496         
 2374   495  18.298   1.843         
 2375   495  13.963   0.777         
 2376   495  17.388   1.298         
 2378   495  17.779   1.541         
 2379   495  15.745   0.777         
 2380   495  15.807   0.493         
 2382   495  17.807   1.191         
 2383   495  15.979   0.632         
 2384   495  17.512   1.418         
 2385   495  15.889   0.833         
 2386   495  14.811   0.703         
 2388   495  18.291   1.659         
 2389   495  16.243   1.184         
 2390   495  16.558   0.920         
 2391   495  16.800   1.488         
 2393   495  15.846   1.446         
 2394   495  15.636   1.844         
 2395   495  17.433   1.111         
 2396   495  16.734   0.958         
 2398   495  18.047   1.461         
 2399   495  16.755   0.903         
 2400   495  11.282   0.294         
 2402   495  18.421   0.886         
 2403   495  13.097   0.793         
 2404   495  17.093   0.876         
 2407   495  17.777   2.240         
 2408   495  15.955   2.365         
 2410   495  17.480   1.149         
 2411   495  17.166   1.271         
 2412   495  17.732   0.407         
 2414   495  15.902   1.050         
 2415   495  15.761   0.877         
 2416   495  16.135   0.902         
 2417   495  15.199   1.045         
 2418   495  15.943   0.771         
 2419   495  15.710   1.171         
 2420   495  15.889   0.707         
 2421   495  17.079   0.833         
 2422   495  16.528   2.650         
 2423   495  16.881   0.975         
 2424   495  16.575   1.009         
 2425   495  11.810   1.354         
 2426   495  17.384   1.105         
 2427   495  16.107   0.986         
 2430   495  16.864   0.869         
 2431   495  16.989   1.081         
 2432   495  15.903   1.093         
 2433   495  17.752   1.468         
 2434   495  16.772   0.750         
 2436   495  14.545   0.791         
 2437   495  17.742   1.073         
 2438   495  17.195   1.085         
 2439   495  16.696   1.944         
 2440   495  14.925   0.869         
 2441   495  15.043   1.176         
 2443   495  19.056   3.058         
 2445   495  17.139   1.050         
 2446   495  14.828   0.588         
 2447   495  17.736   1.019         
 2448   495  17.639   1.122         
 2449   495  16.041   1.029         
 2450   495  15.289   1.096         
 2452   495  14.977   0.980         
 2453   495  13.563   0.364         
 2454   495  15.613   0.973         
 2455   495  16.396   1.154         
 2456   495  17.572   0.897         
 2458   495  15.962   0.891         
 2459   495  17.147   1.099         
 2460   495  17.431   0.963         
 2461   495  16.371   0.973         
 2462   495  16.957   1.404         
 2463   495  16.713   1.026         
 2464   495  14.519   0.834         
 2465   495  14.365   0.449         
 2466   495  18.060   1.609         
 2467   495  14.273   0.484         
 2469   495  17.267   1.404         
 2471   495  18.171   1.554         
 2472   495  17.309  -0.116         
 2474   495  16.314   1.163         
 2475   495  17.474   1.780         
 2476   495  17.186   1.208         
 2479   495  16.066   0.305         
 2481   495  18.634   1.485         
 2482   495  14.752   0.677         
 2483   495  19.023   0.992         
 2485   495  15.581   1.204         
 2486   495  15.768   1.591         
 2487   495  17.829   1.329         
 2488   495  15.168   0.748         
 2489   495  15.235   0.543         
 2490   495  17.131   1.194         
 2491   495  16.361   1.026         
 2492   495  16.066   0.818         
 2493   495  18.086   1.196         
 2494   495  17.245   0.765         
 2495   495  17.432   1.199         
 2497   495  17.235   1.205         
 2498   495  16.833   1.177         
 2499   495  12.602   2.072         
 2500   495  19.591   2.586         
 2501   495  16.618   0.682         
 2502   495  16.250   0.738         
 2503   495  18.194   1.911         
 2505   495  14.110   0.867         
 2506   495  16.639   0.949         
 2507   495  18.219   1.029         
 2508   495  18.030   1.491         
 2510   495  17.196   0.399         
 2511   495  15.905   0.674         
 2512   495  15.809   0.948         
 2513   495  14.005   0.570         
 2514   495  15.675   0.963         
 2515   495  15.698   0.905         
 2516   495  16.584   0.776         
 2517   495  16.704   1.094         
 2518   495  13.383   0.385         
 2519   495  18.106   1.401         
 2520   495  17.414   0.686         
 2521   495  16.076   1.188         
 2523   495  17.393   1.335         
 2524   495  16.662   1.073         
 2525   495  14.163   0.588         
 2526   495  14.447   1.386         
 2527   495  14.534   0.815         
 2528   495  16.275   0.534         
 2529   495  16.752   1.429         
 2530   495  17.116   0.905         
 2531   495  17.359   1.521         
 2532   495  16.413   0.578         
 2534   495  17.445   0.930         
 2535   495  17.367   1.048         
 2536   495  16.396   1.431         
 2538   495  16.256   0.936         
 2540   495  16.890   1.205         
 2541   495  15.659   1.519         
 2542   495  17.241   1.165         
 2543   495  16.055   1.108         
 2544   495  17.722   1.605         
 2545   495  13.650   0.512         
 2548   495  17.253   1.163         
 2549   495  17.560   1.259         
 2550   495  17.082   0.987         
 2552   495  16.921   1.198         
 2553   495  14.009   0.584         
 2554   495  13.375   0.553         
 2555   495  18.823   1.319         
 2557   495  15.717   1.097         
 2558   495  16.787   0.789         
 2559   495  15.827   1.535         
 2561   495  16.457   0.888         
 2562   495  17.416   0.941         
 2563   495  17.447   0.868         
 2564   495  16.726   0.834         
 2565   495  17.377   1.118         
 2566   495  15.719   0.813         
 2567   495  16.983   1.224         
 2568   495  16.215   0.986         
 2569   495  17.229   0.925         
 2571   495  17.208   1.387         
 2573   495  18.465   1.197         
 2574   495  17.545   1.255         
 2575   495  17.424   1.392         
 2576   495  16.083   0.944         
 2577   495  14.950   0.827         
 2578   495  18.178   1.380         
 2579   495  15.384   0.589         
 2580   495  16.031   0.998         
 2583   495  16.481   1.304         
 2584   495  15.960  -0.007         
 2585   495  17.294   1.258         
 2586   495  17.390   0.938         
 2587   495  17.873   1.473         
 2588   495  16.628   0.944         
 2589   495  16.173   1.785         
 2591   495  18.804   1.563         
 2592   495  16.883   0.808         
 2594   495  16.553   1.131         
 2597   495  18.871   2.205         
 2598   495  13.828   0.685         
 2599   495  17.541   1.236         
 2601   495  17.505   1.726         
 2602   495  17.209   0.687         
 2603   495  17.391   2.013         
 2604   495  15.706   0.736         
 2605   495  18.036   1.254         
 2606   495  17.052   1.404         
 2607   495  16.967   1.294         
 2608   495  16.620   0.667         
 2609   495  16.802   1.105         
 2611   495  17.445   0.996         
 2612   495  17.972   1.515         
 2613   495  17.065   1.212         
 2614   495  13.533   0.458         
 2615   495  16.390   0.972         
 2616   495  15.638   0.702         
 2617   495  18.768   0.942         
 2618   495  18.336   1.539         
 2619   495  18.676   1.316         
 2620   495  17.890   1.662         
 2621   495  15.911   1.761         
 2623   495  15.911   1.125         
 2624   495  16.105   0.737         
 2625   495  17.480   1.291         
 2626   495  17.737   1.263         
 2627   495  18.669   1.123         
 2628   495  16.479   1.089         
 2629   495  17.602   0.996         
 2631   495  17.540   1.223         
 2633   495  14.093   0.436         
 2634   495  16.078   0.667         
 2635   495  15.856   0.982         
 2638   495  15.515   0.882         
 2640   495  18.201   1.099         
 2642   495  16.668   1.000         
 2643   495  16.631   0.821         
 2644   495  18.684   1.371         
 2645   495  16.720   1.501         
 2646   495  15.391   1.496         
 2648   495  14.524   1.170         
 2650   495  16.802   1.105         
 2651   495  16.199   0.884         
 2653   495  18.622   2.102         
 2654   495  14.166   0.126         
 2655   495  18.336   1.375         
 2656   495  15.351   1.274         
 2657   495  17.361   1.374         
 2658   495  14.440   0.854         
 2659   495  17.927   1.122         
 2661   495  17.402   0.829         
 2662   495  16.916   1.224         
 2665   495  12.931   0.407         
 2666   495  18.046   1.190         
 2668   495  14.345   0.958         
 2669   495  18.090   1.076         
 2670   495  16.710   0.639         
 2671   495  17.498   1.119         
 2673   495  18.322   1.487         
 2677   495  14.708   0.537         
 2678   495  16.567   2.885         
 2679   495  16.381   0.863         
 2680   495  18.395   1.451         
 2681   495  18.104   1.570         
 2682   495  18.754   1.463         
 2683   495  17.566   0.948         
 2685   495  17.548   1.330         
 2687   495  18.206   1.376         
 2690   495  13.915   0.547         
 2691   495  15.987   0.999         
 2692   495  17.299   1.115         
 2693   495  15.962   0.913         
 2694   495  16.629   0.822         
 2695   495  17.524   1.443         
 2697   495  17.388   0.899         
 2698   495  14.384   0.995         
 2699   495  13.933   0.648         
 2700   495  16.322   1.244         
 2701   495  17.095   1.629         
 2705   495  18.546   1.353         
 2707   495  17.444   1.141         
 2708   495  16.376   1.555         
 2709   495  16.073   1.591         
 2710   495  18.535   1.215         
 2711   495  16.730   1.327         
 2713   495  17.620   1.011         
 2714   495  16.544   0.890         
 2715   495  18.033   2.308         
 2716   495  16.859   1.093         
 2717   495  17.836   1.131         
 2719   495  18.128   0.874         
 2720   495  18.899   1.052         
 2721   495  17.956   1.278         
 2722   495  17.727   1.360         
 2724   495  14.985   0.608         
 2725   495  14.769   0.661         
 2726   495  17.172   1.165         
 2727   495  18.064   1.047         
 2728   495  16.335   0.759         
 2729   495  16.503   1.069         
 2730   495  15.645   1.015         
 2731   495  17.085   1.090         
 2732   495  13.533   1.294         
 2733   495  16.177   1.192         
 2735   495  18.073   1.279         
 2736   495  14.205   1.430         
 2737   495  16.853   3.002         
 2738   495  16.771   1.198         
 2739   495  14.776   0.523         
 2740   495  14.570   0.919         
 2741   495  16.605   1.371         
 2743   495  16.874   1.231         
 2744   495  14.977   1.555         
 2745   495  16.427   1.203         
 2747   495  16.794   1.394         
 2748   495  14.143   0.861         
 2749   495  14.883   0.979         
 2751   495  15.152   0.683         
 2753   495  16.306   1.206         
 2754   495  17.203   1.238         
 2755   495  18.608   2.393         
 2757   495  16.400   1.179         
 2758   495  16.412   0.852         
 2759   495  18.225   1.181         
 2761   495  15.255   0.580         
 2762   495  15.218   0.803         
 2763   495  14.442   0.525         
 2765   495  14.315   1.408         
 2766   495  16.085   1.352         
 2767   495  16.569   1.307         
 2768   495  15.387   1.480         
 2769   495  14.933   0.485         
 2770   495  12.109   0.708         
 2772   495  17.440   1.063         
 2773   495  16.765   1.144         
 2774   495  18.047   1.056         
 2775   495  17.020   1.351         
 2776   495  15.766   1.564         
 2777   495  17.501   1.186         
 2778   495  16.220   0.936         
 2779   495  16.645   1.026         
 2780   495  15.860   1.370         
 2781   495  19.005   3.180         
 2782   495  17.055   0.992         
 2783   495  17.229   0.876         
 2784   495  15.328   0.790         
 2785   495  16.608   1.116         
 2786   495  17.864   0.922         
 2787   495  16.435   1.364         
 2788   495  16.843   1.126         
 2789   495  15.520   0.962         
 2791   495  17.372   1.204         
 2792   495  18.451   1.638         
 2793   495  16.331   1.703         
 2794   495  16.916   1.143         
 2797   495  15.496   0.642         
 2799   495  18.818   0.939         
 2800   495  16.565   1.218         
 2801   495  17.153   1.056         
 2802   495  17.390   1.323         
 2803   495  17.893   1.211         
 2806   495  16.630   2.130         
 2807   495  17.485   1.391         
 2808   495  13.671   0.679         
 2811   495  15.664   1.510         
 2812   495  18.261   1.067         
 2814   495  16.635   0.863         
 2816   495  18.715   2.039         
 2818   495  15.498   1.379         
 2819   495  15.679   1.246         
 2820   495  18.044   1.177         
 2821   495  15.743   0.672         
 2823   495  16.167   0.802         
 2824   495  16.612   0.823         
 2825   495  16.213   1.156         
 2826   495  14.255   0.564         
 2827   495  15.406   1.196         
 2828   495  17.974   2.158         
 2829   495  16.540   1.242         
 2830   495  16.949   1.011         
 2831   495  15.482   1.020         
 2832   495  18.598   1.207         
 2834   495  17.981   1.387         
 2835   495  15.505   0.701         
 2836   495  18.321   1.253         
 2838   495  17.668   1.335         
 2839   495  16.662   1.139         
 2840   495  16.829   1.345         
 2841   495  16.336   1.470         
 2842   495  14.615   1.233         
 2843   495  15.825   0.889         
 2844   495  16.500   1.044         
 2845   495  13.273   0.431         
 2846   495  18.141   1.293         
 2847   495  16.299   1.088         
 2848   495  13.775   0.525         
 2849   495  15.754   0.825         
 2850   495  17.074   1.541         
 2851   495  13.789   1.544         
 2854   495  18.832  -0.079         
 2858   495  18.964   1.579         
 2859   495  16.160   0.966         
 2860   495  14.753   0.549         
 2861   495  17.808   1.686         
 2863   495  15.783   0.615         
 2865   495  15.579   0.771         
 2866   495  17.839   1.167         
 2867   495  17.437   0.978         
 2868   495  17.431   1.348         
 2870   495  17.987   1.103         
 2871   495  16.111   0.919         
 2873   495  16.555   1.025         
 2874   495  16.894   0.745         
 2876   495  16.284   1.156         
 2877   495  14.760   0.976         
 2878   495  16.283   0.813         
 2880   495  18.873   1.569         
 2881   495  11.815   0.412         
 2882   495  15.668   1.471         
 2883   495  15.564   1.077         
 2885   495  17.399   1.325         
 2887   495  16.791   1.280