UBV CCD observations

  No    Ref    V       B-V     U-B

 0001     2  10.630   0.200         
 0001   507  10.649   0.203         
 0002   507   9.258   0.100         
 0003   507  11.448   0.515         
 0004   507  11.694   0.610         
 0005   507  10.384   0.245         
 0006   507  11.578   1.670         
 0007     2  12.580   2.310         
 0007   507  12.572   2.260         
 0008     2  12.900   1.140         
 0008   507  12.636   1.157         
 0009     2  13.510   1.160         
 0009   507  13.512   1.120         
 0010     2  13.190   1.080         
 0010   507  13.172   1.080         
 0011     2  13.490   1.160         
 0011   507  13.506   1.127         
 0012     2  13.310   1.170         
 0012   507  13.336   1.147         
 0013     2  14.940   0.970         
 0013   507  14.916   1.013         
 0014     2  14.080   1.150         
 0014   507  14.082   1.165         
 0015     2  14.450   0.800         
 0015   507  14.419   0.800         
 0016   507  12.468   0.935         
 0017   507  12.843   0.830         
 0018   507  14.479   0.855         
 0019     2  14.720   1.200         
 0019   507  14.740   1.185         
 0020     2  15.110   1.250         
 0020   507  15.160   1.225         
 0021   507  10.720   0.120         
 0022   507  11.660   0.590         
 0023   507  11.990   0.480         
 0024   507  12.660   0.850         
 0026   507  13.160   0.680         
 0027   507  13.390   2.240         
 0028   507  13.560   0.940         
 0029   507  13.860   0.860         
 0030   507  13.900   2.580         
 0031   507  14.450   1.350         
 0032     2  14.760   1.320         
 0032   507  14.760   1.300         
 0033     2  14.880   1.210         
 0033   507  14.875   1.225         
 0034     2  16.070   1.210         
 0034   507  16.050   1.240         
 0035     2  16.500   1.360         
 0035   507  16.470   1.395         
 0036   507  16.450   1.040         
 0037     2  16.440   1.200         
 0037   507  16.460   1.215         
 0038     2  17.370   1.330         
 0038   507  17.365   1.315         
 0039     2  16.530   1.370         
 0039   507  16.530   1.370         
 0040     2  16.720   1.480         
 0040   507  16.720   1.480         
 0041     2  17.170   1.310         
 0041   507  17.170   1.310         
 0042     2  17.340   1.280         
 0042   507  17.340   1.280         
 0043     2  16.060   1.280         
 0043   507  16.060   1.280         
 0044     2  16.540   1.320         
 0044   507  16.540   1.320         
 0052     2  15.100   1.230         
 0052   507  15.100   1.230         
 0053     2  17.020   1.380         
 0053   507  17.020   1.380         
 0055     2  15.790   1.260         
 0055   507  15.790   1.260         
 0056     2  16.980   1.390         
 0056   507  16.980   1.390         
 0057     2  16.430   1.350         
 0057   507  16.430   1.350         
 0059     2  15.130   2.450         
 0059   507  15.130   2.450         
 0060     2  15.330   0.870         
 0060   507  15.330   0.870         
 0061     2  15.050   0.800         
 0061   507  15.050   0.800         
 0062     2  15.640   1.180         
 0062   507  15.640   1.180         
 0063     2  16.750   1.190         
 0063   507  16.750   1.190         
 0075     2  11.640   1.950         
 0075   507  11.620   2.010         
 0076     2  18.740   1.610         
 0076   507  18.740   1.610         
 0077     2  18.150   1.470         
 0077   507  18.150   1.470         
 0078     2  19.400   1.610         
 0078   507  19.400   1.610         
 0079     2  19.100   3.000         
 0079   507  19.100   3.000         
 0080     2  19.720   1.600         
 0080   507  19.720   1.600         
 0081     2  18.430   1.490         
 0081   507  18.430   1.490         
 0082     2  17.690   2.240         
 0082   507  17.690   2.240         
 0083     2  18.120   1.720         
 0083   507  18.120   1.720         
 0084     2  17.820   1.480         
 0084   507  17.820   1.480         
 0085     2  17.540   1.440         
 0085   507  17.540   1.440         
 0086     2  17.560   1.420         
 0086   507  17.560   1.420         
 0087     2  18.630   1.580         
 0087   507  18.630   1.580         
 0088     2  19.480   1.950         
 0088   507  19.480   1.950         
 0089     2  19.720   1.850         
 0089   507  19.720   1.850         
 0090     2  17.880   1.410         
 0090   507  17.880   1.410         
 0091     2  19.160   1.640         
 0091   507  19.160   1.640         
 0092     2  19.290   2.110         
 0092   507  19.290   2.110         
 0093     2  17.680   1.430         
 0093   507  17.680   1.430         
 0094     2  18.640   1.570         
 0094   507  18.640   1.570         
 0095     2  20.220   2.860         
 0095   507  20.220   2.860         
 0096     2  20.010   2.500         
 0096   507  20.010   2.500         
 0097     2  19.890   2.060         
 0097   507  19.890   2.060         
 0098     2  18.220   1.550         
 0098   507  18.220   1.550         
 0099     2  19.010   1.870         
 0099   507  19.010   1.870         
 0100     2  17.940   1.570         
 0100   507  17.940   1.570         
 0101     2  19.840   1.510         
 0101   507  19.840   1.510         
 0102     2  17.630   1.360         
 0102   507  17.630   1.360         
 0103     2  19.850   1.680         
 0103   507  19.850   1.680         
 0104     2  20.210   1.610         
 0104   507  20.210   1.610         
 0105     2  18.460   1.550         
 0105   507  18.460   1.550         
 0106     2  18.770   1.640         
 0106   507  18.770   1.640         
 0107     2  16.950   2.250         
 0107   507  16.950   2.250         
 0108     2  19.680   1.580         
 0108   507  19.680   1.580         
 0109     2  19.080   1.650         
 0109   507  19.080   1.650         
 0110     2  19.040   1.670         
 0110   507  19.040   1.670         
 0111     2  18.670   1.700         
 0111   507  18.670   1.700         
 0112     2  19.000   1.600         
 0112   507  19.000   1.600         
 0113     2  19.000   1.880         
 0113   507  19.000   1.880         
 0114     2  20.140   1.500         
 0114   507  20.140   1.500         
 0115     2  17.680   1.500         
 0115   507  17.680   1.500         
 0116     2  17.420   1.400         
 0116   507  17.420   1.400         
 0117     2  19.300   1.990         
 0117   507  19.300   1.990         
 0118     2  19.220   1.270         
 0118   507  19.220   1.270         
 0119     2  19.690   2.510         
 0119   507  19.690   2.510         
 0120     2  19.620   1.630         
 0120   507  19.620   1.630         
 0121     2  19.260   1.820         
 0121   507  19.260   1.820         
 0122     2  19.140   1.630         
 0122   507  19.140   1.630         
 0123     2  19.230   1.710         
 0123   507  19.230   1.710         
 0124     2  18.910   1.700         
 0124   507  18.910   1.700