UBV CCD observations

  No    Ref    V       B-V     U-B

 0002   303  17.221   1.056   0.699
 0004   303  18.122   1.229         
 0005   303  19.393   1.605         
 0006   303  20.145   1.401         
 0007   303  20.225   1.785         
 0008   303  14.223   1.041   0.684
 0010   303  19.873   1.928         
 0012   303  19.346   1.495         
 0014   303  19.932   1.558         
 0015   303  17.389   1.352         
 0016   303  19.740   1.822         
 0017   303  17.568   2.036         
 0018   303  17.472   1.138         
 0024   303  19.525   1.467         
 0025   303  20.349   1.583         
 0026   303  19.798   1.664         
 0027   303  19.795   1.843         
 0028   303  20.448   1.635         
 0029   303  18.666   1.386         
 0035   303  19.747   1.448         
 0036   303  18.833   1.794         
 0038   303  19.478   1.556         
 0040   303  20.221   1.807         
 0041   303  15.781   1.916   1.490
 0042   303  20.264   1.540         
 0043   303  16.316   1.323         
 0045   303  17.472   1.138   0.385
 0046   303  17.472   1.138         
 0047   303  19.739   1.074         
 0048   303  20.265   1.374         
 0049   303  19.915   1.665         
 0051   303  20.047   1.491         
 0054   303  19.499   1.675         
 0055   303  19.012   1.447         
 0056   303  19.246   1.680         
 0057   303  20.051   1.603         
 0058   303  19.913   1.881         
 0059   303  19.327   1.191         
 0063   303  19.091   1.392         
 0064   303  18.184   1.367         
 0066   303  18.393   1.635         
 0067   303  20.142   1.192         
 0068   303  19.485   1.503         
 0069   303  18.858   1.245         
 0070   303  18.418   1.670         
 0072   303  20.317   1.468         
 0073   303  17.784   1.394         
 0076   303  16.227   1.879   1.490
 0079   303  19.543   1.593         
 0080   303  18.787   1.315         
 0080   310  18.540   1.362         
 0083   303  20.458   1.034         
 0084   303  18.784   1.711         
 0086   303  18.862   1.294         
 0087   303  19.506   1.408         
 0088   303  19.462   1.823         
 0090   303  17.590   1.340         
 0091   303  18.160   1.316         
 0091   310  17.904   1.472         
 0092   303  19.371   2.052         
 0093   303  16.557   1.230   0.724
 0093   310  16.274   1.422   0.775
 0095   303  18.209   1.433         
 0095   310  17.995   1.718         
 0096   303  18.585   1.441         
 0096   310  18.361   1.405         
 0099   303  19.581   1.590         
 0101   303  20.128   1.473         
 0102   303  19.654   1.736         
 0103   303  16.883   2.484   1.430
 0104   303  19.722   1.663         
 0106   303  19.013   1.408         
 0109   303  19.247   1.596         
 0110   303  17.907   1.392         
 0110   310  17.704   1.639         
 0112   303  19.978   1.401         
 0116   303  19.610   1.613         
 0118   303  17.755   1.435         
 0118   310  17.506   1.663   0.834
 0120   303  20.196   1.451         
 0121   303  18.524   1.549         
 0121   310  18.236   1.801         
 0122   303  19.325   1.477         
 0123   303  18.775   1.356         
 0124   303  17.461   1.657   0.958
 0126   303  19.993   1.623         
 0127   303  19.609   1.210         
 0128   303  20.034   1.728         
 0130   303  19.337   2.123         
 0131   303  20.039   1.468         
 0132   303  19.661   1.434         
 0133   303  20.160   1.798         
 0134   303  20.582   1.808         
 0135   310  18.880   1.152         
 0138   303  17.422   1.369         
 0140   303  19.520   1.642         
 0141   303  17.741   2.020   1.411
 0142   303  19.663   1.859         
 0143   303  19.416   1.491         
 0145   303  17.659   1.244         
 0147   303  18.662   1.508         
 0148   303  18.294   1.392         
 0148   310  18.050   1.588   0.594
 0149   303  20.291   1.668         
 0151   303  18.479   1.375         
 0151   310  18.189   1.650         
 0152   303  18.578   1.358         
 0153   303  20.651   1.562         
 0154   303  20.154   1.363         
 0155   303  19.546   1.544         
 0156   303  17.696   1.382         
 0156   310  17.469   1.532   0.966
 0157   303  17.298   1.372   1.079
 0157   310  17.053   1.530   0.987
 0158   303  18.981   1.667         
 0160   303  19.416   1.491         
 0163   303  20.326   1.277         
 0164   303  20.130   1.253         
 0165   303  18.726   1.360         
 0166   303  19.278   1.349         
 0168   303  20.541   1.125         
 0169   303  20.232   1.906         
 0170   303  16.766   0.930   0.576
 0170   310  16.492   1.074   0.959
 0175   303  17.710   1.156         
 0178   303  17.972   1.065         
 0179   303  19.241   1.225         
 0181   303  17.543   1.761   1.046
 0184   303  18.184   1.367         
 0184   310  17.945   1.716         
 0185   303  18.533   1.592         
 0185   310  18.220   1.879         
 0186   303  16.970   1.401   0.875
 0187   303  17.442   0.965   0.539
 0187   310  17.180   1.170         
 0188   303  18.303   1.498         
 0188   310  18.014   1.630         
 0189   303  20.243   1.972         
 0191   303  20.013   1.565         
 0194   303  17.072   1.407   1.400
 0194   310  16.808   1.627         
 0196   303  20.360   1.420         
 0197   303  20.025   1.533         
 0199   303  20.020   1.713         
 0200   303  17.848   1.626         
 0201   303  16.731   1.415   0.824
 0203   303  17.419   2.446   1.570
 0204   303  19.473   1.875         
 0206   303  17.948   1.489         
 0208   303  18.489   1.432         
 0209   303  15.745   1.147   0.967
 0209   310  15.495   1.194   1.028
 0210   303  20.378   1.471         
 0213   303  19.652   1.427         
 0215   303  19.051   1.612         
 0217   303  19.706   1.346         
 0219   303  14.905   0.952   0.499
 0219   310  14.670   1.000   0.602
 0221   303  19.071   1.557         
 0222   303  19.398   1.406         
 0223   303  19.914   1.523         
 0224   303  20.253   2.002         
 0225   303  20.148   1.264         
 0226   303  17.557   1.451   0.996
 0227   303  17.984   1.477         
 0227   310  17.716   1.593         
 0228   303  18.817   1.186         
 0229   303  18.663   1.473         
 0229   310  18.362   1.834         
 0230   303  19.874   1.674         
 0233   303  16.312   1.990   1.672
 0233   310  16.078   2.167         
 0234   303  19.993   1.742         
 0236   303  15.899   1.244         
 0240   303  18.303   1.347         
 0242   303  19.954   1.638         
 0244   303  19.807   1.290         
 0245   303  18.616   1.452         
 0245   310  18.295   1.708         
 0246   303  18.603   1.655         
 0246   310  18.303   1.779         
 0248   303  15.671   2.147   1.587
 0249   303  14.903   0.967   0.700
 0249   310  14.705   0.996   0.782
 0250   303  17.064   1.166   0.900
 0250   310  16.829   1.298   1.065
 0251   303  17.207   1.056   0.582
 0251   310  16.975   1.189   0.906
 0252   303  16.565   1.255   0.847
 0252   310  16.362   1.362         
 0253   310  18.248   1.627         
 0254   303  17.067   1.408   1.145
 0255   303  17.233   1.114   0.964
 0255   310  16.993   1.309         
 0256   303  19.651   1.487         
 0258   303  16.127   1.262   0.816
 0260   303  17.279   1.227   0.851
 0260   310  17.070   1.274   1.295
 0261   303  15.581   1.005   0.612
 0261   310  15.317   1.026   0.729
 0262   303  19.464   1.459         
 0263   303  17.384   1.046   0.474
 0264   303  19.264   1.241         
 0265   303  20.862   1.452         
 0266   303  19.746   1.572         
 0268   303  17.471   1.473         
 0269   303  20.125   1.705         
 0270   303  13.562   1.900   1.592
 0270   310  13.258   2.071   1.733
 0271   303  18.577   1.422         
 0272   303  19.358   1.733         
 0273   303  18.728   1.773         
 0274   310  18.442   1.551         
 0275   303  12.473   0.994   0.249
 0275   310  12.276   0.968   0.491
 0276   303  19.375   1.344         
 0277   303  15.890   1.070   0.796
 0277   310  15.680   1.088   0.943
 0278   303  13.518   0.894   0.412
 0278   310  13.336   0.895   0.457
 0279   303  13.275   0.588   0.426
 0280   303  13.719   1.658   1.309
 0282   303  18.140   1.675         
 0283   303  15.860   1.347   0.976
 0283   310  15.615   1.441   0.991
 0284   303  15.495   0.834   0.498
 0284   310  15.281   0.875   0.730
 0290   303  15.459   2.016   1.737
 0290   310  15.269   2.144   2.212
 0291   303  20.005   1.552         
 0292   303  19.325   1.000         
 0294   303  19.510   1.316         
 0295   303  20.152   1.369         
 0296   303  16.967   1.520   1.081
 0296   310  16.722   1.621   1.115
 0297   303  14.987   0.876   0.493
 0297   310  14.779   0.906   0.560
 0298   303  19.740   1.465         
 0299   303  17.807   1.280         
 0299   310  17.572   1.325   0.811
 0300   303  19.470   1.344         
 0301   303  19.029   2.039         
 0303   303  19.658   1.432         
 0304   303  19.270   1.335         
 0305   303  19.270   1.641         
 0306   303  18.226   1.249         
 0307   303  13.928   0.872   0.387
 0307   310  13.767   0.873   0.428
 0308   303  18.590   1.375         
 0309   303  17.534   1.381   1.079
 0310   303  16.547   1.259   0.849
 0311   303  16.225   1.825   1.292
 0312   303  18.564   1.448         
 0315   303  19.314   1.497         
 0317   303  14.953   0.921   0.624
 0317   310  14.777   0.916   0.735
 0319   303  15.764   0.980   0.747
 0319   310  15.584   0.967   0.831
 0320   303  19.748   1.470         
 0323   303  17.764   1.282         
 0323   310  17.526   1.425   0.557
 0325   303  19.678   1.267         
 0326   303  18.833   2.020         
 0328   303  19.617   1.649         
 0328   310  19.292   1.470         
 0329   303  19.398   1.522         
 0330   303  17.962   1.514         
 0330   310  17.733   1.780   0.923
 0332   303  19.649   1.819         
 0333   303  16.052   1.534   1.255
 0333   310  15.801   1.736   1.528
 0334   303  20.171   1.241         
 0336   303  18.657   1.282         
 0337   303  18.419   1.438         
 0338   303  18.032   1.374         
 0338   310  17.810   1.695         
 0339   303  18.425   1.377         
 0339   310  18.155   1.687   0.530
 0341   303  19.543   1.335         
 0342   303  20.252   1.702         
 0343   303  20.136   1.688         
 0344   303  19.157   1.179         
 0347   303  17.365   1.267   0.842
 0347   310  17.174   1.432   0.432
 0348   303  18.719   1.511         
 0350   303  19.886   1.802         
 0351   303  18.984   1.725         
 0352   303  18.205   1.310         
 0355   303  14.133   0.889   0.343
 0355   310  13.958   0.884   0.399
 0356   303  20.608   1.579         
 0357   303  18.770   1.532         
 0358   303  19.559   1.450         
 0359   303  19.043   1.472         
 0360   303  19.845   1.798         
 0361   303  16.475   1.333   0.642
 0362   303  18.455   1.985         
 0363   303  19.318   1.493         
 0365   303  19.227   1.749         
 0368   303  19.327   1.191         
 0370   303  19.452   1.938         
 0372   303  17.527   1.595         
 0373   303  20.042   1.368         
 0376   303  15.697   1.326   0.853
 0376   310  15.472   1.400   0.825
 0377   303  13.839   1.871   1.771
 0377   310  13.624   1.973   2.203
 0379   303  18.706   1.480         
 0381   303  19.164   1.358         
 0382   303  17.527   1.595         
 0385   303  20.318   1.529         
 0386   303  11.256   2.371  -0.420
 0386   310  11.057   2.450   2.555
 0387   303  18.579   1.558         
 0388   303  20.076   1.491         
 0389   303  19.143   1.549         
 0390   303  19.347   1.518         
 0391   303  14.521   1.018   0.866
 0391   310  14.361   1.065   0.989
 0392   303  16.655   1.796   1.429
 0393   303  18.836   1.672         
 0394   303  18.830   1.352         
 0396   303  18.680   1.615         
 0398   303  19.200   1.657         
 0399   303  19.808   1.807         
 0400   303  19.626   1.598         
 0401   303  18.978   1.480         
 0402   303  18.381   1.770         
 0403   303  15.283   1.523   1.203
 0403   310  15.002   1.717   1.118
 0404   303  14.753   0.934   0.489
 0404   310  14.592   0.908   0.548
 0405   303  18.770   1.532         
 0407   303  18.341   1.704         
 0411   303  16.161   1.168   0.987
 0411   310  15.993   1.151   0.963
 0412   303  19.485   1.570         
 0413   303  13.026   0.866   0.266
 0413   310  12.840   0.812   0.369
 0414   303  20.013   1.565         
 0415   303  20.292   1.437         
 0416   303  19.755   1.734         
 0417   303  19.958   1.609         
 0418   303  14.472   0.961   0.470
 0418   310  14.344   0.903   0.485
 0419   303  19.254   1.894         
 0420   303  19.333   2.016         
 0423   303  16.279   1.349   0.985
 0423   310  16.096   1.497   0.937
 0424   303  17.954   1.313         
 0427   303  18.770   1.525         
 0428   303  19.793   1.512         
 0429   303  17.869   1.265         
 0429   310  17.659   1.480         
 0431   303  18.863   1.719         
 0432   303  19.806   1.755         
 0434   303  19.837   1.684         
 0435   303  20.316   1.228         
 0436   303  19.554   1.434         
 0439   303  18.576   1.362         
 0440   303  19.635   2.259         
 0441   303  19.065   1.245         
 0442   303  16.937   1.441   0.920
 0444   303  18.466   1.393         
 0444   310  18.266   1.345   0.846
 0445   303  15.516   0.929   0.655
 0445   310  15.328   0.923   0.778
 0447   303  20.675   1.084         
 0449   303  18.961   1.323         
 0450   303  19.121   1.872         
 0451   303  16.640   1.460   1.158
 0451   310  16.454   1.515   1.112
 0452   303  19.863   1.957         
 0453   303  16.555   1.462   0.994
 0454   303  15.544   1.228   1.112
 0454   310  15.368   1.270   1.351
 0455   303  17.643   1.576         
 0457   303  19.896   1.721         
 0458   303  15.678   1.100   0.744
 0459   303  19.158   1.555         
 0460   303  17.106   1.966   1.581
 0461   303  16.425   1.043   0.901
 0461   310  16.213   1.088   1.094
 0462   303  15.860   1.276   0.808
 0462   310  15.653   1.331   1.053
 0463   303  19.886   1.907         
 0464   303  18.922   1.503         
 0465   303  17.816   1.065         
 0465   310  17.572   1.145   1.035
 0466   303  18.483   1.333         
 0467   303  17.356   2.117         
 0467   310  17.176   2.439         
 0468   303  17.107   1.605   1.316
 0469   303  15.082   1.152   0.887
 0469   310  14.932   1.104   0.917
 0471   303  20.038   1.958         
 0475   303  19.394   1.553         
 0478   303  18.130   1.424         
 0478   310  17.924   1.448         
 0480   303  19.622   1.457         
 0482   303  17.440   1.207         
 0482   310  17.296   1.350   1.292
 0483   303  17.074   1.160   0.963
 0483   310  16.861   1.258   0.886
 0486   303  18.881   1.363         
 0489   303  14.531   0.853   0.391
 0489   310  14.412   0.774   0.505
 0490   303  19.616   1.562         
 0491   303  19.370   1.654         
 0491   310  19.133   1.275         
 0493   303  17.285   1.373   0.979
 0493   310  17.067   1.431   0.877
 0494   303  19.406   1.387         
 0495   303  17.026   1.468   1.030
 0496   303  19.955   1.523         
 0497   303  19.691   1.681         
 0498   303  19.216   1.525         
 0499   303  18.364   1.366         
 0499   310  18.137   1.692   0.248
 0501   303  17.325   1.320   0.922
 0501   310  17.094   1.651   0.838
 0502   303  17.455   1.435         
 0502   310  17.274   1.438   1.027
 0503   303  17.408   1.437   0.699
 0504   303  19.010   1.479         
 0505   303  19.748   1.470         
 0506   303  14.836   0.872   0.408
 0506   310  14.651   0.845   0.477
 0507   303  19.393   1.631         
 0509   303  19.743   1.477         
 0510   303  18.087   1.422         
 0511   303  19.193   1.407         
 0513   303  17.180   1.110   0.617
 0514   303  18.381   1.770         
 0515   303  18.379   1.399         
 0516   303  19.074   1.925         
 0517   303  19.078   1.564         
 0518   303  17.315   1.481   0.909
 0518   310  17.083   1.655   1.120
 0519   303  17.401   1.442   0.797
 0520   303  19.427   1.871         
 0521   303  18.917   1.688         
 0522   303  17.445   1.674         
 0522   310  17.230   1.796         
 0524   303  17.140   2.102   1.176
 0525   303  14.826   0.960   0.691
 0525   310  14.636   0.967   0.739
 0527   303  19.854   1.617         
 0530   303  19.776   1.543         
 0531   303  18.246   1.538   0.792
 0531   310  18.269   2.039   0.220
 0533   303  19.383   1.588         
 0534   303  19.488   1.590         
 0535   303  19.699   1.428         
 0536   303  20.395   1.374         
 0537   303  18.622   1.592         
 0538   303  19.516   1.858         
 0539   303  19.165   1.809         
 0540   303  18.912   1.398         
 0541   303  15.910   1.344   1.007
 0542   303  20.715   1.350         
 0546   303  19.670   1.441         
 0547   303  18.093   1.339         
 0548   303  16.987   1.485   1.238
 0548   310  16.805   1.735   0.913
 0550   303  18.810   1.216         
 0552   303  18.358   1.566         
 0552   310  18.276   1.590         
 0553   303  18.770   1.425         
 0557   303  19.594   1.710         
 0558   303  19.415   1.634         
 0559   303  18.064   1.015         
 0559   310  17.880   1.152         
 0560   303  19.366   1.409         
 0561   303  17.377   1.359         
 0561   310  17.121   1.470   1.116
 0562   303  18.537   1.311         
 0562   310  18.306   1.787         
 0563   303  18.389   1.431         
 0565   303  17.701   1.356   0.953
 0567   303  19.515   1.455         
 0568   303  19.736   1.391         
 0572   303  13.804   0.988   0.583
 0573   303  19.055   1.387         
 0573   310  18.754   1.687         
 0574   303  20.026   1.743         
 0575   303  14.762   1.127   0.610
 0575   310  14.615   1.089   0.636
 0577   303  19.578   1.605         
 0578   303  16.852   1.373   0.684
 0578   310  16.632   1.395   0.836
 0580   303  20.060   1.415         
 0581   303  18.173   1.323         
 0585   303  15.430   0.867   0.479
 0585   310  15.270   0.824   0.703
 0586   303  18.664   1.422         
 0587   303  18.100   1.353         
 0589   303  16.130   1.636   1.082
 0590   303  16.944   1.106   0.687
 0590   310  16.803   1.132   0.778
 0592   303  18.767   1.716         
 0593   303  18.885   1.355         
 0594   303  18.485   1.427         
 0595   303  20.065   1.307         
 0597   303  18.255   1.980         
 0599   303  14.788   1.019   0.586
 0600   303  17.263   1.283   0.916
 0600   310  17.104   1.411   0.923
 0601   303  19.441   1.694         
 0602   303  17.910   1.316         
 0602   310  17.719   1.597   0.585
 0605   303  18.590   1.659         
 0606   303  19.687   1.519         
 0607   303  20.025   1.533         
 0608   303  19.833   2.156         
 0609   303  18.149   1.336         
 0609   310  18.074   1.479         
 0610   303  17.121   1.402   1.325
 0611   303  19.127   1.654         
 0611   310  18.882   1.350         
 0612   303  20.316   1.083         
 0613   303  19.052   1.669         
 0615   303  19.658   1.432         
 0616   303  19.818   1.868         
 0617   303  19.905   1.827         
 0618   303  16.781   1.334   0.854
 0618   310  16.566   1.493         
 0619   303  17.980   1.011         
 0620   303  19.334   1.396         
 0621   303  17.482   1.270   0.673
 0621   310  17.294   1.272   0.655
 0622   303  19.400   1.288         
 0623   303  19.563   1.304         
 0624   303  20.252   1.820         
 0626   303  18.020   1.525         
 0627   303  17.959   1.484         
 0627   310  17.747   1.717         
 0628   303  17.101   1.296   0.732
 0628   310  16.919   1.372   0.823
 0630   303  19.711   1.598         
 0631   303  18.605   1.293         
 0633   303  18.672   1.240         
 0634   310  17.835   1.212   0.658
 0635   303  17.968   1.404         
 0636   303  19.497   1.464         
 0638   303  19.685   1.534         
 0639   303  19.173   1.483         
 0640   303  16.101   1.002   0.809
 0640   310  15.934   1.068   0.884
 0642   303  19.279   1.701         
 0644   303  18.045   1.321         
 0644   310  17.858   1.578         
 0645   303  12.949   0.794   0.128
 0645   310  12.804   0.711   0.290
 0646   303  19.649   1.612         
 0648   303  19.053   1.643         
 0649   303  19.955   1.281         
 0650   303  19.180   1.543         
 0651   303  16.752   1.374   0.908
 0651   310  16.582   1.444   0.947
 0653   303  19.500   1.530         
 0654   303  18.315   1.287         
 0654   310  18.088   1.646         
 0655   303  19.768   1.648         
 0656   303  18.859   1.690         
 0657   303  19.383   1.588         
 0658   303  19.553   1.880         
 0659   303  19.690   1.334         
 0660   303  19.699   1.816         
 0661   303  13.898   0.877   0.386
 0661   310  13.761   0.804   0.480
 0662   303  19.377   1.643         
 0663   303  18.752   1.311         
 0664   303  18.467   1.412         
 0664   310  18.249   1.596         
 0665   303  20.232   1.342         
 0666   303  18.503   1.217         
 0666   310  18.553   1.671         
 0668   303  19.429   2.053         
 0669   303  18.067   1.431         
 0669   310  17.887   1.595         
 0671   303  19.228   1.555         
 0672   303  16.996   1.097   0.886
 0672   310  16.837   1.212   0.801
 0673   303  19.618   1.985         
 0674   303  20.448   1.346         
 0675   303  19.207   1.273         
 0677   303  19.113   1.803         
 0678   303  19.683   1.301         
 0679   303  19.588   1.605         
 0680   303  19.917   2.007         
 0683   303  20.160   1.606         
 0684   303  16.529   1.090   1.171
 0685   303  19.739   1.074         
 0686   303  19.855   1.645         
 0689   303  19.690   1.564         
 0690   303  19.585   1.937         
 0691   303  18.873   1.692         
 0692   303  19.368   1.593         
 0693   303  18.073   1.400         
 0694   303  19.299   1.466         
 0695   303  15.117   1.427   1.060
 0695   310  14.964   1.443   1.016
 0696   303  20.131   1.336         
 0697   303  18.726   1.360         
 0699   303  19.531   1.362         
 0700   303  19.221   1.622         
 0701   303  20.277   1.359         
 0702   303  16.271   1.478   1.013
 0703   303  19.094   1.483         
 0704   303  17.957   1.437         
 0704   310  17.758   1.607         
 0705   303  17.790   1.216         
 0706   303  17.790   1.216   0.623
 0707   303  19.440   1.503         
 0708   303  15.059   0.841   0.565
 0708   310  14.857   0.875   0.648
 0709   303  18.653   1.129         
 0709   310  18.546   1.380         
 0710   303  19.193   1.606         
 0711   303  18.035   1.386         
 0712   303  17.148   1.151   0.805
 0712   310  17.010   1.312         
 0713   303  13.736   0.897   0.573
 0714   303  19.675   1.577         
 0715   303  20.032   1.368         
 0716   303  16.038   1.104   0.824
 0716   310  15.911   1.210   0.847
 0718   303  19.724   1.708         
 0719   303  19.918   1.506         
 0720   303  20.150   1.419         
 0722   303  18.541   1.491         
 0723   303  19.246   1.301         
 0724   303  20.150   1.419         
 0725   303  16.368   1.479   0.973
 0727   303  18.476   1.354         
 0730   303  19.445   1.557         
 0732   303  19.555   1.477         
 0733   303  19.337   2.123         
 0734   303  17.997   1.241         
 0734   310  17.941   1.551   0.455
 0736   303  18.363   1.466         
 0736   310  18.209   1.670         
 0739   303  17.684   1.059   0.608
 0739   310  17.458   1.155         
 0742   303  17.432   2.031         
 0742   310  17.199   2.518         
 0743   303  19.419   1.307         
 0744   303  12.803   0.732   0.061
 0744   310  12.621   0.627   0.290
 0745   303  18.801   1.375         
 0746   303  19.310   1.748         
 0750   303  18.220   1.474         
 0751   303  19.496   1.153         
 0753   303  20.151   1.373         
 0755   303  15.421   1.358   1.048
 0756   303  18.843   1.441         
 0758   303  19.407   1.840         
 0759   303  19.829   1.271         
 0760   303  19.459   1.323         
 0761   303  16.161   0.905   0.694
 0761   310  15.989   0.962   0.764
 0762   303  20.265   1.374         
 0763   303  18.951   1.789         
 0764   303  17.508   1.195   0.811
 0764   310  17.357   1.295   0.774
 0766   303  18.843   1.441         
 0769   303  16.592   1.826   1.470
 0769   310  16.429   2.080         
 0770   303  19.888   1.444         
 0774   303  19.237   1.464         
 0775   303  19.230   1.479         
 0776   303  20.040   1.519         
 0777   303  15.448   2.483   1.629
 0777   310  15.197   2.798   2.469
 0778   303  19.711   1.918         
 0780   303  15.863   0.875   0.652
 0780   310  15.683   0.936   0.843
 0781   303  19.168   1.730         
 0782   303  17.422   1.369         
 0782   310  17.312   1.546   0.792
 0783   303  18.601   1.610         
 0784   303  17.422   1.369         
 0785   303  20.218   1.359         
 0786   303  19.993   1.623         
 0787   303  19.200   1.491         
 0790   303  17.801   1.540         
 0791   303  19.856   1.524         
 0792   303  20.048   1.413         
 0793   303  17.687   1.367         
 0793   310  17.554   1.557         
 0794   303  20.333   1.424         
 0795   303  17.099   1.350         
 0796   303  17.099   1.350   0.826
 0797   303  18.578   1.358         
 0798   303  18.540   1.352         
 0800   303  20.399   1.900         
 0801   303  18.361   1.510         
 0802   303  19.492   1.752         
 0805   303  20.322   1.175         
 0806   303  19.354   1.527         
 0808   303  15.279   1.273   0.602
 0810   303  17.163   1.898   1.371
 0812   303  19.427   1.871         
 0813   303  19.212   1.470         
 0814   303  19.415   1.652         
 0815   303  19.565   1.724         
 0817   303  19.652   1.427         
 0818   303  18.898   1.421         
 0819   303  19.223   1.382         
 0820   303  19.540   1.504         
 0821   303  19.873   1.928         
 0822   303  19.243   1.650         
 0823   303  17.421   1.400         
 0824   303  15.623   1.800   1.375
 0825   303  18.693   1.491         
 0826   303  17.884   1.290   0.285
 0827   303  19.268   1.927         
 0828   303  19.618   1.769         
 0830   303  17.784   1.394         
 0832   303  19.291   1.381         
 0833   303  19.945   1.487         
 0837   303  19.526   1.637         
 0840   303  16.054   1.228   0.742
 0842   303  18.967   1.661         
 0844   303  17.366   1.406         
 0846   303  20.066   1.886         
 0847   303  20.634   1.477         
 0848   303  17.150   1.818         
 0849   303  15.623   2.058   1.656
 0850   303  18.075   1.670         
 0851   303  19.839   1.328         
 0853   303  18.207   1.223         
 0854   303  20.704   1.242         
 0855   303  17.702   1.672         
 0857   303  20.180   1.623         
 0858   303  18.799   1.467         
 0859   303  18.363   1.466         
 0861   303  18.039   1.393         
 0862   303  18.340   1.473         
 0863   303  17.615   1.574         
 0864   303  18.714   1.401         
 0865   303  20.586   1.293         
 0866   303  15.899   1.244         
 0867   303  21.006   1.147         
 0868   303  11.604   0.436  -0.173
 0869   303  19.472   1.583         
 0871   303  19.596   2.217         
 0872   303  20.046   1.930         
 0874   303  17.913   1.505         
 0875   303  19.841   1.527         
 0876   303  19.429   1.368         
 0879   303  20.104   1.241         
 0881   303  20.029   1.551         
 0882   303  18.911   1.891         
 0883   303  18.479   1.247         
 0885   303  19.915   1.665         
 0886   303  20.018   1.783         
 0887   303  17.438   1.517   0.733
 0888   303  17.695   1.251   0.388
 0892   303  19.440   1.503         
 0893   303  19.902   1.754         
 0895   303  19.952   1.696         
 0897   303  19.791   1.117         
 0898   303  18.365   1.590         
 0899   303  18.869   1.441         
 0901   303  19.915   1.626         
 0902   303  19.203   1.445         
 0904   303  17.235   1.537         
 0905   303  17.767   1.127         
 0906   303  19.540   1.451         
 0907   303  20.288   1.434         
 0908   303  20.086   1.668         
 0909   303  17.721   1.264   0.591
 0910   303  20.264   1.440         
 0912   303  16.145   1.232   0.522
 0913   303  20.151   1.868         
 0914   303  18.868   1.387         
 0917   303  18.929   1.572         
 0919   303  20.194   1.522         
 0921   303  19.425   1.433         
 0923   303  19.080   1.681         
 0924   303  19.439   1.754         
 0928   303  19.550   1.565         
 0929   303  20.196   1.454         
 0931   303  19.055   1.387         
 0932   303  16.106   1.163   0.576
 0935   303  18.168   1.228         
 0937   303  18.859   1.690         
 0939   303  19.464   1.508         
 0940   303  18.672   1.642         
 0941   303  17.273   1.317   0.794
 0942   303  16.981   1.025   0.818
 0944   303  19.074   1.255         
 0945   303  18.137   1.481         
 0948   303  16.776   1.025   0.846
 0949   303  19.034   1.552         
 0950   303  15.838   1.031   0.781
 0951   303  19.579   1.435         
 0952   303  19.467   1.395         
 0955   303  19.960   1.665         
 0956   303  19.345   1.474         
 0958   303  15.435   1.808   1.375
 0959   303  18.599   1.771         
 0960   303  20.120   1.815         
 0962   303  20.155   1.511         
 0966   303  18.159   1.814         
 0967   303  19.450   1.694         
 0968   303  14.854   1.147   0.761
 0970   303  19.050   1.254         
 0971   303  15.082   1.255   0.792
 0972   303  19.213   1.787         
 0974   303  15.357   1.232   0.930
 0975   303  19.087   1.605         
 0977   303  12.852   0.719   0.119
 0978   303  18.590   2.081         
 0979   303  20.140   1.768         
 0981   303  19.493   1.215         
 0985   303  20.014   1.473         
 0987   303  20.378   1.471         
 0989   303  18.936   1.386         
 0990   303  20.809   1.133         
 0992   303  17.870   1.281         
 0993   303  17.102   1.833         
 0994   303  18.285   1.340         
 0995   303  19.429   1.368         
 0997   303  19.932   1.558         
 0999   303  19.726   2.016         
 1001   303  20.049   1.271         
 1003   303  18.042   1.379         
 1004   303  18.524   1.208         
 1005   303  18.661   1.286         
 1006   303  20.211   1.512         
 1008   303  20.086   1.360         
 1010   303  20.182   1.622         
 1012   303  18.119   1.400         
 1014   303  19.922   1.348         
 1015   303  18.569   1.124         
 1016   303  20.227   1.714         
 1017   303  19.093   1.438         
 1018   303  19.333   1.253         
 1019   303  19.531   1.362         
 1021   303  17.972   1.065         
 1022   303  17.950   1.424         
 1023   303  19.004   1.421         
 1024   303  16.601   0.780   0.429
 1025   303  20.089   1.381         
 1026   303  19.523   1.532         
 1027   303  18.320   1.678         
 1029   310  14.190   0.990   0.547
 1030   310  15.261   1.896   1.595
 1031   310  15.873   1.203   0.754
 1032   310  16.133   0.729   0.759