UBV CCD observations

  No    Ref    V       B-V     U-B

 0001   205  19.077   1.287         
 0002   205  17.656   0.832         
 0003   205  17.512   0.770         
 0004   205  20.887   0.749         
 0006   205  16.391   0.788         
 0007   205  20.116   1.022         
 0008   205  19.543   0.972         
 0009   205  15.245   0.383         
 0010   205  19.887   1.576         
 0011   205  19.499   1.577         
 0012   205  19.287   0.902         
 0013   205  19.686   1.068         
 0014   205  17.224   1.178         
 0015   205  18.083   0.864         
 0017   205  18.574   1.139         
 0018   205  12.864   1.119         
 0019   205  19.660   1.459         
 0020   205  16.122   0.529         
 0021   205  17.908   0.584         
 0022   205  17.530   0.739         
 0023   205  19.743   1.220         
 0024   205  19.491   1.143         
 0026   205  16.831   0.755         
 0027   205  20.432   1.217         
 0028   205  21.019   0.806         
 0029   205  17.224   0.940         
 0030   205  18.142   0.886         
 0031   205  18.491   0.973         
 0032   205  18.537   1.494         
 0037   205  18.512   1.089         
 0038   205  20.323   1.335         
 0039   205  17.316   1.030         
 0041   205  17.988   0.868         
 0042   205  19.348   1.739         
 0043   205  20.140   1.473         
 0044   205  16.095   1.259         
 0047   205  16.412   0.679         
 0048   205  19.700   1.265         
 0049   205  19.623   1.007         
 0050   205  15.763   0.807         
 0051   205  17.147   0.751         
 0052   205  18.349   1.081         
 0053   205  20.302   1.036         
 0056   205  15.637   0.657         
 0058   205  20.355   1.017         
 0059   205  18.656   1.239         
 0060   205  15.380   0.549         
 0061   205  17.490   0.980         
 0062   205  16.248   0.907         
 0063   205  14.666   0.621         
 0064   205  19.326   0.997         
 0065   205  16.193   0.702         
 0066   205  14.839   1.203         
 0067   205  19.461   1.384         
 0068   205  19.664   1.101         
 0069   205  15.395   0.445         
 0072   205  19.222   1.126         
 0073   205  17.289   1.007         
 0074   205  16.079   0.683         
 0075   205  19.159   1.355         
 0076   205  18.286   1.289         
 0077   205  17.994   0.929         
 0078   205  18.991   1.046         
 0080   205  19.807   1.472         
 0081   205  17.864   0.874         
 0083   205  16.032   0.729         
 0085   205  17.557   1.222         
 0086   205  18.508   0.908         
 0089   205  19.452   1.064         
 0090   205  19.354   1.129         
 0093   205  18.380   0.883         
 0094   205  17.332   0.960         
 0095   205  17.912   0.794         
 0097   205  15.991   0.562         
 0100   205  19.751   1.047         
 0103   205  19.675   1.235         
 0104   205  13.501   0.715         
 0105   205  17.981   0.850         
 0106   205  19.251   1.080         
 0108   205  19.071   1.069         
 0109   205  16.908   0.904         
 0110   205  10.991   1.121         
 0111   205  16.518   0.915         
 0112   205  16.408   0.913         
 0114   205  15.924   0.790         
 0115   205  18.813   1.061         
 0116   205  15.863   0.465         
 0117   205  17.554   1.028         
 0119   205  19.238   0.751         
 0120   205  17.871   1.113         
 0121   205  19.104   0.724         
 0122   205  18.264   1.052         
 0123   205  17.991   0.966         
 0124   205  18.880   1.318         
 0125   205  19.946   1.096         
 0126   205  18.112   0.932         
 0127   205  19.244   0.688         
 0128   205  17.374   0.733         
 0129   205  19.204   1.285         
 0130   205  19.830   1.549         
 0131   205  19.080   1.208         
 0132   205  15.870   0.481         
 0133   205  15.543   0.410         
 0134   205  17.627   0.795         
 0135   205  17.950   0.984         
 0136   205  19.559   1.490         
 0137   205  19.252   1.590         
 0139   205  19.537   1.429         
 0140   205  20.105   0.516         
 0141   205  16.734   0.722         
 0142   205  19.064   0.819         
 0143   205  16.461   0.617         
 0144   205  17.656   0.801         
 0145   205  16.726   0.669         
 0146   205  19.610   1.022         
 0147   205  18.699   1.086         
 0148   205  17.433   0.785         
 0149   205  12.891   0.253         
 0150   205  19.447   1.072         
 0151   205  19.481   1.182         
 0152   205  18.084   0.918         
 0153   205  17.615   1.625         
 0154   205  17.851   1.370         
 0155   205  18.011   0.625         
 0156   205  17.479   0.980         
 0157   205  16.960   0.730         
 0158   205  16.186   0.673         
 0159   205  19.570   1.204         
 0160   205  18.151   0.888         
 0161   205  19.529   1.100         
 0162   205  18.111   0.867         
 0163   205  15.783   0.801         
 0165   205  16.760   0.736         
 0166   205  14.803   0.421         
 0167   205  19.052   1.234         
 0168   205  15.900   0.506         
 0171   205  18.784   1.219         
 0173   205  19.143   1.349         
 0174   205  17.830   0.844         
 0175   205  17.368   0.698         
 0177   205  17.133   0.748         
 0178   205  17.514   1.157         
 0179   205  11.886  -0.784         
 0180   205   9.791   0.193         
 0181   205  18.950   0.945         
 0182   205  19.979   1.158         
 0184   205  17.734   0.870         
 0185   205  17.756   0.848         
 0186   205  18.699   1.046         
 0187   205  17.784   0.680         
 0189   205  19.711   1.076         
 0190   205  19.789   1.174         
 0191   205  17.965   0.950         
 0192   205  19.358   1.001         
 0193   205  20.091   0.873         
 0194   205  17.553   1.061         
 0195   205  18.782   0.530         
 0197   205  16.856   0.990         
 0198   205  14.019   1.296         
 0199   205  15.018   0.284         
 0201   205  19.952   1.045         
 0202   205  16.881   0.623         
 0203   205  19.368   1.191         
 0204   205  18.967   1.691         
 0206   205  18.697   1.310         
 0207   205  14.577   0.340         
 0208   205  18.511   0.928         
 0209   205  17.914   0.894         
 0210   205  18.598   0.906         
 0211   205  17.955   0.802         
 0212   205  18.675   0.980         
 0213   205  16.370   0.625         
 0214   205  20.226   1.016         
 0215   205  19.730   1.089         
 0216   205  17.538   0.845         
 0218   205  18.210   1.053         
 0219   205  16.491   0.655         
 0220   205  19.645   1.114         
 0221   205  18.120   0.692         
 0222   205  17.612   0.986         
 0223   205  16.594   0.898         
 0224   205  14.161   0.462         
 0225   205  17.132   1.014         
 0227   205  16.434   0.532         
 0228   205  16.924   0.981         
 0230   205  18.424   0.872         
 0231   205  19.825   1.062         
 0232   205  17.784   0.799         
 0234   205  15.965   0.515         
 0235   205  16.198   0.678         
 0237   205  20.579   1.630         
 0239   205  18.729   0.867         
 0240   205  13.916   0.228         
 0242   205  14.558   0.349         
 0243   205  16.622   0.975         
 0244   205  14.215   0.247         
 0245   205  16.339   0.603         
 0246   205  16.599   1.472         
 0247   205  14.648   0.368         
 0248   205  14.932   0.377         
 0249   205  20.012   0.959         
 0250   205  17.055   1.074         
 0251   205  18.604   0.946         
 0252   205  16.201   0.567         
 0253   205  17.821   0.762         
 0254   205  15.428   0.584         
 0255   205  19.412   1.093         
 0256   205  20.413   1.006         
 0257   205  16.154   1.284         
 0258   205  17.759   0.820         
 0259   205  19.342   1.317         
 0262   205  16.943   0.896         
 0263   205  18.839   0.786         
 0264   205  15.936   1.527         
 0265   205  20.682   1.011         
 0266   205  19.438   1.257         
 0268   205  18.762   0.975         
 0269   205  18.351   0.937         
 0270   205  15.108   0.390         
 0271   205  14.299   0.562         
 0272   205  17.816   0.885         
 0274   205  18.125   0.642         
 0275   205  15.318   0.718         
 0276   205  18.909   1.435         
 0278   205  19.167   0.920         
 0279   205  18.069   1.070         
 0281   205  18.202   0.905         
 0283   205  18.298   1.328         
 0284   205  19.907   1.217         
 0285   205  17.398   0.821         
 0286   205  17.606   0.944         
 0287   205  18.188   0.992         
 0288   205  19.784   1.305         
 0290   205  14.849   0.320         
 0291   205  19.355   1.004         
 0292   205  18.468   0.833         
 0293   205  19.990   1.290         
 0294   205  17.521   0.868         
 0295   205  15.078   0.397         
 0296   205  17.255   0.760         
 0297   205  19.373   1.106         
 0298   205  16.480   0.575         
 0299   205  17.830   0.751         
 0300   205  17.283   0.734         
 0302   205  19.675   1.020         
 0303   205  18.507   0.973         
 0304   205  17.172   0.697         
 0306   205  18.414   0.995         
 0307   205  15.670   0.438         
 0309   205  17.847   0.822         
 0311   205  14.824   0.325         
 0312   205  19.818   1.213         
 0313   205  13.884   1.149         
 0314   205  19.119   0.738         
 0315   205  18.123   0.925         
 0316   205  17.073   0.702         
 0317   205  19.488   1.301         
 0318   205  17.983   1.125         
 0319   205  14.732   0.328         
 0320   205  17.740   0.848         
 0321   205  17.908   0.702         
 0322   205  13.417   1.136         
 0323   205  16.542   0.891         
 0324   205  18.214   1.008         
 0325   205  17.869   0.819         
 0326   205  14.999   0.417         
 0328   205  14.840   0.491         
 0329   205  19.333   1.169         
 0330   205  19.404   1.034         
 0331   205  18.706   0.805         
 0332   205  18.226   0.990         
 0333   205  14.728   0.340         
 0334   205  19.679   1.052         
 0335   205  17.194   0.729         
 0337   205  15.818   0.530         
 0338   205  17.149   0.860         
 0339   205  18.773   1.097         
 0341   205  16.781   0.822         
 0342   205  18.860   1.190         
 0343   205  16.359   0.768         
 0344   205  16.690   0.673         
 0345   205  17.159   0.914         
 0346   205  19.094   0.926         
 0347   205  17.318   0.178         
 0348   205  17.471   0.989         
 0350   205  18.875   1.064         
 0351   205  19.122   1.048         
 0352   205  18.029   1.143         
 0354   205  17.582   0.853         
 0355   205  14.827   0.632         
 0356   205  15.051   0.315         
 0357   205  15.906   0.459         
 0358   205  17.192   0.793         
 0359   205  17.214   0.834         
 0360   205  18.612   0.996         
 0361   205  18.461   0.899         
 0362   205  19.336   1.081         
 0363   205  16.912   0.631         
 0364   205  19.349   1.069         
 0365   205  15.915   0.414         
 0366   205  18.619   0.958         
 0367   205  15.225   0.362         
 0368   205  16.448   0.720         
 0369   205  18.273   1.050         
 0370   205  15.408   0.421         
 0371   205  18.441   0.759         
 0372   205  13.489   0.343         
 0373   205  20.051   1.128         
 0374   205  17.615   0.864         
 0375   205  18.956   1.413         
 0376   205  18.456   0.537         
 0377   205  16.507   0.705         
 0378   205  17.643   0.643         
 0379   205  14.522   0.386         
 0380   205  15.906   0.571         
 0381   205  18.870   1.392         
 0382   205  17.542   1.020         
 0384   205  16.266   0.692         
 0386   205   9.935   0.058         
 0387   205  18.999   1.042         
 0388   205  15.013   0.309         
 0390   205  18.192   0.947         
 0391   205  20.592   1.042         
 0393   205  15.699   0.517         
 0394   205  15.871   0.636         
 0395   205  17.165   1.003         
 0397   205  17.604   1.007         
 0398   205  16.088   1.477         
 0399   205  15.297   0.530         
 0400   205  18.267   0.428         
 0405   205  16.083   0.571         
 0406   205  15.640   0.318         
 0407   205  15.347   0.570         
 0409   205  18.211   1.148         
 0410   205  11.976   1.209         
 0411   205  20.062   1.123         
 0412   205  19.953   1.059         
 0413   205  15.939   1.304         
 0414   205  15.268   0.382         
 0415   205  18.203   0.953         
 0416   205  18.115   0.620         
 0417   205  19.156   1.197         
 0419   205  17.327   0.857         
 0420   205  14.763   0.321         
 0421   205  15.465   1.443         
 0422   205  18.715   1.076         
 0423   205  14.323   0.323         
 0424   205  15.004   0.239         
 0425   205  15.903   0.626         
 0426   205  18.227   0.973         
 0427   205  12.915   0.628         
 0428   205  13.938   0.256         
 0429   205  17.953   0.756         
 0430   205  17.080   0.611         
 0431   205  17.948   0.978         
 0432   205  17.826   0.899         
 0433   205  19.630   1.060         
 0434   205  15.800   0.752         
 0435   205  18.716   1.046         
 0436   205  15.844   0.492         
 0437   205  19.061   0.895         
 0438   205  16.245   0.970         
 0439   205  16.702   0.797         
 0440   205  17.430   0.504         
 0441   205  14.750   0.343         
 0442   205  14.749   0.317         
 0443   205  18.063   0.696         
 0444   205  11.649   1.309         
 0445   205  18.255   0.829         
 0447   205  17.992   0.888         
 0448   205  18.183   0.936         
 0450   205  12.692   0.259         
 0451   205  13.331   1.136         
 0453   205  17.705   1.425         
 0454   205  15.704   0.701         
 0455   205  18.510   0.946         
 0456   205  14.117   0.271         
 0457   205  19.919   1.467         
 0458   205  17.434   0.899         
 0459   205  19.754   1.456         
 0460   205  15.338   0.413         
 0461   205  13.573   0.248         
 0462   205  15.180   0.424         
 0463   205  18.602   0.951         
 0464   205  15.302   0.449         
 0465   205  17.622   0.813         
 0466   205  17.476   0.924         
 0467   205  17.742   0.993         
 0469   205  20.628   0.832         
 0470   205  18.371   0.694         
 0471   205  16.021   0.526         
 0472   205  19.407   0.913         
 0473   205  14.940   0.412         
 0474   205  18.017   0.987         
 0475   205  17.987   0.857         
 0476   205  19.390   1.054         
 0477   205  17.048   0.782         
 0478   205  19.222   1.013         
 0479   205  13.052   0.201         
 0480   205  19.876   1.112         
 0481   205  15.109   0.418         
 0482   205  17.754   0.935         
 0483   205  16.352   0.760         
 0485   205  17.508   0.826         
 0486   205  18.981   1.022         
 0487   205  18.372   0.944         
 0488   205  17.566   0.842         
 0490   205  13.549   0.261         
 0491   205  15.412   0.446         
 0492   205  16.932   0.715         
 0493   205  18.659   0.913         
 0494   205  17.184   0.792         
 0495   205  15.441   0.428         
 0497   205  18.129   0.978         
 0498   205  17.868   0.791         
 0499   205  15.811   0.488         
 0500   205  17.975   0.791         
 0501   205  18.836   1.139         
 0502   205  16.719   0.664         
 0503   205  16.762   0.859         
 0504   205  17.635   0.885         
 0506   205  16.425   0.734         
 0507   205  16.788   0.771         
 0508   205  15.871   0.577         
 0509   205  15.693   0.469         
 0510   205  19.743   1.344         
 0511   205  18.534   1.072         
 0512   205  19.536   1.049         
 0513   205  19.007   1.223         
 0514   205  12.914   0.455         
 0515   205  17.845   0.972         
 0517   205  15.948   0.584         
 0518   205  20.198   0.885         
 0519   205  18.674   0.681         
 0521   205  15.733   0.704         
 0522   205  13.512   0.305         
 0523   205  15.463   0.646         
 0524   205  20.215   1.121         
 0525   205  14.446   0.384         
 0527   205  17.540   0.834         
 0528   205  19.098   1.186         
 0529   205  15.553   0.421         
 0530   205  18.506   1.055         
 0531   205  15.097   0.369         
 0532   205  17.608   0.746         
 0533   205  14.888   0.278         
 0535   205  16.517   0.780         
 0536   205  14.285   0.350         
 0537   205  16.869   0.685         
 0538   205  16.488   0.653         
 0540   205  18.042   0.892         
 0541   205  18.382   1.209         
 0542   205  17.969   1.026         
 0543   205  19.177   1.319         
 0544   205  15.355   0.367         
 0545   205  18.772   1.072         
 0547   205  16.186   0.691         
 0549   205  18.624   1.047         
 0550   205  18.495   1.524         
 0551   205  13.923   0.321         
 0552   205  15.954   0.610         
 0553   205  19.517   1.370         
 0554   205  18.348   0.733         
 0555   205  18.508   0.925         
 0556   205  15.584   0.569         
 0557   205  18.042   1.052         
 0558   205  16.597   0.591         
 0560   205  17.107   0.738         
 0561   205  13.533   0.241         
 0562   205  16.204   0.746         
 0563   205  20.479   1.444         
 0564   205  15.298   0.376         
 0565   205  12.755   0.205         
 0566   205  16.254   0.698         
 0567   205  16.594   0.689         
 0568   205  14.331   0.323         
 0569   205  17.032   0.799         
 0570   205  12.505   0.235         
 0572   205  19.894   1.114         
 0573   205  18.081   1.022         
 0575   205  14.604   0.387         
 0576   205  14.730   0.389         
 0579   205  18.757   1.027         
 0581   205  14.333   0.171         
 0582   205  17.304   0.880         
 0583   205  19.127   0.989         
 0584   205  13.950   1.065         
 0585   205  19.338   1.481         
 0589   205  18.397   1.038         
 0591   205  19.761   1.214         
 0594   205  19.745   1.097         
 0595   205  18.348   0.903         
 0596   205  14.671   0.407         
 0598   205  17.096   0.805         
 0599   205  19.776   1.217         
 0600   205  19.928   1.333         
 0601   205  19.539  -0.556         
 0602   205  18.025   0.864         
 0603   205  17.690   1.248         
 0606   205  19.263   1.240         
 0607   205  14.965   0.899         
 0608   205  15.079   0.768         
 0610   205  18.541   1.159         
 0611   205  18.504   1.023         
 0612   205  15.096   0.366         
 0613   205  19.375   1.460         
 0614   205  18.364   0.987         
 0616   205  19.147   1.138         
 0618   205  18.670   0.947         
 0619   205  17.277   0.849         
 0620   205  15.975   0.775         
 0621   205  15.549   0.628         
 0622   205  15.805   0.508         
 0623   205  18.650   0.929         
 0625   205  16.529   0.657         
 0626   205  17.506   1.036         
 0627   205  17.254   0.912         
 0630   205  18.163   0.789         
 0631   205  17.232   0.777         
 0632   205  17.780   1.207         
 0633   205  18.063   0.873         
 0635   205  18.924   1.243         
 0636   205  18.293   0.897         
 0637   205  15.731   0.689         
 0638   205  17.561   0.587         
 0639   205  13.455   0.224         
 0640   205  17.718   1.325         
 0641   205  15.959   0.707         
 0642   205  18.860   1.312         
 0644   205  17.427   0.834         
 0645   205  15.763   1.417         
 0646   205  17.575   0.792         
 0647   205  17.274   1.038         
 0648   205  16.252   0.919         
 0649   205  17.923   0.953         
 0650   205  18.964   1.222         
 0652   205  18.213   1.001         
 0653   205  19.095   1.164         
 0654   205  18.083   0.944         
 0655   205  20.345   1.349         
 0659   205  17.857   0.932         
 0660   205  17.671   0.776         
 0661   205  18.369   1.318         
 0662   205  18.182   0.995         
 0663   205  16.700   0.841         
 0664   205  15.389   1.363         
 0666   205  19.732   1.836         
 0667   205  18.726   1.296         
 0668   205  17.650   0.826         
 0669   205  15.687   0.452         
 0671   205  18.862   1.103         
 0672   205  15.775   0.539         
 0673   205  15.678   0.741         
 0674   205  15.399   0.406         
 0675   205  18.595   0.857         
 0677   205  16.487   1.002         
 0678   205  16.351   0.671         
 0679   205  19.646   1.251         
 0680   205  14.338   0.427         
 0681   205  16.731   0.763         
 0682   205  18.830   1.356         
 0684   205  15.845   0.412         
 0685   205  15.472   0.462         
 0686   205  15.951   0.666         
 0687   205  11.687   1.322         
 0688   205  17.469   1.034         
 0690   205  19.322   1.077         
 0691   205  14.627   0.277         
 0692   205  18.015   1.407         
 0693   205  18.689   0.954         
 0694   205  18.126   0.856         
 0695   205  15.624   0.429         
 0696   205  18.098   0.965         
 0698   205  16.740   0.769         
 0702   205  15.332   0.366         
 0703   205  18.355   1.235         
 0704   205  17.093   0.713         
 0705   205  16.965   0.856         
 0707   205  16.076   0.638         
 0709   205  18.589   0.951         
 0710   205  19.762   1.184         
 0711   205  16.104   0.864         
 0712   205  15.900   0.445         
 0713   205  19.345   1.045         
 0714   205  20.095   0.850         
 0716   205  14.934   0.431         
 0717   205   9.729   1.809         
 0719   205  13.845   1.054