UBV CCD observations

  No    Ref    V       B-V     U-B

 0001   330  13.300   0.431         
 0001   403  13.252   0.424   0.111
 0002   330  13.643   0.416         
 0002   403  13.595   0.407   0.448
 0003   330  13.948   0.743         
 0003   403  13.912   0.779   0.697
 0004   330  14.046   0.252         
 0004   403  14.023   0.196  -0.357
 0005   330  14.107   1.454         
 0005   403  14.117   1.481   1.472
 0006   330  14.151   1.194         
 0006   403  14.189   1.211   0.845
 0007   330  14.214   1.276         
 0007   403  14.211   1.339   1.247
 0008   330  14.340   0.685         
 0008   403  14.293   0.674   0.434
 0009   330  14.488   0.984         
 0009   403  14.483   1.111   0.902
 0010   330  14.504   0.615         
 0010   403  14.457   0.609   0.287
 0011   330  14.520   0.644         
 0011   403  14.478   0.620   0.345
 0012   330  14.613   1.490         
 0012   403  14.674   1.473   1.409
 0013   330  14.631   1.467         
 0013   403  14.676   1.489   1.438
 0014   330  14.804   1.182         
 0014   403  14.843   1.172   0.859
 0015   330  14.816   1.212         
 0015   403  14.844   1.212   0.953
 0016   330  14.872   0.729         
 0016   403  14.859   0.711   0.328
 0017   330  14.877   0.719         
 0017   403  14.854   0.764   0.566
 0018   330  14.892   1.297         
 0018   403  14.926   1.287   0.993
 0019   330  15.007   0.341         
 0019   403  14.972   0.311   0.215
 0020   330  15.014   0.519         
 0020   403  14.953   0.542   0.422
 0021   330  15.016   0.699         
 0021   403  14.983   0.685   0.539
 0022   330  15.058   1.176         
 0022   403  15.064   1.201   0.935
 0023   330  15.081   1.356         
 0024   330  15.087   1.178         
 0024   403  15.121   1.232   1.140
 0025   330  15.242   1.235         
 0025   403  15.276   1.234   0.879
 0026   330  15.322   0.699         
 0026   403  15.290   0.721   0.352
 0027   330  15.340   0.651         
 0027   403  15.342   0.617   0.582
 0028   330  15.356   0.635         
 0028   403  15.291   0.651   0.388
 0029   330  15.399   0.986         
 0029   403  15.422   1.002   0.669
 0030   330  15.421   1.427         
 0030   403  15.477   1.473   1.587
 0031   330  15.452   0.952         
 0031   403  15.475   0.959   0.761
 0032   330  15.462   0.597         
 0032   403  15.412   0.629   0.406
 0033   330  15.500   1.183         
 0033   403  15.520   1.197   0.846
 0034   330  15.544   0.542         
 0034   403  15.523   0.542   0.506
 0035   330  15.556   0.729         
 0035   403  15.576   0.656   0.363
 0036   330  15.572   1.216         
 0036   403  15.595   1.217   0.864
 0037   330  15.594   1.201         
 0037   403  15.641   1.210   0.789
 0038   330  15.609   1.161         
 0038   403  15.632   1.155   0.747
 0039   330  15.623   0.583         
 0039   403  15.588   0.592   0.430
 0040   330  15.668   0.593         
 0040   403  15.648   0.597   0.525
 0041   330  15.683   1.311         
 0041   403  15.729   1.303   0.951
 0042   330  15.686   1.173         
 0042   403  15.721   1.191   0.872
 0043   330  15.694   1.370         
 0043   403  15.736   1.456   1.399
 0044   330  15.702   0.783         
 0044   403  15.693   0.731   0.477
 0045   330  15.706   1.348         
 0045   403  15.743   1.358   1.232
 0046   330  15.722   0.806         
 0046   403  15.619   0.862   0.472
 0047   330  15.728   0.839         
 0047   403  15.736   0.850   0.444
 0048   330  15.768   1.577         
 0049   330  15.775   0.659         
 0049   403  15.784   0.634   0.555
 0050   330  15.802   0.560         
 0050   403  15.788   0.540   0.505
 0051   330  15.812   0.635         
 0051   403  15.793   0.612   0.564
 0052   330  15.827   0.763         
 0052   403  15.787   0.782   0.353
 0053   330  15.860   1.257         
 0053   403  15.906   1.226   0.887
 0054   330  15.873   0.723         
 0054   403  15.915   0.640   0.615
 0055   330  15.880   1.075         
 0055   403  15.870   1.096   0.772
 0056   330  15.914   0.530         
 0056   403  15.908   0.496   0.479
 0057   330  15.920   1.297         
 0057   403  15.956   1.350   1.175
 0058   330  15.922   0.513         
 0058   403  15.901   0.528   0.502
 0059   330  15.943   1.355         
 0059   403  15.986   1.519   1.050
 0060   330  15.971   0.539         
 0060   403  15.933   0.536   0.459
 0061   330  16.012   0.756         
 0061   403  15.975   0.792   0.389
 0062   330  16.019   0.563         
 0062   403  15.999   0.535   0.498
 0063   330  16.031   0.685         
 0063   403  15.989   0.685   0.344
 0064   330  16.037   0.538         
 0064   403  16.035   0.527   0.466
 0065   330  16.038   1.316         
 0065   403  16.083   1.289   0.998
 0066   330  16.054   0.582         
 0066   403  16.100   0.525   0.464
 0067   330  16.062   0.764         
 0067   403  16.041   0.799   0.411
 0068   330  16.080   0.671         
 0068   403  16.050   0.669   0.596
 0069   330  16.094   0.591         
 0069   403  16.076   0.581   0.486
 0070   330  16.099   0.468         
 0070   403  16.090   0.469   0.502
 0071   330  16.101   0.610         
 0071   403  16.060   0.601   0.543
 0072   330  16.101   0.853         
 0072   403  16.082   0.871   0.331
 0073   330  16.107   1.023         
 0073   403  16.132   1.048   0.654
 0074   330  16.108   0.825         
 0074   403  16.096   0.816   0.397
 0075   330  16.132   0.626         
 0075   403  16.134   0.619   0.553
 0076   330  16.156   0.586         
 0076   403  16.191   0.596   0.528
 0077   330  16.157   0.902         
 0077   403  16.126   0.946   0.536
 0078   330  16.159   0.848         
 0078   403  16.138   0.821   0.339
 0079   330  16.167   0.575         
 0079   403  16.131   0.635   0.306
 0080   330  16.186   1.152         
 0080   403  16.231   1.179   1.215
 0081   330  16.189   0.544         
 0081   403  16.160   0.539   0.505
 0082   330  16.191   1.209         
 0082   403  16.215   1.220   0.830
 0083   330  16.191   1.454         
 0083   403  16.244   1.422   1.399
 0084   330  16.207   0.586         
 0084   403  16.178   0.600   0.424
 0085   330  16.245   0.537         
 0085   403  16.203   0.533   0.503
 0086   330  16.255   0.934         
 0086   403  16.255   0.922   0.545
 0087   330  16.261   0.442         
 0087   403  16.253   0.470   0.469
 0088   330  16.262   1.081         
 0088   403  16.276   1.191   0.777
 0089   330  16.264   0.531         
 0089   403  16.229   0.531   0.474
 0090   330  16.266   1.200         
 0090   403  16.281   1.208   1.011
 0091   330  16.286   0.398         
 0091   403  16.251   0.482   0.439
 0092   330  16.286   0.557         
 0092   403  16.301   0.561   0.379
 0093   330  16.301   0.605         
 0093   403  16.291   0.581   0.446
 0094   330  16.301   0.751         
 0094   403  16.469   0.514   0.659
 0095   330  16.306   1.225         
 0095   403  16.339   1.211   0.930
 0096   330  16.312   0.417         
 0096   403  16.233   0.434   0.391
 0097   330  16.319   1.138         
 0097   403  16.334   1.165   0.820
 0098   330  16.324   0.549         
 0098   403  16.292   0.537   0.465
 0099   330  16.327   1.031         
 0099   403  16.383   1.072   1.126
 0100   330  16.335   0.818         
 0100   403  16.360   0.800   0.423
 0101   330  16.386   0.537         
 0101   403  16.328   0.535   0.415
 0102   330  16.394   0.626         
 0102   403  16.387   0.583   0.537
 0103   330  16.402   0.641         
 0103   403  16.407   0.625   0.555
 0104   330  16.412   0.670         
 0104   403  16.445   0.650   0.517
 0105   330  16.415   0.722         
 0105   403  16.425   0.715   0.280
 0106   330  16.423   0.642         
 0106   403  16.414   0.627   0.473
 0107   330  16.453   0.442         
 0107   403  15.751   1.203   0.864
 0108   330  16.459   0.682         
 0108   403  16.396   0.704   0.347
 0109   330  16.460   0.966         
 0109   403  16.459   1.013   0.613
 0110   330  16.465   0.658         
 0110   403  16.435   0.664   0.377
 0111   330  16.465   0.778         
 0111   403  16.437   0.860   0.683
 0112   330  16.469   0.559         
 0112   403  16.473   0.540   0.496
 0113   330  16.469   0.530         
 0113   403  16.455   0.540   0.445
 0114   330  16.503   0.456         
 0114   403  16.459   0.459   0.422
 0115   330  16.517   0.704         
 0115   403  16.497   0.706   0.562
 0116   330  16.526   0.806         
 0116   403  16.515   0.833   0.353
 0117   330  16.530   0.560         
 0117   403  16.555   0.502   0.515
 0118   330  16.530   0.885         
 0118   403  16.513   0.876   0.341
 0119   330  16.531   0.519         
 0119   403  16.514   0.492   0.444
 0120   330  16.541   0.541         
 0120   403  16.466   0.559   0.569
 0121   330  16.545   0.529         
 0121   403  16.516   0.539   0.483
 0122   330  16.550   0.703         
 0123   330  16.556   0.902         
 0123   403  16.552   0.917   0.529
 0124   330  16.556   0.965         
 0124   403  16.541   0.937   0.498
 0125   330  16.563   0.924         
 0125   403  16.560   0.899   0.475
 0126   330  16.579   0.841         
 0126   403  16.572   0.826   0.472
 0127   330  16.588   0.626         
 0127   403  16.549   0.563   0.535
 0128   330  16.609   0.662         
 0128   403  16.581   0.661   0.624
 0129   330  16.619   0.625         
 0129   403  16.592   0.597   0.455
 0130   330  16.629   0.719         
 0130   403  16.635   0.764   0.333
 0131   330  16.646   0.602         
 0131   403  16.604   0.594   0.537
 0132   330  16.647   0.605         
 0132   403  16.604   0.621   0.489
 0133   330  16.658   1.430         
 0133   403  16.682   1.457   1.413
 0134   330  16.661   0.817         
 0134   403  16.666   0.817   0.447
 0135   330  16.690   0.985         
 0135   403  16.673   1.061   0.943
 0136   330  16.692   1.006         
 0136   403  16.681   1.012   0.733
 0137   330  16.700   0.540         
 0137   403  16.675   0.531   0.474
 0138   330  16.716   1.094         
 0138   403  16.693   1.153   1.132
 0139   330  16.719   0.676         
 0139   403  16.627   0.692   0.516
 0140   330  16.761   0.608         
 0141   330  16.782   0.577         
 0141   403  16.762   0.552   0.429
 0142   330  16.788   0.520         
 0142   403  16.749   0.537   0.455
 0143   330  16.788   0.644         
 0143   403  16.783   0.611   0.504
 0144   330  16.790   0.930         
 0144   403  16.777   0.961   0.425
 0145   330  16.796   0.466         
 0145   403  16.778   0.447   0.476
 0146   330  16.801   0.672         
 0146   403  16.775   0.756   0.274
 0147   330  16.807   1.320         
 0147   403  16.819   1.349   1.154
 0148   330  16.817   0.861         
 0148   403  16.817   0.860   0.426
 0149   330  16.829   0.776         
 0149   403  16.770   0.825   0.309
 0150   330  16.849   1.252         
 0150   403  16.890   1.232   0.821
 0151   330  16.855   1.198         
 0151   403  16.909   1.222   1.339
 0152   330  16.855   0.571         
 0152   403  17.013   0.579   0.502
 0153   330  16.856   0.475         
 0153   403  16.788   0.533   0.449
 0154   330  16.859   0.679         
 0154   403  16.823   0.693   0.527
 0155   330  16.860   0.846         
 0155   403  16.840   0.872   0.442
 0156   330  16.863   0.795         
 0156   403  16.846   0.753   0.389
 0157   330  16.879   1.039         
 0157   403  16.868   1.131   1.179
 0158   330  16.885   0.701         
 0158   403  16.862   0.608   0.500
 0159   330  16.892   0.615         
 0159   403  16.866   0.606   0.499
 0160   330  16.902   0.567         
 0160   403  16.850   0.553   0.484
 0161   330  16.911   0.496         
 0161   403  16.862   0.462   0.445
 0162   330  16.925   0.843         
 0162   403  16.957   0.807   0.371
 0163   330  16.941   0.545         
 0163   403  16.916   0.561   0.409
 0164   330  16.945   0.545         
 0164   403  16.897   0.530   0.448
 0165   330  16.966   0.592         
 0165   403  16.968   0.612   0.514
 0166   330  16.978   1.089         
 0166   403  16.973   1.193   0.917
 0167   330  16.978   0.625         
 0167   403  16.948   0.571   0.474
 0168   330  16.980   0.670         
 0168   403  16.974   0.602   0.510
 0169   330  17.016   0.871         
 0169   403  16.986   0.886   0.451
 0170   330  17.019   0.714         
 0170   403  16.987   0.656   0.272
 0171   330  17.022   0.693         
 0171   403  17.149   0.618   0.540
 0172   330  17.026   0.539         
 0172   403  17.015   0.542   0.405
 0173   330  17.040   0.711         
 0173   403  17.006   0.700   0.313
 0174   330  17.046   0.659         
 0174   403  17.051   0.644   0.463
 0175   330  17.069   0.743         
 0175   403  17.006   0.759   0.327
 0176   330  17.074   0.635         
 0176   403  17.057   0.614   0.477
 0177   330  17.081   0.705         
 0177   403  17.125   0.649   0.384
 0178   330  17.082   0.596         
 0178   403  17.033   0.671   0.372
 0179   330  17.088   0.535         
 0179   403  17.059   0.578   0.493
 0180   330  17.091   1.270         
 0180   403  17.164   1.330   1.270
 0181   330  17.095   0.763         
 0181   403  17.081   0.720   0.422
 0182   330  17.112   1.195         
 0182   403  17.092   1.180   0.739
 0183   330  17.119   0.599         
 0183   403  17.143   0.578   0.427
 0184   330  17.122   0.678         
 0184   403  17.117   0.679   0.307
 0185   330  17.137   1.092         
 0185   403  17.144   1.064   0.819
 0186   330  17.138   0.915         
 0186   403  17.119   0.971   0.466
 0187   330  17.147   0.680         
 0187   403  17.184   0.641   0.538
 0188   330  17.147   0.633         
 0188   403  17.160   0.628   0.505
 0189   330  17.167   0.863         
 0189   403  17.171   0.989   0.725
 0190   330  17.172   0.766         
 0190   403  17.123   0.787   0.411
 0191   330  17.180   0.877         
 0191   403  17.146   0.861   0.393
 0192   330  17.202   0.763         
 0192   403  17.141   0.785   0.312
 0193   330  17.207   0.962         
 0193   403  17.256   0.881   0.558
 0194   330  17.209   0.777         
 0194   403  17.221   0.738   0.578
 0195   330  17.225   0.654         
 0195   403  17.186   0.584   0.392
 0196   330  17.226   0.737         
 0196   403  17.187   0.744   0.615
 0197   330  17.249   0.819         
 0197   403  17.266   0.847   0.436
 0198   330  17.256   0.755         
 0198   403  17.289   0.818   0.291
 0199   330  17.271   0.907         
 0199   403  17.272   0.888   0.363
 0200   330  17.288   1.161         
 0200   403  17.430   1.082   0.657
 0201   330  17.291   0.835         
 0201   403  17.277   0.799   0.390
 0202   330  17.306   0.801         
 0202   403  17.292   0.821   0.340
 0203   330  17.319   0.864         
 0203   403  17.314   0.961   0.573
 0204   330  17.324   0.884         
 0204   403  17.317   0.849   0.494
 0205   330  17.324   0.836         
 0205   403  17.322   0.786   0.330
 0206   330  17.331   0.839         
 0206   403  17.310   0.822   0.452
 0207   330  17.331   0.788         
 0207   403  17.261   0.814   0.504
 0208   330  17.347   0.838         
 0208   403  17.343   0.783   0.385
 0209   330  17.383   0.736         
 0209   403  17.374   0.665   0.597
 0210   330  17.389   0.701         
 0210   403  17.653   0.641   0.579
 0211   330  17.399   0.702         
 0211   403  17.369   0.708   0.528
 0212   330  17.401   1.239         
 0212   403  17.439   1.244   1.287
 0213   330  17.402   0.967         
 0214   330  17.403   0.580         
 0214   403  17.413   0.561   0.357
 0215   330  17.405   1.253         
 0215   403  17.391   1.265   1.069
 0216   330  17.416   1.286         
 0216   403  17.436   1.250   0.909
 0217   330  17.427   0.749         
 0217   403  17.475   0.691   0.560
 0218   330  17.429   0.705         
 0218   403  17.346   0.679   0.325
 0219   330  17.433   0.620         
 0219   403  17.377   0.609   0.454
 0220   330  17.439   0.665         
 0220   403  17.448   0.635   0.389
 0221   330  17.444   0.736         
 0221   403  17.524   0.691   0.435
 0222   330  17.446   0.670         
 0222   403  17.960   0.658   0.254
 0223   330  17.451   0.809         
 0223   403  17.700   0.732   0.231
 0224   330  17.456   0.688         
 0224   403  17.435   0.623   0.502
 0225   330  17.457   1.064         
 0225   403  17.465   1.124   1.133
 0226   330  17.463   0.744         
 0226   403  17.391   0.802   0.278
 0227   330  17.465   0.681         
 0227   403  17.440   0.648   0.500
 0228   330  17.475   0.683         
 0228   403  17.445   0.701   0.492
 0229   330  17.480   0.658         
 0229   403  17.422   0.650   0.436
 0230   330  17.491   0.676         
 0230   403  17.452   0.757   0.253
 0231   330  17.492   0.824         
 0231   403  17.568   0.810   0.282
 0232   330  17.508   0.915         
 0232   403  17.466   0.894   0.402
 0233   330  17.551   0.676         
 0233   403  17.538   0.662   0.335
 0234   330  17.564   0.653         
 0234   403  17.527   0.649   0.427
 0235   330  17.565   0.817         
 0236   330  17.568   1.372         
 0236   403  17.379   1.309   0.840
 0237   330  17.572   0.612         
 0237   403  17.518   0.667   0.350
 0238   330  17.580   0.990         
 0238   403  17.571   0.974   0.539
 0239   330  17.586   1.154         
 0239   403  17.580   1.250   1.067
 0240   330  17.586   0.854         
 0240   403  17.577   0.800   0.431
 0241   330  17.588   0.774         
 0241   403  17.518   0.843   0.345
 0242   330  17.602   0.827         
 0242   403  18.187   1.058  -0.045
 0243   330  17.609   0.742         
 0243   403  17.550   0.772   0.295
 0244   330  17.617   0.827         
 0244   403  17.636   0.739   0.431
 0245   330  17.618   0.730         
 0245   403  17.541   0.769   0.365
 0246   330  17.643   1.431         
 0246   403  17.668   1.544   1.195
 0247   330  17.665   0.732         
 0247   403  17.602   0.694   0.402
 0248   330  17.672   0.697         
 0248   403  17.633   0.640   0.344
 0249   330  17.672   0.687         
 0249   403  17.644   0.642   0.384
 0250   330  17.674   0.823         
 0250   403  17.948   0.665   0.410
 0251   330  17.675   0.729         
 0251   403  17.639   0.785   0.349
 0252   330  17.675   0.818         
 0252   403  17.679   0.813   0.430
 0253   330  17.679   1.218         
 0253   403  17.700   1.223   1.164
 0254   330  17.686   0.945         
 0254   403  17.649   0.951   0.461
 0255   330  17.687   0.733         
 0255   403  17.706   0.720   0.368
 0256   330  17.687   0.767         
 0256   403  17.642   0.688   0.495
 0257   330  17.695   1.170         
 0257   403  17.659   1.284   1.109
 0258   330  17.702   0.708         
 0258   403  17.636   0.667   0.322
 0259   330  17.702   0.771         
 0259   403  17.838   0.711   0.373
 0260   330  17.708   0.899         
 0260   403  17.671   0.817   0.383
 0261   330  17.727   1.002         
 0261   403  17.761   0.980   0.475
 0262   330  17.729   0.814         
 0262   403  17.613   1.059   0.460
 0263   330  17.736   0.679         
 0263   403  17.607   0.701   0.314
 0264   330  17.755   0.697         
 0264   403  17.734   0.759   0.311
 0265   330  17.759   1.208         
 0265   403  17.804   1.191   0.598
 0266   330  17.763   0.764         
 0266   403  17.755   0.697   0.372
 0267   330  17.768   0.733         
 0267   403  17.734   0.734   0.489
 0268   330  17.769   0.766         
 0268   403  17.775   0.738   0.338
 0269   330  17.772   0.706         
 0269   403  17.718   0.670   0.361
 0270   330  17.775   0.658         
 0270   403  17.710   0.667   0.315
 0271   330  17.785   0.933         
 0271   403  17.814   1.131   0.835
 0272   330  17.786   0.696         
 0272   403  17.758   0.703   0.390
 0273   330  17.787   0.634         
 0273   403  17.781   0.687   0.244
 0274   330  17.791   0.902         
 0275   330  17.794   0.762         
 0275   403  17.795   0.692   0.471
 0276   330  17.799   0.658         
 0276   403  17.784   0.686   0.324
 0277   330  17.808   0.895         
 0277   403  17.785   0.878   0.372
 0278   330  17.811   0.895         
 0278   403  17.776   0.861   0.368
 0279   330  17.812   0.848         
 0279   403  17.527   0.860   0.361
 0280   330  17.816   0.882         
 0280   403  17.817   0.828   0.415
 0281   330  17.817   0.806         
 0281   403  17.818   0.746   0.593
 0282   330  17.839   0.748         
 0282   403  17.997   0.675   0.409
 0283   330  17.848   0.760         
 0283   403  17.846   0.664   0.426
 0284   330  17.857   0.923         
 0284   403  17.865   0.789   0.278
 0285   330  17.860   1.284         
 0285   403  17.811   1.257   1.333
 0286   330  17.863   0.840         
 0286   403  17.904   0.778   0.433
 0287   330  17.881   0.693         
 0287   403  17.839   0.741   0.261
 0288   330  17.895   0.815         
 0288   403  17.889   0.761   0.387
 0289   330  17.901   0.971         
 0289   403  17.864   0.980   0.382
 0290   330  17.902   0.757         
 0290   403  17.957   0.744   0.311
 0291   330  17.905   0.753         
 0291   403  18.048   0.717   0.278
 0292   330  17.905   0.741         
 0292   403  17.906   0.729   0.438
 0293   330  17.917   1.113         
 0293   403  17.973   1.142   0.537
 0294   330  17.935   0.503         
 0294   403  17.572   0.631   0.339
 0295   330  17.937   0.597         
 0295   403  17.895   0.720   0.282
 0296   330  17.940   1.065         
 0296   403  17.957   1.051   0.697
 0297   330  17.940   0.870         
 0297   403  17.901   0.884   0.390
 0298   330  17.944   0.758         
 0298   403  18.046   0.809   0.407
 0299   330  17.945   0.998         
 0299   403  18.016   0.852   0.501
 0300   330  17.946   1.450         
 0301   330  17.951   0.983         
 0301   403  17.920   1.041   0.686
 0302   330  17.974   0.764         
 0302   403  17.921   0.777   0.282
 0303   330  17.987   0.975         
 0303   403  18.018   0.934   0.520
 0304   330  17.988   0.830         
 0304   403  18.102   0.725   0.359
 0305   330  17.991   0.818         
 0306   330  18.012   1.435         
 0307   330  18.018   1.535         
 0308   330  18.025   0.954         
 0308   403  18.213   0.997   0.622
 0309   330  18.049   0.926         
 0309   403  18.107   0.877   0.477
 0310   330  18.056   0.751         
 0310   403  18.024   0.771   0.332
 0311   330  18.062   0.756         
 0311   403  18.107   0.807   0.426
 0312   330  18.065   0.795         
 0312   403  18.009   0.772   0.435
 0313   330  18.066   0.958         
 0313   403  18.005   1.004   0.467
 0314   330  18.078   1.294         
 0315   330  18.086   0.877         
 0315   403  18.075   0.939   0.352
 0316   330  18.089   1.118         
 0316   403  18.136   1.051   0.605
 0317   330  18.100   0.936         
 0317   403  18.373   0.841   0.582
 0318   330  18.105   0.795         
 0318   403  18.065   0.783   0.458
 0319   330  18.109   0.966         
 0319   403  18.098   0.928   0.748
 0320   330  18.132   0.744         
 0320   403  18.099   0.691   0.286
 0321   330  18.142   0.736         
 0321   403  18.078   0.754   0.428
 0322   330  18.142   1.495         
 0323   330  18.153   0.841         
 0323   403  18.146   0.889   0.426
 0324   330  18.155   0.748         
 0324   403  18.174   0.710   0.419
 0325   330  18.156   1.338         
 0326   330  18.162   0.767         
 0326   403  18.149   0.749   0.367
 0327   330  18.164   0.947         
 0327   403  18.131   0.895   0.566
 0328   330  18.170   0.845         
 0328   403  18.361   0.910   0.371
 0329   330  18.179   0.984         
 0329   403  18.183   0.941   0.408
 0330   330  18.200   1.452         
 0331   330  18.203   0.660         
 0331   403  18.164   0.751   0.324
 0332   330  18.205   0.845         
 0332   403  18.280   0.787   0.323
 0333   330  18.213   0.748         
 0333   403  18.193   0.695   0.331
 0334   330  18.223   0.921         
 0334   403  18.218   0.933   0.399
 0335   330  18.224   0.969         
 0335   403  18.188   0.996   0.702
 0336   330  18.227   0.870         
 0336   403  18.151   0.875   0.380
 0337   330  18.235   0.774         
 0337   403  18.239   0.740   0.310
 0338   330  18.237   0.671         
 0338   403  18.190   0.702   0.219
 0339   330  18.239   0.860         
 0339   403  18.254   0.717   0.469
 0340   330  18.241   0.790         
 0340   403  18.225   0.771   0.272
 0341   330  18.248   1.452         
 0342   330  18.248   0.775         
 0342   403  18.246   0.799   0.318
 0343   330  18.260   1.149         
 0343   403  18.263   1.098   0.472
 0344   330  18.262   1.171         
 0345   330  18.265   0.780         
 0345   403  18.267   0.681   0.596
 0346   330  18.268   0.839         
 0346   403  18.227   0.811   0.302
 0347   330  18.268   0.769         
 0347   403  18.230   0.781   0.310
 0348   330  18.277   0.949         
 0348   403  18.584   0.877   0.477
 0349   330  18.286   0.906         
 0349   403  18.295   0.846   0.380
 0350   330  18.287   1.131         
 0350   403  18.499   1.126   1.048
 0351   330  18.295   0.903         
 0351   403  18.258   0.891   0.199
 0352   330  18.300   0.759         
 0352   403  18.278   0.787   0.269
 0353   330  18.315   1.101         
 0353   403  18.297   1.066   0.477
 0354   330  18.321   0.758         
 0354   403  18.305   0.765   0.397
 0355   330  18.332   0.797         
 0355   403  18.328   0.639   0.375
 0356   330  18.342   0.788         
 0356   403  18.393   0.767   0.405
 0357   330  18.349   0.770         
 0357   403  18.317   0.755   0.339
 0358   330  18.355   1.320         
 0359   330  18.356   0.746         
 0359   403  18.373   0.661   0.122
 0360   330  18.359   1.267         
 0361   330  18.363   1.048         
 0361   403  18.335   1.023   0.509
 0362   330  18.363   1.317         
 0363   330  18.370   0.837         
 0363   403  18.408   0.712   0.428
 0364   330  18.370   0.781         
 0364   403  18.349   0.764   0.403
 0365   330  18.373   0.702         
 0365   403  18.296   0.730   0.263
 0366   330  18.388   0.916         
 0366   403  18.402   0.850   0.497
 0367   330  18.388   0.774         
 0367   403  18.361   0.746   0.215
 0368   330  18.390   0.676         
 0368   403  18.416   0.715   0.410
 0369   330  18.393   0.814         
 0369   403  18.454   0.783   0.279
 0370   330  18.398   0.782         
 0370   403  18.381   0.701   0.477
 0371   330  18.406   1.041         
 0371   403  18.469   0.963   0.580
 0372   330  18.409   1.093         
 0372   403  18.462   1.048   0.985
 0373   330  18.412   0.963         
 0373   403  18.406   0.919   0.618
 0374   330  18.414   0.725         
 0374   403  18.333   0.715   0.344
 0375   330  18.418   0.898         
 0375   403  18.360   0.785   0.433
 0376   330  18.428   0.834         
 0376   403  18.442   0.836   0.225
 0377   330  18.428   0.817         
 0377   403  18.384   0.840   0.418
 0378   330  18.432   0.848         
 0378   403  18.480   0.770   0.317
 0379   330  18.437   0.773         
 0379   403  18.436   0.739   0.250
 0380   330  18.441   0.799         
 0381   330  18.452   1.125         
 0381   403  18.489   1.092   0.596
 0382   330  18.466   1.165         
 0383   330  18.467   1.227         
 0383   403  18.510   1.218   0.834
 0384   330  18.472   0.991         
 0384   403  18.474   0.880   0.384
 0385   330  18.476   1.263         
 0386   330  18.481   0.707         
 0386   403  18.414   0.749   0.358
 0387   330  18.483   0.852         
 0387   403  18.535   0.821   0.294
 0388   330  18.488   0.654         
 0388   403  18.450   0.874   0.298
 0389   330  18.489   0.739         
 0389   403  18.679   0.781   0.265
 0390   330  18.491   0.780         
 0390   403  18.465   0.721   0.407
 0391   330  18.493   0.848         
 0391   403  18.560   0.754   0.263
 0392   330  18.519   0.985         
 0392   403  18.636   0.747   0.325
 0393   330  18.529   1.048         
 0393   403  18.437   1.087   0.484
 0394   330  18.540   0.832         
 0394   403  18.592   0.831   0.397
 0395   330  18.542   0.944         
 0395   403  18.542   1.104   0.357
 0396   330  18.555   0.894         
 0396   403  18.527   0.843   0.289
 0397   330  18.556   0.871         
 0397   403  18.622   0.802   0.578
 0398   330  18.557   0.790         
 0398   403  18.525   0.891   0.256
 0399   330  18.579   0.967         
 0399   403  18.566   0.984   0.698
 0400   330  18.587   0.806         
 0400   403  18.579   0.821   0.170
 0401   330  18.591   1.626         
 0402   330  18.596   0.858         
 0402   403  18.625   0.704   0.207
 0403   330  18.598   0.824         
 0404   330  18.602   1.293         
 0405   330  18.603   0.829         
 0405   403  18.550   0.844   0.374
 0406   330  18.606   1.589         
 0407   330  18.609   1.114         
 0408   330  18.618   0.850         
 0408   403  18.634   0.872   0.401
 0409   330  18.621   0.978         
 0409   403  18.514   0.939   0.467
 0410   330  18.625   0.697         
 0410   403  18.597   0.728   0.290
 0411   330  18.627   0.795         
 0411   403  18.628   0.809   0.211
 0412   330  18.629   1.155         
 0413   330  18.639   1.081         
 0413   403  18.599   1.042   0.415
 0414   330  18.641   1.337         
 0415   330  18.644   0.829         
 0415   403  18.606   0.751   0.620
 0416   330  18.654   1.676         
 0417   330  18.656   0.957         
 0418   330  18.657   1.519         
 0419   330  18.658   0.985         
 0419   403  18.683   0.932   0.440
 0420   330  18.659   1.205         
 0420   403  18.585   1.098   0.620
 0421   330  18.662   1.048         
 0421   403  18.705   1.046   0.523
 0422   330  18.662   0.878         
 0422   403  18.681   0.905   0.202
 0423   330  18.665   0.873         
 0423   403  18.635   0.824   0.485
 0424   330  18.667   0.757         
 0424   403  18.725   0.679   0.339
 0425   330  18.676   1.450         
 0426   330  18.684   0.992         
 0426   403  18.715   1.033   0.039
 0427   330  18.684   0.914         
 0427   403  18.702   0.840   0.370
 0428   330  18.705   0.690         
 0428   403  18.716   0.771   0.283
 0429   330  18.705   0.821         
 0429   403  18.658   0.845   0.188
 0430   330  18.731   1.003         
 0430   403  18.794   0.797   0.773
 0431   330  18.733   1.166         
 0432   330  18.733   1.253         
 0433   330  18.737   0.838         
 0433   403  18.668   0.849   0.495
 0434   330  18.742   1.260         
 0435   330  18.751   0.794         
 0435   403  18.664   0.818   0.303
 0436   330  18.754   0.792         
 0436   403  18.711   0.828   0.278
 0437   330  18.766   0.679         
 0437   403  18.826   0.775   0.246
 0438   330  18.770   1.301         
 0439   330  18.773   0.972         
 0439   403  18.785   0.903   0.186
 0440   330  18.775   0.846         
 0440   403  18.695   0.868   0.357
 0441   330  18.776   0.889         
 0441   403  18.748   0.941   0.064
 0442   330  18.793   0.835         
 0442   403  18.751   0.874   0.189
 0443   330  18.796   0.964         
 0443   403  19.162   0.790   0.459
 0444   330  18.797   0.778         
 0444   403  18.768   0.687   0.617
 0445   330  18.797   0.843         
 0445   403  18.772   0.867   0.431
 0446   330  18.802   0.882         
 0446   403  18.810   0.894   0.763
 0447   330  18.808   0.834         
 0447   403  18.794   0.831   0.431
 0448   330  18.814   0.865         
 0448   403  18.849   0.837   0.133
 0449   330  18.817   0.885         
 0449   403  18.836   0.807   0.276
 0450   330  18.830   0.942         
 0450   403  18.884   1.040   0.234
 0451   330  18.833   0.888         
 0451   403  18.840   0.815   0.639
 0452   330  18.834   1.031         
 0453   330  18.834   0.986         
 0453   403  18.812   0.920   0.561
 0454   330  18.843   0.886         
 0454   403  18.974   0.812   0.187
 0455   330  18.843   0.814         
 0455   403  18.841   0.839   0.318
 0456   330  18.844   0.944         
 0456   403  18.837   0.916   0.257
 0457   330  18.847   1.292         
 0458   330  18.851   0.791         
 0458   403  18.794   0.854   0.285
 0459   330  18.860   0.975         
 0459   403  19.018   0.937   0.362
 0460   330  18.869   0.839         
 0460   403  18.904   0.800   0.381
 0461   330  18.869   1.292         
 0462   330  18.872   0.935         
 0462   403  18.883   0.866   0.370
 0463   330  18.883   1.148         
 0463   403  18.848   1.006   0.725
 0464   330  18.887   1.009         
 0464   403  18.911   0.933   0.511
 0465   330  18.893   1.195         
 0466   330  18.896   0.977         
 0467   330  18.900   0.855         
 0467   403  18.773   0.981   0.051
 0468   330  18.900   0.956         
 0468   403  19.198   0.824   0.582
 0469   330  18.900   0.929         
 0469   403  18.882   0.831   0.619
 0470   330  18.908   0.948         
 0470   403  19.074   0.889   0.331
 0471   330  18.911   0.856         
 0471   403  18.892   0.868   0.252
 0472   330  18.917   0.668         
 0472   403  18.875   0.753   0.316
 0473   330  18.924   1.565         
 0474   330  18.927   0.948         
 0474   403  18.958   0.996   0.236
 0475   330  18.940   0.872         
 0475   403  18.952   0.849   0.333
 0476   330  18.957   0.897         
 0476   403  18.849   0.900   0.576
 0477   330  18.964   1.615         
 0478   330  18.967   0.788         
 0478   403  19.001   0.810   0.142
 0479   330  18.971   1.004         
 0479   403  18.975   1.123   0.464
 0480   330  18.975   0.924         
 0480   403  18.912   0.869   0.483
 0481   330  18.988   0.777         
 0482   330  18.990   0.871         
 0482   403  18.976   0.807   0.477
 0483   330  18.991   1.220         
 0484   330  18.996   1.059         
 0485   330  18.997   0.973         
 0486   330  19.014   0.944         
 0487   330  19.019   0.992         
 0487   403  19.032   0.985   0.381
 0488   330  19.038   1.016         
 0489   330  19.042   0.777         
 0489   403  19.035   0.678   0.304
 0490   330  19.043   0.929         
 0490   403  18.982   1.091   0.328
 0491   330  19.045   1.107         
 0491   403  19.207   0.948   0.353
 0492   330  19.071   0.821         
 0492   403  19.039   0.815   0.247
 0493   330  19.083   1.061         
 0494   330  19.096   1.002         
 0495   330  19.105   1.094         
 0495   403  19.207   0.916   0.252
 0496   330  19.112   0.997         
 0496   403  19.192   0.843   0.243
 0497   330  19.117   1.047         
 0498   330  19.119   0.834         
 0498   403  19.121   0.891   0.247
 0499   330  19.119   1.166         
 0499   403  18.994   0.940   0.293
 0500   330  19.123   1.127         
 0501   330  19.124   0.821         
 0501   403  19.161   0.725   0.222
 0502   330  19.135   1.214         
 0503   330  19.135   0.768         
 0503   403  19.208   0.784   0.393
 0504   330  19.140   1.221         
 0505   330  19.141   0.916         
 0506   330  19.144   0.849         
 0506   403  19.182   0.794   0.237
 0507   330  19.152   1.000         
 0508   330  19.162   1.188         
 0509   330  19.181   0.909         
 0509   403  19.173   0.883   0.621
 0510   330  19.189   0.875         
 0510   403  19.112   0.891   0.241
 0511   330  19.193   0.809         
 0511   403  19.216   0.783   0.504
 0512   330  19.201   0.815         
 0513   330  19.209   1.228         
 0514   330  19.209   1.211         
 0515   330  19.212   1.253         
 0516   330  19.218   1.381         
 0517   330  19.219   0.885         
 0517   403  19.305   0.775   0.587
 0518   330  19.223   0.964         
 0518   403  19.213   0.779   0.312
 0519   330  19.225   0.966         
 0520   330  19.236   0.833         
 0521   330  19.238   1.246         
 0522   330  19.244   0.805         
 0522   403  19.177   1.057   0.101
 0523   330  19.246   0.959         
 0523   403  19.350   0.937   0.238
 0524   330  19.257   0.997         
 0524   403  19.306   0.917   0.194
 0525   330  19.261   0.990         
 0526   330  19.268   0.956         
 0526   403  19.216   0.909   0.537
 0527   330  19.268   0.604         
 0527   403  19.337   0.779   0.480
 0528   330  19.274   1.096         
 0529   330  19.281   0.820         
 0529   403  19.218   0.955   0.358
 0530   330  19.301   1.107         
 0531   330  19.346   0.844         
 0532   330  19.356   1.050         
 0533   330  19.356   1.062         
 0534   330  19.369   0.904         
 0535   330  19.390   0.957         
 0536   330  19.398   0.911         
 0537   330  19.401   1.567         
 0538   330  19.405   0.994         
 0539   330  19.411   1.096         
 0540   330  19.411   0.871         
 0540   403  19.355   0.883   0.261
 0541   330  19.415   1.399         
 0542   330  19.419   1.041         
 0543   330  19.424   0.924         
 0544   330  19.425   1.401         
 0545   330  19.427   0.950         
 0545   403  19.468   0.821   0.582
 0546   330  19.427   1.007         
 0547   330  19.440   0.988         
 0547   403  19.303   1.069   0.141
 0548   330  19.450   0.803         
 0548   403  19.314   0.673   0.598
 0549   330  19.450   0.938         
 0549   403  19.456   0.848   0.383
 0550   330  19.456   1.001         
 0551   330  19.457   1.478         
 0552   330  19.460   1.173         
 0553   330  19.474   1.171         
 0554   330  19.475   1.049         
 0555   330  19.483   1.169         
 0556   330  19.485   1.340         
 0557   330  19.491   1.342         
 0558   330  19.495   0.966         
 0559   330  19.503   0.752         
 0560   330  19.508   1.259         
 0561   330  19.524   1.062         
 0562   330  19.545   1.010         
 0563   330  19.546   1.117         
 0564   330  19.552   0.998         
 0565   330  19.572   1.058         
 0566   330  19.577   0.864         
 0567   330  19.581   1.003         
 0568   330  19.593   1.513         
 0569   330  19.594   1.166         
 0570   330  19.599   1.439         
 0571   330  19.603   1.057         
 0572   330  19.606   1.166         
 0573   330  19.607   1.004         
 0574   330  19.625   1.183         
 0575   330  19.634   0.951         
 0576   330  19.635   0.823         
 0577   330  19.640   1.427         
 0578   330  19.645   0.802         
 0579   330  19.646   1.190         
 0580   330  19.651   0.939         
 0581   330  19.659   0.918         
 0582   330  19.667   1.232         
 0583   330  19.677   1.046         
 0584   330  19.679   0.998         
 0585   330  19.683   1.295         
 0586   330  19.692   1.211         
 0586   403  18.027   0.836   0.392
 0587   330  19.695   1.137         
 0588   330  19.699   0.979         
 0589   330  19.707   1.027         
 0590   330  19.718   0.778         
 0591   330  19.732   1.051         
 0592   330  19.744   1.344         
 0593   330  19.750   1.141         
 0594   330  19.752   1.265         
 0595   330  19.752   1.059         
 0596   330  19.753   1.145         
 0597   330  19.755   1.206         
 0598   330  19.761   0.593         
 0599   330  19.763   1.777         
 0600   330  19.775   1.288         
 0601   330  19.777   0.952         
 0602   330  19.784   1.459         
 0603   330  19.795   1.343         
 0604   330  19.795   1.179         
 0605   330  19.804   1.110         
 0606   330  19.806   1.173         
 0607   330  19.820   1.300         
 0608   330  19.833   0.873         
 0608   403  20.017   0.615   0.244
 0609   330  19.836   1.176         
 0610   330  19.863   0.879         
 0611   330  19.871   0.761         
 0612   330  19.884   1.444         
 0613   330  19.892   1.425         
 0614   330  19.899   1.155         
 0615   330  19.909   1.078         
 0616   330  19.911   1.245         
 0617   330  19.923   1.021         
 0618   330  19.929   1.246         
 0619   330  19.941   0.937         
 0620   330  19.947   0.712         
 0621   330  19.952   0.795         
 0622   330  19.956   0.880         
 0623   330  19.966   1.254         
 0624   330  19.977   0.811         
 0625   330  19.982   0.935         
 0626   330  19.985   1.116         
 0627   330  19.999   1.574         
 0628   330  20.030   0.724         
 0629   330  20.030   0.801         
 0630   330  20.056   1.143         
 0631   330  20.056   1.277         
 0632   330  20.074   0.937         
 0633   330  20.075   1.182         
 0634   330  20.092   1.544         
 0635   330  20.094   1.186         
 0636   330  20.095   0.874         
 0637   330  20.109   1.243         
 0638   330  20.116   1.311         
 0639   330  20.127   1.257         
 0640   330  20.143   1.620         
 0641   330  20.150   1.180         
 0642   330  20.156   1.023         
 0643   330  20.180   1.091         
 0644   330  20.193   0.970         
 0645   330  20.199   1.221         
 0646   330  20.199   0.891         
 0647   330  20.209   0.969         
 0648   330  20.217   0.946         
 0649   330  20.244   1.141         
 0650   330  20.273   1.331         
 0651   330  20.275   1.493         
 0652   330  20.284   1.217         
 0653   330  20.313   0.870         
 0654   330  20.390   0.659         
 0655   330  20.397   1.180         
 0656   330  20.417   1.564         
 0657   330  20.425   0.753         
 0658   330  20.528   0.711         
 0659   330  20.536   1.268         
 0660   330  20.538   1.145         
 0661   330  20.544   1.022         
 0662   330  20.578   1.301         
 0663   330  20.585   0.714         
 0664   330  20.705   0.448         
 0665   330  20.706   0.829         
 0666   330  20.823   1.641         
 0667   403  13.710   0.040  -0.389
 0668   403  13.393   0.862   0.772
 0669   403  13.727   0.559   0.478
 0670   403  14.068   0.571   0.342
 0671   403  14.228   0.819   0.646
 0672   403  14.663   0.738   0.353
 0673   403  14.707   0.759   0.452
 0674   403  14.279   1.377   1.343
 0675   403  15.277   0.786   0.510
 0676   403  15.650   0.440   0.464
 0677   403  14.909   1.333   1.303
 0678   403  16.140   0.099   0.899
 0679   403  15.781   0.564   0.349
 0680   403  15.181   1.236   0.901
 0681   403  15.230   1.309   1.158
 0682   403  15.890   0.775   0.436
 0683   403  16.162   0.526   0.441
 0684   403  16.118   0.600   0.401
 0685   403  16.050   0.868   0.471
 0686   403  16.109   0.844   0.428
 0687   403  15.874   1.183   0.976
 0688   403  16.449   0.685   0.361
 0689   403  16.295   0.854   0.458
 0690   403  16.301   0.870   0.565
 0691   403  16.122   1.067   0.713
 0692   403  16.221   0.970   0.524
 0693   403  16.443   0.817   0.450
 0694   403  16.321   0.955   0.510
 0695   403  16.614   0.703   0.288
 0696   403  16.734   0.645   0.404
 0697   403  16.627   0.758   0.386
 0698   403  16.726   0.793   0.411
 0699   403  16.503   1.021   1.050
 0700   403  16.213   1.331   1.164
 0701   403  16.700   0.860   0.443
 0702   403  17.062   0.548   0.326
 0703   403  16.481   1.210   0.859
 0704   403  17.125   0.558   0.366
 0705   403  16.773   0.938   0.497
 0706   403  16.346   1.376   1.194
 0707   403  16.964   0.749   0.286
 0708   403  17.012   0.734   0.317
 0709   403  17.007   0.803   0.371
 0710   403  16.950   0.879   0.444
 0711   403  16.940   0.891   0.389
 0712   403  16.985   0.867   0.350
 0713   403  17.251   0.611   0.417
 0714   403  17.410   0.527   0.366
 0715   403  17.080   0.864   0.385
 0716   403  17.326   0.641   0.331
 0717   403  16.922   1.055   0.539
 0718   403  17.104   0.883   0.429
 0719   403  17.049   0.947   0.551
 0720   403  17.354   0.641   0.425
 0721   403  17.594   0.399   0.489
 0722   403  17.266   0.752   0.276
 0723   403  17.295   0.738   0.212
 0724   403  16.967   1.071   0.934
 0725   403  17.448   0.597   0.295
 0726   403  17.160   0.901   0.456
 0727   403  17.097   0.985   0.572
 0728   403  17.214   0.892   0.504
 0729   403  17.199   0.913   0.425
 0730   403  17.113   1.031   0.532
 0731   403  17.372   0.792   0.327
 0732   403  17.578   0.593   0.315
 0733   403  16.991   1.212   1.105
 0734   403  17.510   0.693   0.437
 0735   403  17.552   0.677   0.291
 0736   403  17.655   0.610   0.286
 0737   403  17.586   0.688   0.349
 0738   403  17.513   0.773   0.337
 0739   403  17.539   0.758   0.223
 0740   403  17.722   0.574   0.385
 0741   403  17.697   0.621   0.350
 0742   403  17.489   0.855   0.393
 0743   403  17.643   0.730   0.318
 0744   403  17.228   1.175   1.358
 0745   403  17.647   0.777   0.297
 0746   403  17.591   0.872   0.492
 0747   403  17.729   0.751   0.319
 0748   403  17.623   0.869   0.378
 0749   403  17.787   0.718   0.307
 0750   403  17.895   0.614   0.505
 0751   403  18.052   0.460   0.583
 0752   403  17.807   0.744   0.309
 0753   403  17.764   0.821   0.267
 0754   403  17.758   0.830   0.312
 0755   403  17.523   1.073   0.813
 0756   403  17.985   0.606   0.470
 0757   403  17.578   1.034   0.691
 0758   403  17.989   0.632   0.352
 0759   403  17.779   0.848   0.291
 0760   403  17.593   1.044   0.464
 0761   403  17.710   0.929   0.496
 0762   403  17.758   0.889   0.410
 0763   403  17.750   0.906   0.463
 0764   403  17.951   0.706   0.445
 0765   403  17.990   0.671   0.352
 0766   403  17.816   0.852   0.319
 0767   403  17.322   1.362   0.970
 0768   403  17.484   1.231   0.742
 0769   403  17.961   0.772   0.295
 0770   403  17.584   1.175   0.861
 0771   403  17.280   1.491   1.775
 0772   403  18.047   0.713   0.199
 0773   403  18.013   0.760   0.275
 0774   403  18.099   0.674   0.388
 0775   403  17.864   0.931   0.658
 0776   403  17.806   1.000   0.473
 0777   403  17.890   0.917   0.586
 0778   403  17.710   1.104   0.556
 0779   403  18.028   0.798   0.357
 0780   403  17.973   0.867   0.203
 0781   403  17.660   1.188   0.835
 0782   403  17.365   1.493   1.244
 0783   403  17.765   1.087   0.756
 0784   403  17.831   1.034   0.622
 0785   403  17.678   1.191   1.031
 0786   403  17.596   1.333   1.207
 0787   403  18.301   0.656   0.258
 0788   403  18.112   0.848   0.377
 0789   403  18.219   0.744   0.202
 0790   403  18.135   0.835   0.391
 0791   403  17.996   0.984   0.838
 0792   403  17.978   1.007   0.523
 0793   403  18.027   0.974   0.423
 0794   403  18.089   0.926   0.518
 0795   403  18.174   0.847   0.396
 0796   403  18.330   0.693   0.188
 0797   403  17.959   1.071   0.854
 0798   403  18.172   0.886   0.669
 0799   403  18.356   0.748   0.772
 0800   403  18.342   0.768   0.317
 0801   403  18.388   0.729   0.263
 0802   403  18.412   0.710   0.288
 0803   403  18.179   0.953   0.471
 0804   403  18.423   0.725   0.349
 0805   403  18.291   0.866   0.430
 0806   403  18.227   0.951   0.554
 0807   403  18.621   0.561   0.531
 0808   403  18.227   0.962   0.281
 0809   403  18.321   0.884   0.258
 0810   403  18.476   0.737   0.172
 0811   403  18.651   0.567   0.291
 0812   403  18.164   1.074   0.653
 0813   403  18.237   1.006   0.423
 0814   403  18.489   0.756   0.183
 0815   403  18.294   0.971   0.297
 0816   403  18.445   0.824   0.110
 0817   403  18.494   0.780   0.138
 0818   403  18.450   0.828   0.421
 0819   403  18.387   0.901   0.349
 0820   403  18.492   0.797   0.242
 0821   403  18.376   0.921   0.481
 0822   403  18.430   0.873   0.377
 0823   403  18.527   0.780   0.405
 0824   403  18.425   0.895   0.515
 0825   403  18.644   0.684   0.337
 0826   403  18.482   0.865   0.322
 0827   403  18.291   1.090   0.700
 0828   403  18.285   1.097   0.435
 0829   403  18.417   0.976   0.255
 0830   403  18.675   0.717   0.421
 0831   403  18.429   0.981   0.575
 0832   403  18.497   0.920   0.250
 0833   403  18.593   0.830   0.373
 0834   403  18.368   1.084   0.663
 0835   403  18.683   0.773   0.396
 0836   403  18.639   0.831   0.392
 0837   403  18.563   0.911   0.253
 0838   403  18.318   1.167   1.119
 0839   403  18.474   1.015   0.754
 0840   403  18.709   0.811   0.307
 0841   403  18.627   0.895   0.332
 0842   403  18.504   1.027   0.533
 0843   403  18.771   0.763   0.318
 0844   403  18.888   0.644   0.399
 0845   403  18.681   0.858   0.256
 0846   403  18.632   0.908   0.251
 0847   403  18.817   0.742   0.146
 0848   403  18.957   0.609   0.519
 0849   403  18.642   0.934   0.366
 0850   403  18.801   0.780   0.252
 0851   403  18.792   0.791   0.206
 0852   403  18.736   0.851   0.265
 0853   403  18.682   0.920   0.151
 0854   403  18.744   0.859   0.481
 0855   403  18.756   0.866   0.182
 0856   403  18.690   0.935   0.279
 0857   403  18.733   0.896   0.339
 0858   403  18.861   0.782   0.384
 0859   403  18.713   0.936   0.347
 0860   403  18.869   0.783   0.412
 0861   403  18.781   0.895   0.284
 0862   403  18.786   0.919   0.693
 0863   403  18.903   0.812   0.275
 0864   403  18.525   1.214   1.058
 0865   403  18.759   1.001   0.560
 0866   403  19.043   0.730   0.300
 0867   403  18.682   1.098   0.367
 0868   403  18.928   0.866   0.239
 0869   403  18.743   1.063   0.337
 0870   403  18.716   1.112   0.776
 0871   403  19.061   0.786   0.421
 0872   403  18.997   0.857   0.263
 0873   403  19.338   0.559   0.389
 0874   403  19.091   0.814   0.476
 0875   403  19.179   0.741   0.341
 0876   403  19.034   0.945   0.109
 0877   403  19.184   0.796   0.367
 0878   403  19.112   0.870   0.267
 0879   403  19.249   0.773   0.548
 0880   403  19.106   0.957   0.029
 0881   403  19.109   0.971   0.279
 0882   403  19.241   0.838  -0.026
 0883   403  19.153   0.929   0.293
 0884   403  19.349   0.735   0.266
 0885   403  19.228   0.859   0.522
 0886   403  19.158   0.940   0.482
 0887   403  19.114   0.992   0.265
 0888   403  19.230   0.885   0.306
 0889   403  19.348   0.808   0.294
 0890   403  19.143   1.018   0.428
 0891   403  19.235   0.931   0.321
 0892   403  19.333   0.850   0.387
 0893   403  19.308   0.925   0.079
 0894   403  19.107   1.132   0.427
 0895   403  19.417   0.833   0.308
 0896   403  19.433   0.883   0.342
 0897   403  19.443   0.927   0.224
 0898   403  19.432   0.944   0.177
 0899   403  19.375   1.039  -0.141
 0900   403  19.552   0.889   0.534
 0901   403  19.395   1.062   0.549
 0902   403  18.301   2.192  -1.636
 0903   403  19.415   1.076   0.097
 0904   403  19.697   0.811   0.185
 0905   403  19.675   0.977   0.052
 0906   403  19.928   0.764   0.235