UBV CCD observations

  No    Ref    V       B-V     U-B

 0003   531  18.752   1.548         
 0006   531  19.889   1.709         
 0008   531  20.809   1.670         
 0009   531  19.497   1.759         
 0010   531  20.437   1.743         
 0011   531  19.479   1.679         
 0016   531  19.169   1.254         
 0018   531  18.966   1.217   0.178
 0021   531  19.522   1.583         
 0022   531  18.545   1.425  -1.162
 0023   531  18.617   1.087   0.064
 0024   531  19.569   1.612         
 0026   531  20.748   1.916         
 0027   531  20.710   1.860         
 0030   531  18.474   1.535         
 0031   531  20.264   1.556         
 0033   531  19.605   1.722         
 0034   531  20.507   1.406         
 0035   531  19.958   1.458  -0.596
 0037   531  20.223   1.910         
 0039   531  19.594   1.545         
 0040   531  18.828   2.246         
 0042   531  19.330   1.290         
 0043   531  15.098   0.574   0.436
 0044   531  19.164   1.558         
 0047   531  20.564   1.680         
 0048   531  18.418   1.099         
 0050   531  18.780   1.320         
 0051   531  18.285   1.013   0.120
 0053   531  19.011   1.462         
 0055   531  19.278   1.294         
 0056   531  20.617   1.558         
 0058   531  19.665   1.494         
 0059   531  15.745   0.785   0.240
 0060   531  19.299   1.739         
 0062   531  19.148   1.384         
 0064   531  19.199   1.353         
 0067   531  18.488   1.183   0.312
 0070   531  19.465   1.361         
 0071   531  19.087   1.671         
 0072   531  20.076   1.423         
 0073   531  17.109   1.130  -0.118
 0075   531  18.282   1.310   0.868
 0076   531  20.088   1.451         
 0078   531  18.063   1.061   0.186
 0080   531  18.335   1.156   0.162
 0081   531  17.917   1.287   0.197
 0082   531  19.321   2.549         
 0085   531  20.036   1.369         
 0088   531  20.217   1.689         
 0092   531  18.524   1.005  -0.224
 0096   531  18.936   1.197  -0.091
 0097   531  19.557   1.701         
 0098   531  19.839   1.496         
 0099   531  19.664   1.377         
 0100   531  19.920   1.648         
 0101   531  19.435   1.661         
 0102   531  18.865   1.229   0.132
 0103   531  18.433   1.296   0.508
 0106   531  16.083   0.890   0.260
 0107   531  16.952   0.962   0.198
 0108   531  16.689   0.875   0.124
 0109   531  18.829   1.414         
 0110   531  18.490   1.594         
 0111   531  19.538   1.654         
 0112   531  19.990   1.314         
 0113   531  21.127   1.308         
 0114   531  19.894   1.519         
 0115   531  18.853   1.375   0.032
 0117   531  19.132   1.264         
 0118   531  18.353   1.169   0.492
 0119   531  19.398   1.312         
 0120   531  20.198   1.715         
 0121   531  19.077   1.353         
 0122   531  20.146   1.400         
 0124   531  18.382   1.173  -0.260
 0126   531  19.072   1.717   0.347
 0129   531  18.328   1.060   0.344
 0130   531  18.083   1.262   0.271
 0131   531  20.283   1.245         
 0133   531  19.160   1.437         
 0135   531  19.556   1.357         
 0136   531  19.080   1.491  -1.226
 0137   531  17.596   0.884   0.279
 0138   531  20.295   1.548         
 0140   531  14.981   0.445   0.253
 0141   531  18.974   1.274  -0.036
 0144   531  18.227   1.645   0.677
 0145   531  19.358   1.266   0.214
 0147   531  19.932   1.794         
 0152   531  19.535   1.882         
 0154   531  20.526   1.362         
 0155   531  20.070   2.189         
 0157   531  15.590   0.779   0.666
 0159   531  17.737   1.083   0.017
 0160   531  20.378   1.493         
 0163   531  19.061   1.208  -0.252
 0165   531  20.327   1.386         
 0166   531  17.857   1.238   0.431
 0167   531  19.442   1.432         
 0168   531  15.296   0.528   0.331
 0169   531  18.314   1.499         
 0171   531  18.561   1.229  -0.047
 0179   531  20.037   1.322         
 0181   531  17.579   0.971   0.312
 0182   531  18.972   2.214         
 0184   531  17.109   1.064   0.326
 0188   531  18.817   1.099   0.080
 0189   531  18.666   1.158   0.067
 0190   531  18.684   1.245         
 0191   531  18.040   1.353         
 0194   531  17.990   1.171   0.097
 0195   531  15.905   0.600   0.165
 0197   531  18.793   1.619         
 0198   531  19.600   1.809         
 0199   531  18.539   1.286         
 0202   531  18.311   1.363         
 0205   531  19.362   1.399  -0.149
 0206   531  19.444   1.311         
 0208   531  19.885   1.341  -0.264
 0209   531  20.109   1.621         
 0210   531  13.328   0.344   0.226
 0211   531  20.506   1.629         
 0212   531  20.046   1.963         
 0213   531  17.504   1.134   0.294
 0216   531  17.194   0.871   0.271
 0217   531  19.717   1.256  -0.075
 0218   531  19.843   1.401         
 0220   531  19.601   1.311  -0.961
 0223   531  19.948   1.356         
 0224   531  19.259   1.339         
 0226   531  18.621   1.178         
 0227   531  19.601   1.416         
 0228   531  15.361   0.698   0.247
 0229   531  18.457   1.406  -0.036
 0230   531  17.897   1.174   0.746
 0231   531  19.880   1.455         
 0232   531  19.307   1.112         
 0234   531  20.151   1.424         
 0235   531  20.486   2.073         
 0237   531  18.565   1.236         
 0239   531  18.243   1.327   0.708
 0242   531  19.125   1.021   0.098
 0244   531  14.240   0.980   1.684
 0247   531  19.592   1.310         
 0249   531  20.609   1.858         
 0250   531  16.331   0.880   0.130
 0252   531  17.621   0.998   0.062
 0253   531  20.061   1.460         
 0257   531  19.771   1.373         
 0258   531  19.712   1.774         
 0259   531  16.141   1.075   0.529
 0260   531  20.154   1.742         
 0261   531  17.611   1.268   0.516
 0263   531  14.680   0.510   0.105
 0265   531  18.435   1.593         
 0266   531  18.329   1.991         
 0267   531  19.772   1.557         
 0268   531  19.476   1.670         
 0269   531  19.169   1.261         
 0273   531  20.251   2.029         
 0274   531  17.094   1.975         
 0275   531  18.774   1.540         
 0277   531  20.676   2.027         
 0278   531  18.333   1.666         
 0279   531  20.563   1.856         
 0280   531  19.482   1.408         
 0281   531  15.355   0.855   0.081
 0283   531  18.790   1.340  -0.054
 0288   531  14.642   0.499   0.239
 0290   531  19.512   1.355         
 0292   531  19.422   1.728         
 0293   531  16.912   0.903   0.044
 0295   531  18.348   1.374   0.190
 0297   531  19.026   1.400   0.020
 0298   531  14.085   0.484   0.215
 0299   531  18.372   1.337   0.380
 0300   531  19.604   1.305         
 0301   531  20.506   1.524         
 0302   531  20.529   1.891         
 0303   531  15.603   0.705   0.186
 0304   531  20.476   1.827         
 0306   531  20.280   1.539  -0.421
 0307   531  17.608   1.025   0.205
 0308   531  19.090   1.383         
 0309   531  20.561   2.237         
 0310   531  19.556   1.698         
 0311   531  19.396   1.376  -0.125
 0312   531  18.365   1.303   0.029
 0313   531  19.487   1.423         
 0314   531  19.620   1.333         
 0316   531  18.250   1.348   1.231
 0318   531  17.717   1.436   0.735
 0319   531  17.087   0.931   0.272
 0320   531  17.195   1.007   0.225
 0321   531  16.486   0.916   0.099
 0323   531  14.637   0.446   0.303
 0324   531  19.738   1.644         
 0326   531  19.382   2.454         
 0327   531  18.130   1.405   0.505
 0328   531  18.557   1.243         
 0329   531  19.282   1.708         
 0330   531  21.292   1.359         
 0331   531  18.739   1.239  -0.059
 0332   531  19.239   1.827         
 0333   531  20.531   1.458         
 0335   531  17.730   1.118   0.126
 0338   531  19.056   1.706   0.594
 0339   531  19.216   1.257         
 0341   531  20.201   1.602         
 0342   531  17.893   1.681   1.147
 0343   531  18.361   1.164   0.146
 0345   531  17.608   1.067   0.284
 0349   531  17.393   1.135   0.565
 0350   531  19.700   1.972         
 0352   531  21.161   2.373         
 0354   531  18.871   1.652         
 0355   531  19.486   1.534         
 0356   531  17.308   0.960  -0.228
 0357   531  18.753   1.288   0.553
 0358   531  19.479   1.867         
 0359   531  19.537   1.183         
 0360   531  17.366   1.170         
 0361   531  15.723   0.872   0.759
 0363   531  19.272   1.616         
 0367   531  18.394   0.982   0.697
 0369   531  17.077   0.935   0.065
 0370   531  18.628   1.310         
 0371   531  19.476   1.584         
 0372   531  16.682   0.856   0.110
 0373   531  16.017   0.674   0.075
 0374   531  19.311   1.742         
 0375   531  19.693   1.734         
 0376   531  18.800   1.119   0.492
 0378   531  18.676   1.186         
 0379   531  19.068   1.368         
 0380   531  19.159   1.354         
 0381   531  17.787   0.993   0.340
 0382   531  19.282   1.482         
 0385   531  19.287   1.964         
 0387   531  19.988   1.609         
 0388   531  19.842   1.409   0.053
 0389   531  19.924   1.431  -0.387
 0390   531  17.592   1.756   0.224
 0391   531  16.750   2.171   0.167
 0392   531  19.559   1.652         
 0394   531  16.626   0.991   0.203
 0395   531  18.709   1.467         
 0396   531  17.751   1.037   0.162
 0397   531  18.495   1.637         
 0398   531  17.485   0.802   0.077
 0399   531  17.632   1.293   0.479
 0400   531  19.127   1.982         
 0402   531  18.985   1.374   0.099
 0403   531  17.085   0.967   0.109
 0407   531  19.088   1.282         
 0408   531  20.075   1.400         
 0411   531  18.975   1.177  -0.189
 0413   531  18.167   1.154   0.446
 0414   531  19.304   1.304  -0.107
 0417   531  19.621   1.530         
 0419   531  19.118   1.298         
 0420   531  17.400   0.693   0.366
 0421   531  17.154   1.050   0.530
 0422   531  18.150   1.150   0.376
 0424   531  20.195   1.453         
 0425   531  20.386   1.535         
 0426   531  19.906   1.366         
 0428   531  19.466   1.268   0.090
 0429   531  13.739   0.267   0.014
 0430   531  17.767   1.188   0.157
 0431   531  19.483   1.536         
 0432   531  19.307   1.420         
 0433   531  17.441   2.186         
 0434   531  16.445   0.862   0.319
 0435   531  19.870   1.653         
 0437   531  19.289   1.189         
 0438   531  16.166   0.727   0.100
 0439   531  19.934   1.547         
 0440   531  19.214   1.654         
 0441   531  18.967   1.219         
 0442   531  19.444   1.068         
 0443   531  20.149   1.380         
 0444   531  20.183   1.533         
 0445   531  15.990   0.863   0.127
 0446   531  18.136   1.241  -0.018
 0448   531  20.469   1.823         
 0449   531  17.976   1.225   0.014
 0450   531  17.624   1.189   0.870
 0452   531  20.000   1.809         
 0454   531  16.496   0.993   0.851
 0455   531  18.144   1.223   0.090
 0456   531  18.509   1.610   0.411
 0457   531  19.344   1.326         
 0458   531  20.378   1.695         
 0460   531  15.778   0.727   0.340
 0462   531  18.376   0.853   0.261
 0463   531  19.252   1.216         
 0464   531  19.474   1.523         
 0465   531  18.836   1.155   0.413
 0466   531  19.980   1.778         
 0468   531  18.576   1.145         
 0469   531  16.730   0.863   0.053
 0470   531  19.637   1.697         
 0472   531  19.562   1.422  -0.151
 0473   531  18.807   1.173   0.427
 0474   531  18.983   1.377         
 0475   531  19.319   1.425         
 0476   531  19.694   1.301         
 0477   531  19.701   1.743         
 0478   531  20.403   1.647         
 0479   531  17.318   0.929   0.218
 0480   531  18.226   1.151   0.174
 0481   531  16.577   1.034   0.041
 0483   531  19.469   1.582         
 0485   531  19.528   1.343         
 0487   531  18.132   1.591         
 0489   531  17.930   1.205   0.188
 0490   531  15.431   0.882   0.197
 0491   531  20.427   1.541         
 0493   531  18.941   1.154         
 0494   531  14.968   0.582   0.265
 0496   531  19.858   1.978         
 0497   531  19.275   1.449         
 0498   531  18.976   1.198  -0.053
 0499   531  19.844   1.453         
 0500   531  18.298   1.252   0.483
 0501   531  19.070   1.825         
 0502   531  19.585   1.429         
 0503   531  17.791   1.349         
 0506   531  13.790   0.508   0.411
 0507   531  17.798   1.071   0.338
 0509   531  17.145   0.967   0.377
 0510   531  19.600   1.866         
 0511   531  19.923   1.453         
 0512   531  19.417   2.310         
 0513   531  15.563   0.655   0.356
 0515   531  19.903   1.442         
 0516   531  19.759   1.371         
 0517   531  18.678   1.176   0.397
 0518   531  19.452   1.662         
 0519   531  18.926   1.248         
 0520   531  17.305   1.368   0.351
 0521   531  19.460   1.363         
 0522   531  19.581   1.407         
 0523   531  19.650   1.314         
 0525   531  18.323   1.637         
 0528   531  19.584   1.516         
 0529   531  17.402   1.173   0.951
 0530   531  18.727   1.236         
 0531   531  19.573   1.494         
 0532   531  19.213   1.508         
 0533   531  20.283   1.762         
 0537   531  19.650   1.966         
 0538   531  19.883   1.432         
 0539   531  18.686   1.594         
 0540   531  18.474   1.460         
 0541   531  17.881   1.048   0.157
 0542   531  17.676   1.235   0.276
 0543   531  20.302   1.775         
 0547   531  20.119   1.490  -0.164
 0548   531  15.542   0.735   0.258
 0549   531  18.894   1.192         
 0550   531  18.168   1.172   0.164
 0555   531  18.675   1.753         
 0556   531  19.229   1.328   0.035
 0559   531  19.309   1.637         
 0562   531  15.664   0.690   0.222
 0563   531  18.271   0.882   0.307
 0567   531  17.561   1.817         
 0569   531  20.517   1.558         
 0571   531  19.611   1.933         
 0572   531  19.491   2.131         
 0575   531  16.807   0.996   0.269
 0576   531  19.881   0.895         
 0577   531  19.114   1.278   0.373
 0579   531  19.384   0.989         
 0581   531  17.846   1.331   0.871
 0582   531  16.648   1.581   0.503
 0583   531  19.728   0.730         
 0585   531  11.121   0.161   0.037
 0587   531  19.586   1.736         
 0588   531  19.288   1.567         
 0589   531  16.257   0.897   0.252
 0591   531  18.306   1.150   0.217
 0592   531  19.105   1.439         
 0594   531  18.819   1.367         
 0595   531  20.394   1.437         
 0597   531  19.309   0.383         
 0598   531  20.049   1.536         
 0599   531  19.110   1.474         
 0600   531  20.239   1.640         
 0601   531  20.551   2.126         
 0603   531  17.562   1.227   0.157
 0604   531  16.410   0.987   0.209
 0606   531  16.324   0.992   0.360
 0608   531  20.390   1.437         
 0609   531  17.049   1.024   0.589
 0611   531  15.359   0.803   0.604
 0614   531  18.947   1.518         
 0615   531  19.919   1.815         
 0616   531  19.173   1.382         
 0618   531  18.193   1.216   0.245
 0619   531  19.138   1.764         
 0620   531  19.969   1.336         
 0621   531  17.770   0.954   0.121
 0623   531  16.583   0.767   0.029
 0625   531  18.765   1.286   0.059
 0626   531  20.260   1.751         
 0628   531  19.448   1.310         
 0629   531  19.095   1.329         
 0632   531  18.647   1.292         
 0633   531  16.721   0.920   0.136
 0635   531  16.817   1.672   0.945
 0636   531  17.456   1.031   0.204
 0638   531  18.316   1.272   0.544
 0639   531  19.493   1.782         
 0642   531  17.595   1.005   0.146
 0643   531  19.463   1.372         
 0644   531  15.823   2.329   2.431
 0645   531  20.642   1.768         
 0646   531  15.802   0.914   0.078
 0647   531  18.792   1.411         
 0650   531  20.348   1.443         
 0651   531  19.949   1.495         
 0652   531  18.126   1.104   0.545
 0653   531  18.389   1.585  -0.021
 0654   531  16.126   0.925   0.845
 0656   531  19.049   1.438         
 0658   531  20.417   1.782         
 0659   531  19.693   1.307         
 0660   531  19.858   1.416         
 0661   531  19.580   1.446         
 0662   531  19.624   1.438         
 0663   531  17.661   1.338   0.142
 0664   531  17.324   1.289   0.244
 0665   531  18.183   1.132  -0.134
 0666   531  18.120   1.459         
 0667   531  16.059   1.907   1.438
 0668   531  16.784   0.954   0.114
 0669   531  18.495   1.580         
 0670   531  18.306   1.524   0.402
 0671   531  20.033   1.433         
 0672   531  19.093   1.425         
 0674   531  20.543   1.696         
 0677   531  18.352   2.121         
 0678   531  16.891   1.342         
 0680   531  17.763   1.155   0.277
 0681   531  19.334   1.639         
 0683   531  16.061   1.928   0.532
 0684   531  15.618   0.863   0.070
 0685   531  19.828   1.152         
 0686   531  17.686   1.109   0.115
 0687   531  16.548   0.972   0.278
 0691   531  19.260   1.367  -0.218
 0694   531  19.332   1.540         
 0697   531  20.385   1.373         
 0698   531  16.489   0.886   0.168
 0699   531  19.912   1.641         
 0701   531  20.479   1.893         
 0702   531  18.318   1.301   0.491
 0703   531  16.567   1.079   1.004
 0704   531  15.999   0.894   0.539
 0705   531  17.996   1.037   0.224
 0706   531  17.021   1.112   0.241
 0707   531  17.349   1.286   0.372
 0708   531  16.940   0.876   0.052
 0709   531  16.161   0.754   0.154
 0711   531  19.013   1.296         
 0713   531  18.690   1.448         
 0714   531  19.872   1.685         
 0716   531  19.445   1.363         
 0718   531  18.971   1.263         
 0719   531  15.013   0.695   0.263
 0720   531  17.833   1.261   0.314
 0722   531  14.928   0.499   0.366
 0723   531  15.007   0.552   0.375
 0724   531  18.384   1.344   0.105
 0725   531  19.711   1.406         
 0727   531  15.596   0.489   0.312
 0729   531  19.247   1.310         
 0730   531  18.731   1.218   0.401
 0731   531  19.487   1.798         
 0732   531  18.769   1.382         
 0733   531  18.292   2.081         
 0735   531  19.069   1.233         
 0737   531  16.475   0.884   0.138
 0738   531  19.777   1.458         
 0739   531  20.633   1.598         
 0740   531  18.012   1.201   0.292
 0741   531  19.962   1.621         
 0742   531  17.996   1.223   0.128
 0744   531  18.117   1.323         
 0745   531  18.143   1.786         
 0746   531  18.441   1.177   0.201
 0747   531  17.538   1.055   0.089
 0748   531  18.967   1.258  -0.011
 0749   531  15.934   0.691   0.136
 0750   531  17.232   1.066   0.227
 0751   531  17.083   0.863  -0.004
 0752   531  18.068   1.318   0.617
 0753   531  19.331   1.355         
 0754   531  16.243   1.469   0.352
 0755   531  19.759   1.473         
 0757   531  17.242   0.963   0.180
 0758   531  18.036   1.160   0.350
 0759   531  16.686   2.103   0.935
 0760   531  20.581   1.706         
 0761   531  18.830   1.223   0.485
 0763   531  18.796   1.469         
 0764   531  17.555   1.130   0.905
 0765   531  21.033   2.333         
 0766   531  18.331   1.181   0.486
 0767   531  19.426   1.519         
 0768   531  15.913   1.303   0.987
 0769   531  19.058   1.684   0.204
 0770   531  19.006   1.323         
 0771   531  15.520   0.596   0.386
 0774   531  19.818   1.540         
 0776   531  19.771   1.259         
 0777   531  17.819   1.175   0.134
 0778   531  15.060   1.595   1.631
 0781   531  17.391   0.938   0.148
 0782   531  17.750   0.913   0.388
 0783   531  19.479   1.378         
 0784   531  19.242   1.360         
 0785   531  19.729   1.338         
 0787   531  12.694   0.393   0.057
 0789   531  16.469   0.966   0.330
 0790   531  15.821   0.678   0.403
 0791   531  20.408   1.971         
 0793   531  19.212   1.407         
 0794   531  18.596   1.346   0.042
 0795   531  20.957   1.663         
 0796   531  13.509   0.387   0.131
 0800   531  19.486   1.367         
 0802   531  17.629   1.126   0.756
 0803   531  19.199   1.193         
 0804   531  18.242   1.201         
 0805   531  19.154   1.328         
 0806   531  17.600   1.313   0.072
 0808   531  17.169   1.020   0.199
 0809   531  13.851   0.340   0.110
 0810   531  19.281   1.319         
 0811   531  17.077   1.105   0.352
 0812   531  17.935   1.362   0.201
 0813   531  17.564   1.795         
 0815   531  20.399   1.337         
 0816   531  18.542   1.379         
 0817   531  13.337   0.404   0.331
 0818   531  16.524   1.040   0.599
 0820   531  17.731   1.250   0.528
 0821   531  17.693   0.874   0.284
 0822   531  21.604   1.268         
 0823   531  19.311   1.463         
 0824   531  17.029   1.639         
 0825   531  18.086   1.541   0.347
 0826   531  20.448   1.490         
 0827   531  19.162   1.171         
 0828   531  19.021   1.291   0.327
 0829   531  19.039   1.668         
 0830   531  16.180   2.299   1.653
 0831   531  19.336   1.432   0.032
 0832   531  18.234   1.072   0.021
 0835   531  19.999   1.755         
 0836   531  14.531   0.723   0.816
 0837   531  18.358   0.972   0.373
 0838   531  16.808   1.057   0.295
 0840   531  19.521   1.602         
 0841   531  19.675   1.479         
 0842   531  18.877   1.475         
 0843   531  18.697   1.484         
 0844   531  18.613   1.140   0.097
 0845   531  18.025   1.184   0.338
 0847   531  18.027   1.940         
 0848   531  15.399   0.580   0.471
 0853   531  16.538   1.072   0.211
 0854   531  19.305   1.410         
 0855   531  15.883   0.779   0.318
 0856   531  19.459   1.399         
 0857   531  19.410   1.668         
 0858   531  18.572   1.358         
 0859   531  19.864   1.540         
 0860   531  18.571   1.687   0.541
 0861   531  18.314   1.139   0.171
 0862   531  20.056   1.414         
 0863   531  19.533   2.128         
 0864   531  19.375   1.673         
 0865   531  15.620   0.589   0.326
 0866   531  15.214   0.859   0.241
 0867   531  19.431   1.480   0.232
 0870   531  18.529   1.140         
 0871   531  17.714   1.173   0.215
 0872   531  17.262   1.710   0.491
 0873   531  18.393   1.459         
 0874   531  15.940   0.690   0.287
 0875   531  20.126   1.422         
 0876   531  20.447   2.379         
 0877   531  17.209   1.090   0.200
 0880   531  18.292   1.195   0.103
 0881   531  18.966   1.259         
 0882   531  17.661   1.166   0.769
 0883   531  20.039   1.382         
 0884   531  17.233   1.922         
 0885   531  18.833   1.213         
 0886   531  17.616   1.028   0.205
 0890   531  19.144   1.476         
 0891   531  19.678   1.564   0.541
 0893   531  18.847   1.238         
 0894   531  17.626   2.117   0.220
 0897   531  18.789   1.174         
 0898   531  18.419   1.336         
 0899   531  18.451   1.106   0.366
 0900   531  20.150   1.798         
 0901   531  16.673   0.905   0.144
 0902   531  16.872   0.824   0.146
 0904   531  14.088   0.534   0.316
 0907   531  18.945   1.265   0.329
 0908   531  18.820   0.714         
 0909   531  18.820   1.361         
 0910   531  14.700   0.418   0.440
 0912   531  18.148   1.303         
 0913   531  15.171   0.675   0.295
 0914   531  16.348   0.897   0.127
 0915   531  18.819   1.161   0.514
 0916   531  18.071   1.282   0.239
 0918   531  19.853   1.375         
 0920   531  12.792   0.264   0.003
 0921   531  19.142   1.454         
 0922   531  16.514   0.804   0.118
 0923   531  19.278   1.441  -0.062
 0925   531  19.398   1.452   0.005
 0926   531  16.439   0.977   0.541
 0929   531  16.706   1.897   0.443
 0931   531  16.936   1.244   0.418
 0932   531  19.919   1.546         
 0933   531  17.263   0.930   0.106
 0935   531  17.997   0.869   0.590
 0936   531  17.521   1.247   0.112
 0937   531  18.639   1.803         
 0938   531  17.778   1.046   0.058
 0939   531  16.487   1.638   1.204
 0941   531  13.298   0.920   1.622
 0942   531  18.475   1.883         
 0943   531  14.671   0.683   0.761
 0945   531  18.351   1.202         
 0946   531  18.454   1.168         
 0947   531  18.400   2.686         
 0948   531  18.774   1.597  -0.071
 0949   531  16.958   0.959   0.054
 0950   531  18.102   1.128   0.561
 0951   531  20.309   1.492         
 0953   531  16.067   0.787   0.272
 0954   531  14.856   0.424   0.309
 0955   531  14.661   0.492   0.302
 0957   531  16.855   0.791   0.036
 0958   531  20.401   1.248         
 0959   531  18.499   1.917         
 0960   531  17.165   1.058   0.914
 0961   531  16.193   0.811   0.122
 0962   531  16.483   0.784   0.103
 0963   531  16.223   0.821  -0.013
 0964   531  17.281   1.719         
 0966   531  16.527   1.548   0.890
 0967   531  17.359   1.042         
 0968   531  19.990   1.640         
 0969   531  19.577   1.499         
 0970   531  18.248   1.224         
 0971   531  18.499   1.149         
 0972   531  19.217   1.425  -0.091
 0973   531  18.795   1.410         
 0974   531  18.931   1.245         
 0975   531  19.728   1.436  -0.194
 0977   531  18.828   1.110         
 0978   531  13.450   0.381  -0.041
 0980   531  18.782   2.002         
 0981   531  14.328   0.410   0.171
 0982   531  18.595   1.561         
 0983   531  17.582   1.101   0.405
 0984   531  18.921   1.620         
 0985   531  16.887   1.636   0.915
 0986   531  19.031   1.580         
 0989   531  17.353   1.186         
 0991   531  16.070   0.941   0.121
 0992   531  16.738   1.155   0.320
 0993   531  15.873   0.947   0.289
 0994   531  19.563   1.552         
 0995   531  16.275   0.936   0.415
 0996   531  17.951   2.010         
 0997   531  18.994   1.270         
 0998   531  17.619   1.093   0.365
 0999   531  18.411   2.189         
 1000   531  18.145   1.218  -0.075
 1002   531  16.674   1.109   0.483
 1003   531  16.292   1.002   0.395
 1004   531  15.225   0.837   0.387
 1006   531  18.896   1.199         
 1008   531  15.753   1.385   0.212
 1009   531  19.282   1.396         
 1010   531  18.097   1.236   0.988
 1011   531  19.411   1.311         
 1012   531  20.320   1.534         
 1013   531  19.891   1.788         
 1014   531  13.927   0.319   0.170
 1015   531  17.855   1.754  -0.024
 1018   531  18.121   1.245         
 1019   531  19.219   1.427         
 1022   531  16.477   1.056   0.320
 1023   531  19.003   1.239  -0.092
 1024   531  16.839   0.911   0.546
 1026   531  18.777   1.195         
 1029   531  18.593   1.065   0.380
 1031   531  17.698   1.601         
 1032   531  19.719   1.369         
 1033   531  19.405   1.098   0.156
 1034   531  17.393   2.446         
 1036   531  18.850   1.458         
 1037   531  17.619   1.449   0.853
 1038   531  21.013   2.052         
 1039   531  13.646   0.390   0.259
 1040   531  15.109   0.896   0.444
 1041   531  15.309   0.465   0.388
 1042   531  16.867   0.972  -0.002
 1043   531  19.838   1.483  -0.365
 1045   531  19.720   1.447         
 1047   531  18.141   1.012   0.179
 1048   531  17.229   2.581         
 1051   531  20.421   1.929         
 1053   531  18.134   1.049   0.180
 1055   531  19.064   1.424         
 1056   531  15.404   0.691   0.469
 1057   531  17.680   0.986   0.062
 1058   531  18.372   1.186   0.174
 1059   531  21.016   2.531         
 1060   531  19.263   1.341         
 1062   531  15.278   1.052   0.113
 1063   531  19.074   1.281         
 1065   531  19.403   2.005         
 1066   531  17.779   1.092   0.195
 1068   531  19.659   1.473         
 1069   531  18.645   1.309         
 1070   531  17.868   0.947   0.342
 1071   531  14.871   0.658   0.421
 1072   531  18.751   1.596         
 1073   531  19.101   1.478         
 1074   531  17.599   0.990  -0.023
 1075   531  18.177   1.335   0.144
 1076   531  19.277   1.656         
 1077   531  18.771   1.758         
 1078   531  15.099   0.705   0.315
 1079   531  18.671   1.500         
 1080   531  19.000   1.441         
 1081   531  17.843   1.111   0.330
 1083   531  13.847   0.498   0.399
 1085   531  17.771   1.063   0.166
 1087   531  17.664   1.120   0.117
 1088   531  17.870   1.009   0.273
 1089   531  14.683   0.839   1.374
 1090   531  15.562   0.991   0.717
 1091   531  16.725   1.064   0.315
 1092   531  15.627   0.606   0.237
 1093   531  18.559   1.113   0.100
 1094   531  16.817   0.841   0.109
 1096   531  14.871   0.510   0.296
 1097   531  18.625   1.371   0.133
 1098   531  18.490   1.799         
 1100   531  16.276   0.917  -0.033
 1101   531  15.185   0.495   0.385
 1103   531  18.984   1.337         
 1105   531  15.232   0.830   0.423
 1106   531  17.678   1.410   0.143
 1107   531  20.321   1.422         
 1108   531  14.587   0.437   0.425
 1110   531  18.970   1.406   1.041
 1111   531  18.444   1.376   0.087
 1112   531  20.068   1.475         
 1115   531  18.110   1.114   0.174
 1116   531  17.493   0.908   0.141
 1117   531  14.858   1.124   2.054
 1118   531  20.537   1.700         
 1119   531  17.099   0.920   0.030
 1120   531  18.237   1.154         
 1121   531  18.689   1.769         
 1123   531  18.479   1.092   0.223
 1124   531  16.310   0.841   0.443
 1125   531  17.749   1.627   0.481
 1129   531  16.799   1.507   0.926
 1130   531  18.588   1.114         
 1131   531  19.615   1.401         
 1134   531  17.599   1.050   0.157
 1135   531  15.212   0.819   0.213
 1136   531  18.786   1.206   0.272
 1138   531  19.256   1.212         
 1139   531  20.099   1.723         
 1140   531  18.710   1.226         
 1142   531  19.299   1.558         
 1143   531  16.968   0.938   0.079
 1144   531  19.625   1.429         
 1146   531  16.865   0.952  -0.021
 1148   531  19.761   1.530         
 1149   531  19.431   1.413         
 1150   531  19.276   1.693         
 1152   531  17.445   1.045   0.289
 1153   531  17.128   1.010   0.185
 1156   531  18.451   1.423  -0.012
 1157   531  15.457   0.874   0.616
 1158   531  13.945   0.358   0.275
 1159   531  16.918   1.312   0.313
 1160   531  16.361   0.936   0.077
 1163   531  18.691   1.420  -0.084
 1165   531  19.587   1.253         
 1168   531  16.218   0.885   0.320
 1170   531  15.470   1.894   1.220
 1171   531  19.835   1.698         
 1173   531  20.454   1.340  -2.125
 1174   531  18.735   1.015  -0.218
 1175   531  15.052   0.529   0.372
 1177   531  18.167   1.295  -0.005
 1180   531  19.318   1.340         
 1181   531  20.089   1.212         
 1184   531  18.493   1.152   0.408
 1186   531  18.258   1.108   0.489
 1187   531  15.346   0.757   0.484
 1188   531  18.197   1.122   0.252
 1189   531  19.660   1.397         
 1190   531  12.731   0.247  -0.016
 1191   531  18.373   1.675         
 1193   531  18.862   1.216         
 1194   531  15.495   0.861   0.275
 1195   531  18.195   1.038   0.048
 1196   531  20.082   1.044         
 1197   531  19.938   0.927         
 1198   531  16.713  -0.165         
 1199   531  19.102   1.084         
 1200   531  13.853   0.269   0.098
 1201   531  18.442   1.583         
 1204   531  19.764   1.319         
 1205   531  16.100   0.796   0.314
 1206   531  17.859   1.082   0.147
 1207   531  19.117   1.133         
 1209   531  20.236   1.432         
 1210   531  20.224   1.792         
 1212   531  18.310   1.406   0.238
 1213   531  19.579   1.637         
 1214   531  14.057   0.313   0.213
 1215   531  19.764   1.341         
 1216   531  18.951   1.279         
 1218   531  18.940   1.232         
 1219   531  14.109   0.372   0.257
 1220   531  17.803   0.863         
 1221   531  19.445   1.656         
 1223   531  19.133   1.238         
 1224   531  17.698   1.378   0.414
 1225   531  20.084   1.531         
 1227   531  17.815   0.993   0.087
 1228   531  18.866   1.294   0.022
 1229   531  15.614   0.788   0.085
 1230   531  19.083   1.191         
 1231   531  18.711   1.525         
 1232   531  18.381   1.112         
 1233   531  16.119   0.978   0.933
 1234   531  18.139   0.986   0.376
 1236   531  19.659   1.658         
 1238   531  19.508   1.675         
 1239   531  18.269   1.134         
 1240   531  19.152   1.692         
 1241   531  19.521   1.506         
 1242   531  19.694   1.311         
 1243   531  18.814   1.472         
 1244   531  19.222   1.441         
 1245   531  15.818   0.820   0.120
 1246   531  18.802   1.308         
 1247   531  19.389   1.280         
 1248   531  16.588   0.925   0.105
 1249   531  20.118   1.588         
 1250   531  20.627   1.796         
 1251   531  20.685   1.977         
 1252   531  17.980   1.222         
 1256   531  20.317   1.884         
 1257   531  19.969   1.389         
 1260   531  19.672   1.328         
 1261   531  17.296   1.090   0.101
 1262   531  19.434   1.358         
 1263   531  18.405   1.568         
 1264   531  18.085   1.427   0.214
 1265   531  20.217   1.316         
 1266   531  19.849   1.384         
 1268   531  18.859   1.625         
 1270   531  15.095   0.475   0.460
 1271   531  16.661   0.912   0.144
 1272   531  13.632   0.235   0.019
 1273   531  17.549   1.283   0.736
 1275   531  19.355   1.265  -0.344
 1276   531  19.857   1.372  -0.524
 1278   531  19.079   1.063   0.625
 1279   531  16.767   1.468   0.821
 1280   531  20.009   1.541         
 1281   531  18.004   1.328         
 1282   531  17.404   1.084   0.754
 1283   531  17.801   1.551         
 1284   531  19.132   1.810         
 1285   531  19.683   1.265         
 1287   531  19.919   1.266         
 1288   531  18.304   1.077   0.278
 1289   531  17.952   1.052         
 1290   531  19.411   1.369         
 1291   531  17.340   1.167   0.444
 1292   531  18.627   1.529         
 1293   531  18.920   1.410         
 1294   531  18.400   1.092         
 1295   531  17.670   1.052   0.127
 1297   531  15.528   0.547   0.341
 1298   531  19.516   1.270         
 1301   531  18.604   1.344         
 1302   531  17.261   1.048   0.383
 1303   531  18.479   1.354         
 1305   531  16.716   1.130   0.284
 1306   531  19.629   1.392         
 1307   531  19.314   1.008   0.475
 1308   531  18.313   1.371   0.379
 1312   531  15.214   0.869   0.077
 1313   531  18.651   1.454         
 1314   531  20.417   1.725         
 1315   531  20.138   1.733  -1.414
 1317   531  19.209   1.364         
 1318   531  18.990   1.665         
 1319   531  19.453   2.750  -3.719
 1320   531  19.416   1.399         
 1322   531  16.036   1.514  -0.290
 1323   531  19.471   1.872         
 1324   531  15.107   0.545   0.332
 1326   531  15.777   0.576   0.326
 1329   531  12.186   0.305  -0.070
 1331   531  19.372   1.320         
 1332   531  17.763   1.592         
 1333   531  18.060   1.109   0.462
 1334   531  18.055   1.142   0.215
 1335   531  20.526   1.527         
 1337   531  18.848   1.794         
 1340   531  19.136   1.247         
 1342   531  17.629   0.549   0.198
 1345   531  18.251   1.755         
 1346   531  13.920   0.368  -0.043
 1347   531  19.688   1.377         
 1350   531  17.257   0.820   0.210
 1351   531  18.790   1.236   0.318
 1352   531  20.353   1.603         
 1353   531  18.253   1.420         
 1354   531  11.519   1.435   1.380
 1355   531  18.523   1.908         
 1356   531  13.725   0.273   0.138
 1359   531  19.578   1.548         
 1361   531  20.031   1.332  -1.565
 1362   531  18.035   1.214   0.212
 1363   531  20.134   1.158         
 1365   531  19.236   1.544         
 1368   531  18.714   1.648         
 1370   531  14.044   0.357   0.279
 1371   531  19.566   1.341         
 1372   531  18.382   1.166   0.338
 1373   531  18.218   1.362   0.383
 1374   531  19.129   1.202         
 1376   531  16.180   0.705  -0.517
 1377   531  16.124   0.708   0.242
 1383   531  19.575   1.732         
 1384   531  20.128   0.989         
 1385   531  16.115   0.990   0.918
 1386   531  19.987   1.732         
 1393   531  20.308   0.907         
 1398   531  19.672   1.867         
 1401   531  16.961   0.989   0.139
 1403   531  19.006   1.432         
 1404   531  19.101   1.004         
 1405   531  20.101   1.258   0.244
 1407   531  18.191   0.898   0.293
 1408   531  20.708   1.459         
 1410   531  17.543   1.166   0.193
 1411   531  17.176   0.909   0.140
 1412   531  17.460   1.047   0.111
 1413   531  17.278   0.977  -0.149
 1415   531  20.181   1.711         
 1417   531  16.813   0.926   0.423
 1418   531  19.479   1.396         
 1419   531  13.325   1.175   2.619
 1420   531  19.339   1.687         
 1423   531  13.955   0.592   0.686
 1425   531  13.806   0.282   0.127
 1426   531  18.797   1.221   0.325
 1428   531  19.648   1.678         
 1429   531  20.330   1.472         
 1432   531  20.301   1.313         
 1434   531  14.721   1.045   1.520
 1435   531  19.438   1.743         
 1436   531  18.197   1.339  -2.580
 1437   531  15.958   0.700   0.428
 1438   531  17.586   1.161   0.295
 1439   531  15.568   0.534   0.358
 1440   531  18.982   2.810         
 1441   531  19.537   2.013         
 1442   531  16.670   0.854  -0.019
 1443   531  18.696   1.637   0.431
 1444   531  19.562   1.780         
 1445   531  20.347   1.488         
 1447   531  19.219   1.447         
 1448   531  17.936   1.271   1.262
 1449   531  16.424   0.979   0.283
 1450   531  19.917   1.400         
 1451   531  19.891   1.618         
 1452   531  16.732   1.875   0.870
 1453   531  18.273   1.139   0.381
 1454   531  18.713   1.216   0.166
 1456   531  18.004   1.009   0.115
 1458   531  15.074   0.621   0.501
 1460   531  17.409   0.898   0.193
 1461   531  18.905   1.356         
 1462   531  18.354   1.254         
 1463   531  18.751   1.309         
 1466   531  19.677   1.838         
 1468   531  20.741   1.703         
 1469   531  16.276   1.021   0.217
 1471   531  18.958   1.374         
 1472   531  16.594   0.856   0.138
 1473   531  17.432   1.114   0.393
 1474   531  17.550   1.249   0.475
 1476   531  16.039   0.672   0.186
 1477   531  14.739   0.448   0.274
 1478   531  18.851   1.334         
 1479   531  19.524   1.551         
 1480   531  19.440   1.445         
 1481   531  17.326   1.257   1.290
 1482   531  18.973   1.174         
 1486   531  19.487   2.578         
 1487   531  18.910   0.596         
 1488   531  18.332   1.043   0.163
 1490   531  19.586   1.835         
 1491   531  18.151   1.090   0.235
 1493   531  19.589   1.307         
 1494   531  16.189   0.680   0.147
 1495   531  17.075   0.992   0.272
 1496   531  18.346   1.135  -0.068
 1497   531  20.796   0.208  -0.781
 1499   531  20.048   2.216         
 1502   531  17.988   1.194   0.021
 1504   531  18.699   1.151         
 1505   531  20.204   1.624         
 1506   531  19.339   1.657         
 1507   531  19.788   1.634         
 1509   531  19.639   1.680         
 1511   531  16.454   0.805   0.114
 1512   531  18.538   1.183         
 1515   531  18.011   0.839         
 1517   531  18.924   1.414         
 1518   531  18.870   1.551         
 1519   531  19.132   1.608         
 1520   531  19.200   1.349         
 1521   531  19.209   1.427         
 1522   531  19.882   1.322         
 1523   531  19.780   1.312  -0.904
 1525   531  16.668   1.606         
 1526   531  19.133   1.261         
 1530   531  19.758   1.741         
 1531   531  18.885   1.290         
 1532   531  17.443   0.801   0.249
 1534   531  19.126   1.725         
 1536   531  12.846   0.319   0.152
 1537   531  16.734   0.947   0.149
 1538   531  15.112   0.482   0.334
 1539   531  18.777   1.067         
 1540   531  12.546   1.158   1.056
 1541   531  18.577   1.201         
 1542   531  18.972   1.587         
 1543   531  18.609   1.716  -2.876
 1545   531  17.158   0.984   0.709
 1546   531  15.975   1.097   0.228
 1548   531  18.684   1.361         
 1549   531  15.744   0.570   0.230
 1550   531  19.481   1.641         
 1552   531  20.464   2.121         
 1554   531  17.550   1.018   0.089
 1555   531  19.212   1.612         
 1556   531  16.944   1.021   0.054
 1557   531  13.822   0.417   0.126
 1559   531  17.472   1.273   0.047
 1561   531  18.727   1.106         
 1562   531  16.037   0.782   0.150
 1563   531  18.083   1.219   0.394
 1564   531  19.519   1.307         
 1565   531  20.084   1.880         
 1566   531  19.716   1.685         
 1567   531  20.173   1.572         
 1569   531  19.861   1.623         
 1570   531  16.249   0.840   0.497
 1571   531  20.207   0.803         
 1572   531  19.490   1.265         
 1573   531  16.124   0.687   0.142
 1574   531  17.564   0.866   0.213
 1575   531  18.768   1.146         
 1576   531  16.667   1.066   0.887
 1577   531  17.603   1.383         
 1579   531  18.825   1.221  -0.189
 1580   531  19.223   1.585         
 1581   531  17.226   1.521   0.824
 1582   531  19.152   1.242         
 1583   531  17.036   1.019   0.847
 1584   531  19.491   1.311         
 1586   531  15.607   0.669   0.149
 1588   531  19.692   1.759         
 1590   531  15.584   0.540   0.318
 1591   531  13.490   0.654   0.747
 1592   531  16.332   0.715   0.132
 1594   531  19.366   1.288         
 1596   531  18.952   1.350         
 1597   531  18.872   1.187         
 1598   531  20.250   1.114         
 1599   531  19.232   1.583         
 1600   531  17.789   1.064   0.076
 1602   531  18.174   1.774   0.558
 1603   531  18.441   1.355   1.024
 1604   531  18.176   1.259         
 1605   531  19.562   1.459         
 1606   531  18.183   1.187  -0.026
 1608   531  20.743   1.660         
 1609   531  19.176   1.496  -0.714
 1611   531  20.038   1.845         
 1612   531  18.012   1.106   0.108
 1613   531  19.175   1.896         
 1615   531  19.767   1.236         
 1616   531  19.570   1.351         
 1618   531  19.864   1.334         
 1620   531  17.772   1.013   0.531
 1624   531  16.555   0.889   0.210
 1626   531  17.190   0.853   0.053
 1628   531  18.772   1.301         
 1629   531  19.278   1.288         
 1630   531  15.905   0.770   0.167
 1631   531  19.225   1.494         
 1632   531  18.868   1.343         
 1633   531  17.695   1.489   0.349
 1634   531  17.426   0.897   0.054
 1635   531  18.370   1.375   0.386
 1636   531  18.397   1.817         
 1640   531  19.453   1.332         
 1641   531  19.340   1.888         
 1642   531  16.537   0.795   0.130
 1644   531  17.769   1.415   0.155
 1645   531  15.328   0.617   0.021
 1646   531  13.970   0.314   0.131
 1647   531  16.985   0.984   0.722
 1649   531  19.521   1.316         
 1650   531  16.761   0.791   0.095
 1651   531  19.852   1.274         
 1652   531  20.256   1.440         
 1653   531  16.993   1.192   0.439
 1656   531  18.755   1.446   0.061
 1657   531  20.166   1.806         
 1658   531  16.947   1.117   0.451
 1660   531  18.078   1.555         
 1661   531  19.341   1.240         
 1662   531  18.016   0.878   0.174
 1663   531  14.424   0.482   0.185
 1664   531  19.056   1.436         
 1665   531  20.112   1.562         
 1667   531  20.522   1.586         
 1669   531  19.212   1.261         
 1671   531  18.802   1.213         
 1672   531  18.751   1.145   0.407
 1673   531  14.616   1.322   2.763
 1674   531  20.611   1.278         
 1675   531  18.062   1.122   0.073
 1676   531  17.527   1.191   0.267
 1677   531  19.292   1.271         
 1678   531  15.797   0.777   0.307
 1679   531  20.251   1.430         
 1680   531  18.646   1.123   0.122
 1681   531  13.122   0.377   0.037
 1683   531  14.194   0.542   0.389
 1684   531  19.161   1.462         
 1685   531  17.968   1.067   0.188
 1687   531  16.659   0.973   0.953
 1688   531  20.084   1.439   0.029
 1689   531  18.209   0.937   0.188
 1690   531  18.320   1.061         
 1691   531  17.990   1.491         
 1692   531  17.908   1.235   0.232
 1693   531  19.123   1.274         
 1694   531  20.038   1.778         
 1695   531  19.568   1.456         
 1696   531  18.353   1.352  -0.045
 1698   531  18.771   1.290         
 1699   531  16.176   0.702   0.060
 1701   531  18.725   1.124   0.091
 1702   531  19.491   1.503         
 1703   531  14.509   0.665   0.574
 1704   531  17.259   1.492         
 1705   531  19.045   1.254   0.647
 1706   531  20.018   1.515         
 1707   531  18.502   1.242         
 1708   531  16.364   0.751   0.070
 1710   531  18.579   1.252   0.164
 1711   531  19.181   1.971         
 1712   531  14.804   0.496   0.228
 1714   531  20.054   1.520         
 1715   531  17.632   1.537   0.217
 1717   531  17.486   0.905   0.076
 1722   531  18.762   0.985   0.349
 1723   531  19.713   1.334         
 1724   531  17.874   1.012   0.131
 1725   531  18.227   1.230   0.218
 1726   531  19.518   1.206         
 1728   531  19.715   1.426         
 1729   531  19.563   1.645         
 1731   531  18.383   1.564   0.276
 1732   531  18.863   1.277         
 1733   531  14.690   0.451   0.277
 1734   531  20.637   2.281         
 1735   531  18.928   1.529   0.045
 1737   531  19.412   1.458         
 1738   531  16.659   0.894   0.186
 1739   531  20.540   1.282         
 1740   531  19.483   1.154         
 1741   531  19.576   1.622         
 1742   531  18.421   1.171   0.239
 1743   531  18.673   1.435         
 1744   531  19.750   1.483         
 1745   531  18.819   1.313   0.135
 1746   531  19.134   1.402         
 1747   531  17.782   1.359   0.195
 1748   531  19.211   1.486         
 1749   531  14.826   0.435   0.270
 1750   531  16.343   0.739   0.101
 1751   531  18.763   1.290         
 1753   531  16.380   0.720   0.041
 1754   531  18.826   1.300         
 1755   531  18.169   1.675         
 1756   531  19.955   1.546         
 1757   531  14.411   0.574   0.376
 1758   531  18.943   1.217         
 1759   531  18.290   1.268   0.787
 1761   531  19.170   1.575         
 1762   531  19.617   1.405         
 1763   531  17.665   1.015   0.278
 1764   531  19.648   1.487         
 1765   531  20.353   1.642         
 1766   531  18.806   1.220         
 1767   531  20.815   1.926         
 1768   531  12.979   0.356   0.243
 1771   531  16.502   0.832   0.559
 1772   531  20.086   1.438         
 1773   531  19.163   1.258   0.479
 1774   531  19.275   1.225         
 1775   531  19.709   1.396         
 1778   531  19.174   1.665         
 1779   531  18.627   1.116         
 1781   531  18.025   1.163   0.040
 1786   531  17.795   0.279  -0.229
 1787   531  20.876   1.816         
 1789   531  13.902   0.553   0.524
 1790   531  14.946   0.509   0.265
 1791   531  14.354   0.985         
 1792   531  19.918   0.516  -1.357
 1793   531  17.874   0.526         
 1795   531  19.262   1.386         
 1796   531  19.132   1.359         
 1797   531  18.997   1.411         
 1798   531  17.733   1.076   0.574
 1799   531  19.949   1.624         
 1800   531  20.172   1.437         
 1802   531  20.134   1.312         
 1804   531  17.622   1.228   0.787
 1805   531  17.821   1.186   1.207
 1806   531  18.065   0.708         
 1807   531  15.720   1.435   1.041
 1811   531  18.182   1.378   0.149
 1812   531  16.745   0.934   0.349
 1813   531  19.985   1.477         
 1817   531  19.524   1.464         
 1818   531  18.510   0.986   0.308
 1819   531  14.977   0.608   0.317
 1821   531  19.930   1.226         
 1822   531  20.151   1.446         
 1823   531  14.858   0.554   0.128
 1824   531  16.212   0.718   0.069
 1827   531  11.852   0.746   0.676
 1828   531  19.410   1.395         
 1831   531  16.231   0.787   0.265
 1834   531  20.272   1.055         
 1835   531  20.205   1.411         
 1836   531  17.834   1.074   0.145
 1837   531  17.260   1.250   0.096
 1838   531  18.402   1.989         
 1840   531  19.948   1.007         
 1841   531  18.493   2.693         
 1842   531  18.979   1.312         
 1843   531  20.343   1.038         
 1844   531  19.053   1.262         
 1845   531  17.706   0.931   0.165
 1846   531  19.519   1.234         
 1847   531  18.212   1.125   0.060
 1848   531  19.166   1.601         
 1849   531  15.770   0.763   0.394
 1850   531  20.611   1.305         
 1851   531  17.661   1.195   1.105
 1852   531  19.488   1.347         
 1853   531  19.682   1.537         
 1854   531  20.411   1.652         
 1855   531  18.889   1.121   0.071
 1856   531  15.422   0.480   0.283
 1857   531  19.108   1.162         
 1858   531  20.607   1.575         
 1859   531  17.328   1.732   0.797
 1862   531  19.418   1.373         
 1863   531  19.863   1.515         
 1864   531  18.866   1.208         
 1865   531  20.100   1.231         
 1866   531  16.483   0.787   0.095
 1867   531  13.945   0.261   0.061
 1868   531  20.680   1.636         
 1869   531  19.123   1.399   0.417
 1870   531  19.149   1.269         
 1871   531  18.142   0.960   0.325
 1874   531  15.189   0.390   0.387
 1876   531  14.844   0.702   0.733
 1877   531  17.110   1.000   0.200
 1878   531  16.107   0.828   0.524
 1879   531  18.426   1.714         
 1880   531  19.229   1.447         
 1881   531  18.348   0.891   0.500
 1882   531  20.205   1.498         
 1883   531  18.024   2.308         
 1885   531  19.712   1.187         
 1887   531  19.727   1.437  -0.207
 1889   531  17.224   0.925   0.162
 1890   531  14.868   0.575   0.128
 1891   531  18.388   1.052         
 1892   531  15.084   0.733  -0.206
 1893   531  20.633   1.502         
 1894   531  18.521   1.300         
 1895   531  17.935   0.960   0.232
 1896   531  19.173   1.294         
 1900   531  17.669   0.941   0.270
 1901   531  17.179   0.879   0.110
 1902   531  19.453   1.162         
 1903   531  19.602   1.515         
 1904   531  19.385   1.290         
 1905   531  19.069   1.359         
 1906   531  18.631   2.097         
 1907   531  19.318   1.388   0.194
 1908   531  16.317   0.797   0.263
 1912   531  18.733   1.064         
 1913   531  19.463   1.607         
 1914   531  16.947   0.829   0.018
 1916   531  16.549   0.936   0.297
 1917   531  19.184   1.516         
 1918   531  19.524   1.680         
 1920   531  18.570   1.541   0.057
 1921   531  20.324   1.722         
 1922   531  18.896   1.335         
 1923   531  19.196   1.786         
 1924   531  19.153   1.525         
 1925   531  19.073   1.093         
 1926   531  19.660   1.421  -0.052
 1927   531  19.506   2.146         
 1928   531  18.802   1.193         
 1929   531  19.647   1.426         
 1930   531  19.325   1.487         
 1931   531  19.566   1.231         
 1933   531  19.986   1.385         
 1934   531  19.379   1.317         
 1935   531  18.458   1.333   0.018
 1936   531  18.520   1.062   0.078
 1937   531  20.058   1.444         
 1938   531  15.759   0.573   0.317
 1942   531  16.471   0.903   0.597
 1943   531  14.161   0.466   0.211
 1946   531  19.801   1.654         
 1947   531  18.992   1.227         
 1948   531  20.575   1.834         
 1949   531  18.811   1.376         
 1950   531  19.547   1.410         
 1951   531  20.145   1.421         
 1954   531  19.771   1.666         
 1955   531  19.632   1.394         
 1956   531  18.775   1.367   0.269
 1958   531  16.225   0.722   0.037
 1959   531  17.667   1.041   0.134
 1961   531  15.492   0.882   0.560
 1962   531  18.277   1.280         
 1963   531  19.170   1.190         
 1964   531  17.272   0.977   0.240
 1965   531  19.080   1.270         
 1966   531  18.477   1.277   0.195
 1967   531  19.380   1.447         
 1968   531  19.554   1.481         
 1969   531  17.935   1.119   0.037
 1970   531  17.271   0.891   0.239
 1971   531  19.389   1.460         
 1972   531  17.591   0.940   0.122
 1974   531  20.221   2.220         
 1975   531  21.108   1.985         
 1976   531  14.704   0.644   0.594
 1977   531  19.178   1.043         
 1978   531  17.957   1.066   0.624
 1980   531  17.041   0.796   0.322
 1981   531  20.633   1.429         
 1982   531  19.613   1.403         
 1983   531  16.892   0.798   0.120
 1984   531  19.483   1.304         
 1985   531  19.551   1.252  -0.156
 1986   531  15.846   0.672   0.110
 1987   531  19.563   1.286   0.092
 1988   531  20.064   1.283         
 1989   531  15.066   0.683   0.135
 1990   531  18.636   1.624         
 1992   531  16.396   0.718   0.051
 1993   531  17.600   1.025   0.410
 1994   531  18.461   1.035   0.129
 1997   531  19.855   1.732         
 1998   531  19.819   2.120         
 1999   531  17.387   0.930   0.065
 2000   531  19.532   1.322         
 2001   531  19.119   1.026   0.109
 2002   531  17.895   1.022   0.513
 2003   531  18.599   2.147         
 2004   531  19.059   1.127         
 2005   531  16.907   0.819   0.068
 2007   531  20.619   1.700         
 2009   531  13.441   0.269   0.061
 2010   531  18.387   1.099   0.218
 2011   531  18.941   1.691         
 2012   531  18.846   0.971   0.405
 2014   531  18.128   1.753         
 2016   531  18.653   1.515         
 2017   531  19.595   1.262         
 2018   531  19.491   1.550         
 2020   531  19.165   1.144         
 2021   531  18.802   1.536         
 2023   531  19.245   1.606         
 2025   531  18.929   1.284         
 2026   531  19.267   1.962         
 2027   531  20.323   1.105         
 2031   531  19.149   1.132         
 2032   531  19.417   1.632         
 2033   531  19.088   1.796         
 2034   531  20.626   1.752         
 2035   531  16.593   0.958   0.376
 2036   531  19.765   1.614         
 2038   531  19.331   1.507         
 2039   531  18.915   1.151         
 2040   531  17.288   1.037   0.526
 2041   531  19.646   1.397         
 2042   531  18.275   1.234   0.201
 2043   531  18.270   0.952   0.350
 2044   531  18.727   1.517         
 2045   531  19.555   1.508         
 2046   531  17.337   1.156   0.693
 2047   531  18.816   0.980   0.172
 2048   531  13.341   0.292   0.080
 2049   531  18.203   1.178   0.272
 2052   531  18.789   1.394   0.155
 2054   531  18.521   1.762         
 2056   531  18.446   1.292   0.046
 2057   531  16.916   0.898   0.141
 2058   531  18.288   1.047   0.376
 2061   531  19.373   1.289         
 2062   531  16.817   0.955   0.236
 2063   531  19.043   1.107   0.051
 2064   531  18.938   1.201   0.572
 2065   531  14.906   0.449   0.234
 2066   531  20.060   1.421         
 2067   531  19.943   1.265         
 2068   531  19.080   1.275         
 2070   531  19.505   1.313         
 2071   531  17.416   1.965   0.794
 2072   531  20.608  -0.234  -0.937
 2073   531  20.726   1.668         
 2075   531  18.517   1.413         
 2076   531  17.109   0.950  -0.006
 2078   531  19.063   1.335         
 2079   531  17.687   1.186   1.054
 2080   531  20.161   1.305         
 2081   531  17.767   1.515   0.331
 2082   531  19.822   1.491         
 2083   531  19.274   1.335         
 2084   531  19.463   1.354         
 2085   531  19.264   1.213         
 2086   531  17.813   0.967   0.045
 2087   531  19.417   1.329         
 2089   531  18.963   0.958   0.226
 2090   531  19.207   1.307         
 2092   531  19.606   1.550         
 2094   531  17.721   0.982   0.299
 2096   531  18.456   1.147   0.063
 2098   531  18.038   1.309   0.365
 2099   531  19.875   1.452         
 2100   531  16.477   0.865   0.128
 2101   531  20.741   1.359         
 2104   531  20.091   1.270         
 2105   531  16.606   0.986   0.200
 2106   531  20.115   1.605         
 2107   531  19.347   1.349         
 2108   531  19.277   1.340         
 2110   531  20.096   1.159         
 2111   531  19.277   1.609         
 2113   531  17.034   1.011   0.808
 2114   531  18.455   1.179   0.282
 2115   531  19.109   1.406         
 2117   531  18.669   1.943         
 2119   531  17.392   1.073   0.265
 2120   531  19.128   1.673         
 2121   531  18.106   1.242   0.245
 2122   531  15.232   0.413   0.377
 2123   531  19.323   1.225         
 2124   531  17.276   1.867   0.933
 2126   531  16.860   1.285   0.571
 2127   531  17.777   0.922   0.232
 2128   531  17.728   1.099   0.254
 2129   531  16.362   0.858   0.456
 2130   531  16.953   0.790   0.091
 2131   531  19.870   0.912         
 2133   531  19.021   0.926         
 2134   531  18.313   1.044  -0.020
 2135   531  19.350   1.486         
 2138   531  19.181   1.445         
 2141   531  19.103   1.643   0.641
 2143   531  16.339   0.774   0.200
 2144   531  18.790   1.154   0.276
 2145   531  19.913   1.174         
 2147   531  17.244   1.086         
 2152   531  17.390   1.252   0.537
 2153   531  19.385   1.293         
 2154   531  18.979   1.350         
 2157   531  18.261   1.121   0.402
 2158   531  20.134   1.290         
 2160   531  18.582   1.130   0.493
 2161   531  19.394   1.459         
 2162   531  19.627   2.512         
 2163   531  19.948   1.334  -0.348
 2165   531  19.538   1.265         
 2166   531  14.271   0.299   0.166
 2167   531  20.071   1.351         
 2168   531  18.352   1.066   0.432
 2169   531  19.333   1.094         
 2170   531  17.315   0.963   0.212
 2173   531  20.522   1.424         
 2174   531  19.727   1.347         
 2176   531  17.056   0.902   0.258
 2177   531  16.464   0.819   0.102
 2178   531  19.197   1.319   0.092
 2179   531  19.363   1.431         
 2180   531  17.477   1.237   0.978
 2182   531  20.288   0.708         
 2183   531  17.650   1.003   0.302
 2184   531  12.453   0.364   0.057
 2186   531  18.038   0.959   0.345
 2187   531  20.332   1.662         
 2188   531  15.119   1.288   0.998
 2189   531  19.596   1.168         
 2191   531  20.593   2.041         
 2195   531  21.012   2.065         
 2198   531  18.391   1.035   0.123
 2199   531  20.224   1.121         
 2201   531  19.313   1.204         
 2202   531  19.713   1.971         
 2205   531  12.556   1.059   0.952
 2207   531  17.112   1.304   0.180
 2208   531  18.592   1.327         
 2209   531  18.785   1.393         
 2210   531  13.435   0.257  -0.120
 2215   531  17.862   0.978   0.163
 2216   531  15.596   0.647   0.166
 2217   531  18.126   1.182   0.137
 2218   531  19.778   1.397         
 2220   531  18.411   0.925   0.542
 2221   531  18.412   1.386         
 2222   531  19.429   1.358  -0.216
 2223   531  14.450   0.423   0.346
 2225   531  18.027   1.308   0.685
 2227   531  17.431   1.213   0.229
 2228   531  17.417   0.868   0.370
 2229   531  16.566   0.761   0.049
 2231   531  19.099   1.337         
 2232   531  17.946   1.118   0.364
 2233   531  14.596   0.397   0.187
 2234   531  21.210   2.043         
 2235   531  18.717   1.401         
 2236   531  18.464   1.156  -0.214
 2239   531  17.988   1.241   0.160
 2240   531  19.262   1.416         
 2241   531  18.915   1.024   0.052
 2243   531  19.175   1.477         
 2244   531  19.614   1.502         
 2245   531  16.704   0.896   0.028
 2247   531  17.469   0.926   0.088
 2248   531  17.964   1.519         
 2249   531  19.672   1.261         
 2250   531  19.851   1.432         
 2251   531  15.886   1.357         
 2252   531  20.910   1.543         
 2254   531  13.668   0.453   0.206
 2257   531  18.571   1.316   0.801
 2258   531  19.758   1.432         
 2259   531  18.770   1.382         
 2260   531  17.835   1.460   1.281
 2262   531  18.889   1.325         
 2263   531  16.639   0.740         
 2264   531  19.301   0.996         
 2265   531  17.716   1.249   0.653
 2266   531  20.401   1.784         
 2268   531  20.466   1.549         
 2269   531  16.863   1.007   0.235
 2270   531  15.339   0.770   0.286
 2274   531  19.399   1.333   0.156
 2275   531  18.111   1.151  -0.183