UBV CCD observations

  No    Ref    V       B-V     U-B

 0002   215  18.861   1.330   1.200
 0003   215  18.112   1.187   0.670
 0004   215  20.182   1.244   0.234
 0005   215  20.538   1.321   0.853
 0006   215  14.904   0.887   0.290
 0007   215  18.689   0.936   0.522
 0008   215  18.446   1.081   0.513
 0009   215  18.154   1.009   0.362
 0010   215  18.726   1.274   0.611
 0011   215  18.824   2.035   1.140
 0012   215  21.051   1.510         
 0013   215  18.265   1.066   0.339
 0014   215  19.618   1.297   0.747
 0015   215  21.048   1.249   0.245
 0016   215  21.357   1.401         
 0017   215  19.053   1.249   0.638
 0018   215  21.454   1.933         
 0019   215  19.944   1.354   0.197
 0020   215  20.763   1.333         
 0021   215  18.887   1.104   0.544
 0022   215  16.543   0.675   0.502
 0023   215  20.026   1.399   0.372
 0024   215  21.344   1.723  -0.543
 0025   215  21.172   1.447         
 0026   215  21.382   1.913         
 0027   215  20.364   1.622         
 0028   215  18.821   1.822   1.193
 0029   215  19.290   1.077   0.124
 0030   215  19.351   1.132   0.617
 0031   215  17.324   1.244   0.804
 0032   215  18.041   0.864   0.527
 0033   215  18.233   1.203   0.575
 0034   215  21.144   1.562         
 0035   215  17.021   0.941   0.337
 0036   215  21.496   1.876  -0.617
 0037   215  18.531   0.965   0.362
 0038   215  21.219   1.816         
 0039   215  20.966   1.356   0.552
 0040   215  17.887   0.967   0.313
 0041   215  20.969   1.375         
 0042   215  16.634   0.817   0.349
 0043   215  20.312   1.988   0.518
 0044   215  17.283   0.940   0.325
 0045   215  20.861   1.717         
 0046   215  19.059   1.127   0.392
 0047   215  19.389   1.223   0.534
 0048   215  19.944   1.039   1.191
 0049   215  19.574   1.113   0.606
 0050   215  18.649   1.237   0.961
 0051   215  20.018   1.387   0.775
 0052   215  18.491   0.953   0.658
 0053   215  16.499   0.931   0.389
 0054   215  18.740   1.265   0.621
 0056   215  16.834   0.874   0.800
 0057   215  17.682   0.934   0.390
 0058   215  21.002   1.606  -0.590
 0059   215  20.443   1.570   0.143
 0060   215  18.533   1.343   0.885
 0061   215  21.392   1.292  -0.311
 0062   215  15.076   0.690   0.511
 0064   215  20.917   1.943         
 0065   215  20.379   1.499  -0.654
 0066   215  21.481   2.332  -1.286
 0067   215  21.510   1.589         
 0068   215  17.896   1.151   0.495
 0069   215  17.081   0.873   0.317
 0070   215  18.931   1.269   0.853
 0071   215  17.762   0.947   0.309
 0072   215  18.141   1.015   0.284
 0073   215  19.547   1.141   0.537
 0074   215  18.480   1.267   1.192
 0075   215  21.702   2.489         
 0076   215  20.642   1.636         
 0077   215  17.451   0.892   0.343
 0078   215  16.317   0.909   0.323
 0079   215  16.943   0.805   0.304
 0080   215  20.812   1.459  -0.058
 0081   215  21.357   1.695         
 0082   215  18.939   1.630   1.253
 0083   215  18.136   1.024   0.331
 0084   215  20.921   1.715         
 0085   215  21.157   1.090   0.650
 0086   215  17.520   0.923   0.256
 0087   215  21.979   1.356         
 0088   215  16.332   0.732   0.402
 0089   215  19.936   1.162   0.796
 0090   215  19.024   1.194   0.563
 0091   215  18.521   1.388   0.877
 0092   215  21.430   1.616         
 0093   215  20.639   1.552         
 0094   215  16.513   0.853   0.348
 0095   215  20.372   1.347         
 0096   215  16.601   0.622   0.539
 0097   215  21.128   1.570         
 0098   215  21.294   1.434         
 0099   215  16.540   0.896   0.325
 0100   215  17.980   0.996   0.484
 0101   215  15.796   0.725   0.566
 0102   215  21.652   2.163         
 0103   215  21.930   1.822         
 0104   215  18.634   1.005   0.298
 0105   215  14.946   1.409   1.196
 0106   215  17.775   0.916   0.280
 0107   215  19.960   2.000   0.609
 0108   215  20.333   1.338   0.650
 0109   215  20.024   1.305   1.561
 0110   215  17.878   1.041   0.645
 0111   215  17.738   0.975   0.447
 0112   215  16.929   0.837   0.341
 0113   215  21.300   1.765         
 0114   215  16.227   0.745   0.381
 0115   215  20.350   1.775  -0.061
 0116   215  20.890   1.482   0.300
 0117   215  18.717   1.157   0.356
 0118   215  17.733   0.935   0.311
 0119   215  21.090   1.138   0.368
 0120   215  19.878   1.417   1.022
 0121   215  19.046   0.952   0.415
 0122   215  17.718   1.178   0.656
 0123   215  18.800   1.151   0.442
 0124   215  19.954   1.336   0.551
 0125   215  15.861   0.729   0.526
 0126   215  17.754   1.037   0.443
 0127   215  17.198   0.857   0.331
 0128   215  22.240   1.007         
 0129   215  16.753   0.806   0.285
 0130   215  21.319   1.591  -0.195
 0131   215  16.911   0.806   0.309
 0132   215  20.418   1.203   0.609
 0133   215  19.512   1.432   1.417
 0134   215  20.150   1.352   0.418
 0135   215  21.280   1.391  -0.837
 0136   215  21.043   0.839         
 0137   215  17.739   1.003   0.404
 0138   215  17.295   0.900   0.456
 0139   215  19.024   1.332   0.977
 0140   215  20.308   1.589         
 0141   215  20.862   1.827   0.257
 0142   215  19.661   1.278   0.569
 0143   215  21.741   1.779         
 0144   215  17.442   0.893   0.302
 0145   215  17.003   1.091   0.620
 0146   215  21.440   1.791  -0.694
 0147   215  21.574   2.136         
 0148   215  18.469   1.279   0.679
 0149   215  18.580   1.108   0.379
 0150   215  17.611   0.930         
 0151   215  17.814   0.889  -0.093
 0152   215  21.285   1.524         
 0153   215  16.764   0.873   0.309
 0154   215  17.272   1.143   0.737
 0155   215  20.181   1.254   0.680
 0156   215  18.742   1.209   0.761
 0157   215  20.486   1.650   0.856
 0158   215  21.059   1.435         
 0159   215  21.898   1.486         
 0160   215  20.234   1.802         
 0161   215  18.278   1.019   0.373
 0162   215  20.600   1.688         
 0163   215  20.460   1.402   0.273
 0164   215  18.256   1.076   0.477
 0165   215  19.080   1.439   0.795
 0166   215  18.461   0.928   0.357
 0167   215  17.421   0.859   0.307
 0168   215  15.471   0.725   0.463
 0169   215  19.128   1.215   0.763
 0170   215  21.434   1.530         
 0172   215  19.716   1.266  -2.427
 0173   215  18.022   1.037   0.477
 0174   215  14.628   0.737   0.542
 0175   215  20.872   0.958         
 0176   215  20.515   2.035         
 0177   215  19.080   1.573   1.601
 0178   215  20.489   1.669         
 0179   215  20.700   2.195  -0.052
 0180   215  20.416   1.743         
 0181   215  21.051   1.525         
 0182   215  20.869   1.500         
 0183   215  18.069   0.916   0.492
 0184   215  20.745   1.618         
 0185   215  21.473   1.549         
 0186   215  18.945   1.271   0.870
 0187   215  17.013   0.813   0.348
 0188   215  11.721   4.598   3.162
 0189   215  16.319   0.732   0.415
 0190   215  19.084   1.279   0.495
 0191   215  18.836   1.619   0.654
 0192   215  21.323   1.325         
 0193   215  19.232   1.233   0.685
 0194   215  15.379   0.692   0.523
 0195   215  20.853   1.262         
 0196   215  21.831   1.718         
 0197   215  20.813   1.444         
 0198   215  21.619   2.258         
 0199   215  14.558   1.198   0.848
 0200   215  20.446   1.691         
 0201   215  20.530   1.821         
 0202   215  19.807   1.333   0.753
 0203   215  19.865   0.861         
 0204   215  16.653   0.803   0.414
 0205   215  18.366   1.180   0.631
 0206   215  21.504   1.579         
 0207   215  16.664   0.596   0.541
 0208   215  17.760   0.722   0.594
 0209   215  14.556   0.644   0.534
 0210   215  14.426   0.712   0.503
 0211   215  19.196   1.198   0.668
 0212   215  17.925   0.952   0.269
 0213   215  19.187   1.203   0.631
 0214   215  19.486   0.978   1.130
 0215   215  15.479   0.642   0.478
 0216   215  15.610   0.733   0.577
 0217   215  20.643   1.377   0.693
 0218   215  20.278   1.350         
 0219   215  16.462   0.750   0.415
 0220   215  18.685   1.023   0.360
 0221   215  16.595   0.781   0.367
 0222   215  21.043   1.706         
 0223   215  20.012   1.320  -0.123
 0224   215  18.936   1.342   0.554
 0225   215  20.764   1.614         
 0226   215  21.452   1.478         
 0227   215  18.634   1.047   0.514
 0228   215  15.665   0.651   0.486
 0229   215  20.428   1.147   0.698
 0230   215  21.135   1.828         
 0231   215  19.508   1.085   0.224
 0232   215  17.496   0.945   0.339
 0233   215  18.551   0.990   0.601
 0234   215  17.580   1.034   0.458
 0235   215  20.568   1.603   0.300
 0236   215  18.137   0.996   0.435
 0237   215  20.014   1.623   1.239
 0238   215  12.978   1.315   1.134
 0239   215  20.438   0.925   0.818
 0240   215  19.651   1.184   0.551
 0241   215  17.924   1.019   0.507
 0242   215  19.103   1.238   0.726
 0243   215  17.720   0.827   0.377
 0244   215  18.785   1.037   0.449
 0245   215  17.991   0.943   0.337
 0246   215  15.599   0.694   0.434
 0247   215  21.423   1.323         
 0248   215  20.568   1.929         
 0249   215  16.036   0.728   0.446
 0250   215  17.441   0.936   0.352
 0251   215  17.592   0.950   0.374
 0252   215  16.684   0.632   0.576
 0253   215  21.298   1.761         
 0254   215  19.899   1.047   0.414
 0255   215  18.547   1.223   0.954
 0256   215  19.804   1.126   1.308
 0257   215  17.631   0.833   0.450
 0258   215  16.773   0.871   0.264
 0259   215  21.303   1.405   0.171
 0260   215  15.489   0.643   0.524
 0261   215  20.322   1.311         
 0262   215  15.487   0.633   0.480
 0263   215  17.493   0.848   0.360
 0264   215  15.897   1.004   0.455
 0265   215  18.147   0.973   0.312
 0266   215  18.875   1.082   0.405
 0267   215  16.787   0.811   0.304
 0268   215  15.663   0.706   0.451
 0269   215  20.351   1.401         
 0270   215  17.731   0.905   0.331
 0271   215  17.307   0.858   0.307
 0272   215  19.653   0.919   1.288
 0273   215  14.035   1.327   1.057
 0274   215  18.580   1.621   1.175
 0275   215  16.950   0.918   0.439
 0276   215  20.037   1.180         
 0277   215  19.611   1.292   0.820
 0278   215  15.563   0.660   0.515
 0279   215  16.959   0.841   0.093
 0280   215  16.975   0.834   0.331
 0282   215  17.892   0.931   0.350
 0283   215  20.790   1.430  -0.275
 0284   215  20.399   1.147   0.573
 0285   215  18.163   1.005   0.381
 0286   215  19.472   1.082   0.427
 0287   215  18.880   1.085   0.417
 0288   215  19.968   1.110   1.426
 0289   215  14.797   0.761   0.514
 0290   215  18.909   1.351   1.287
 0291   215  19.702   1.043   0.847
 0292   215  21.377   1.603         
 0293   215  15.753   0.691   0.510
 0294   215  19.526   1.166   0.577
 0295   215  18.721   1.152   0.872
 0296   215  14.552   1.246   0.926
 0297   215  16.541   0.745   0.349
 0298   215  18.944   1.250   0.946
 0299   215  16.616   0.769   0.350
 0300   215  21.258   1.536         
 0301   215  20.229   1.208   0.297
 0302   215  14.541   1.269   0.920
 0303   215  16.879   0.769   0.294
 0304   215  18.808   1.029   0.626
 0305   215  14.361   1.283   0.959
 0306   215  20.185   1.462   1.039
 0307   215  15.534   0.683   0.540
 0308   215  16.288   0.712   0.389
 0309   215  15.641   0.684   0.493
 0310   215  20.880   1.259   0.054
 0311   215  18.627   0.995   0.397
 0312   215  17.404   0.998   0.378
 0313   215  15.986   0.696   0.457
 0314   215  18.831   1.110   0.549
 0315   215  19.052   1.123   0.696
 0316   215  15.804   0.693   0.542
 0317   215  20.250   1.481   0.305
 0318   215  14.110   1.291   0.938
 0319   215  15.133   0.615   0.584
 0320   215  15.967   0.724   0.474
 0321   215  19.694   1.074   0.866
 0322   215  19.756   1.344   1.311
 0323   215  18.964   1.641   1.204
 0324   215  17.482   1.106   0.731
 0325   215  18.003   1.394   1.837
 0326   215  19.513   1.173   0.995
 0327   215  17.613   0.911   0.419
 0328   215  19.890   1.351   0.853
 0329   215  16.042   0.702   0.424
 0330   215  18.393   1.137   0.597
 0331   215  17.195   0.838   0.324
 0332   215  19.967   1.197   0.771
 0333   215  21.680   1.990         
 0334   215  19.983   1.575         
 0335   215  20.097   0.981   1.113
 0336   215  20.589   1.435         
 0337   215  16.341   0.754   0.352
 0338   215  20.749   0.836   1.075
 0339   215  19.654   1.049   0.670
 0340   215  15.601   0.787   0.328
 0341   215  16.380   0.749   0.485
 0342   215  18.820   0.949   0.549
 0343   215  15.260   0.678   0.447
 0344   215  20.487   1.356  -0.214
 0345   215  18.787   0.995   0.707
 0346   215  18.861   1.218   0.813
 0347   215  20.867   1.525  -0.250
 0348   215  17.993   0.936   0.486
 0349   215  20.196   1.343   0.864
 0350   215  20.636   1.292   0.305
 0351   215  18.632   1.061   0.411
 0352   215  18.879   1.168   0.430
 0353   215  19.185   1.157   1.073
 0354   215  21.031   1.764         
 0355   215  19.669   1.301   0.976
 0356   215  18.368   1.031   0.278
 0357   215  20.003   1.447   0.548
 0358   215  15.407   0.699   0.416
 0359   215  19.142   1.328   0.724
 0360   215  19.904   1.608   1.055
 0361   215  18.911   1.191   0.540
 0362   215  17.952   0.950         
 0363   215  14.286   1.250   0.888
 0364   215  21.208   1.792         
 0365   215  15.806   0.675   0.455
 0366   215  19.531   1.191   0.405
 0367   215  14.260   1.283   0.966
 0368   215  20.638   1.576         
 0369   215  18.247   1.030   0.348
 0370   215  18.241   1.134         
 0371   215  17.417   1.300   0.902
 0372   215  16.989   0.818   0.314
 0373   215  17.337   0.934   0.405
 0374   215  16.481   0.978   0.455
 0375   215  19.906   1.368   1.169
 0376   215  19.564   1.204   0.696
 0377   215  20.240   1.463         
 0378   215  14.480   1.253   0.873
 0379   215  17.816   0.831   0.589
 0380   215  20.413   1.514   0.447
 0381   215  20.893   1.776         
 0382   215  21.242   1.480  -0.081
 0383   215  21.250   2.144         
 0384   215  18.384   0.895   0.337
 0385   215  17.654   1.032   0.492
 0386   215  16.574   0.790   0.289
 0387   215  19.982   1.389   0.749
 0388   215  17.347   0.862   0.437
 0389   215  17.930   0.913   0.401
 0390   215  15.429   0.671   0.466
 0391   215  15.026   0.650   0.538
 0392   215  17.874   1.436   1.208
 0393   215  16.433   0.721   0.340
 0394   215  17.744   0.872   0.308
 0395   215  14.845   0.752   0.459
 0396   215  18.688   1.204   0.799
 0397   215  16.864   0.789   0.319
 0398   215  17.789   0.920   0.438
 0399   215  20.596   1.294   1.049
 0400   215  17.870   0.951   0.347
 0401   215  20.452   1.212         
 0403   215  14.972   0.942   0.448
 0404   215  14.240   0.650   0.493
 0405   215  19.569   0.821         
 0406   215  15.361   0.715   0.485
 0407   215  18.423   1.050   0.373
 0408   215  15.330   0.636   0.470
 0409   215  17.364   0.959   0.361
 0410   215  21.845   1.274  -3.769
 0411   215  18.178   1.137   0.515
 0412   215  16.220   0.697   0.371
 0413   215  20.622   1.259         
 0414   215  17.019   0.805   0.269
 0415   215  17.192   0.836   0.311
 0416   215  14.901   0.686   0.552
 0417   215  14.997   0.656   0.509
 0418   215  20.824   1.543   0.062
 0419   215  21.267   1.770         
 0420   215  19.364   1.853         
 0421   215  13.861   1.315   1.051
 0422   215  17.872   0.924   0.385
 0423   215  14.753   0.772   0.566
 0424   215  13.762   0.519   0.541
 0425   215  20.847   1.333   0.615
 0426   215  14.291   0.700   0.482
 0427   215  19.325   1.122   0.679
 0428   215  16.317   0.896   0.350
 0429   215  15.649   0.644   0.450
 0430   215  14.411   1.268   1.049
 0431   215  15.427   0.666   0.553
 0432   215  18.798   1.247   0.421
 0433   215  16.152   0.621         
 0434   215  14.981   0.699   0.468
 0435   215  14.868   0.655   0.498
 0436   215  16.711   0.771   0.319
 0437   215  15.693   0.722   0.378
 0438   215  20.752   1.382   0.019
 0439   215  20.349   1.638   0.530
 0440   215  14.252   1.095   0.739
 0441   215  15.327   0.664   0.489
 0442   215  16.499   0.783   0.327
 0443   215  19.609   1.348   0.673
 0444   215  17.674   0.823   0.293
 0445   215  20.270   1.557   1.033
 0446   215  18.814   1.072   0.648
 0447   215  17.171   0.862   0.343
 0448   215  15.334   0.598   0.558
 0449   215  18.345   0.843   0.691
 0450   215  15.090   0.660   0.343
 0451   215  20.696   1.712   0.636
 0452   215  15.769   0.702   0.507
 0453   215  18.212   1.082   0.403
 0454   215  19.810   1.097   0.565
 0455   215  22.589  -1.169         
 0456   215  18.376   1.026   0.381
 0457   215  16.945   0.781   0.290
 0458   215  15.907   0.721   0.493
 0459   215  20.013   1.455   0.501
 0460   215  18.400   1.131   0.690
 0461   215  16.267   0.739   0.356
 0462   215  16.055   0.741   0.513
 0463   215  14.720   0.698   0.420
 0464   215  20.083   0.887   0.886
 0465   215  17.766   0.977   0.381
 0466   215  15.802   0.649   0.431
 0467   215  19.597   0.950   1.456
 0468   215  21.324   1.385         
 0469   215  18.350   1.134   0.648
 0470   215  16.887   0.777   0.316
 0471   215  16.990   0.868   0.242
 0472   215  14.419   1.262   0.915
 0473   215  21.049   1.839         
 0474   215  17.674   0.933   0.294
 0475   215  21.551   1.370  -0.603
 0476   215  16.937   0.803   0.315
 0477   215  20.818   1.460         
 0478   215  21.400   1.744         
 0479   215  20.410   1.408  -0.111
 0480   215  18.203   0.931   0.679
 0481   215  19.992   1.235   0.739
 0482   215  16.428   0.726   0.371
 0483   215  21.111   1.201         
 0484   215  14.172   1.287   0.963
 0485   215  14.577   0.607   0.462
 0486   215  19.434   1.211   1.408
 0487   215  18.959   1.681   1.094
 0488   215  20.130   1.381         
 0489   215  18.054   0.915   0.457
 0490   215  19.216   1.207   0.817
 0491   215  20.064   1.306   1.407
 0492   215  17.340   0.883   0.345
 0493   215  20.720   1.512  -0.403
 0494   215  19.383   1.236   0.533
 0495   215  19.828   1.429         
 0496   215  20.199   1.352         
 0497   215  15.168   0.663   0.500
 0498   215  19.386   1.091   0.503
 0499   215  17.210   0.990   0.506
 0500   215  15.713   0.706   0.528
 0501   215  21.432   1.599         
 0502   215  18.225   0.996   0.440
 0503   215  15.409   0.585   0.476
 0504   215  21.327   1.437         
 0505   215  14.536   1.265   0.921
 0506   215  19.146   1.228   0.569
 0507   215  19.399   1.111   0.507
 0508   215  19.394   0.796   0.871
 0509   215  18.196   1.067   0.480
 0510   215  20.533   1.294         
 0511   215  14.183   1.229   0.909
 0512   215  18.378   0.879   0.582
 0513   215  18.086   1.506   1.577
 0514   215  18.612   1.066   0.512
 0515   215  14.363   1.251   0.939
 0516   215  18.000   0.941   0.377
 0517   215  16.358   0.581   0.516
 0518   215  15.098   0.664   0.464
 0519   215  19.923   1.798         
 0520   215  15.279   0.715   0.565
 0521   215  19.763   1.336   0.883
 0522   215  16.778   0.819   0.337
 0523   215  19.465   1.105   0.431
 0524   215  21.448   1.217         
 0525   215  19.359   1.415   0.903
 0526   215  21.121   1.725  -0.267
 0527   215  15.901   0.770   0.425
 0528   215  20.219   0.953         
 0529   215  20.210   1.291   0.874
 0530   215  15.162   0.668   0.538
 0531   215  16.469   0.798   0.443
 0532   215  19.219   1.246   1.050
 0533   215  20.841   1.208         
 0534   215  20.693   1.483         
 0535   215  20.526   1.463   1.103
 0536   215  12.937   1.581   1.633
 0537   215  14.989   0.692   0.536
 0538   215  14.669   1.305   0.968
 0539   215  14.937   0.682   0.478
 0540   215  15.375   0.720   0.533
 0541   215  17.442   0.995   0.398
 0542   215  14.120   1.300   0.978
 0543   215  16.465   0.741   0.374
 0544   215  16.990   0.847   0.385
 0545   215  19.290   1.060   0.487
 0546   215  20.435   1.548         
 0547   215  20.496   1.016         
 0548   215  21.407   1.807         
 0549   215  15.926   0.740   0.548
 0550   215  15.427   0.636   0.436
 0551   215  17.985   0.933   0.383
 0552   215  14.343   0.758   0.525
 0553   215  17.247   0.740   0.487
 0554   215  19.273   1.289   1.577
 0555   215  21.250   1.978         
 0556   215  21.141   1.645         
 0557   215  20.976   1.395         
 0558   215  19.130   0.760   1.721
 0559   215  16.329   0.799   0.325
 0560   215  20.521   1.796         
 0561   215  15.542   0.674   0.440
 0562   215  17.539   1.036   0.429
 0563   215  15.695   0.626   0.523
 0564   215  18.936   1.075   0.569
 0565   215  16.760   0.776   0.309
 0566   215  20.816   1.548   0.473
 0567   215  21.190   2.063         
 0568   215  16.419   0.873   0.377
 0569   215  16.553   0.766   0.389
 0570   215  20.886   0.651   0.939
 0571   215  20.776   1.136   0.377
 0572   215  19.088   1.415   0.678
 0573   215  18.237   0.989   0.471
 0574   215  14.415   0.460   0.300
 0575   215  18.637   0.942   0.725
 0576   215  17.060   0.897   0.328
 0577   215  19.336   1.237   0.662
 0578   215  20.316   1.163         
 0579   215  18.436   0.940   0.562
 0580   215  19.815   1.450   0.792
 0581   215  19.618   1.120   1.017
 0582   215  16.103   0.694   0.410
 0583   215  13.855   0.318  -0.015
 0584   215  20.402   1.888         
 0585   215  18.852   1.306   0.920
 0586   215  19.387   0.988   0.279
 0587   215  20.275   1.263   0.990
 0588   215  19.664   1.301   1.263
 0589   215  17.647   1.112   0.780
 0590   215  18.735   1.036   0.885
 0591   215  17.050   0.864   0.654
 0592   215  17.070   0.787   0.364
 0593   215  15.136   0.655   0.543
 0594   215  20.939   1.298         
 0595   215  17.574   0.850   0.360
 0596   215  21.399   1.664  -0.687
 0597   215  17.667   0.916   0.354
 0598   215  16.297   0.719   0.399
 0599   215  18.360   0.942   0.444
 0600   215  18.053   1.098   0.569
 0601   215  19.373   1.254   0.829
 0602   215  16.329   0.704   0.377
 0603   215  15.253   0.682   0.528
 0604   215  20.764   1.054   0.247
 0605   215  15.106   0.726   0.452
 0606   215  20.119   1.092         
 0607   215  18.873   1.202   0.670
 0608   215  16.466   0.779   0.407
 0609   215  19.745   1.394   1.174
 0610   215  17.271   0.911   0.341
 0611   215  20.165   1.477   0.413
 0612   215  18.645   0.941   0.378
 0613   215  16.099   0.676   0.405
 0614   215  19.035   1.070   0.986
 0615   215  18.839   0.951   0.810
 0616   215  15.159   0.675   0.344
 0617   215  21.390   1.620         
 0618   215  17.970   1.027   0.469
 0619   215  16.427   0.738   0.398
 0620   215  18.460   0.897   1.106
 0621   215  19.059   1.161   0.479
 0622   215  21.851   1.531         
 0623   215  19.173   0.856   0.653
 0624   215  17.863   0.938   0.300
 0625   215  17.872   0.973   0.136
 0626   215  15.118   0.673   0.421
 0627   215  19.773   1.343   0.294
 0628   215  19.040   1.062   0.716
 0629   215  16.484   1.529   1.414
 0630   215  16.777   0.792   0.311
 0631   215  14.940   0.718   0.502
 0632   215  17.893   1.003   0.446
 0633   215  14.787   0.773   0.493
 0634   215  18.842   1.114   0.693
 0635   215  14.294   1.291   0.957
 0636   215  16.542   1.312   0.944
 0637   215  16.441   0.729   0.383
 0638   215  18.946   1.035   0.423
 0639   215  15.591   0.661   0.461
 0640   215  18.317   1.108   0.367
 0641   215  20.218   1.866         
 0642   215  19.071   1.034   0.817
 0643   215  17.237   0.836   0.346
 0644   215  19.755   1.065   0.748
 0645   215  16.369   0.708   0.378
 0646   215  15.155   0.698   0.548
 0647   215  19.392   1.011   0.276
 0648   215  16.095   0.768   0.355
 0649   215  19.261   1.323   0.794
 0650   215  20.764   1.201         
 0651   215  21.194   1.193         
 0652   215  15.887   0.884   0.301
 0653   215  17.171   0.885   0.330
 0654   215  16.438   0.703   0.262
 0655   215  19.373   1.193   1.153
 0656   215  17.418   0.860   0.327
 0657   215  16.683   0.756   0.308
 0658   215  15.708   0.676   0.452
 0659   215  14.735   0.791   0.485
 0661   215  10.601   1.328   1.105
 0662   215  15.110   0.628   0.518
 0663   215  20.171   1.359   1.008
 0664   215  18.513   0.900   0.843
 0665   215  14.824   0.750   0.456
 0666   215  18.882   1.105   0.993
 0667   215  18.597   1.232   0.706
 0668   215  17.029   0.813   0.324
 0669   215  19.387   0.894   0.904
 0670   215  18.135   0.969   0.330
 0671   215  19.250   0.934   0.753
 0672   215  14.707   0.676   0.512
 0673   215  17.956   0.843   0.727
 0674   215  19.661   1.289   1.136
 0675   215  17.640   1.016         
 0676   215  20.669   1.507         
 0677   215  18.572   1.039   0.451
 0678   215  18.823   1.095   0.516
 0679   215  15.711   0.714   0.248
 0680   215  20.805   1.613         
 0681   215  18.359   1.030   0.400
 0682   215  20.809   1.330   0.123
 0683   215  16.155   0.784   0.295
 0684   215  20.108   1.552   1.243
 0685   215  15.938   0.692   0.439
 0686   215  19.029   1.268   0.762
 0687   215  15.698   0.663   0.462
 0688   215  16.056   0.743   0.556
 0689   215  17.100   1.014   0.468
 0690   215  17.430   0.941   0.309
 0691   215  21.427   2.096         
 0692   215  20.441   1.616   0.494
 0693   215  17.673   0.953   0.431
 0694   215  14.368   1.306   0.978
 0695   215  16.651   0.815   0.326
 0696   215  19.418   1.429   1.340
 0697   215  16.852   0.812   0.329
 0698   215  21.753   0.881         
 0699   215  18.209   0.991   0.488
 0700   215  19.290   1.169   0.317
 0701   215  16.233   0.896   0.299
 0702   215  17.489   0.988   0.424
 0703   215  16.616   0.815   0.405
 0704   215  21.373   1.057         
 0705   215  19.928   1.425   1.339
 0706   215  16.188   0.703   0.431
 0707   215  19.745   1.508   0.464
 0708   215  19.589   1.322   1.580
 0709   215  17.330   0.833   0.306
 0710   215  19.223   1.072   0.366
 0711   215  17.935   0.970   0.418
 0712   215  17.374   1.616   1.206
 0713   215  21.422   2.235         
 0714   215  18.695   0.984   0.488
 0715   215  17.629   0.870   0.286
 0716   215  20.929   1.531         
 0717   215  18.754   1.072   0.586
 0718   215  19.621   1.499   1.873
 0719   215  20.751   1.222  -0.622
 0720   215  19.149   1.319   0.475
 0721   215  14.868   0.702   0.503
 0722   215  20.932   1.631   0.337
 0723   215  21.062   1.269  -0.180
 0724   215  17.169   0.885   0.420
 0725   215  18.807   1.105   0.456
 0726   215  20.668   1.366   0.122
 0727   215  14.499   0.700   0.575
 0728   215  17.197   0.867   0.305
 0729   215  18.946   0.821   0.610
 0730   215  19.443   1.395   1.088
 0731   215  20.751   1.281   0.435
 0732   215  17.011   0.812   0.279
 0733   215  19.080   1.204   0.932
 0734   215  17.699   0.906   0.296
 0735   215  17.756   0.919   0.315
 0736   215  18.728   1.161   0.640
 0737   215  15.129   0.666   0.579
 0738   215  18.919   1.035   0.500
 0739   215  19.663   1.275   0.420
 0740   215  17.013   0.906   0.578
 0741   215  19.690   1.331   0.658
 0742   215  17.581   0.914   0.352
 0743   215  20.182   1.485         
 0744   215  20.356   1.592         
 0745   215  15.561   0.610   0.506
 0746   215  21.443   1.915         
 0747   215  19.639   1.391   1.578
 0748   215  19.245   1.213   0.600
 0749   215  21.871   1.354         
 0750   215  19.615   1.256         
 0751   215  18.698   1.167   0.703
 0752   215  21.446   2.768         
 0753   215  20.789   1.468         
 0754   215  19.794   1.311   0.997
 0755   215  17.896   0.929   0.387
 0756   215  20.467   1.886         
 0757   215  21.309   1.802  -0.600
 0758   215  11.987   1.440   1.588
 0759   215  19.436   1.366   0.887
 0760   215  17.907   1.007   0.479
 0761   215  19.440   1.294   0.753
 0762   215  18.886   1.063   0.634
 0763   215  14.857   1.418   1.051
 0764   215  20.965   1.798         
 0765   215  19.245   1.351   0.693
 0766   215  17.238   0.907   0.326
 0767   215  19.949   1.148   0.536
 0768   215  21.004   1.347         
 0769   215  16.305   0.792   0.544
 0770   215  20.771   1.219         
 0771   215  20.525   1.543         
 0772   215  15.662   0.728   0.583
 0773   215  19.763   1.084   0.452
 0774   215  19.877   1.279   0.706
 0775   215  19.808   1.281   0.727
 0776   215  16.278   0.815   0.453
 0777   215  18.026   1.440   1.463
 0778   215  21.237   1.523         
 0779   215  14.759   0.783   0.491
 0780   215  19.610   1.137   0.618
 0781   215  20.775   1.698  -0.116
 0782   215  19.899   1.093   1.129
 0783   215  18.823   1.264   0.726
 0784   215  17.821   0.964   0.434
 0785   215  18.314   0.971   0.385
 0786   215  20.167   1.499   0.915
 0787   215  16.036   0.761   0.451
 0788   215  20.696   1.733         
 0789   215  20.899   1.635   0.292
 0790   215  17.814   0.890   0.564
 0791   215  18.208   1.096   0.589
 0792   215  20.251   1.052   0.909
 0793   215  21.606   1.754         
 0794   215  19.522   1.197   0.776
 0795   215  20.835   1.555   0.142
 0796   215  20.019   1.532   1.438
 0797   215  21.197   1.453         
 0798   215  21.578   1.545         
 0799   215  18.951   1.033   0.388
 0800   215  18.561   0.903   0.332
 0801   215  19.381   1.220   0.773
 0802   215  19.817   1.340   1.007
 0803   215  17.031   0.769   0.313
 0804   215  19.688   1.141   0.720
 0805   215  20.783   1.131         
 0806   215  18.955   1.034   0.388
 0807   215  17.738   0.954   0.455
 0808   215  17.073   0.867   0.598
 0809   215  15.777   0.734   0.581
 0810   215  17.894   1.030   0.491
 0811   215  17.849   0.881   0.331
 0814   215  19.601   1.266   0.600
 0815   215  19.842   1.332   0.563
 0816   215  21.467   1.654         
 0817   215  18.488   1.075   0.539
 0818   215  19.138   1.250   0.393
 0819   215  18.805   1.027   0.544
 0820   215  18.991   0.995   0.351
 0821   215  20.820   1.372   0.003
 0822   215  17.189   0.811   0.279
 0823   215  17.013   0.800   0.316
 0824   215  20.661   1.393   0.266
 0825   215  14.971   0.688   0.551
 0826   215  20.238   1.269   0.764
 0827   215  14.270   0.518   0.493
 0828   215  16.307   0.702   0.426
 0829   215  16.052   0.914   0.429
 0830   215  11.997   1.792   2.174
 0831   215  20.194   1.188   0.754
 0833   215  17.194   0.929   0.393
 0834   215  17.567   0.896   0.307
 0835   215  20.965   1.493         
 0836   215  17.081   0.833   0.378
 0837   215  19.608   1.271   0.491
 0838   215  19.965   1.103   0.181
 0839   215  14.281   1.208   0.874
 0840   215  17.711   0.707         
 0841   215  19.525   1.429   1.242
 0842   215  20.015   0.395   0.865
 0843   215  20.089   1.080   1.032
 0844   215  20.047   1.249   0.793
 0845   215  19.515   1.543         
 0846   215  18.626   1.018   0.502
 0847   215  15.837   0.718   0.481
 0848   215  18.525   0.965   0.431
 0849   215  15.092   1.342   1.101
 0850   215  15.444   0.615   0.514
 0851   215  18.867   1.171   0.682
 0852   215  20.252   0.513   0.891
 0853   215  17.542   0.888         
 0854   215  17.660   0.908   0.464
 0855   215  16.450   0.880   0.396
 0856   215  21.166   1.004         
 0857   215  16.173   0.669   0.479
 0858   215  21.151   1.656         
 0859   215  21.352   1.106         
 0860   215  16.744   0.771   0.311
 0861   215  18.677   1.128   0.583
 0862   215  14.315   1.287   0.917
 0863   215  13.833   1.403   0.404
 0864   215  17.134   0.955   0.199
 0865   215  20.788   1.187  -0.095
 0866   215  17.406   1.325  -0.199