UBV CCD observations

  No    Ref    V       B-V     U-B

 0178   205  14.105   1.978         
 0179   205  11.568   0.203         
 0180   205  14.286   0.598         
 0181   205  14.122   1.326         
 0201   205  10.604   0.198         
 0202   205  13.962   1.497         
 0203   205  13.829   1.711         
 0204   205  11.444   0.233         
 0205   205  14.030   0.619         
 0206   205  12.650   0.472         
 0207   205  14.461   1.714         
 0208   205   9.131   1.451         
 0209   205   9.695   0.214         
 0210   205  13.799   0.668         
 0211   205  11.335   0.191         
 0212   205   9.750   0.193         
 0213   205  11.327   0.298         
 0215   205  11.688   0.158         
 0216   205  13.389   0.295         
 0217   205  12.267   0.818         
 0234   205  12.745   0.268         
 0235   205  11.058   0.102         
 0237   205  14.174   0.643         
 0238   205  13.189   0.554         
 0239   205  14.458   0.832         
 0240   205  12.342   0.269         
 0241   205  13.901   0.570         
 0242   205  13.968   1.196         
 0243   205  13.268   0.585         
 0244   205  14.223   0.684         
 0245   205  13.230   0.506         
 0246   205  13.280   0.478         
 0247   205  13.802   0.567         
 0248   205  14.334   0.738         
 0250   205  11.448   0.235         
 0252   205  13.490   1.615         
 0265   205  12.800   0.744         
 0266   205  11.086   0.221         
 0267   205  11.725   0.278         
 0268   205  13.779   1.845         
 0269   205  14.072   0.720         
 0270   205  12.633   0.459         
 0271   205  14.276   0.697         
 0274   205  12.664   0.449         
 0275   205  12.697   0.345         
 0276   205  11.872   0.145         
 0277   205  10.934   0.083         
 0290   205  14.414   0.497         
 0291   205  10.577   0.253         
 0293   205  10.918   0.106         
 0295   205  14.248   0.758         
 0296   205  12.142   1.278         
 0297   205  14.360   0.664         
 0298   205  10.897   0.228         
 0299   205  11.654   0.180         
 0301   205  11.897   0.544         
 0302   205  12.237   1.755         
 0305   205  13.938   0.633         
 0333   205  13.276   1.224         
 0335   205  11.917   0.502         
 0336   205  14.154   1.150         
 0337   205  10.683   0.478         
 0338   205  13.560   0.999         
 0339   205  11.647   0.136         
 0341   205  13.757   0.485         
 0342   205  13.693   0.479         
 0343   205  12.996   0.303         
 0344   205  13.099   1.897         
 0346   205  13.330   0.553         
 0365   205  14.508   0.905         
 0366   205  11.979   0.307         
 0520   205  14.204   0.574         
 0522   205  14.435   1.995         
 0523   205  14.471   0.575         
 0524   205  14.709   0.712         
 0525   205  14.626   0.708         
 0526   205  14.849   0.771         
 0527   205  14.841   0.754         
 0528   205  14.835   0.548         
 0530   205  14.886   1.567         
 0531   205  15.127   0.741         
 0532   205  15.065   0.818         
 0535   205  15.191   0.853         
 0536   205  15.216   0.640         
 0537   205  15.119   1.120         
 0541   205  15.226   1.073         
 0542   205  15.194   0.699         
 0543   205  15.427   0.770         
 0544   205  15.594   1.040         
 0545   205  15.571   1.101         
 0546   205  15.464   0.794         
 0547   205  15.383   0.929         
 0635   205  14.520   0.289         
 1002   205  18.366   0.889         
 1003   205  14.860   0.589         
 1008   205  17.077   1.691         
 1011   205  15.304   0.724         
 1016   205  16.139   0.712         
 1017   205  16.619   1.769         
 1018   205  16.781   0.898         
 1020   205  16.070   1.109         
 1021   205  16.584   0.515         
 1022   205  17.487   1.309         
 1024   205  16.721   0.892         
 1026   205  17.206   2.069         
 1027   205  16.916   1.666         
 1029   205  15.995   1.584         
 1033   205  18.213   0.949         
 1035   205  15.727   1.330         
 1040   205  17.159   0.542         
 1041   205  17.413   1.423         
 1042   205  16.905   0.951         
 1045   205  14.947   1.525         
 1049   205  16.418   0.900         
 1050   205  15.875   1.327         
 1054   205  17.971   1.054         
 1055   205  18.269   1.364         
 1057   205  18.074   1.246         
 1063   205  16.443   0.521         
 1064   205  17.653   1.264         
 1067   205  17.673   1.390         
 1068   205  16.378   0.859         
 1071   205  16.538   0.963         
 1073   205  14.874   1.458         
 1082   205  16.588   1.159         
 1083   205  16.369   0.759         
 1084   205  17.682   1.369         
 1089   205  16.157   1.175         
 1091   205  16.041   1.574         
 1092   205  17.897   1.075         
 1095   205  15.762   0.768         
 1098   205  16.464   0.930         
 1099   205  16.119   0.848         
 1100   205  17.161   1.159         
 1107   205  17.707   1.738         
 1108   205  17.396   0.962         
 1109   205  16.097   1.432         
 1110   205  17.592   2.172         
 1113   205  16.603   2.457         
 1114   205  15.945   0.813         
 1117   205  17.969   0.861         
 1119   205  18.276   0.654         
 1125   205  15.734   1.875         
 1130   205  14.524   0.657         
 1133   205  14.708   1.503         
 1136   205  13.748   0.700         
 1141   205  17.193   0.912         
 1142   205  17.225   2.435         
 1144   205  18.072   0.996         
 1147   205  16.052   0.830         
 1152   205  16.059   1.241         
 1153   205  16.033   1.288         
 1158   205  17.660   0.946         
 1160   205  16.924   1.572         
 1162   205  17.061   1.539         
 1163   205  16.345   1.252         
 1164   205  17.276   1.778         
 1165   205  18.169   1.242         
 1167   205  14.685   0.728         
 1168   205  14.541   0.769         
 1170   205  16.864   0.999         
 1179   205  15.663   0.766         
 1180   205  15.041   0.676         
 1181   205  15.877   1.853         
 1183   205  18.164   0.875         
 1185   205  15.154   1.411         
 1186   205  17.604   1.351         
 1192   205  18.209   1.093         
 1194   205  18.461   0.811         
 1197   205  17.430   1.721         
 1198   205  16.645   1.650         
 1204   205  17.863   1.015         
 1207   205  16.055   1.916         
 1209   205  16.062   1.783         
 1212   205  17.474   1.136         
 1213   205  17.518   1.123         
 1214   205  17.246   1.573         
 1215   205  14.092   1.546         
 1216   205  17.053   0.860         
 1217   205  15.999   0.922         
 1219   205  15.824   1.028         
 1220   205  16.182   2.411         
 1222   205  17.256   1.450         
 1226   205  16.116   1.309         
 1229   205  14.859   1.499         
 1232   205  17.452   1.372         
 1233   205  16.004   0.928         
 1235   205  15.317   0.907         
 1237   205  17.771   0.643         
 1238   205  16.610   0.875         
 1240   205  16.451   1.733         
 1244   205  17.462   0.764         
 1245   205  16.753   1.236         
 1257   205  17.208   1.730         
 1262   205  17.835   1.190         
 1263   205  15.704   0.819         
 1266   205  17.562   1.317         
 1272   205  17.783   0.926         
 1273   205  16.326   0.784         
 1274   205  16.694   1.886         
 1278   205  17.351   0.794         
 1281   205  16.140   0.750         
 1284   205  15.244   1.498         
 1285   205  18.022   0.913         
 1286   205  17.107   0.826         
 1295   205  18.175   1.036         
 1296   205  15.029   0.696         
 1298   205  17.369   0.640         
 1301   205  18.758  -1.579         
 1303   205  16.435   1.540         
 1304   205  14.611   0.907         
 1306   205  17.470   1.230         
 1307   205  15.688   1.289         
 1308   205  16.918   1.059         
 1309   205  17.288   1.584         
 1311   205  15.959   1.835         
 1317   205  16.964   1.475         
 1318   205  15.146   1.535         
 1319   205  15.881   0.820         
 1320   205  16.270   1.480         
 1321   205  15.996   1.646         
 1324   205  16.501   1.216         
 1329   205  15.858   1.302         
 1331   205  16.855   0.594         
 1335   205  16.860   1.213         
 1338   205  17.704   1.327         
 1343   205  17.346   0.771         
 1345   205  14.951   2.176         
 1354   205  16.747   1.016         
 1355   205  16.602   1.568         
 1356   205  17.551   0.896         
 1359   205  16.610   1.607         
 1360   205  16.522   1.505         
 1361   205  16.323   0.782         
 1365   205  17.378   1.274         
 1366   205  16.998   1.086         
 1369   205  16.855   0.925         
 1371   205  17.664   1.345         
 1372   205  15.348   0.811         
 1373   205  16.832   2.030         
 1374   205  17.817   0.869         
 1375   205  13.308   0.662         
 1376   205  17.045   1.077         
 1379   205  14.944   1.845         
 1381   205  17.852   0.754         
 1382   205  16.047   0.701         
 1384   205  16.656   0.850         
 1391   205  15.625   0.859         
 1392   205  17.255   1.651         
 1393   205  16.254   0.835         
 1395   205  18.008   1.155         
 1396   205  16.523   0.883         
 1403   205  16.403   1.115         
 1408   205  17.880   1.353         
 1410   205  17.110   0.858         
 1414   205  15.866   0.593         
 1416   205  16.492   0.808         
 1418   205  15.478   1.524         
 1419   205  15.316   0.862         
 1420   205  16.321   0.911         
 1421   205  17.022   1.649         
 1423   205  17.612   1.803         
 1424   205  15.774   1.196         
 1428   205  17.710   1.192         
 1429   205  16.721   1.446         
 1430   205  18.230   1.297         
 1438   205  15.055   1.434         
 1439   205  17.352   0.996         
 1445   205  16.583   0.712         
 1446   205  16.945   1.664         
 1447   205  17.176   0.800         
 1453   205  17.378   1.274         
 1455   205  17.808   0.924         
 1458   205  18.308   0.490         
 1461   205  14.858   1.337         
 1462   205  15.236   0.020         
 1465   205  15.680   0.986         
 1466   205  17.626   0.686         
 1469   205  17.844   1.287         
 1471   205  16.508   0.660         
 1473   205  17.543   1.601         
 1474   205  14.459   1.431         
 1476   205  17.546   0.961         
 1479   205  15.990   0.651         
 1481   205  15.319   0.997         
 1482   205  13.920   1.570         
 1483   205  17.652   0.847         
 1484   205  17.192   0.792         
 1485   205  16.500   1.494         
 1486   205  17.044   1.634         
 1487   205  17.181   0.970         
 1497   205  15.800   0.988         
 1498   205  17.335   0.685         
 1499   205  17.756   0.896         
 1502   205  17.501   0.637         
 1503   205  16.593   1.029         
 1505   205  16.638   1.622         
 1506   205  16.746   0.679         
 1507   205  17.229   1.572         
 1510   205  17.275   1.795         
 1512   205  16.067   0.869         
 1513   205  16.925   1.423         
 1518   205  16.243   0.790         
 1521   205  14.540   1.393         
 1524   205  17.413   1.562         
 1525   205  15.663   0.972         
 1527   205  16.103   0.918         
 1529   205  15.836   0.766         
 1534   205  16.089   1.306         
 1539   205  17.233   0.951         
 1541   205  14.015   1.490         
 1542   205  17.024   0.548         
 1543   205  16.483   1.960         
 1545   205  17.905   1.858         
 1546   205  17.166   0.992         
 1548   205  15.230   0.683         
 1551   205  16.578   1.343         
 1557   205  16.544   0.565         
 1559   205  13.448   0.377         
 1560   205  15.307   0.655         
 1563   205  15.751   0.888         
 1565   205  14.816   2.338         
 1568   205  18.029   0.037         
 1569   205  16.487   0.874         
 1571   205  14.570   0.603         
 1576   205  16.397   0.733         
 1578   205  16.450   1.491         
 1579   205  15.910   1.102         
 1585   205  18.695   0.466         
 1590   205  16.804   1.048         
 1591   205  17.199   0.897         
 1594   205  18.262   0.248         
 1601   205  15.274   1.406         
 1603   205  16.503   1.209         
 1604   205  18.130   0.945         
 1612   205  17.816   0.987         
 1613   205  17.227   1.271         
 1617   205  15.618   0.628         
 1618   205  15.738   1.523         
 1620   205  16.485   0.933         
 1621   205  16.867   1.012         
 1622   205  17.633   1.108         
 1625   205  16.450   0.741         
 1626   205  15.966   1.773         
 1627   205  15.698   0.770         
 1635   205  15.591   0.839         
 1637   205  17.864   1.045         
 1638   205  15.890   1.514         
 1643   205  18.166   0.960         
 1644   205  17.672   1.779         
 1645   205  17.329   0.874         
 1648   205  17.091   1.131         
 1649   205  16.904   1.132         
 1652   205  16.129   0.779         
 1654   205  18.303   0.956         
 1655   205  15.337   1.120         
 1656   205  13.343   1.152         
 1657   205  13.646   0.131         
 1660   205  17.715   1.021         
 1661   205  16.682   1.355         
 1663   205  16.506   0.890         
 1666   205  15.271   1.071         
 1668   205  17.102   0.900         
 1673   205  18.295   0.104         
 1674   205  16.895   1.355         
 1676   205  17.335   0.810         
 1678   205  16.854   0.690         
 1679   205  18.047   1.030         
 1681   205  17.455   1.208         
 1684   205  17.693   0.394         
 1686   205  16.371   0.819         
 1687   205  15.860   0.827         
 1688   205  17.781   1.200         
 1701   205  16.406   0.698         
 1703   205  17.621   0.680         
 1704   205  16.186   1.127         
 1708   205  16.365   0.837         
 1709   205  17.784   0.818         
 1710   205  14.407   0.509         
 1711   205  17.700   1.082         
 1712   205  16.777   1.146         
 1717   205  15.414   0.745         
 1718   205  13.916   1.091         
 1719   205  15.753   0.794         
 1721   205  16.445   0.876         
 1723   205  14.949   1.792         
 1724   205  18.877  -1.135         
 1725   205  18.365   0.965         
 1728   205  16.800   1.200         
 1730   205  14.937   0.747         
 1733   205  15.130   0.570         
 1734   205  17.340   0.747         
 1736   205  16.996   1.371         
 1740   205  16.361   1.323         
 1743   205  17.250   0.936         
 1745   205  16.321   0.448         
 1746   205  15.056   0.698         
 1749   205  16.164   1.139         
 1750   205  15.635   1.301         
 1751   205  16.232   0.714         
 1756   205  18.169   1.003         
 1757   205  15.191   1.434         
 1758   205  15.863   1.011         
 1771   205  18.292   0.628         
 1773   205  15.275   1.457         
 1775   205  16.080   0.777         
 1779   205  17.183   0.881         
 1783   205  16.658   0.353         
 1786   205  15.856   0.763         
 1792   205  14.698   0.660         
 1793   205  15.355   0.890         
 1801   205  17.048   0.856         
 1803   205  17.699   0.911         
 1805   205  14.831   0.654         
 1810   205  14.773   0.616         
 1814   205  17.278   0.545         
 1817   205  18.460   1.257         
 1822   205  18.511   0.698         
 1823   205  17.224   1.958         
 1825   205  16.620   0.851         
 1826   205  17.769   1.772         
 1836   205  15.888   1.565         
 1837   205  17.756   0.687         
 1848   205  15.362   1.695         
 1849   205  16.068   0.715         
 1867   205  15.823   0.651         
 1869   205  13.812   0.534         
 1878   205  17.110   1.189         
 1879   205  14.869   1.740         
 1881   205  13.087   0.621         
 1884   205  16.482   1.460         
 1888   205  18.349   0.900         
 1889   205  18.605   0.742         
 1893   205  17.615   1.036         
 1896   205  13.707   1.724         
 1897   205  16.552   0.878         
 1900   205  16.208   0.976         
 1901   205  17.278   0.911         
 1907   205  16.482   1.988         
 1909   205  18.543   0.213         
 1914   205  14.827   1.799         
 1922   205  16.584   0.999         
 1925   205  16.438   1.076         
 1928   205  16.537   1.093         
 1931   205  15.374   0.777         
 1934   205  15.871   0.459         
 1935   205  15.733   1.203         
 1937   205  14.896   0.806         
 1945   205  16.761   1.687         
 1947   205  14.385   1.665         
 1954   205  15.705   1.201         
 1956   205  15.601   1.674         
 1957   205  17.190   1.117         
 1961   205  15.219   1.768         
 1967   205  16.821   1.003         
 1968   205  15.970   1.251         
 1969   205  16.844   1.300         
 1970   205  16.441   0.976         
 1973   205  13.237   1.758         
 1976   205  15.595   1.032         
 1977   205  14.761   2.239         
 1983   205  16.961   1.407         
 1984   205  15.802   0.456         
 1986   205  15.469   1.423         
 1987   205  16.449   0.616         
 1990   205  15.257   1.872         
 1993   205  15.675   0.753         
 1995   205  16.550   1.613         
 1996   205  14.544   0.808         
 1998   205   8.950   1.807         
 2001   205  16.004   1.472         
 2002   205   9.946   8.201         
 2004   205  15.569   1.067         
 2005   205  15.195   0.721         
 2006   205  15.137   0.850         
 2010   205  10.941   1.369         
 2015   205  15.118   1.108         
 2016   205  16.648   1.551         
 2019   205  16.339   1.888         
 2023   205  16.430   0.932         
 2024   205  15.554   0.806         
 2026   205  16.438   1.606         
 2028   205  15.758   0.978         
 2032   205  17.003   1.543         
 2034   205  16.176   1.261         
 2036   205  14.476   0.808         
 2038   205  13.675   1.307         
 2041   205  16.619   1.233         
 2043   205  15.873   1.499         
 2044   205  17.080   1.753         
 2047   205  16.612   1.144         
 2049   205  11.912   0.233         
 2054   205  17.496   0.860         
 2056   205  14.825   0.880         
 2058   205  16.282   0.780         
 2059   205  15.607   0.973         
 2060   205  17.095   0.822         
 2064   205  16.616   1.516         
 2065   205  16.046   1.705         
 2076   205  15.548   0.866         
 2078   205  14.246   0.726         
 2079   205  14.991   1.762         
 2082   205  16.723   0.970         
 2089   205  16.180   1.267         
 2095   205  17.760   1.269         
 2096   205  16.292   1.163         
 2097   205  16.693   1.002         
 2099   205  17.192   0.869         
 2101   205  15.629   1.080         
 2103   205  17.025   0.929         
 2104   205  16.078   0.939         
 2107   205  15.436   1.617         
 2110   205  15.449   0.717         
 2114   205  15.573   1.363         
 2120   205  17.154   0.814         
 2121   205  17.162   1.160         
 2122   205  16.349   1.052         
 2124   205  16.090   1.020         
 2126   205  16.134   0.722         
 2127   205  16.191   0.951         
 2128   205  15.975   0.853         
 2129   205  17.133   0.937         
 2130   205  16.584   1.234         
 2131   205  17.662   0.818         
 2136   205  15.697   0.836         
 2137   205  16.020   1.461         
 2140   205  13.696   1.077         
 2142   205  15.616   1.456         
 2143   205  15.924   1.428         
 2148   205  17.618   1.199         
 2149   205  17.259   1.320         
 2150   205  15.373   1.808         
 2152   205  15.814   1.411         
 2153   205  17.126   1.097         
 2154   205  16.739   1.548         
 2156   205  16.746   1.229         
 2157   205  16.062   1.346         
 2161   205  14.875   1.538         
 2162   205  16.425   1.393         
 2165   205  16.784   1.361         
 2166   205  15.713   1.470         
 2168   205  16.832   0.884         
 2170   205  15.985   1.345         
 2171   205  17.113   1.114         
 2175   205  17.939   0.712         
 2178   205  13.532   1.754         
 2181   205  17.602   1.183         
 2183   205  14.953   1.651         
 2184   205  17.780   0.752         
 2187   205  16.121   0.948         
 2190   205  17.743   1.143         
 2192   205  16.305   0.938         
 2193   205  17.839   1.408         
 2194   205  16.573   0.850         
 2195   205  17.938   0.857         
 2197   205  14.205   1.466         
 2199   205  16.477   1.066         
 2200   205  13.182   1.332         
 2201   205  17.370   1.102         
 2202   205  14.533   0.637         
 2203   205  17.138   1.100         
 2205   205  17.131   1.291         
 2208   205  14.022   0.670         
 2209   205  14.706   0.706         
 2211   205  16.819   1.442         
 2214   205  17.885   0.831         
 2215   205  18.085   1.094         
 2217   205  17.608   1.022         
 2218   205  16.383   1.045         
 2220   205  16.308   1.043         
 2229   205  17.236   0.811         
 2237   205  17.527   0.823         
 2239   205  16.413   1.389         
 2240   205  17.032   1.086         
 2241   205  16.359   0.967         
 2242   205  16.267   1.057         
 2244   205  16.349   0.941         
 2245   205  17.536   1.043         
 2248   205  16.864   0.888         
 2249   205  17.182   1.303         
 2250   205  17.728   1.072         
 2251   205  16.784   0.561         
 2252   205  17.702   1.308         
 2254   205  17.292   0.818         
 2256   205  18.281   0.990         
 2258   205  16.334   0.798         
 2260   205  16.823   1.325         
 2262   205  18.160   0.787         
 2266   205  17.873   0.922         
 2267   205  16.690   1.407         
 2269   205  16.575   1.334         
 2270   205  16.111   1.484         
 2277   205  17.188   1.306         
 2279   205  17.289   0.488         
 2280   205  15.159   1.538         
 2289   205  16.550   1.645         
 2292   205  16.172   0.982         
 2294   205  16.949   1.252         
 2295   205  17.354   0.814         
 2297   205  16.144   1.338         
 2298   205  17.525   1.224         
 2299   205  17.148   1.562         
 2304   205  15.463   1.699         
 2305   205  17.401   0.942         
 2306   205  16.725   1.022         
 2308   205  18.155   0.473         
 2310   205  17.410   1.022         
 2311   205  15.816   1.657         
 2314   205  14.898   0.956         
 2317   205  17.723   1.087         
 2318   205  16.310   1.264         
 2322   205  17.273   1.082         
 2323   205  15.909   1.142         
 2325   205  16.960   1.549         
 2326   205  17.098   1.084         
 2328   205  16.230   1.712         
 2329   205  17.827   1.112         
 2330   205  17.233   0.810         
 2331   205  16.118   1.565         
 2335   205  14.733   1.278         
 2336   205  18.116   0.671         
 2337   205  16.829   0.945