UBV CCD observations

  No    Ref    V       B-V     U-B

 0001   241  15.024   0.335         
 0002   241  11.556  -0.308         
 0003   241  14.705   0.524         
 0004   241  13.676   0.132         
 0005   241  12.713   0.081         
 0006   241  13.938   0.208         
 0007   241  13.392   0.054         
 0008   241  13.544   0.105         
 0009   241  12.382   0.191         
 0010   241  14.132   0.148         
 0011   241  10.823   1.717         
 0012   241  14.111   0.302         
 0013   241  14.043   0.095         
 0014   241  14.158   0.199         
 0015   241  12.600   0.189         
 0016   241  14.135   1.411         
 0017   241  13.597   0.483         
 0018   241  12.987   0.161         
 0019   241  16.517   0.500         
 0020   241  15.277   0.334         
 0021   241  13.502   0.186         
 0022   241  12.493   0.086         
 0023   241  14.722   0.252         
 0024   241  15.052   0.331         
 0025   241  13.902   0.157         
 0026   241  11.439   0.072         
 0027   241  12.500   0.101         
 0028   241  14.060   0.050         
 0029   241  14.279   0.401         
 0030   241  11.551   0.025         
 0031   241  14.414   0.238         
 0032   241  14.531   0.226         
 0033   241  13.881   0.106         
 0034   241  13.583   0.175         
 0035   241  14.944   0.767         
 0036   241  13.050   0.123         
 0037   241  14.428   0.099         
 0038   241  11.684   0.127         
 0039   241  14.077   0.074         
 0040   241  12.458   0.090         
 0041   241  14.247   0.158         
 0042   241  14.644   0.341         
 0043   241  12.843   0.065         
 0044   241  15.040  -0.212         
 0045   241  12.893   0.284         
 0046   241  14.024   0.114         
 0047   241  13.207   0.661         
 0048   241  13.588   0.131         
 0049   241  13.368   0.039         
 0050   241  13.477   0.069         
 0051   241  13.611  -0.055         
 0052   241  15.365   0.508         
 0053   241  13.797   0.179         
 0054   241  14.136   0.209         
 0055   241  14.090   0.399         
 0056   241  15.147   0.279         
 0057   241  14.042   0.139         
 0058   241  15.233   0.442         
 0059   241  14.957   0.296         
 0060   241  15.538   0.483         
 0061   241  15.245   0.475         
 0062   241  15.462   0.574         
 0063   241  13.785   0.189         
 0064   241  12.921   0.208         
 0065   241  14.809   0.250         
 0066   241  14.348   1.584         
 0067   241  14.284   0.139         
 0068   241  15.112   0.336         
 0069   241  13.208   0.162         
 0070   241  12.604   0.019         
 0071   241  13.712   0.079         
 0072   241  15.687   0.555         
 0073   241  13.955   0.119         
 0074   241  11.777   0.259         
 0075   241  14.667   0.315         
 0076   241  12.415   0.165         
 0077   241  13.176   0.160         
 0078   241  14.909   0.406         
 0079   241  15.993   0.331         
 0080   241  14.815   0.559         
 0081   241  13.728   0.144         
 0082   241  15.218   0.249         
 0083   241  14.968   0.385         
 0084   241  15.560   0.417         
 0085   241  14.489   0.625         
 0086   241  14.718   0.215         
 0087   241  16.444   0.698         
 0088   241  16.046   0.932         
 0089   241  16.514   0.989         
 0090   241  17.897   0.654         
 0091   241  16.434   0.765         
 0092   241  16.667   0.763         
 0093   241  16.851   0.804         
 0094   241  16.126   0.905         
 0095   241  15.740   0.524         
 0096   241  15.582   0.800         
 0097   241  15.906   0.697         
 0098   241  15.788   0.658         
 0099   241  16.682   0.763         
 0100   241  15.483   0.666         
 0101   241  15.814   0.523         
 0102   241  16.414   0.537         
 0103   241  17.088   0.803         
 0104   241  15.791   0.613         
 0105   241  15.369   0.523         
 0106   241  17.199   0.722         
 0107   241  16.334   0.737         
 0108   241  16.563   0.824         
 0109   241  17.261   0.541         
 0110   241  16.575   1.124         
 0111   241  16.301   0.997         
 0112   241  16.826   0.879         
 0113   241  16.796   0.916         
 0114   241  16.218   1.422         
 0115   241  15.215   0.320         
 0116   241  15.813   0.991         
 0117   241  15.984   0.553         
 0118   241  16.555   0.643         
 0119   241  15.403   0.738         
 0120   241  14.695   0.237         
 0121   241  16.645   0.598         
 0122   241  16.254   0.748         
 0123   241  16.576   0.663         
 0124   241  15.152   0.384         
 0125   241  16.891   1.192         
 0126   241  16.766   0.998         
 0127   241  16.531   1.076         
 0128   241  16.917   0.649         
 0129   241  16.299   0.694         
 0130   241  16.915   0.835         
 0131   241  15.862   0.605         
 0132   241  13.295   0.674         
 0133   241  16.987   0.703         
 0134   241  16.573   0.705         
 0135   241  16.963   1.043         
 0136   241  16.589   0.465         
 0137   241  16.657   0.369         
 0138   241  16.942   0.864         
 0139   241  16.727   0.580         
 0140   241  15.222   1.016         
 0141   241  15.767   0.442         
 0142   241  15.003   0.296         
 0143   241  16.028   0.528         
 0144   241  17.192   0.667         
 0145   241  16.128   0.718         
 0146   241  16.013   0.551         
 0147   241  15.479   0.339         
 0148   241  17.781   0.883         
 0149   241  16.747   0.746         
 0150   241  15.759   0.688         
 0151   241  15.325   0.347         
 0152   241  16.004   0.455         
 0153   241  16.623   0.971         
 0154   241  16.574   0.904         
 0155   241  16.943   0.491         
 0156   241  16.231   0.638         
 0157   241  16.841   0.821         
 0158   241  15.796   0.482         
 0159   241  15.971   0.579         
 0160   241  16.848   0.669         
 0161   241  15.931   0.769         
 0162   241  16.078   0.401         
 0163   241  16.205   0.683         
 0164   241  16.428   0.538         
 0165   241  17.123   0.997         
 0166   241  16.511   0.921         
 0167   241  17.650   0.776         
 0168   241  18.256  -0.095         
 0169   241  16.131   0.592         
 0170   241  17.173   0.849         
 0171   241  16.192   0.555         
 0172   241  17.593  -1.254         
 0173   241  16.750   0.782         
 0174   241  17.176   0.757         
 0175   241  17.067   1.061         
 0176   241  16.709   0.918         
 0177   241  16.976   1.201         
 0178   241  16.519   0.921         
 0179   241  17.629   0.777         
 0180   241  16.994   1.055         
 0181   241  16.642   0.896         
 0182   241  16.875   0.878         
 0183   241  17.394   0.668         
 0184   241  14.685   0.362         
 0185   241  17.292   0.744         
 0186   241  16.940   0.895         
 0187   241  16.995   1.150         
 0188   241  16.988   0.998         
 0189   241  16.554   1.812         
 0190   241  16.279   0.875         
 0191   241  17.562   0.666         
 0192   241  16.948   1.057         
 0193   241  17.559   1.249         
 0194   241  16.082   3.078         
 0195   241  17.301   0.779         
 0196   241  16.773   1.309         
 0197   241  16.394   1.049         
 0198   241  17.688   1.759         
 0199   241  17.042   1.109