UBV CCD observations

  No    Ref    V       B-V     U-B

 0005   158  13.990   0.830   0.150
 0006   158  13.900   0.800   0.110
 0007   158  13.900   0.490   0.040
 0008   158  13.270   0.570   0.240
 0009   158  13.270   0.550  -0.100
 0009   305  13.210   0.570         
 0010   158  13.680   0.740   0.130
 0011   158  12.420   0.640   0.080
 0012   158  13.550   0.620   0.180
 0013   158  14.080   1.210   0.640
 0014   158  12.800   1.050   0.420
 0016   158  11.140   0.550   0.010
 0017   158  13.660   0.640   0.180
 0018   158  13.670   0.740   0.240
 0020   158  12.620   0.750   0.040
 0031   158  13.590   0.710  -0.030
 0032   158  12.710   0.660   0.100
 0033   158  13.890   0.820   0.440
 0034   158  14.210   0.800   0.380
 0035   158  12.880   0.550   0.230
 0036   158  13.270   0.430  -0.200
 0039   158  12.090   0.490   0.150
 0040   158  12.980   0.560   0.200
 0040   305  12.970   0.620         
 0041   158   9.980   1.170   1.210
 0042   158  13.100   0.550   0.270
 0044   158  13.020   0.460  -0.030
 0045   158  10.550   0.210   0.260
 0046   158  12.370   0.510   0.220
 0047   158  13.220   0.600   0.140
 0048   158  12.530   0.480   0.170
 0053   158  11.030   0.540   0.180
 0056   158  13.160   0.380   0.120
 0059   158  12.280   0.110  -0.330
 0060   158  14.370   0.560   0.390
 0060   302  14.059   0.794   0.318
 0061   302  13.927   0.543   0.103
 0062   158  12.930   0.710  -0.140
 0062   302  12.827   0.756  -0.156
 0063   302  14.105   1.659   1.747
 0064   158  14.280   0.680   0.130
 0065   158  12.750   0.560  -0.010
 0065   302  12.798   0.547   0.019
 0066   158  13.750   0.840   0.190
 0067   158  13.020   0.740   0.350
 0068   302  14.290   1.472   1.167
 0069   158  12.950   0.360   0.280
 0069   302  12.873   0.391   0.293
 0070   158  12.460   1.210   0.970
 0070   302  12.412   1.241   0.880
 0071   158  14.100   0.570   0.150
 0072   158  12.530   0.470   0.060
 0072   302  12.451   0.537   0.060
 0073   158  14.040   0.550   0.170
 0074   158  12.430   0.270  -0.240
 0074   302  12.413   0.316  -0.184
 0074   305  12.430   0.470         
 0076   158  12.900   0.460         
 0076   305  12.930   0.540         
 0077   158  14.000   0.610   0.210
 0078   158  12.270   0.330   0.250
 0079   158  10.700   0.160  -0.550
 0079   302  10.641   0.188  -0.591
 0080   158   9.390   0.140  -0.640
 0080   302   9.348   0.175  -0.691
 0081   158  12.560   0.300  -0.120
 0082   158  12.450   0.360  -0.180
 0082   302  12.374   0.430  -0.067
 0082   305  12.230   0.480         
 0083   158  10.940   0.240  -0.380
 0084   158   8.220   0.150  -0.730
 0084   305   8.350   0.320         
 0085   158  13.120   0.560   0.090
 0086   158  13.520   0.680   0.140
 0087   158  12.770   0.600   0.180
 0088   158   9.660   0.030  -0.260
 0089   158  13.230   0.500   0.200
 0090   158  12.900   1.010   0.880
 0099   158  14.390   0.600   0.440
 0100   158  12.600   0.440  -0.010
 0101   158  13.980   0.760   0.440
 0102   158  13.490   0.840   0.390
 0103   158  14.050   0.540   0.290
 0104   158  14.420   0.560   0.320
 0105   158  13.970   0.460   0.040
 0106   158  11.970   0.930   0.290
 0106   302  12.009   0.899   0.271
 0106   305  11.950   0.890         
 0107   158  12.400   1.120   0.610
 0107   302  12.355   1.129   0.597
 0108   158  11.420   0.220  -0.160
 0108   302  11.413   0.224  -0.143
 0109   158  13.800   0.490   0.280
 0109   302  13.715   0.515   0.312
 0110   158  10.780   1.090   0.760
 0110   302  10.781   1.078   0.764
 0111   158  12.100   1.020   0.850
 0111   302  12.067   1.025   0.883
 0112   302  13.579   1.867   1.952
 0113   158  14.640   0.680   0.020
 0113   302  14.610   0.656   0.091
 0114   158   7.720   0.180  -0.610
 0114   302   7.594   0.153  -0.805
 0114   305   7.850   0.250         
 0115   158   8.030   0.080  -0.750
 0115   302   7.948   0.112  -0.750
 0115   305   8.170   0.240         
 0116   158  12.790   0.320  -0.120
 0116   302  12.748   0.355  -0.070
 0117   158  14.410   0.880   0.240
 0117   302  14.268   0.899   0.354
 0118   158  12.460   1.370   1.220
 0118   302  12.419   1.413   1.095
 0119   158  12.350   0.330  -0.260
 0119   302  12.353   0.340  -0.250
 0119   305  12.320  -0.010         
 0120   158  12.370   1.990   2.440
 0120   302  12.301   1.969   2.313
 0121   158  12.440   0.420  -0.010
 0121   302  12.449   0.519         
 0123   158  11.790   0.230  -0.360
 0123   302  11.813   0.259  -0.302
 0124   158  13.030   0.340   0.100
 0124   302  13.018   0.369   0.129
 0125   158  12.010   0.270  -0.340
 0125   302  12.032   0.248  -0.317
 0125   305  11.990   0.390         
 0126   158  14.090   1.120   0.370
 0126   302  13.966   1.116   0.475
 0126   305  14.060   1.120         
 0127   158   8.760   0.070   0.100
 0127   302   8.756   0.083   0.090
 0127   305   8.820   0.360         
 0128   158   9.390   0.140  -0.680
 0128   302   9.419   0.151  -0.702
 0129   158  11.830   1.380   1.360
 0129   302  11.808   1.378   1.395
 0130   158  11.650   0.260  -0.430
 0130   302  11.662   0.263  -0.425
 0131   158  13.660   0.490   0.290
 0131   302  13.636   0.524   0.329
 0132   158  13.740   1.010   0.390
 0132   302  13.736   0.997   0.356
 0133   158  11.730   0.400   0.080
 0133   302  11.717   0.439   0.063
 0133   305  11.860   1.240         
 0134   158  13.980   0.790   0.400
 0134   302  13.904   0.818   0.461
 0135   158  11.660   0.600   0.100
 0135   302  11.660   0.605   0.118
 0136   158  13.440   0.750   0.330
 0136   302  13.434   0.798   0.321
 0137   158  12.970   0.340   0.240
 0137   302  13.393   0.350   0.157
 0138   302  13.669   0.407   0.257
 0139   158  14.560   0.730   0.550
 0139   302  14.566   0.772   0.574
 0140   158  13.880   0.520   0.250
 0140   302  13.815   0.544   0.221
 0141   158  14.050   0.510   0.070
 0141   302  13.978   0.598   0.049
 0142   158  10.250   0.520   0.070
 0142   302  10.250   0.541   0.044
 0142   305  10.300   0.570         
 0143   158  13.930   0.890   0.580
 0143   302  13.905   0.907   0.607
 0144   158  14.270   1.240   0.640
 0145   158  12.720   0.510  -0.040
 0146   158  13.160   0.720   0.130
 0147   158  13.120   1.470   1.570
 0149   158  13.330   0.290   0.230
 0151   158  13.970   1.030   1.120
 0152   158  13.290   0.260   0.160
 0153   158  12.680   0.410   0.290
 0156   158  10.860   0.360  -0.060
 0157   158  14.100   1.220   1.250
 0158   158  10.420   0.490   0.080
 0158   305  10.410   0.510         
 0159   158  13.910   0.400   0.080
 0160   158  12.670   0.320  -0.110
 0161   158  14.230   0.630   0.380
 0162   158   8.640   0.550   0.010
 0163   158  13.090   0.930   0.810
 0164   158  13.230   0.450  -0.050
 0166   158  14.280   0.810   0.210
 0166   302  14.244   0.741   0.316
 0167   158  10.700   0.190  -0.590
 0167   302  10.712   0.204  -0.600
 0168   158  13.730   1.410   0.900
 0168   302  13.682   1.403   0.974
 0169   158  12.460   0.540   0.040
 0169   302  12.440   0.562   0.078
 0170   158  14.220   0.690   0.020
 0170   302  14.194   0.688   0.122
 0171   158  12.830   0.760   0.430
 0171   302  12.789   0.734   0.326
 0172   158  11.270   0.270  -0.440
 0172   302  11.222   0.306  -0.434
 0173   158  10.310   1.060   0.910
 0173   302  10.269   1.093   0.898
 0174   158  13.650   0.430   0.340
 0174   302  13.604   0.488   0.346
 0175   158  13.540   0.400   0.070
 0175   302  13.421   0.423   0.114
 0176   158  13.470   0.680   0.080
 0176   302  13.414   0.664   0.062
 0177   302  14.650   1.136   1.078
 0178   158   8.800   0.090   0.020
 0178   302   8.819   0.104   0.031
 0178   305   8.720   0.230         
 0179   158  10.340   0.310  -0.020
 0179   302  10.423   0.317   0.068
 0180   158   8.210   0.140  -0.670
 0180   302   8.204   0.162  -0.757
 0181   158  11.580   0.640   0.090
 0181   302  11.565   0.620   0.149
 0181   305  11.610   0.670         
 0182   158  13.930   1.070   0.390
 0182   302  13.825   1.044   0.388
 0182   305  13.850   0.990         
 0183   158  11.410   0.470   0.280
 0183   302  11.394   0.504   0.283
 0185   302  14.885   1.394   0.999
 0186   302  14.053   1.558   1.497
 0187   302  14.454   1.264   0.750
 0187   305  14.590   1.090         
 0188   158  11.810   1.090   1.040
 0188   302  11.785   1.001   0.819
 0189   158  11.230   0.230   0.080
 0189   302  11.174   0.202   0.112
 0189   305  11.180   0.210         
 0190   158  11.250   0.240  -0.440
 0190   302  11.255   0.272  -0.437
 0191   158  13.820   0.660   0.120
 0191   302  13.806   0.702   0.160
 0192   158  12.550   0.450  -0.140
 0192   302  12.653   0.441  -0.114
 0193   158  10.360   0.210  -0.540
 0193   302  10.376   0.240  -0.573
 0194   158  12.020   0.310  -0.280
 0194   302  12.006   0.316  -0.250
 0194   305  12.000   0.370         
 0195   158  12.170   0.290  -0.200
 0195   302  12.151   0.297  -0.185
 0195   305  12.170   0.340         
 0196   158  13.320   0.410  -0.090
 0196   302  13.264   0.383  -0.017
 0197   158  12.640   0.330  -0.160
 0197   302  12.629   0.356  -0.099
 0198   158  12.680   0.360  -0.040
 0198   302  12.660   0.365   0.014
 0199   158  14.280   1.060   0.230
 0199   302  14.263   1.031   0.385
 0200   158   8.540   0.140  -0.700
 0200   302   8.542   0.165  -0.723
 0200   305   8.460   0.380         
 0201   158   9.740   0.150  -0.680
 0201   302   9.735   0.164  -0.710
 0201   305   9.690   0.240         
 0202   158  13.550   0.390   0.120
 0202   302  13.476   0.416   0.192
 0204   158  14.680   0.750  -0.110
 0204   302  14.486   0.674   0.098
 0205   158  13.290   0.660   0.420
 0205   302  13.245   0.722   0.413
 0206   158  12.040   0.540  -0.140
 0206   302  12.001   0.560  -0.108
 0207   158  11.580   0.730   0.220
 0207   302  11.538   0.769   0.244
 0208   158  13.940   0.600   0.450
 0208   302  13.929   0.636   0.421
 0209   158  14.300   0.650   0.430
 0210   158  11.660   1.310   1.300
 0211   158  14.240   1.580   1.010
 0212   158  12.110   1.850   1.680
 0213   158  10.690   0.240  -0.030
 0214   158  13.740   0.640   0.040
 0215   158  13.310   0.580   0.010
 0216   158  13.770   0.500   0.230
 0217   158  12.780   0.620   0.050
 0223   158  13.540   0.370  -0.250
 0224   158  13.470   1.340   1.400
 0225   158  12.310   1.210   0.890
 0226   158  13.660   0.490  -0.100
 0227   158  13.700   0.910   0.500
 0229   158  13.400   0.610   0.010
 0230   158  13.650   1.080   0.710
 0231   158  12.530   0.470  -0.080
 0232   158  13.600   0.520   0.010
 0233   158  12.820   0.520   0.040
 0234   158  12.440   1.770   2.700
 0234   302  12.423   1.752   1.990
 0235   158  11.670   1.500   1.550
 0235   302  11.666   1.461   1.609
 0236   158  13.670   0.530  -0.030
 0236   302  13.611   0.588   0.026
 0237   158  13.700   0.560  -0.030
 0237   302  13.678   0.569   0.049
 0238   158  13.660   0.580   0.220
 0238   302  13.674   0.566   0.264
 0239   158  11.110   0.300  -0.260
 0239   302  11.105   0.302  -0.254
 0240   158  10.090   0.320   0.070
 0240   302  10.078   0.343   0.072
 0241   158  11.100   0.270  -0.240
 0241   302  11.088   0.283  -0.231
 0242   158  12.970   1.360   0.830
 0242   302  12.919   1.316   0.886
 0243   158  14.600   1.380   0.570
 0243   302  14.702   1.362   1.748
 0244   158  14.120   0.700   0.120
 0244   302  14.064   0.750   0.190
 0245   158  12.640   0.590   0.490
 0245   302  12.590   0.663   0.493
 0246   158  14.330   0.720   0.090
 0246   302  14.276   0.710   0.167
 0247   158  14.170   1.440   0.790
 0247   302  14.116   1.409   1.077
 0248   302  14.330   1.950   2.036
 0249   158  12.990   0.340  -0.050
 0249   302  12.969   0.347  -0.001
 0250   158  14.240   0.840   0.290
 0250   302  14.305   0.896   0.461
 0250   305  14.350   0.840         
 0251   158  14.380   0.640   0.140
 0251   302  14.291   0.719   0.163
 0251   305  14.280   0.680         
 0252   158  13.190   1.380   1.330
 0252   302  13.151   1.385   1.130
 0253   158  10.780   0.300  -0.290
 0253   302  10.790   0.327  -0.298
 0254   302  14.311   1.685   1.835
 0255   158  14.770   0.870   0.730
 0255   302  14.725   1.008   0.501
 0256   158  12.820   0.410  -0.180
 0256   302  12.787   0.433  -0.145
 0257   158  14.570   1.090   0.840
 0257   302  14.247   1.253   0.672
 0257   305  14.310   1.220         
 0258   158  13.850   0.710   0.130
 0258   302  13.800   0.736   0.221
 0259   158  13.700   0.560   0.290
 0259   302  13.686   0.527   0.368
 0260   158  12.510   0.290  -0.220
 0260   302  12.501   0.305  -0.208
 0261   158  13.440   0.660   0.230
 0261   302  13.412   0.678   0.206
 0262   158  13.330   0.470   0.040
 0262   302  13.289   0.518   0.002
 0263   158  12.480   1.320   1.190
 0263   302  12.485   1.338   1.095
 0264   158  13.740   0.800   0.040
 0264   302  13.580   0.711   0.188
 0265   158  14.610   0.340   0.690
 0265   302  14.441   0.616   0.420
 0266   158   6.390   0.520   0.690
 0267   158  13.060   0.530   0.100
 0267   302  13.002   0.540   0.115
 0268   158  13.070   0.370         
 0268   302  12.997   0.383   0.030
 0269   158  14.280   1.010   0.500
 0269   302  14.483   1.039   0.457
 0269   305  14.370   0.990         
 0270   158  14.320   0.650   0.310
 0270   302  14.296   0.580   0.389
 0271   158  10.910   0.370   0.210
 0271   302  10.883   0.407   0.198
 0272   158  14.400   1.190   0.500
 0272   302  14.384   1.181   0.547
 0272   305  14.400   1.120         
 0273   158  13.610   0.920   0.490
 0273   302  13.641   0.922   0.566
 0274   158  11.430   0.280  -0.490
 0274   302  11.405   0.307  -0.497
 0275   158  14.040   0.520  -0.060
 0275   302  14.013   0.565  -0.022
 0276   158  12.470   0.400   0.190
 0277   158  12.800   1.370   1.060
 0278   158  10.470   0.980   0.660
 0278   305  10.430   0.950         
 0279   158  11.290   0.410  -0.470
 0280   158  10.840   0.330  -0.380
 0281   158  13.100   0.680   0.140
 0282   158  11.740   1.100   0.710
 0283   158  10.210   1.290   1.390
 0284   158  14.110   1.510   0.790
 0285   158  13.980   0.730   0.210
 0286   158  12.370   1.130   1.070
 0287   158  13.940   0.860   0.440
 0288   158  10.730   0.130   0.010
 0289   158  13.340   0.800   0.130
 0289   305  13.260   0.750         
 0290   158  11.900   0.320   0.210
 0291   158  12.270   0.420   0.060
 0292   158  12.070   0.390   0.260
 0293   158  11.550   1.740   0.980
 0294   158  14.190   0.910   0.500
 0295   158  13.770   0.830   0.300
 0296   158  13.740   0.660  -0.020
 0296   302  13.760   0.602   0.068
 0297   302  14.321   2.151         
 0298   158  12.620   0.440  -0.020
 0298   302  12.618   0.470         
 0299   158  13.690   0.750   0.340
 0299   302  13.681   0.775   0.321
 0300   158  13.550   0.560  -0.010
 0300   302  13.541   0.573   0.024
 0301   158  12.520   0.670   0.430
 0301   302  12.529   0.680   0.440
 0302   158  13.370   1.520   0.960
 0303   158  14.110   0.830   0.430
 0303   302  14.089   0.854   0.487
 0304   158  12.230   0.550  -0.080
 0304   302  12.228   0.563  -0.012
 0305   158  12.100   0.290   0.090
 0306   302  14.446   1.523   1.276
 0307   158  14.060   0.670   0.010
 0308   158  13.650   0.450   0.330
 0309   158  13.270   0.860   0.430
 0310   158  14.190   0.620   0.150
 0310   302  14.185   0.614   0.229
 0311   158  13.570   0.470   0.180
 0311   302  13.571   0.477   0.249
 0312   158  12.580   0.310   0.150
 0312   302  12.583   0.319   0.191
 0313   158  14.240   0.620   0.090
 0314   158  13.380   1.280   0.940
 0314   302  13.336   1.277   0.822
 0315   158  11.200   0.570   0.010
 0315   302  11.223   0.580   0.040
 0316   158  14.370   0.500   0.100
 0317   158  12.160   0.830   0.320
 0318   158  14.330   0.740   0.300
 0319   158  12.820   0.290   0.230
 0319   302  12.806   0.326   0.162
 0320   158  14.070   0.660   0.160
 0320   302  14.036   0.624   0.144
 0321   158  12.800   0.620  -0.050
 0321   302  12.744   0.658   0.002
 0322   302  14.087   0.795   0.282
 0323   158  12.660   0.420   0.340
 0323   302  12.643   0.449   0.323
 0324   302  13.926   1.831   1.711
 0325   158  11.910   0.490  -0.020
 0325   302  11.848   0.548   0.022
 0326   158  14.440   1.030   1.270
 0326   302  14.457   1.115   1.052
 0327   158  13.610   0.420   0.300
 0328   158  14.110   0.550  -0.160
 0328   302  14.075   0.577  -0.173
 0329   158  14.270   0.950   0.530
 0330   158  10.840   1.310   1.430
 0330   302  10.829   1.294   1.441
 0331   158  12.730   0.370  -0.070
 0331   302  12.716   0.378  -0.018
 0332   158  13.530   0.410   0.220
 0332   302  13.513   0.423   0.216
 0333   158  13.790   0.400   0.200
 0333   302  13.724   0.434   0.272
 0334   158  12.950   0.430  -0.210
 0335   158  14.180   0.720   0.010
 0335   302  14.139   0.671   0.128
 0336   158  12.690   0.540   0.340
 0337   158  12.820   0.340  -0.130
 0338   158  13.690   0.590   0.330
 0339   158  13.730   1.350   0.900
 0340   158  13.080   0.710   0.220
 0341   158  13.730   0.690   0.260
 0342   158  12.840   0.520  -0.120
 0343   158  13.130   0.440   0.350
 0344   158  13.500   0.630  -0.020
 0345   158  12.910   0.490  -0.090
 0346   158  14.310   0.630   0.440
 0347   158  13.510   0.600   0.030
 0348   158   9.310   0.210  -0.290
 0349   158  12.220   0.480  -0.260
 0350   158  13.800   0.590   0.120
 0351   158  13.300   0.450   0.180
 0352   158  12.980   0.650   0.050
 0353   158   9.630   0.220  -0.500
 0354   158  12.010   0.290  -0.380
 0355   158  13.400   0.680   0.210
 0356   158  13.850   0.400   0.270
 0357   158  13.680   0.870   0.240
 0357   305  13.770   0.700         
 0358   158  10.290   0.270   0.180
 0359   158  13.670   0.660   0.010
 0361   158  13.840   0.520   0.030
 0362   158  12.560   0.590  -0.010
 0363   158  13.020   0.880   0.440
 0364   158  12.220   1.710   1.670
 0365   158  11.970   0.570   0.070
 0375   158   9.520   1.830   2.340
 0376   158   9.710   0.540  -0.470
 0382   158   9.450   0.740   0.260
 0382   305   9.890   0.690         
 0383   158  13.020   0.530  -0.090
 0384   158   8.550   0.170   0.150
 0385   158  11.430   0.410  -0.010
 0386   158  10.950   0.080   0.030
 0390   158  11.650   0.160   0.210
 0391   158  10.230   0.270  -0.320
 0392   158  11.190   0.420  -0.390
 0393   158   9.740   0.790   0.230
 0708   305  15.630   1.220         
 0709   305  16.430   0.930         
 0710   305  16.990   0.990         
 0712   305  15.680   1.470         
 0713   305  14.400   0.860         
 0714   305  13.500   0.960         
 0715   305  16.000   1.090         
 0716   305  17.070   0.750         
 0717   305  13.460   0.810         
 0718   305  17.180   1.140         
 0720   305  17.120   1.670         
 0721   305  17.600   1.250         
 0724   305  17.760   1.330         
 0725   305  17.340   1.350         
 0726   305  17.480   1.050         
 0730   305  17.210   0.870         
 0731   305  16.240   1.160         
 0732   305  17.200   1.560         
 0733   305  16.770   1.090         
 0735   305  17.640   1.480         
 0741   305  16.970   1.000         
 0742   305  17.600   1.110         
 0744   305  17.310   0.920         
 0745   305  17.000   0.870         
 0746   305  17.220   1.400         
 0747   305  17.620   1.330         
 0749   305   8.340   0.290         
 0750   305  17.370   0.860         
 0755   305  17.040   0.880         
 0757   305  16.200   1.250         
 0761   305  13.640   0.930         
 0762   305  10.810   0.320         
 0763   305  16.380   1.570         
 0764   305  17.560   0.980         
 0765   305  15.490   1.140         
 0767   305  16.440   1.400         
 0768   305  17.550   1.180         
 0769   305  15.490   1.200         
 0771   305  13.900   0.790         
 0772   305   9.940   0.650         
 0773   305   8.480   0.390         
 1001   158  10.930   0.220   0.170
 1002   158  14.790   0.690   0.350
 1003   158  13.950   0.440   0.020
 1004   158  13.480   0.690   0.090
 1005   158  15.220   0.580   0.440
 1006   158  11.890   0.930  -0.100
 1007   158  13.910   0.500  -0.010
 1008   158  13.590   0.570   0.430
 1009   158  15.160   0.750   0.390
 1010   158  14.630   1.050   0.230
 1011   158  12.440   1.270   0.930
 1012   158  14.720   0.560   0.070
 1013   158  12.700   0.560   0.050
 1015   158  11.960   0.190   0.190
 1016   158  14.560   0.730   0.190
 1017   158  14.620   0.720   0.330
 1018   158  14.620   0.900   0.350
 1019   158  15.120   1.050   0.260
 1020   158  13.500   0.640  -0.100
 1021   158  12.510   0.590   0.090
 1022   158  14.260   0.790   0.100
 1023   158  15.490   0.920  -0.050
 1024   158  13.640   0.490   0.020
 1025   158  12.830   0.490   0.050
 1026   158  13.820   0.810   0.460
 1027   158  15.110   0.560   0.140
 1028   158  13.570   0.680   0.110
 1029   158  13.100   0.370  -0.090
 1030   158  14.650   0.880   0.780
 1031   158  12.880   0.900   0.740
 1032   158  15.290   0.590  -0.040
 1034   158  11.260   0.410  -0.120
 1035   158  14.840   0.510   0.330
 1036   158  13.290   0.570   0.030
 1037   158  15.250   0.760  -0.340
 1038   158  15.860   0.510   0.140
 1040   158  15.590   0.770  -0.160
 1042   158  15.240   0.870   0.460
 1043   158  15.180   0.860  -0.010
 1043   302  15.083   0.780   0.174
 1044   158  15.220   1.050   0.220
 1044   302  15.234   0.852   0.350
 1045   158  15.380   0.800   0.630
 1046   158  15.580   0.940   0.770
 1049   158  15.800   1.110   0.340
 1049   302  15.420   0.922   0.659
 1050   158  12.490   0.380   0.350
 1051   158  15.440   0.720  -0.090
 1051   302  15.378   0.796   0.096
 1052   158  15.510   0.860   0.690
 1052   302  15.541   0.824   0.219
 1053   158  15.930   0.700   0.270
 1054   158  16.020   0.850   0.660
 1054   302  16.030   0.844   0.214
 1054   305  16.040   0.780         
 1055   158  15.480   0.720  -0.040
 1055   302  15.379   0.638   0.283
 1056   158  14.410   1.000  -0.330
 1057   158  13.480   0.580   0.540
 1058   158  10.570   1.170   1.100
 1059   158  12.700   0.600   0.080
 1060   158  15.070   0.800   0.380
 1061   158  13.600   0.670   0.130
 1062   158  14.410   0.960   0.400
 1063   158  14.510   0.900   0.450
 1064   158  14.670   0.870   0.260
 1065   158  13.630   0.570  -0.100
 1066   158  15.600   0.810   0.620
 1067   158  15.390   0.710   0.150
 1068   158  15.610   0.660   0.380
 1068   302  15.596   0.567   0.377
 1069   158  15.500   0.940   0.130
 1070   158  15.220   0.830   0.650
 1071   158  13.870   0.750   0.210
 1072   158  15.450   1.060  -0.080
 1073   158  15.330   0.830  -0.020
 1075   158  13.990   0.760   0.180
 1076   158  14.700   0.760   0.450
 1078   158  14.170   0.700   0.450
 1079   158  15.210   0.970   0.420
 1080   158  14.170   0.640   0.080
 1081   158  15.310   0.790   0.180
 1082   158  14.060   0.890   0.410
 1083   158  13.860   0.870   0.820
 1085   158  14.800   0.700   0.270
 1086   158  14.320   0.580   0.730
 1087   158  12.640   0.690   0.100
 1089   158  15.010   1.010   0.810
 1090   158  15.440   1.180   0.240
 1091   158  12.280   0.500   0.070
 1092   158  14.860   0.880   0.330
 1093   158  14.680   0.670   0.120
 1094   158  15.560   0.860   2.280
 1096   158  15.510   0.930   0.360
 1097   158  14.480   0.680   0.330
 1099   158  14.880   0.870   1.550
 1101   158  14.740   1.100   0.460
 1105   158  15.000   0.930   0.710
 1106   158  13.070   1.510   1.270
 1107   158  14.810   0.840   0.140
 1111   158  14.940   0.850   0.150
 1112   158  15.140   0.750   0.220
 1113   158  14.620   0.650   0.230
 1114   158  11.950   0.760   0.240
 1115   158  12.810   0.640   0.120
 1116   158  14.920   0.580   0.250
 1117   158  15.300   0.570   0.270
 1118   158  13.900   1.340   0.840
 1119   158  10.230   0.400   0.020
 1120   158  13.660   0.600   0.350
 1121   158  14.550   0.750  -0.090
 1122   158  15.270   0.860   0.020
 1123   158  15.030   0.870   1.820
 1124   158  14.210   0.610   0.370
 1125   158  13.730   0.630   0.220
 1126   158  15.150   0.820   0.540
 1127   158  15.800   1.080  -0.410
 1128   158  15.340   0.910   0.040
 1129   158  14.910   0.660   0.190
 1130   158  15.070   0.980   0.070
 1131   158  14.570   0.830   0.130
 1132   158  11.890   1.260   1.010
 1133   158  12.800   0.560         
 1134   158  11.360   0.290  -0.220
 1135   158  13.960   0.480   0.250
 1136   158  14.690   0.920   0.570
 1137   158  14.850   0.720   0.150
 1138   158  15.140   1.080   0.050
 1139   158  15.300   1.320   0.400
 1140   158  13.880   0.570   0.200
 1141   158  14.190   0.540   0.230
 1142   158  14.190   0.700   0.270
 1143   158  14.400   0.890   0.480
 1144   158  14.410   0.650   0.270
 1145   158  14.990   0.540   0.560
 1146   158  13.650   0.740   0.100
 1147   158   9.880   0.260  -0.450
 1148   158  14.190   0.560   0.320
 1149   158  12.790   0.450  -0.050
 1150   158  14.000   0.830   0.420
 1152   158  14.170   0.830   0.330
 1153   158  13.500   0.590  -0.020
 1154   158  15.520   1.020   0.100
 1155   158  13.790   0.840   0.280
 1156   158  14.050   0.740   0.400
 1159   158  14.970   0.880   0.160
 1161   158  15.610   1.050   0.280
 1163   158  15.390   0.950  -0.090
 1164   158  15.420   1.020  -0.040
 1164   302  15.369   0.796   0.282
 1165   158  15.320   0.720   0.930
 1166   158  15.010   0.560   0.680
 1168   158  15.110   0.880   0.240
 1169   158  13.150   0.700  -0.050
 1170   158  14.940   0.800   0.140
 1171   158  15.410   0.710   0.080
 1172   158  14.690   1.250   1.290
 1175   158  14.920   0.870   0.120
 1176   158  15.710   0.950   0.630
 1177   158  15.440   1.110   0.120
 1180   158  15.110   0.590   0.170
 1180   302  15.009   0.799   0.292
 1182   158  14.500   1.350   0.970
 1183   158  12.780   0.630   0.110
 1184   158  13.980   0.690   0.190
 1186   158  15.270   0.850   0.810
 1186   302  15.364   0.971   0.539
 1187   158  15.210   0.920   0.180
 1188   158  14.830   0.800  -0.050
 1189   158  14.710   0.960   0.280
 1190   158  13.000   0.490   0.030
 1191   158  13.690   0.570  -0.110
 1192   158  13.270   0.700   0.140
 1193   158  14.060   0.550   0.030
 1195   158  15.010   0.870  -0.130
 1196   158  14.010   0.640   0.040
 1197   158  15.250   0.830   0.610
 1198   158  15.670   0.880   0.540
 1200   158  14.490   0.390   0.340
 1202   158  15.380   0.860  -0.580
 1202   302  15.091   0.784  -0.174
 1205   158  14.510   0.570  -0.180
 1206   158  15.170   0.860   0.350
 1207   158  15.730   0.970  -0.280
 1208   158  14.430   0.770   0.360
 1209   158  10.100          -0.130
 1210   158  16.160   0.860   0.200
 1211   158  15.720   1.110   0.170
 1212   158  15.370   1.120   0.890
 1214   158  15.280   0.690   0.460
 1215   158  15.140   0.900   0.570
 1216   158  15.670   0.820   0.690
 1217   158  14.340   0.650   0.010
 1219   158  15.940   0.990   0.320
 1220   158  16.090   0.790   0.560
 1221   158  16.150   0.340   0.210
 1224   158  15.150   0.570   0.780
 1226   158  14.750   0.800   0.170
 1227   158  13.190   0.710   0.150
 1228   158  12.400   0.410   0.010
 1229   158  15.750   1.790  -0.850
 1230   158  13.780   0.570   0.100
 1231   158  14.930   0.950   1.230
 1232   158  16.500   0.770   0.240
 1233   158  15.160   1.050   0.730
 1234   158  10.120   1.070   0.840
 1235   158  14.240   1.320   1.200
 1236   158  16.010   0.840   0.580
 1237   158  14.070   0.890   0.440
 1238   158  14.350   0.650   0.140
 1239   158  16.380   0.910   1.450
 1240   158  16.010   0.320   0.470
 1240   302  15.672   0.744   0.376
 1241   158  13.820   0.560   0.350
 1242   158  14.830   0.680   0.060
 1243   158  14.340   0.690   0.240
 1244   158  13.930   0.590   0.010
 1245   158  14.120   0.610   0.260
 1246   158  14.450   0.750   0.360
 1247   158  15.670   1.430  -0.410
 1248   158  13.700   1.000   0.410
 1249   158  15.440   0.660   1.110
 1250   158  15.780   0.460   0.970
 1250   302  15.476   0.793   0.173
 1251   158  15.930   1.190   0.330
 1251   302  15.753   0.882   0.287
 1252   158  15.230   0.690   0.930
 1252   302  15.014   1.043   0.923
 1253   158  15.810   0.400   0.650
 1253   302  15.454   0.810   0.226
 1254   158   9.760  -0.030  -0.340
 1255   158  15.970   0.910   0.580
 1256   158  13.930   0.620   0.250
 1257   158  14.380   1.450   1.450
 1258   158  14.940   0.620   0.160
 1259   158  12.820   0.440  -0.090
 1260   158  12.180   0.520  -0.030
 1261   158  15.380   0.980   0.500
 1262   158  12.340   0.450  -0.160
 1263   158  16.450   0.870   1.060
 1264   158  15.480   0.480   0.170
 1265   158  14.540   0.940   0.500
 1266   158  15.160   1.110   0.440
 1267   158  13.690   1.280   0.510
 1267   305  13.640   1.200         
 1268   158  15.530   1.000   0.670
 1269   158  15.540   0.950   0.140
 1270   158  13.230   0.470   0.080
 1271   158  12.050   0.610   0.100
 1272   158  15.450   0.600   0.560
 1272   302  15.429   0.899   0.291
 1273   158  11.870   1.340   1.100
 1274   158  15.490   0.830   0.050
 1276   158  14.820   0.650   0.270
 1277   158  15.250   0.780   0.110
 1278   158  13.260   1.800   1.240
 1279   158  15.630   1.340  -0.290
 1279   302  15.777   0.862   0.281
 1281   158  13.930   0.620   0.140
 1282   158  16.140   1.470  -0.490
 1282   302  16.076   0.853   0.240
 1283   158  14.560   1.360   0.890
 1283   305  14.560   1.210         
 1284   158  15.140   0.840   0.020
 1285   158  11.390   0.360   0.040
 1286   158  15.670   0.880   0.940
 1287   158  15.860   1.050  -0.190
 1288   158  12.820   0.510   0.260
 1289   158  15.640   0.900  -0.120
 1290   158  15.740   0.820   1.700
 1291   158  14.690   0.680   0.090
 1292   158  15.840   0.830  -0.360
 1293   158  15.740   0.810   0.780
 1294   158  15.760   0.630   0.780
 1294   302  15.841   0.809   0.374
 1296   158  15.490   0.820   0.080
 1296   302  15.355   0.831   0.230
 1298   158  15.570   1.250   0.520
 1298   302  15.410   1.226   0.634
 1299   158  13.640   0.620   0.010
 1300   158  16.010   0.840  -0.100
 1301   158  15.570   0.420   0.470
 1302   158  15.160   0.790   0.190
 1303   158  14.650   0.900  -0.010
 1304   158  14.610   0.820   0.250
 1304   302  14.657   0.756   0.265
 1310   158  14.040   0.820   0.270
 1321   158  15.610   0.550  -0.250
 1326   158  14.470   0.710  -0.100
 1326   302  14.609   0.620   0.041
 1327   158  14.340   0.700   0.370
 1351   158  14.880   0.780  -0.050
 1354   305   6.870   0.580         
 1361   158  14.690   0.940   0.330
 1372   158  14.540   0.620   0.250
 1381   158  15.200   0.590   0.440
 1381   302  15.074   0.647   0.359
 1386   158  14.400   0.660   0.530
 1386   302  14.198   0.790   0.598
 1394   305   7.180   0.340         
 1401   158  14.630   0.820   0.210
 1406   158  14.610   1.110   0.500
 1406   302  14.574   1.087   0.448
 1407   158  14.960   0.550   0.370
 1411   158  14.230   0.760   0.420
 1411   302  14.294   0.701   0.498
 1413   158  14.950   0.890   0.710
 1413   302  14.903   0.906   0.564
 1421   158  14.820   0.780  -0.090
 1421   302  14.778   0.735   0.119
 1424   158  14.750   0.890   0.520
 1424   302  14.707   0.913   0.324
 1427   158  14.580   0.890   0.850
 1430   158  15.130   0.840   0.080
 1430   302  15.038   0.817   0.344
 1433   158  15.390   0.670  -0.470
 1433   302  15.273   0.621  -0.151
 1442   158  15.020   0.640   0.150
 1443   158  15.260   0.720   0.690
 1446   158  14.380   0.940   0.550
 1450   158  14.090   0.830   0.120
 1451   158  14.950   0.600   0.140
 1452   158  15.400   0.940   0.220
 1456   158  14.470   0.910   0.380
 1457   158  14.230   0.680   0.430
 1459   158  14.570   1.060   0.180
 1461   158  14.970   0.620   0.130
 1461   302  14.896   0.748   0.100
 1463   158  15.020   0.600   0.350
 1465   158  14.200   0.590   0.100
 1469   158  14.580   1.030   0.750
 1470   158  14.260   1.020   0.540
 1472   158  14.240   0.850   0.740
 1473   158  14.880   0.880   0.080
 1475   158  14.500   0.640   0.070
 1476   158  12.940   1.200   0.560
 1476   305  12.980   1.060         
 1478   158  15.120   0.620   0.260
 1479   158  14.980   0.780  -0.140
 1480   158  15.140   1.020   0.710
 1483   158  14.240   0.770   0.260
 1486   158  14.030   0.800   0.310
 1487   158  10.220   0.330         
 1488   158  15.000   0.870  -0.060
 1489   158  15.140   0.420   0.570
 1490   158  15.490   1.250   0.620
 1493   158  13.650   0.650   0.320
 1494   158  14.680   0.620   0.110
 1495   158  14.910   0.740   0.240
 1496   158  15.000   0.760   0.090
 1498   158  14.520   0.930   0.820
 1499   158  14.730   0.670   0.150
 1500   158  15.650   0.800  -0.010
 1504   158  15.020   0.650   0.470
 1504   302  15.009   0.703   0.404
 1505   158  15.260   0.940   0.110
 1505   302  15.196   1.023   0.457
 1506   158  15.560   0.810   0.620
 1506   302  15.685   0.898   0.285
 1511   158  15.700   0.920   0.200
 1512   158  15.070   0.790   0.380
 1512   302  14.978   0.701   0.355
 1512   305  15.030   0.760         
 1513   158  15.120   0.950   0.050
 1513   302  15.119   0.890   0.533
 1514   158  15.840   0.480   0.270
 1514   302  15.869   0.876   0.250
 1515   158  15.110   0.810   0.600
 1515   302  15.012   0.964   0.379
 1516   158  14.720   0.890   0.720
 1516   302  14.668   0.958   0.719
 1518   158  15.500   0.810   1.170
 1518   302  15.502   0.923   0.511
 1527   158  14.620   0.830  -0.060
 1531   158  14.570   0.880   0.540
 1532   158  14.780   0.660   0.190
 1532   302  14.664   0.752   0.145
 1534   158  14.450   0.860   0.470
 1535   158  14.610   0.820   0.010
 1536   158  14.900   0.590   0.110
 1536   302  14.868   0.742   0.124
 1537   158  14.810   0.750   0.340
 1539   158  15.110   0.850   0.310
 1539   302  15.061   0.861   0.348
 1540   158  15.330   0.910   0.260
 1542   158  15.230   0.980   0.550
 1542   302  15.256   1.078   0.429
 1543   158  14.830   0.800   0.270
 1545   158  14.680   0.850   0.540
 1545   305  14.780   0.780         
 1546   158  14.940   0.650   0.260
 1546   302  14.923   0.649   0.395
 1548   158  15.160   0.920   0.310
 1549   158  15.040   0.890   0.060
 1550   158  14.370   0.820   0.200
 1551   158  15.130   0.760   0.350
 1551   302  15.182   0.748   0.170
 1552   158  15.360   0.930   0.230
 1553   158  15.150   0.980   0.020
 1554   158  14.940   0.630   0.400
 1554   302  14.891   0.617   0.416
 1556   158  15.350   0.810   0.080
 1557   158  15.430   0.800   0.350
 1557   302  15.483   0.738   0.297
 1558   158  12.430   0.500   0.210
 1561   158  15.070   0.680   0.380
 1562   158  15.410   0.660   0.400
 1563   158  15.930   0.110   0.060
 1564   158  15.810   0.850   0.110
 1568   158  14.390   0.660         
 1572   158  14.670   0.580   0.400
 1575   158  15.180   0.710   0.530
 1575   302  15.197   0.790   0.234
 1576   158  15.600   0.450   0.820
 1585   158  14.800   0.740   0.220
 1593   158  14.520   0.660   0.030
 1593   302  14.473   0.689   0.113
 1594   158  15.000   0.590   0.200
 1594   302  14.957   0.631   0.416
 1599   158  17.500   0.950   0.040
 1601   158  14.620   0.740   0.110
 1601   302  14.543   0.756   0.216
 1603   158  15.160   0.960   0.810
 1604   158  15.010   0.670  -0.010
 1605   158  16.020   0.860  -0.360
 1606   158  15.490   0.590   0.330
 1607   158  10.610   0.220  -0.450
 1608   158  15.530   0.960   0.050
 1610   158  14.560   0.640   0.020
 1611   158  10.410   1.200   1.010
 1613   158  13.760   0.700   0.580
 1614   158  14.820   0.740  -0.040
 1614   302  14.690   0.702   0.152
 1615   158  13.010   0.450  -0.100
 1616   158  12.780   0.340  -0.070
 1617   158  14.930   0.730   0.340
 1617   302  14.854   0.787   0.250
 1617   305  14.860   0.710         
 1618   158  11.210   0.410  -0.010
 1619   158  12.130   0.200   0.140
 1620   158  14.770   0.570         
 1620   302  14.613   0.703   0.127
 1621   158  15.650   0.770   0.470
 1622   158  15.000   0.860   0.860
 1623   158  13.710   0.700   0.540
 1624   158  15.400   0.880   0.380
 1625   158  15.790   0.750   0.320
 1625   302  15.868   0.838   0.202
 1626   158  15.200   0.670   0.520
 1626   302  15.293   0.838   0.385
 1630   158  15.630   0.840   0.040
 1633   158  14.440   0.630   0.040
 1634   158  17.170   0.050   1.530
 1636   158  13.890   0.420   0.120
 1638   158  14.960   0.720   0.360
 1638   305  15.080   0.720         
 1639   158  14.520   0.530   0.300
 1641   158  15.290   0.700   0.480
 1642   158  14.430   0.670   0.390
 1644   158  14.880   1.040   0.120
 1645   158  13.320   1.350   0.800
 1646   158  14.880   0.490   0.230
 1648   158  15.480   0.630   0.250
 1649   158  15.050   0.940   0.310
 1650   158  14.290   0.610   0.010
 1652   158  14.830   1.420  -0.280
 1653   158  15.110   0.870  -0.490
 1654   158  16.400   0.840  -0.120
 1655   158  14.270   0.740   0.560
 1656   158  14.580   0.850   0.800
 1657   158  14.650   0.640   0.150
 1661   158  14.470   0.650   0.210
 1663   158  14.180   0.630   0.230
 1666   158  15.180   0.770   0.020
 1667   158  15.510   0.830   0.360
 1667   302  15.482   0.945   0.322
 1669   158  14.770   0.690   0.330
 1670   158  18.210  -0.970  -1.650
 1672   158  14.490   0.620   0.070
 1674   158  14.360   1.090   0.350
 1675   158  15.230   0.810   0.160
 1677   158  14.620   0.920   0.400
 1677   302  14.504   1.061   0.433
 1679   158  15.780   0.770   0.740
 1680   158  14.520   0.700  -0.030
 1682   158  15.270   0.440   0.300
 1683   158  15.690   0.560   1.010
 1684   158  13.150   0.560   0.310
 1685   158  15.920   0.930   0.420
 1685   302  15.776   0.986   0.367
 1686   158  16.240   1.190   0.010
 1686   302  15.939   0.827   0.213
 1687   158  12.970   0.630   0.080
 1688   158  15.120   0.810   0.810
 1688   302  15.105   0.928   0.600
 1689   158  15.160   0.640   0.380
 1689   302  15.019   0.766   0.349
 1691   158  16.050   0.640   0.040
 1691   302  15.943   0.741   0.165
 1693   158  15.190   0.810   0.300
 1693   302  15.419   0.810   0.377
 1694   158  15.190   0.660  -0.010
 1694   302  15.088   0.744   0.086
 1695   158  14.710   0.770   0.280
 1696   158  16.050   0.680  -0.270
 1697   158  15.200   0.800   0.540
 1697   302  15.032   0.812   0.336
 1699   158  15.030   0.860   0.140
 1699   302  14.890   0.806   0.242
 1701   158  14.510   1.220   1.070
 1704   158  16.070   0.260   0.660
 1705   158  14.910   0.650   0.290
 1705   302  14.860   0.673   0.396
 1707   158  15.420   0.850   0.740
 1709   158  14.750   0.700   0.170
 1710   158  15.210   0.580   1.010
 1714   158  14.960   0.670   0.040
 1714   302  14.694   0.763   0.194
 1715   158  16.330   1.390  -1.180
 1716   158  14.780   0.610   0.140
 1716   302  14.665   0.625   0.266
 1717   158  15.470   0.750   0.200
 1728   158  14.150   0.560   0.190
 1729   158  15.120   0.570   0.410
 1730   158  15.230   0.830   0.730
 1732   158  14.730   0.570   0.440
 1732   302  14.705   0.651   0.367
 1733   158  15.080   0.570   0.540
 1733   302  15.117   0.623   0.385
 1734   158  15.520   0.710   0.330
 1735   158  15.230   0.700   0.750
 1735   302  15.268   0.818   0.538
 1736   158  15.320   0.690  -0.170
 1736   302  15.158   0.743   0.203
 1738   158  15.440   0.850   0.990
 1741   158  14.990   0.980   0.460
 1741   302  14.910   1.030   0.893
 1742   158  15.250   0.690   0.870
 1742   302  15.210   0.753   0.537
 1744   158  15.230   0.840   0.780
 1744   302  15.258   0.933   0.639
 1744   305  15.310   0.800         
 1745   158  14.740   0.730   0.310
 1746   158  14.750   0.820   0.760
 1746   302  14.741   0.886   0.495
 1750   158  15.440   0.930   0.080
 1751   158  15.300   0.540   0.390
 1752   158  15.530   0.750   0.610
 1753   158  14.960   0.230   0.240
 1753   302  14.702   0.667   0.321
 1759   158  15.290   0.470   0.230
 1764   158  16.070   0.770   0.010
 1766   158  14.800   0.630   0.360
 1767   158  14.870   0.750   0.600
 1768   158  14.580   0.700  -0.040
 1768   302  14.505   0.732   0.170
 1773   158  15.280   1.000   0.230
 2001   302  16.559   0.946   0.330
 2004   302  16.302   0.720   0.247
 2005   302  16.880   0.862   0.664
 2006   302  16.199   0.911   0.381
 2009   302  16.923   1.049   0.696
 2010   302  16.825   1.420         
 2011   302  16.007   1.736         
 2012   302  16.273   0.862   0.205
 2014   302  16.563   1.095   0.467
 2015   302  16.519   1.014   0.455
 2016   302  16.361   0.934   0.324
 2019   302  16.531   1.302   0.942
 2021   302  16.885   1.414         
 2022   302  15.756   1.387   1.236
 2023   302  16.955   1.847         
 2024   302  15.558   0.847   0.288
 2027   302  15.645   1.057   0.877
 2028   302  16.836   0.995   0.371
 2029   302  16.418   0.985   0.352
 2030   302  16.233   0.913   0.367
 2031   302  16.885   0.942   0.260
 2036   302  14.885   1.152   1.105
 2037   302  16.255   1.118   1.035
 2038   302  16.197   0.974   0.520
 2040   302  15.596   1.039   0.558
 2042   302  16.479   0.899   0.247
 2046   302  16.951   0.925   0.252
 2047   302  15.772   2.086         
 2048   302  16.977   2.040         
 2049   302  16.121   0.995   0.654
 2050   302  15.944   0.894   0.265
 2051   302  16.858   1.486         
 2051   305  16.930   1.640         
 2052   302  15.893   0.812   0.476
 2053   302  16.926   1.398         
 2054   302  16.621   1.126   0.817
 2055   302  16.089   0.801   0.550
 2056   302  16.030   0.879   0.184
 2060   302  16.536   0.971   0.299
 2061   302  16.216   0.938   0.256
 2062   302  16.646   1.514         
 2063   302  16.742   1.028   0.659
 2064   302  15.966   1.175   1.096
 2067   302  16.433   0.814   0.282
 2068   302  15.611   1.099   1.004
 2069   302  15.971   1.815         
 2070   302  16.546   0.836   0.390
 2071   302  16.324   0.936   0.423
 2073   302  16.447   1.877         
 2074   302  16.407   0.974   0.331
 2076   302  16.257   0.947   0.438
 2077   302  16.267   0.793   0.450
 2081   302  15.350   1.373   1.070
 2083   302  15.785   2.540         
 2084   302  15.898   0.981   0.323
 2085   302  15.713   0.920   0.292
 2086   302  15.304   1.078   0.941
 2088   302  16.555   1.328   0.691
 2091   302  15.300   1.677   1.170
 2094   302  15.941   0.981   0.342
 2095   302  15.659   2.344         
 2097   302  16.815   1.033   0.416
 2098   302  16.160   0.934   0.548
 2100   302  16.949   1.079   0.883
 2101   302  15.000   1.882   1.575
 2102   302  16.551   1.041   0.545
 2106   302  16.292   1.035   0.442
 2107   302  16.782   1.037   0.461
 2108   302  16.364   1.647         
 2109   302  15.531   1.198   0.621
 2111   302  16.685   0.990   0.386
 2112   302  16.750   0.968   0.701
 2114   302  16.883   1.490         
 2115   302  16.718   1.441   0.573
 2116   302  16.204   0.889   0.222
 2118   302  16.417   0.976   0.562
 2119   302  16.122   0.992   0.401
 2120   302  14.805   2.149         
 2121   302  15.797   1.316   0.825
 2122   302  16.325   1.304   0.986
 2122   305  15.960   1.210         
 2124   302  16.110   1.399   1.009
 2125   302  16.772   1.247   0.616
 2126   302  16.518   1.666   0.539
 2126   305  15.950   1.280         
 2128   302  16.763   1.251   0.705
 2129   302  16.959   1.490         
 2130   302  16.965   1.142         
 2131   302  16.812   1.158   0.668
 2133   302  16.880   0.980   0.579
 2134   302  16.484   1.220   0.680
 2135   302  16.413   1.472   0.824
 2141   302  16.687   1.577         
 2143   302  16.613   1.041   0.588
 2144   302  16.779   1.129   0.446
 2145   302  15.828   1.006   0.757
 2146   302  15.755   1.919         
 2147   302  16.850   1.213   0.603
 2149   302  16.139   1.390   1.022
 2149   305  16.150   1.060         
 2150   302  15.278   1.293   0.765
 2152   302  16.712   1.552         
 2152   305  16.880   1.480         
 2153   302  16.176   0.934   0.562
 2156   302  16.393   1.019   0.438
 2157   302  16.058   0.901   0.622
 2163   302  15.739   0.967   0.442
 2164   302  16.872   2.032         
 2165   302  16.986   1.046   0.525
 2167   302  15.605   0.785   0.423
 2168   302  16.791   1.594         
 2169   302  16.375   1.103   0.583
 2170   302  16.966   0.967   0.541
 2171   302  16.120   0.954   0.344
 2172   302  16.385   0.891   0.609
 2178   302  14.712   1.597   1.361
 2179   302  16.497   0.852   0.581
 2181   302  16.011   0.966   0.274
 2186   302  16.435   1.069   0.484
 2187   302  16.817   1.061   0.417
 2188   302  16.263   0.921   0.623
 2191   302  14.059   0.948         
 2193   302  16.953   1.118  -0.121
 2194   302  16.462   1.492         
 2195   302  15.808   1.317   0.841
 2196   302  16.200   0.968   0.270
 2199   302  16.428   0.886   0.289
 2200   302  16.701   1.501         
 2200   305  16.760   1.490         
 2201   302  16.925   1.503         
 2203   302  16.158   1.294   0.716
 2204   302  16.871   0.967   0.389
 2206   302  16.869   0.971   0.319
 2208   302  16.325   0.816   0.280
 2209   302  16.381   1.605         
 2211   302  16.612   1.148   0.902
 2212   302  16.934   0.864   0.447
 2215   302  15.650   0.924   0.280
 2217   302  16.294   1.637         
 2219   302  15.907   1.649   1.042
 2220   302  16.200   1.352   0.854
 2221   302  16.190   1.454   0.907
 2222   302  16.192   1.435   0.981
 2222   305  16.340   1.390         
 2223   302  16.090   0.751   0.372
 2224   302  15.902   1.187   1.199
 2225   302  16.902   1.179   0.483
 2228   302  16.588   1.426         
 2229   302  16.435   0.832   0.510
 2230   302  16.012   0.915   0.343
 2231   302  15.586   1.647   1.322
 2234   302  15.671   1.586   1.109
 2235   302  16.480   1.370         
 2235   305  16.630   1.680         
 2236   302  15.931   1.327   0.788
 2236   305  15.970   1.230         
 2237   302  16.421   1.288   0.845
 2237   305  16.510   0.990         
 2239   302  15.539   1.257   0.691
 2239   305  15.630   1.250         
 2241   302  16.385   0.918   0.251
 2242   302  15.774   1.093   0.643
 2245   302  16.059   1.429   1.010
 2250   302  15.704   1.577   1.089
 2252   302  16.980   0.818   0.649
 2254   302  16.901   1.433         
 2255   302  15.929   0.876   0.307
 2256   302  16.499   1.388   0.970
 2256   305  16.550   1.180         
 2258   302  15.681   1.389   1.002
 2258   305  15.690   1.320         
 2262   302  16.611   1.292         
 2262   305  16.670   1.000         
 2263   302  16.962   1.258   0.463
 2264   302  16.545   1.506         
 2265   302  16.162   1.226   1.206
 2266   302  16.684   0.747   0.433
 2267   302  16.506   1.473         
 2271   302  15.007   0.778   0.423
 2272   302  16.864   1.038   0.299
 2276   302  16.480   1.107   0.759
 2284   302  15.579   0.925   0.386
 2285   302  15.728   0.907   0.550
 2287   302  16.942   0.969   0.427
 2288   302  16.702   1.078   0.501
 2289   302  15.874   0.760   0.201
 2291   302  15.308   0.755   0.488
 2292   302  15.840   1.010   0.317
 2293   302  16.768   1.462         
 2294   302  15.873   0.669   0.434
 2298   302  16.512   1.216   0.768
 2299   302  14.563   0.736   0.438
 2301   302  15.429   1.221   0.664
 2301   305  15.480   1.170         
 2302   302  16.664   1.567         
 2303   302  15.792   0.817   0.349
 2303   305  15.860   0.790         
 2306   302  15.649   0.908   0.600
 2307   302  16.008   1.076   0.408
 2308   302  15.836   1.333   0.923
 2309   302  16.337   1.244   0.677
 2310   302  16.514   1.644         
 2313   302  15.726   1.551   1.139
 2319   302  16.902   1.132   0.864
 2322   302  16.752   0.951   0.371
 2324   302  16.604   1.387         
 2324   305  16.760   1.390         
 2325   302  16.326   0.893   0.431
 2326   302  16.593   1.159   1.041
 2329   302  14.948   0.605   0.377
 2331   302  16.053   1.665         
 2332   302  16.128   0.917   0.347
 2334   302  16.849   1.426         
 2335   302  16.740   0.816   0.603
 2336   302  14.512   1.906   1.849
 2339   302  16.472   1.103         
 2340   302  16.536   1.024   0.355
 2341   302  16.871   1.389         
 2344   302  16.650   0.877   0.300
 2345   302  16.140   1.189   0.476
 2349   302  16.875   1.472         
 2350   302  16.003   1.326   1.264
 2353   302  15.287   0.889   0.421
 2355   302  16.861   1.094   0.425
 2356   302  15.872   1.524   1.176
 2358   302  16.775   0.921   0.489
 2359   302  14.765   1.829   1.549
 2361   302  15.929   1.757         
 2362   302  15.407   0.729   0.316
 2363   302  16.361   0.656  -0.009
 2366   302  16.713   1.012   0.345
 2374   302  15.955   0.905   0.567
 2374   305  15.800   0.910         
 2376   302  16.807   0.983   0.381
 2378   302  16.901   1.330         
 2379   302  16.073   1.363   1.096
 2380   302  16.020   0.828   0.556
 2382   302  16.849   0.976   0.451
 2384   302  16.331   1.352   1.252
 2384   305  16.450   1.180         
 2388   302  15.611   1.065   0.460
 2389   302  16.495   0.918   0.667
 2391   302  16.539   1.075   0.428
 2392   302  16.915   1.450         
 2393   302  15.884   1.234   1.236
 2394   302  16.350   1.130   1.005
 2395   302  16.862   1.033   0.578
 2399   302  16.620   0.979   0.415
 2400   302  15.462   1.222   0.665
 2400   305  15.500   1.180         
 2402   302  16.736   0.943   0.265
 2404   302  16.796   0.891   0.525
 2405   302  16.921   0.939   0.309
 2408   302  15.546   0.840   0.346
 2409   302  16.509   0.652   0.369
 2410   302  16.862   0.964   0.407
 2411   302  16.153   1.286   0.726
 2411   305  14.660   1.030         
 2412   302  16.365   0.969   0.347
 2414   302  16.681   1.023   0.377
 2415   302  16.615   0.811   0.533
 2416   302  16.186   0.894   0.628
 2418   302  16.366   0.989   0.471
 2419   302  16.126   0.968   0.417
 2420   302  16.497   1.036   0.793
 2422   302  16.087   1.410   0.977
 2423   302  16.029   1.106   0.450
 2425   302  16.306   0.966   0.221
 2426   302  16.249   0.976   0.471
 2430   302  16.434   2.128         
 2431   302  15.580   0.977   0.549
 2432   302  15.073   1.954         
 2433   302  16.173   0.772   0.325
 2434   302  16.422   1.040   0.643
 2435   302  15.886   0.829   0.309
 2436   302  16.999   0.974   0.306
 2437   302  15.880   1.017   0.846
 2438   302  16.507   1.032   0.492
 2439   302  16.738   1.659         
 2440   302  15.919   0.925   0.595
 2443   302  16.849   1.541         
 2444   302  16.455   1.397   0.934
 2444   305  16.510   1.280         
 2445   302  15.988   1.777         
 2446   302  15.413   2.160         
 2449   302  15.464   1.015   0.365
 2451   302  16.450   0.909   0.257
 2452   302  16.474   0.944   0.350
 2455   302  15.532   1.005   0.786
 2457   302  16.687   1.341   0.668
 2458   302  16.871   1.037   0.459
 2459   302  16.768   0.765   0.555
 2460   302  16.215   0.967   0.702
 2460   305  16.280   0.910         
 2464   302  16.424   0.988   0.481
 2466   302  16.557   0.980   0.396
 2467   302  16.905   0.932   0.266
 2469   302  16.963   1.531         
 2469   305  17.010   1.390         
 2470   302  16.264   0.747   0.455
 2471   302  16.623   0.979   0.300
 2472   302  16.356   0.942   0.354
 2473   302  16.643   0.899   0.342
 2475   302  16.910   0.734   0.482
 2476   302  16.012   0.906   0.166
 2477   302  16.663   2.033         
 2479   302  16.054   1.759         
 2480   302  15.945   0.852   0.459
 2481   302  16.709   0.895   0.274
 2483   302  15.493   0.815   0.199
 2484   302  15.196   2.270         
 2485   302  14.587   1.384   1.035
 2488   302  16.350   0.859   0.208
 2489   302  16.405   1.013   0.294
 2491   302  16.825   1.115   0.615
 2492   302  16.395   0.855   0.268
 2493   302  15.836   1.536   1.148
 2497   302  16.446   0.924   0.276
 2498   302  16.887   1.734         
 2499   302  16.942   1.053   0.250
 2503   302  16.798   0.956   0.231
 2506   302  15.385   1.110   0.900
 2507   302  16.863   1.057   0.481
 2510   302  16.234   0.901   0.292
 2511   302  16.444   1.030   0.707
 2512   302  16.723   1.767         
 2515   302  15.967   1.685         
 2517   302  16.338   0.977   0.323
 2524   302  14.694   1.782   1.651
 2525   302  15.168   0.981   0.762
 2526   302  15.693   0.790   0.528
 2531   302  15.217   1.827   1.477
 2534   302  15.503   0.919   0.593
 2536   302  16.117   0.975   0.293
 2539   302  16.783   1.608         
 2542   302  16.254   1.046   0.439
 2548   302  16.472   1.715         
 2549   302  16.092   0.813   0.316
 2553   302  16.503   0.808   0.386
 2554   302  15.665   0.841   0.240
 2555   302  16.493   1.111   1.003
 2559   302  16.954   1.121   0.539
 2560   302  15.790   1.104   0.516
 2561   302  16.592   0.915   0.287
 2563   302  15.552   0.780   0.358
 2564   302  16.854   1.077   0.628
 2565   302  15.010   1.451   1.226
 2566   302  15.910   0.869   0.289
 2569   302  16.210   1.680         
 2570   302  15.547   1.211   0.629
 2570   305  15.640   1.100         
 2571   302  16.099   1.018   0.884
 2572   302  16.959   1.517         
 2572   305  17.070   1.420         
 2576   302  16.713   0.916   0.553