UBV CCD observations

  No    Ref    V       B-V     U-B

 0001   227  15.271   0.649         
 0002   227  14.257   0.577         
 0003   227  13.694   0.505         
 0004   227  14.375   0.544         
 0005   227  14.891   0.704         
 0007   227  13.783   0.524         
 0009   227  13.268   0.555         
 0010   227  13.248   0.552         
 0011   227  12.684   0.559         
 0012   227  14.091   0.572         
 0013   227  15.266   0.610         
 0014   227  14.011   0.652         
 0015   227  15.134   0.669         
 0016   227  14.599   0.609         
 0017   227  15.583   0.712         
 0019   227  12.679   0.548         
 0020   227  15.540   0.863         
 0021   227  14.765   0.644         
 0022   227  12.921   1.310         
 0023   227  15.352   0.703         
 0024   227  15.774   0.736         
 0026   227  14.513   0.652         
 0028   227  15.744   0.744         
 0029   227  14.847   0.962         
 0030   227  15.974   0.872         
 0031   227  14.227   0.531         
 0032   227  15.069   1.084         
 0033   227  13.731   0.472         
 0034   227  13.162   0.512         
 0035   227  14.824   0.681         
 0036   227  12.118   0.422         
 0037   227  12.571   0.543         
 0038   227  13.879   0.490         
 0039   227  15.071   0.565         
 0040   227  15.870   0.777         
 0041   227  14.808   0.779         
 0042   227  13.317   0.462         
 0043   227  14.536   0.945         
 0044   227  12.983   0.741         
 0045   227  15.232   0.738         
 0046   227  14.963   0.658         
 0047   227  14.735   0.920         
 0048   227  15.418   1.018         
 0049   227  15.539   0.668         
 0050   227  14.363   0.647         
 0051   227  14.617   0.765         
 0052   227  13.378   0.499         
 0053   227  11.479   0.327         
 0054   227  14.222   0.667         
 0055   227  14.317   0.726         
 0056   227  15.101   0.673         
 0057   227  15.206   0.697         
 0058   227  16.034   0.721         
 0059   227  14.742   0.589         
 0060   227  13.540   0.474         
 0061   227  14.729   0.582         
 0062   227  15.446   0.768         
 0063   227  14.836   0.550         
 0064   227  13.055   0.434         
 0065   227  14.679   0.651         
 0066   227  12.935   0.583         
 0067   227  13.732   1.588         
 0068   227  14.480   0.594         
 0069   227  13.131   0.510         
 0070   227  14.219   0.649         
 0071   227  14.059   0.548         
 0072   227  15.121   0.626         
 0073   227  13.799   0.591         
 0074   227  14.078   0.642         
 0075   227  14.968   0.588         
 0076   227  15.170   0.596         
 0077   227  14.631   0.550         
 0078   227  13.862   0.530         
 0079   227  14.687   0.635         
 0080   227  15.764   0.746         
 0081   227  14.281   0.667         
 0082   227  15.017   0.643         
 0083   227  15.454   0.750         
 0084   227  13.858   1.942         
 0085   227  15.883   1.017         
 0086   227  13.960   1.591         
 0087   227  15.788   0.681         
 0088   227  14.318   0.526         
 0089   227  14.505   0.564         
 0090   227  16.055   1.076         
 0091   227  16.011   0.966         
 0092   227  15.947   0.786         
 0093   227  15.296   0.650         
 0094   227  15.902   0.859         
 0095   227  15.030   0.589         
 0096   227  15.362   0.746         
 0097   227  13.745   0.594         
 0098   227  15.710   1.786         
 0099   227  15.862   1.155         
 0100   227  14.806   0.601         
 0101   227  15.379   1.039         
 0102   227  14.755   1.730         
 0103   227  15.334   0.718         
 0104   227  16.346   0.817         
 0105   227  12.063   1.769         
 0106   227  14.048   0.983         
 0107   227  15.108   0.561         
 0108   227  14.875   0.823         
 0109   227  16.157   0.835         
 0110   227  16.114   0.802         
 0111   227  15.216   0.709         
 0112   227  16.831   1.040         
 0113   227  14.771   0.695         
 0114   227  15.789   0.798         
 0115   227  13.621   0.496         
 0116   227  16.317   0.852         
 0117   227  12.546   0.555         
 0118   227  16.767   0.936         
 0119   227  14.709   0.703         
 0120   227  15.602   0.750         
 0121   227  15.213   0.781         
 0122   227  14.934   0.689         
 0123   227  16.026   0.833         
 0124   227  14.505   0.567         
 0125   227  15.496   1.193         
 0126   227  14.913   0.741         
 0127   227  14.418   1.399         
 0128   227  15.940   1.051         
 0129   227  16.052   0.776         
 0130   227  16.645   0.867         
 0131   227  16.326   1.166         
 0132   227  16.316   1.181         
 0133   227  15.296   1.093         
 0134   227  15.699   0.784         
 0135   227  16.638   0.986         
 0136   227  16.492   1.015         
 0137   227  14.259   1.544         
 0138   227  16.716   1.055         
 0139   227  16.020   0.978         
 0140   227  16.882   0.983         
 0141   227  15.996   1.070         
 0142   227  16.036   0.811         
 0143   227  16.059   0.795         
 0144   227  16.085   0.758         
 0145   227  16.175   0.807         
 0146   227  16.086   1.058         
 0147   227  15.253   0.889         
 0148   227  14.921   0.901         
 0149   227  16.522   0.940         
 0150   227  16.231   0.881         
 0151   227  16.210   0.881         
 0152   227  15.858   0.845         
 0153   227  14.465   0.545         
 0154   227  16.430   0.981         
 0155   227  15.855   1.961         
 0156   227  16.246   0.838         
 0157   227  15.927   0.748         
 0158   227  15.685   0.855         
 0159   227  16.230   0.807         
 0160   227  16.050   0.739         
 0161   227  15.773   0.703         
 0162   227  16.555   1.132         
 0163   227  16.458   0.789         
 0164   227  16.758   1.147         
 0165   227  16.471   0.850         
 0166   227  16.479   0.861         
 0167   227  15.886   1.035         
 0168   227  16.136   0.949         
 0169   227  15.449   1.716         
 0170   227  16.504   1.105         
 0171   227  16.548   1.305         
 0172   227  16.208   0.746         
 0173   227  16.639   1.057         
 0174   227  16.636   1.353         
 0175   227  17.448   0.955         
 0176   227  16.270   1.144         
 0177   227  17.428   1.248         
 0178   227  16.676   1.668         
 0179   227  16.859   1.055         
 0180   227  16.805   1.126         
 0181   227  16.696   0.848         
 0182   227  17.130   1.093         
 0183   227  17.041   0.977         
 0184   227  17.063   1.208         
 0185   227  17.161   0.886         
 0186   227  17.248   1.001         
 0187   227  17.342   0.930         
 0188   227  17.229   1.416         
 0189   227  16.175   1.821         
 0190   227  16.616   0.921         
 0191   227  17.354   1.029         
 0192   227  16.514   0.933         
 0193   227  16.812   0.955         
 0194   227  16.345   1.546         
 0195   227  17.364   1.132         
 0196   227  17.421   1.095         
 0197   227  16.777   0.942         
 0198   227  17.096   1.128         
 0199   227  16.853   1.088         
 0200   227  16.258   1.234         
 0201   227  16.839   0.828         
 0202   227  16.955   1.173         
 0203   227  17.140   1.024         
 0204   227  17.256   1.361         
 0205   227  16.760   1.157         
 0206   227  17.499   1.070         
 0207   227  16.808   1.011         
 0208   227  17.184   1.208         
 0209   227  16.868   2.183         
 0210   227  16.833   1.218         
 0211   227  17.434   1.346         
 0212   227  16.931   1.103         
 0213   227  16.506   1.149         
 0214   227  17.225   1.057         
 0215   227  16.408   0.923         
 0216   227  17.342   1.173         
 0217   227  17.595   1.216         
 0218   227  16.002   1.143         
 0219   227  17.424   1.122         
 0220   227  17.763   1.281         
 0221   227  17.102   1.046         
 0222   227  16.738   1.205         
 0223   227  16.856   0.967         
 0224   227  16.297   1.983         
 0225   227  17.048   1.161         
 0226   227  16.990   1.276         
 0227   227  16.790   0.972         
 0228   227  17.151   1.415         
 0229   227  17.158   1.046         
 0230   227  17.401   1.442         
 0231   227  17.436   1.348         
 0232   227  17.255   1.031         
 0233   227  17.354   1.138         
 0234   227  17.041   1.213         
 0235   227  17.443   1.227         
 0236   227  16.789   1.164         
 0237   227  17.236   1.132         
 0238   227  16.269   1.935         
 0239   227  16.615   1.294         
 0240   227  17.623   1.085         
 0241   227  16.252   1.942         
 0242   227  15.942   2.313         
 0243   227  17.726   1.037         
 0244   227  17.286   1.127         
 0245   227  17.487   1.485         
 0246   227  16.617   1.928         
 0247   227  17.478   1.092         
 0248   227  17.557   1.143         
 0249   227  16.596   0.948         
 0250   227  16.627   1.527         
 0251   227  17.137   0.991         
 0252   227  17.080   1.338         
 0253   227  17.754   1.125         
 0254   227  17.847   1.176         
 0255   227  17.548   1.052         
 0256   227  17.738   1.188         
 0257   227  16.150   2.455         
 0258   227  16.607   0.972         
 0259   227  16.790   2.499         
 0260   227  17.174   1.293         
 0261   227  16.935   1.169         
 0262   227  17.311   1.553         
 0263   227  16.471   0.746         
 0264   227  17.295   0.979         
 0265   227  17.133   1.331         
 0266   227  16.301   2.524         
 0267   227  17.738   1.095         
 0268   227  17.815   1.229         
 0269   227  17.345   1.082         
 0270   227  17.499   1.171         
 0271   227  17.698   1.117         
 0272   227  17.936   1.082         
 0273   227  17.669   1.087         
 0274   227  17.575   1.157         
 0275   227  17.991   1.031         
 0276   227  18.156   1.453         
 0277   227  17.133   1.717         
 0278   227  17.630   1.183         
 0279   227  17.460   1.212         
 0280   227  17.706   1.403         
 0281   227  18.280   1.231         
 0282   227  18.155   1.296         
 0283   227  17.080   1.181