UBV CCD observations

  No    Ref    V       B-V     U-B

 0585   418  15.698   0.452         
 0591   418  16.937   0.641         
 0602   418  18.563   1.217         
 0610   418  15.727   0.563         
 0617   418  19.023   0.932         
 0628   418  15.105   0.192         
 0629   418  18.384   0.540         
 0631   418  19.206   0.704         
 0635   418  19.221   1.349         
 0636   418  18.670   0.777         
 0639   418  16.396   0.931         
 0650   418  18.922   0.741         
 0651   418  16.872   0.739         
 0655   418  18.506   1.170         
 0658   418  18.844   0.482         
 0665   418  17.357   0.616         
 0667   418  19.440   0.579         
 0671   418  14.310   0.579         
 0672   418  17.976   1.038         
 0674   418  14.543   1.207         
 0675   418  15.068   0.509         
 0681   418  18.733   0.769         
 0685   418  17.301   0.687         
 0686   418  18.403   0.605         
 0687   418  16.406   1.082         
 0690   418  17.250   0.627         
 0691   418  19.920   1.044         
 0698   418  12.886   1.023         
 0699   418  15.069   0.496         
 0701   418  18.185   0.670         
 0704   418  19.412   0.868         
 0710   418  15.078   1.057         
 0715   418  16.635   0.744         
 0717   418  19.566   1.047         
 0725   418  18.955   1.091         
 0732   418  17.031   1.222         
 0733   418  16.004   0.649         
 0736   418  17.363   0.815         
 0738   418  17.381   0.914         
 0740   418  19.112   1.426         
 0741   418  16.358   1.155         
 0743   418  17.569   1.288         
 0744   418  19.223   0.726         
 0750   418  19.330   0.858         
 0752   418  16.552   0.543         
 0758   418  18.798   0.718         
 0762   418  16.492   0.341         
 0765   418  14.300   0.456         
 0771   418  18.753   0.807         
 0774   418  17.950   0.719         
 0775   418  19.665   1.026         
 0776   418  19.539   0.878         
 0779   418  17.073   0.951         
 0781   418  16.482   0.698         
 0782   418  16.527   0.514         
 0785   418  19.724   0.833         
 0790   418  16.314   0.636         
 0793   418  18.301   0.856         
 0794   418  18.796   0.635         
 0796   418  15.800   0.499         
 0799   418  18.907   0.627         
 0800   418  18.517   0.731         
 0803   418  14.693   0.429         
 0804   418  18.754   0.786         
 0805   418  19.020   0.732         
 0807   418  15.743   0.608         
 0812   418  16.626   0.905         
 0814   418  17.786   1.101         
 0816   418  19.508   0.681         
 0823   418  15.969   0.600         
 0824   418  19.152   0.928         
 0828   418  19.282   0.850         
 0835   418  17.510   0.832         
 0837   418  18.007   0.548         
 0838   418  16.714   0.666         
 0841   418  15.189   0.351         
 0848   418  19.219   1.436         
 0850   418  18.670   0.800         
 0852   418  18.596   0.854         
 0853   418  15.480   0.560         
 0855   418  17.364   0.564         
 0857   418  16.861   0.777         
 0862   418  14.710   0.569         
 0863   418  13.716   0.508         
 0866   418  15.360   0.531         
 0868   418  20.138   1.007         
 0882   418  16.468   0.683         
 0886   418  18.589   1.171         
 0889   418  19.222   1.052         
 0890   418  16.935   0.780         
 0891   418  17.683   0.659         
 0893   418  15.911   0.596         
 0895   418  17.530   0.860         
 0898   418  14.501   0.458         
 0899   418  15.105   0.506         
 0902   418  18.476   0.900         
 0904   418  19.262   0.743         
 0913   418  16.351   0.479         
 0916   418  19.912   0.826         
 0920   418  16.727   0.793         
 0922   418  18.896   0.891         
 0923   418  15.210   0.737         
 0924   418  19.239   0.672         
 0928   418  17.929   0.716         
 0933   418  16.487   0.683         
 0935   418  17.673   0.934         
 0937   418  15.090   0.516         
 0940   418  16.242   0.660         
 0941   418  15.140   0.656         
 0943   418  17.533   0.883         
 0944   418  15.755   0.645         
 0945   418  11.997   1.093         
 0950   418  15.854   0.606         
 0952   418  19.100   1.027         
 0953   418  19.393   0.820         
 0955   418  17.394   0.581         
 0956   418  14.495   0.473         
 0958   418  19.757   1.508         
 0963   418  18.254   0.795         
 0970   418  18.077   1.010         
 0971   418  14.064   0.472         
 0973   418  17.645   0.691         
 0974   418  18.490   0.831         
 0976   418  16.232   0.500         
 0978   418  18.518   0.944         
 0982   418  18.630   0.599         
 0986   418  19.003   0.995         
 0990   418  14.818   0.570         
 0992   418  18.937   0.927         
 0993   418  18.857   0.842         
 0995   418  18.756   0.893         
 0996   418  19.451   1.175         
 0998   418  18.947   0.627         
 1005   418  18.274   0.712         
 1008   418  17.748   0.591         
 1014   418  18.973   0.978         
 1015   418  17.418   0.902         
 1020   418  18.513   1.182         
 1022   418  15.903   0.853         
 1024   418  16.803   0.728         
 1025   418  18.299   1.469         
 1027   418  15.117   0.516         
 1029   418  16.378   0.682         
 1030   418  17.713   0.754         
 1036   418  19.256   1.297         
 1038   418  16.850   0.499         
 1042   418  17.929   0.777         
 1045   418  17.579   1.060         
 1047   418  15.943   0.432         
 1048   418  15.530   0.675         
 1051   418  19.068   1.040         
 1054   418  15.795   0.648         
 1055   418  17.281   0.879         
 1058   418  14.241   0.465         
 1063   418  18.739   1.252         
 1065   418  19.526   1.686         
 1071   418  18.094   1.122         
 1075   418  16.787   0.785         
 1079   418  18.115   0.637         
 1082   418  13.787   0.506         
 1084   418  18.547   0.596         
 1087   418  16.064   0.523         
 1088   418  15.208   0.536         
 1091   418  17.868   0.565         
 1094   418  18.361   1.314         
 1095   418  16.055   0.649         
 1097   418  13.611   1.149         
 1100   418  16.360   0.871         
 1103   418  15.978   0.743         
 1106   418  13.106   0.480         
 1107   418  18.162   0.700         
 1111   418  15.655   0.671         
 1116   418  14.405   0.467         
 1117   418  16.334   1.033         
 1119   418  17.051   0.591         
 1121   418  17.861   0.582         
 1124   418  15.668   0.520         
 1125   418  18.184   0.554         
 1127   418  19.089   1.510         
 1129   418  15.315   0.621         
 1130   418  18.651   0.668         
 1131   418  19.750   1.060         
 1135   418  13.591   0.762         
 1136   418  17.465   0.604         
 1138    42  17.070   1.010         
 1138   418  16.973   0.826         
 1143   418  15.066   0.484         
 1144   418  14.483   0.564         
 1145   418  18.448   0.802         
 1146   418  17.071   0.801         
 1147   418  12.141   1.100         
 1148   418  13.017   0.317         
 1149   418  18.499   1.137         
 1152   418  18.398   0.776         
 1160   418  19.966   1.009         
 1163    42  19.140  -0.130         
 1163   418  17.921   0.998         
 1164   418  17.972   0.696         
 1166   418  16.292   0.876         
 1168   418  12.020   1.096         
 1171   418  19.793   0.636         
 1176   418  14.977   0.487         
 1177   418  14.152   0.447         
 1181    42  13.960   0.460  -0.050
 1181   418  13.977   0.488         
 1184    42  15.080   0.530   0.030
 1184   418  15.055   0.561         
 1188    42  16.150   0.650         
 1188   418  16.097   0.656         
 1189   418  20.160   0.853         
 1196    42  14.290   0.480  -0.010
 1196   418  14.285   0.515         
 1200   418  15.028   0.499         
 1203   418  13.642   0.521         
 1204    42  17.950   0.820         
 1204   418  17.969   0.725         
 1205   418  19.064   1.262         
 1209   418  17.742   0.931         
 1210    42  17.960   0.650         
 1210   418  17.985   0.572         
 1221   418  18.981   0.756         
 1222   418  15.277   0.545         
 1225    42  13.950   0.460  -0.030
 1225   418  13.979   0.490         
 1226    42  15.470   0.560   0.020
 1226   418  15.473   0.573         
 1229   418  13.764   0.487         
 1231    42  16.450   0.570  -0.040
 1231   418  16.472   0.605         
 1235   418  16.905   0.763         
 1244    42  16.600   0.690   0.030
 1244   418  16.664   0.711         
 1246   418  16.965   0.473         
 1255   418  19.655   0.647         
 1257    42  18.340   1.100         
 1257   418  18.371   1.218         
 1262    42  18.290   1.230         
 1263   418  18.577   0.644         
 1266   418  14.440   0.493         
 1270    42  18.180   0.640         
 1270   418  18.190   0.645         
 1271    42  15.930   0.620   0.110
 1271   418  15.973   0.644         
 1272    42  17.910   0.720         
 1274    42  16.880   0.590         
 1274   418  16.898   0.623         
 1276   418  18.873   1.000         
 1277   418  18.924   0.952         
 1281   418  16.170   0.656         
 1286   418  15.920   0.926         
 1287    42  17.020   0.690         
 1287   418  17.083   0.724         
 1288   418  19.490   0.890         
 1291   418  18.859   0.576         
 1292   418  13.928   0.484         
 1294   418  14.198   0.834         
 1296    42  15.070   0.500         
 1296   418  15.096   0.524         
 1299    42  14.060   0.450  -0.010
 1299   418  14.097   0.477         
 1303   418  18.732   1.265         
 1307    42  12.090   1.010   0.710
 1307   418  12.051   1.075         
 1310    42  17.750   0.530         
 1310   418  17.760   0.638         
 1312   418  15.709   0.420         
 1313   418  13.569   1.066         
 1316   418  17.549   0.962         
 1318   418  13.406   0.737         
 1322   418  18.715   0.901         
 1323   418  18.672   0.759         
 1326    42  18.170   0.510         
 1326   418  18.188   0.591         
 1327   418  15.900   0.610         
 1328    42  15.540   0.630   0.160
 1328   418  15.561   0.667         
 1329   418  16.176   0.792         
 1330   418  17.531   0.679         
 1333    42  15.030   0.550         
 1333   418  15.050   0.545         
 1335   418  17.302   0.557         
 1336   418  17.102   0.763         
 1339    42  18.980   1.120         
 1339   418  18.901   0.973         
 1340    42  15.520   0.550   0.070
 1340   418  15.550   0.580         
 1341   418  14.375   0.480         
 1345    42  17.090   0.580         
 1345   418  17.168   0.529         
 1346   418  18.885   0.641         
 1348   418  18.517   0.764         
 1349   418  19.373   0.684         
 1350   418  18.120   0.863         
 1356   418  18.202   0.688         
 1360    42  15.960   0.490  -0.010
 1360   418  15.929   0.576         
 1361    42  12.230   0.860   0.430
 1361   418  12.214   0.917         
 1362   418  17.673   0.597         
 1364   418  16.169   0.877         
 1373    42  15.970   0.610   0.130
 1373   418  15.982   0.678         
 1374   418  19.422   0.855         
 1375   418  17.695   1.174         
 1380   418  16.312   0.818         
 1381   418  18.481   0.579         
 1387    42  15.380   0.480   0.020
 1387   418  15.355   0.561         
 1388   418  17.792   0.744         
 1390   418  15.558   0.682         
 1391   418  18.047   0.828         
 1392    42  13.590   0.510   0.020
 1392   418  13.625   0.520         
 1396    42  15.550   0.520   0.040
 1396   418  15.538   0.585         
 1397    42  17.370   0.560         
 1397   418  17.389   0.642         
 1398    42  17.860   0.710         
 1398   418  17.903   0.658         
 1400    42  18.830   1.780         
 1403   418  19.314   0.875         
 1404   418  16.746   0.590         
 1405    42  19.020   0.820         
 1405   418  18.982   0.821         
 1414   418  19.207   0.965         
 1416   418  17.081   0.906         
 1417    42  14.270   0.450   0.010
 1417   418  14.300   0.479         
 1418    42  14.020   0.450  -0.010
 1418   418  14.085   0.434         
 1421    42  12.080   0.050   0.060
 1427    42  18.250   0.970         
 1427   418  18.297   0.695         
 1430   418  16.094   0.597         
 1433   418  17.480   0.638         
 1435   418  17.379   0.908         
 1436   418  13.825   0.488         
 1443   418  18.040   1.314         
 1445   418  19.151   1.470         
 1447    42  13.610   0.520   0.030
 1447   418  13.650   0.552         
 1452    42  17.780   1.050         
 1453   418  17.561   0.705         
 1460   418  18.656   0.772         
 1462    42  15.090   0.580   0.090
 1462   418  15.090   0.614         
 1472   418  14.431   0.470         
 1474   418  15.283   0.635         
 1480    42  18.400   0.650         
 1480   418  18.462   0.646         
 1481    42  14.360   1.070   0.900
 1481   418  14.380   1.090         
 1488    42  18.030   0.940         
 1490   418  18.423   0.801         
 1493   418  17.553   0.625         
 1494    42  15.750   0.690   0.260
 1494   418  15.770   0.712         
 1495   418  17.275   0.542         
 1502   418  14.162   0.508         
 1507   418  15.451   0.776         
 1511    42  17.610   0.780         
 1511   418  17.666   0.882         
 1512   418  18.263   1.186         
 1515   418  19.751   0.844         
 1517   418  15.377   0.607         
 1519   418  17.713   0.654         
 1520   418  17.335   0.553         
 1524   418  18.010   0.893         
 1527    42  17.850   0.860         
 1527   418  17.870   0.906         
 1534    42  17.560   1.210         
 1534   418  17.694   1.092         
 1535   418  15.319   0.426         
 1540   418  15.434   0.560         
 1541   418  15.543   0.548         
 1543   418  14.792   0.553         
 1549    42  16.810   0.970         
 1549   418  16.841   0.906         
 1552   418  15.917   0.661         
 1556   418  17.917   0.607         
 1560    42  15.330   0.490  -0.030
 1560   418  15.314   0.532         
 1562    42  16.150   0.500   0.130
 1562   418  16.190   0.534         
 1563   418  17.022   0.661         
 1572   418  17.480   0.704         
 1574    42  16.520   0.720   0.200
 1574   418  16.498   0.805         
 1575    42  16.500   0.770         
 1575   418  16.483   0.841         
 1577   418  14.567   0.429         
 1580   418  16.318   0.991         
 1583   418  20.227   0.724         
 1589    42  16.510   0.990   0.470
 1589   418  16.524   1.027         
 1596    42  15.550   0.800   0.170
 1597   418  16.448   0.730         
 1606   418  14.525   0.646         
 1607   418  14.045   0.947         
 1608    42  16.520   0.520  -0.030
 1608   418  16.428   0.591         
 1611    42  17.300   0.850         
 1611   418  17.290   0.791         
 1612   418  18.784   1.303         
 1620   418  16.616   0.693         
 1622    42  18.820   1.250         
 1622   418  18.720   1.289         
 1623   418  16.533   0.513         
 1627   418  17.495   0.726         
 1628    42  14.980   0.500  -0.060
 1628   418  14.975   0.540         
 1629   418  15.473   0.621         
 1631   418  17.346   0.590         
 1632    42  15.940   0.700   0.240
 1632   418  15.952   0.733         
 1633    42  16.980   0.770         
 1633   418  16.964   0.729         
 1636   418  16.250   0.616         
 1638   418  14.019   0.970         
 1641    42  11.760   0.240  -0.010
 1642    42  16.930   1.400         
 1642   418  16.876   1.278         
 1644   418  18.914   0.931         
 1645   418  17.562   0.598         
 1647   418  17.539   0.864         
 1648   418  15.028   0.570         
 1649    42  14.600   0.700   0.260
 1649   418  14.618   0.730         
 1651    42  19.000   1.130         
 1651   418  18.990   0.874         
 1652   418  13.150   0.653         
 1653   418  14.096   0.472         
 1656   418  16.733   0.894         
 1657    42  14.390   0.500  -0.030
 1657   418  14.325   0.572         
 1659    42  17.420   0.800         
 1659   418  17.435   0.701         
 1662   418  15.858   1.259         
 1663   418  18.825   0.877         
 1664    42  17.160   0.620         
 1664   418  17.229   0.653         
 1666   418  19.737   0.964         
 1668   418  18.448   1.093         
 1671   418  15.704   0.611         
 1675   418  16.822   1.095         
 1676   418  16.635   0.743         
 1677   418  16.259   0.693         
 1682   418  17.398   0.910         
 1684    42  17.500   0.840         
 1685    42  17.510   0.700         
 1685   418  17.522   0.626         
 1689   418  18.569   0.833         
 1693    42  15.990   0.690   0.050
 1693   418  15.833   0.679         
 1694   418  14.926   0.515         
 1695   418  15.269   0.590         
 1696   418  14.406   0.559         
 1698   418  18.369   1.392         
 1701   418  16.859   0.582         
 1703   418  19.106   0.706         
 1704   418  14.576   0.473         
 1705   418  13.567   0.493         
 1709   418  17.205   0.567         
 1712   418  18.849   0.782         
 1714   418  19.946   1.203         
 1715   418  18.374   1.179         
 1716   418  14.002   0.575         
 1717   418  17.772   1.588         
 1720   418  14.786   0.457         
 1721   418  15.746   0.611         
 1725   418  16.529   0.742         
 1727   418  15.019   0.556         
 1728   418  13.656   0.510         
 1729   418  19.915   1.252         
 1730   418  18.740   0.631         
 1732   418  17.924   0.812         
 1734   418  16.617   0.736         
 1735   418  16.600   0.590         
 1737   418  14.866   0.505         
 1738   418  16.723   0.758         
 1742   418  14.715   0.506         
 1746   418  13.572   0.446         
 1747   418  14.166   0.778         
 1749   418  18.079   0.754         
 1752   418  12.665   1.140         
 1755   418  14.995   0.355         
 1759   418  18.773   0.562         
 1760   418  15.642   0.508         
 1761   418  15.840   0.591         
 1762   418  19.590   0.900         
 1763   418  16.486   0.532         
 1769   418  17.513   0.898         
 1772   418  16.247   0.812         
 1774   418  16.770   0.548         
 1777   418  14.293   0.534         
 1782   418  14.734   0.817         
 1785   418  19.448   1.043         
 1786   418  17.861   1.070         
 1788   418  18.266   0.771         
 1792   418  17.312   0.631         
 1793   418  15.826   0.972         
 1795   418  18.475   0.567         
 1796   418  17.252   0.534         
 1798   418  18.283   0.620         
 1805   418  13.980   0.497         
 1807   418  13.402   0.718         
 1808   418  13.800   0.447         
 1812   418  16.375   0.686         
 1813   418  19.581   1.024         
 1814   418  17.385   0.724         
 1816   418  12.753   0.388         
 1817   418  18.879   1.554         
 1818   418  17.025   0.894         
 1819   418  18.356   1.081         
 1820   418  15.082   0.669         
 1822   418  16.878   0.762         
 1823   418  17.379   0.738         
 1824   418  17.804   0.603         
 1829   418  19.562   1.151         
 1830   418  19.137   1.254         
 1831   418  15.519   0.667         
 1834   418  18.650   0.648         
 1835   418  19.733   1.305         
 1836   418  18.931   1.134         
 1839   418  15.347   0.952         
 1840   418  15.533   0.610         
 1843   418  13.830   0.517         
 1845   418  16.145   0.657         
 1848   418  14.772   0.525         
 1853   418  18.626   0.829         
 1855   418  18.983   1.447         
 1856   418  16.272   0.721         
 1857   418  18.508   0.705         
 1858   418  14.789   0.480         
 1862   418  18.791   0.609         
 1865   418  15.340   0.668         
 1866   418  12.752   0.577         
 1867   418  14.892   0.688         
 1870   418  18.212   0.846         
 1871   418  14.142   0.461         
 1872   418  14.918   0.573         
 1873   418  17.009   0.581         
 1875   418  20.111   0.968         
 1877   418  18.333   0.717         
 1880   418  15.768   1.155         
 1882   418  12.113   1.112         
 1889   418  18.394   1.536         
 1893   418  16.802   0.961         
 1895   418  17.309   1.008         
 1898   418  17.249   1.119         
 1899   418  15.982   0.616         
 1900   418  16.879   0.782         
 1904   418  15.717   0.606         
 1907   418  12.950   0.545         
 1909   418  13.847   0.799         
 1910   418  18.884   0.853         
 1916   418  14.584   0.477         
 1922   418  15.523   1.103         
 1930   418  18.589   1.251         
 1931   418  18.446   0.770         
 1934   418  13.896   0.473         
 1935   418  14.891   0.472         
 1939   418  18.883   1.414         
 1940   418  14.887   0.612         
 1943   418  17.714   0.806         
 1945   418  16.773   0.647         
 1947   418  18.132   0.725         
 1948   418  16.936   0.507         
 1953   418  16.008   0.722         
 1954   418  18.414   0.872         
 1955   418  18.413   0.955         
 1957   418  16.904   0.810         
 1958   418  17.793   0.936         
 1961   418  15.680   0.608         
 1965   418  17.592   0.968         
 1966   418  17.912   0.870         
 1968   418  18.412   0.654         
 1971   418  14.007   0.468         
 1973   418  19.622   1.171         
 1976   418  16.277   0.583         
 1977   418  16.829   0.647         
 1978   418  16.550   0.672         
 1979   418  17.562   0.721         
 1980   418  16.490   0.556         
 1982   418  15.498   0.614         
 1983   418  16.959   1.001         
 1987   418  12.955   0.334         
 1988   418  18.246   0.694         
 1989   418  16.145   0.441         
 1990   418  15.858   0.623         
 1997   418  18.774   0.703         
 2002   418  14.178   0.474         
 2006   418  17.595   0.711         
 2007   418  16.060   0.678         
 2013   418  19.056   1.287         
 2015   418  15.751   0.587         
 2017   418  14.843   0.451         
 2020   418  18.289   0.970         
 2024   418  19.408   1.401         
 2025   418  19.079   1.563         
 2027   418  15.250   0.652         
 2029   418  16.803   0.795         
 2032   418  18.144   1.184         
 2034   418  18.636   0.609         
 2040   418  15.119   0.608         
 2043   418  17.552   0.761         
 2048   418  16.177   0.667         
 2049   418  16.970   0.603         
 2054   418  17.140   1.004         
 2055   418  17.739   0.947         
 2060   418  19.429   0.893         
 2061   418  17.728   0.697         
 2068   418  17.314   0.575         
 2071   418  18.419   1.178         
 2073   418  19.152   0.877         
 2074   418  17.867   0.610         
 2077   418  16.208   0.602         
 2080   418  16.551   0.763         
 2081   418  18.076   0.901         
 2083   418  19.145   1.046         
 2088   418  18.145   1.370         
 2089   418  18.799   1.497         
 2090   418  16.873   0.612         
 2092   418  18.941   1.318         
 2093   418  18.653   1.376         
 2096   418  19.266   0.702         
 2097   418  15.450   0.628         
 2100   418  16.445   0.748         
 2101   418  16.691   0.751         
 2104   418  17.364   0.556         
 2105   418  17.055   0.865         
 2114   418  16.083   0.718         
 2117   418  18.774   0.857         
 2118   418  18.960   0.693         
 2121   418  18.355   0.746         
 2131   418  19.052   0.805         
 2138   418  16.040   0.775         
 2153   418  17.093   0.704         
 2154   418  16.988   0.531         
 2160   418  16.713   0.756         
 2161   418  15.696   0.575         
 2163   418  16.210   0.661         
 2164   418  15.062   0.562         
 2170   418  18.357   0.426         
 2171   418  16.675   0.662         
 2187   418  18.408   0.508         
 2194   418  17.222   0.688         
 2199   418  18.920   0.773         
 2201   418  18.745   0.284         
 2207   418  18.663  -0.030         
 2209   418  17.441   0.691         
 2218   418  17.244   0.829         
 2219   418  17.866   0.735         
 2225   418  15.359   0.533         
 2231   418  17.808   0.623         
 2535   418  19.650   0.586         
 2537   418  16.582   0.422         
 2545    42  13.110   0.450   0.020
 2545   418  12.991   0.524         
 2548   418  19.558   0.657         
 2551   418  19.815   1.018         
 2555   418  19.411   0.794         
 2558   418  19.872   0.784         
 2559    42  11.860   1.140   1.040
 2560    42  11.070   1.220   1.160
 2561    42  18.930   1.380         
 2562    42  17.950   1.770         
 2563    42  17.800   1.090         
 2564    42  18.480   1.070         
 2565   418  11.036   1.278         
 2566   418  11.789   0.246         
 2567   418  11.851   1.187         
 2568   418  11.903   0.398         
 2569   418  12.074   0.104         
 2570   418  12.418   0.009         
 2571   418  16.235   0.726         
 2572   418  16.881   0.764         
 2573   418  16.941   0.731         
 2574   418  17.025   0.832         
 2575   418  17.733   1.058         
 2576   418  19.114   1.027         
 2577   418  19.387   1.283         
 2578   418  19.402   1.063         
 2579   418  19.495   1.025         
 2580   418  19.569   0.739         
 2581   418  19.659   0.969         
 2582   418  19.709   0.629         
 2583   418  19.725   0.731         
 2584   418  19.818   0.877         
 2585   418  19.886   0.421         
 2586   418  19.929   0.282         
 2587   418  19.931   1.062         
 2588   418  19.942   0.624         
 2589   418  20.035   0.601         
 2590   418  20.065   0.688         
 2591   418  20.083   0.681         
 2592   418  20.084   0.922         
 2593   418  20.134   0.938         
 2594   418  20.244   0.680         
 2595   418  20.289   0.682         
 2596   418  20.357   1.305         
 2597   418  20.363   0.719         
 2598   418  20.379   0.996         
 2599   418  20.391   0.760         
 2600   418  20.470   0.447