UBV CCD observations

  No    Ref    V       B-V     U-B

 0006   242  10.751   0.088  -0.492
 0006   422  10.805   0.144         
 0006   477  10.811   0.121         
 0008   242  12.841   0.311   0.089
 0008   422  12.826   0.343         
 0009   242   6.986   0.020  -0.892
 0009   422   6.986   0.020         
 0010   242  12.644   1.027   0.353
 0010   422  13.878   1.320         
 0011   242  14.781   0.699   0.128
 0011   422  14.778   0.685         
 0011   477  14.833   0.644         
 0012   242  11.897   0.601   0.171
 0012   422  11.911   0.609         
 0013   242  13.349   0.452   0.274
 0013   422  13.343   0.436         
 0013   477  13.369   0.421         
 0014   242  11.424   0.168  -0.247
 0014   422  11.446   0.200         
 0015   242  11.552   0.170  -0.310
 0016   422  12.151   0.252         
 0016   477  12.179   0.272         
 0017   242  11.922   0.170  -0.198
 0017   422  11.946   0.209         
 0017   477  11.936   0.171         
 0018   242  12.705   0.757   0.238
 0018   422  12.723   0.732         
 0019   242  10.756   0.245  -0.451
 0019   422  10.756   0.245         
 0019   477  10.842   0.254         
 0020   242  14.099   0.699   0.184
 0020   422  14.084   0.663         
 0020   477  14.114   0.653         
 0021   242  14.598   0.821   0.362
 0021   422  14.610   0.797         
 0021   477  14.615   0.785         
 0022   242  12.846   1.105   0.828
 0022   422  12.835   1.029         
 0022   477  12.830   1.149         
 0023   242  12.444   1.091   0.776
 0023   422  12.447   1.017         
 0023   477  12.455   1.156         
 0024   242  11.854   0.186  -0.159
 0024   422  11.868   0.201         
 0024   477  11.879   0.189         
 0025   242  11.394   0.144  -0.299
 0025   422  11.406   0.139         
 0025   477  11.430   0.147         
 0026   242  11.596   0.251  -0.266
 0026   422  11.621   0.258         
 0026   477  11.618   0.258         
 0027   242  12.857   0.693   0.220
 0027   422  12.842   0.668         
 0027   422  12.842   0.668         
 0027   477  12.854   0.688         
 0028   242  13.233   0.415   0.346
 0028   422  13.199   0.390         
 0028   477  13.252   0.386         
 0029   242  13.150   0.844   0.036
 0029   422  13.123   0.906         
 0029   477  13.115   0.837         
 0030   242  15.666   0.861   0.574
 0030   422  15.650   0.874         
 0031   242  11.692   0.241  -0.198
 0031   422  11.706   0.261         
 0031   422  11.706   0.261         
 0031   477  11.725   0.246         
 0032   242  10.374   0.123  -0.599
 0032   422  10.374   0.123         
 0033   242  13.356   0.806   0.507
 0033   422  13.331   0.831         
 0033   477  13.355   0.798         
 0034   242  13.841   0.845   0.218
 0034   422  13.826   0.895         
 0034   477  13.864   0.818         
 0035   242   9.838   1.141   0.868
 0036   242  14.340   0.981   0.450
 0036   422  14.253   0.964         
 0036   477  14.333   0.996         
 0037   242  14.625   0.767   0.123
 0037   422  14.641   0.754         
 0037   477  14.651   0.722         
 0038   242  12.169   0.531   0.363
 0038   422  12.155   0.504         
 0038   422  18.689   1.537         
 0038   477  12.201   0.533         
 0039   242  14.389   1.217   0.729
 0039   422  14.346   1.175         
 0039   477  14.313   1.225         
 0040   242  13.452   1.200   0.738
 0040   422  13.353   1.178         
 0040   477  13.232   1.241         
 0041   242  12.533   0.338   0.224
 0041   422  12.502   0.326         
 0041   477  12.524   0.331         
 0042   242   9.122   0.042  -0.754
 0042   422   9.122   0.042         
 0043   242   9.217   0.069  -0.629
 0044   242  14.775   1.295   1.264
 0044   422  14.783   1.218         
 0044   477  14.769   1.373         
 0046   242  11.560   0.227  -0.154
 0046   422  11.580   0.223         
 0046   477  11.586   0.233         
 0047   242  12.278   0.273   0.124
 0047   422  12.277   0.268         
 0047   477  12.317   0.264         
 0048   242  13.442   2.059   1.911
 0048   422  13.530   2.096         
 0048   477  13.483   2.248         
 0049   242  11.068   0.148  -0.443
 0049   422  11.086   0.151         
 0049   477  11.082   0.163         
 0050   242  15.176   0.926   0.368
 0050   422  15.192   0.871         
 0051   242  14.297   1.945   2.108
 0051   422  14.370   1.938         
 0051   422  17.202   1.618         
 0051   477  14.274   2.096         
 0052   242  12.108   0.339   0.293
 0052   422  12.114   0.306         
 0052   477  12.144   0.333         
 0053   242  13.072   0.648   0.348
 0053   422  13.050   0.599         
 0053   477  13.046   0.637         
 0054   242  11.523   0.306   0.128
 0054   422  11.572   0.285         
 0054   477  11.560   0.306         
 0055   242  10.021   0.140  -0.616
 0055   422  10.028   0.154         
 0056   242   9.024   0.115  -0.708
 0057   242  13.671   0.632   0.422
 0057   422  13.645   0.623         
 0057   477  13.684   0.598         
 0058   242  10.016   0.167  -0.655
 0058   422  10.016   0.167         
 0059   242   8.859   0.105  -0.640
 0060   242   9.608   0.119  -0.655
 0061   242  10.253   0.118  -0.622
 0061   422  10.282   0.142         
 0062   242  14.192   1.043   0.507
 0062   422  14.141   1.051         
 0062   477  14.116   1.053         
 0063   242  12.278   0.832   0.311
 0063   422  12.293   0.770         
 0063   477  12.301   0.851         
 0064   242  11.634   0.221  -0.214
 0064   422  11.674   0.230         
 0064   477  11.666   0.225         
 0065   242   7.381   0.165  -0.789
 0065   422   7.381   0.165         
 0066   242  10.144   0.113  -0.652
 0067   242  11.966   0.366   0.300
 0067   422  11.993   0.349         
 0067   422  11.993   0.349         
 0067   477  11.978   0.373         
 0068   242  15.322   0.851   0.268
 0068   422  15.327   0.826         
 0069   242  12.258   0.835   0.284
 0069   422  12.284   0.797         
 0069   477  12.272   0.854         
 0070   242  10.459   0.150  -0.605
 0070   422  10.510   0.163         
 0071   242  13.346   0.862   0.287
 0071   422  13.354   0.841         
 0071   477  13.362   0.864         
 0072   242  14.044   0.643   0.196
 0072   422  14.055   0.636         
 0072   477  14.062   0.589         
 0073   242   8.229   0.082  -0.722
 0074   242  10.645   0.114  -0.571
 0074   422  10.695   0.122         
 0074   477  10.663   0.154         
 0075   242  14.171   0.972   0.490
 0075   422  14.186   0.984         
 0075   477  14.143   1.005         
 0076   242   9.469   0.072  -0.698
 0077   242  11.993   0.517   0.382
 0077   422  12.009   0.469         
 0077   477  12.029   0.508         
 0078   242  13.969   0.610   0.298
 0078   422  13.972   0.578         
 0078   477  13.995   0.542         
 0079   242  14.590   1.179   0.623
 0079   422  14.639   1.152         
 0079   477  14.686   1.185         
 0080   242   9.354   0.070  -0.758
 0081   242  11.699   0.176  -0.336
 0081   422  11.754   0.183         
 0081   477  11.734   0.174         
 0082   242  12.359   0.300   0.012
 0082   422  12.380   0.316         
 0082   477  12.390   0.292         
 0083   242  10.424   0.121  -0.570
 0083   422  10.454   0.545         
 0083   477  10.463   0.163         
 0084   242  11.874   0.218  -0.234
 0084   422  11.920   0.256         
 0084   477  11.917   0.227         
 0086   242   9.747   0.184  -0.471
 0087   242  12.845   0.874   0.243
 0087   422  12.898   0.861         
 0087   477  12.902   0.906         
 0088   242   8.548   0.608   0.052
 0089   242  13.530   0.736   0.181
 0089   422  13.616   0.719         
 0089   477  13.575   0.717         
 0090   242  14.541   1.085   0.536
 0090   422  14.903   1.206         
 0090   477  14.783   1.106         
 0091   242  13.526   0.715   0.157
 0091   422  13.538   0.689         
 0091   477  13.555   0.690         
 0092   242  16.210   0.976   0.414
 0092   422  16.215   0.928         
 0093   242   8.509   0.044  -0.757
 0093   422   8.509   0.044         
 0094   242  12.649   0.274   0.046
 0094   422  12.687   0.275         
 0094   477  12.691   0.249         
 0095   242  10.205   1.205   0.899
 0095   422  10.205   1.205         
 0096   242  12.149   0.213  -0.109
 0096   422  12.186   0.231         
 0096   477  12.189   0.202         
 0097   242  11.355   0.161  -0.484
 0097   422  11.408   0.145         
 0097   477  11.391   0.154         
 0098   242  14.013   0.595   0.105
 0098   422  14.030   0.566         
 0098   477  14.051   0.549         
 0099   242  10.771   0.118  -0.526
 0099   477  10.793   0.153         
 0101   242  14.618   1.039   0.475
 0101   422  14.665   1.018         
 0101   477  14.678   1.041         
 0102   242  13.720   0.869   0.345
 0102   422  13.740   0.839         
 0102   477  13.741   0.861         
 0103   242  14.723   0.927   0.308
 0103   422  14.733   0.894         
 0104   242  15.624   1.034   0.614
 0104   422  15.636   0.978         
 0105   242  10.476   0.171  -0.327
 0105   477  10.510   0.203         
 0106   242  15.463   0.900   0.355
 0107   242  16.192   1.427   1.094
 0107   422  16.297   1.414         
 0107   422  16.297   1.414         
 0108   242  14.073   0.857   0.351
 0108   422  14.093   0.804         
 0108   477  14.112   0.832         
 0109   242  14.577   0.810   0.243
 0109   422  14.594   0.757         
 0109   477  14.609   0.773         
 0110   242  11.203   0.181  -0.440
 0110   422  11.221   0.244         
 0110   477  11.224   0.182         
 0111   242  12.618   0.293   0.034
 0111   422  12.640   0.328         
 0111   422  12.640   0.328         
 0111   477  12.654   0.266         
 0112   242  14.837   1.023   0.276
 0112   422  14.824   1.103         
 0112   477  14.854   1.011         
 0113   242  13.912   1.797   1.751
 0113   422  13.953   1.777         
 0113   477  13.918   1.927         
 0114   242  11.942   0.391  -0.215
 0114   422  11.949   0.431         
 0114   477  11.976   0.392         
 0115   242  15.497   0.854   0.229
 0115   422  15.496   0.865         
 0116   477  11.292   0.307         
 0117   477  10.813   0.269         
 0119   242  11.152   0.176  -0.110
 0119   422  11.129   0.213         
 0120   242  12.405   0.212  -0.102
 0120   422  12.391   0.250         
 0121   242  13.737   0.689  -0.010
 0121   422  13.745   0.709         
 0122   242  12.823   0.505   0.268
 0122   422  12.797   0.517         
 0123   242  13.622   0.871  -0.051
 0123   422  13.544   1.028         
 0124   242  13.211   0.863   0.400
 0124   422  13.168   0.879         
 0125   242  13.240   0.798   0.266
 0125   422  13.201   0.785         
 0126   242  11.696   1.380   1.371
 0126   422  11.703   1.302         
 0127   242  14.146   1.098   0.898
 0127   422  14.152   1.060         
 0127   477  14.154   1.133         
 0128   242  14.092   0.737   0.228
 0128   422  14.123   0.742         
 0128   477  14.150   0.658         
 0129   242  13.031   0.877   0.440
 0129   422  13.048   0.851         
 0129   477  13.014   0.893         
 0130   242  11.207   0.761   0.310
 0130   422  11.199   0.719         
 0131   242  13.087   0.342   0.248
 0131   422  13.049   0.411         
 0134   242  13.078   0.860   0.483
 0134   422  13.044   0.880         
 0134   422  13.044   0.880         
 0134   477  12.942   0.839         
 0135   242  14.103   0.593   0.218
 0135   422  14.114   0.649         
 0135   477  14.137   0.583         
 0136   242  14.180   0.755   0.293
 0136   422  14.191   0.824         
 0136   477  14.201   0.764         
 0137   422  11.712   0.272         
 0137   477  11.701   0.248         
 0139   422  12.384   1.328         
 0139   477  12.367   1.485         
 0140   477  13.463  -0.075         
 0141   422  11.602   0.555         
 0141   477  11.564   0.414         
 0142   422  11.711   0.290         
 0144   242  11.200   0.215  -0.152
 0144   477  11.223   0.230         
 0145   242  13.505   0.736   0.217
 0145   422  13.512   0.740         
 0146   242  13.127   0.700   0.202
 0146   422  13.138   0.709         
 0150   477  13.182   0.649         
 0151   422  12.153   0.833         
 0151   477  12.194   0.808         
 0152   477  13.026   0.640         
 0153   477  12.579   0.826         
 0154   242  14.350   0.678   0.173
 0154   422  14.338   0.643         
 0155   242  13.726   0.678   0.237
 0155   422  13.733   0.655         
 0155   477  13.756   0.649         
 0156   242  13.964   0.641   0.161
 0156   422  13.966   0.617         
 0156   477  13.997   0.598         
 0157   242  14.228   0.732   0.292
 0157   422  14.198   0.780         
 0157   477  14.241   0.703         
 0159   242  13.592   0.435   0.263
 0159   422  13.596   0.401         
 0159   477  13.631   0.386         
 0160   242  12.689   0.370   0.155
 0160   422  12.718   0.355         
 0160   422  12.718   0.355         
 0160   477  12.717   0.337         
 0161   242  13.753   0.578   0.139
 0161   422  13.753   0.575         
 0161   477  13.802   0.523         
 0162   242  12.082   0.714   0.234
 0162   422  12.077   0.670         
 0162   477  12.034   0.748         
 0163   242  12.701   0.283   0.212
 0163   422  12.674   0.260         
 0163   477  12.731   0.259         
 0164   242  14.002   0.790   0.235
 0164   422  13.998   0.766         
 0164   477  14.014   0.763         
 0165   242  14.614   1.060   0.489
 0165   422  14.700   1.033         
 0165   422  14.700   1.033         
 0165   477  14.761   1.069         
 0166   242  13.674   0.789   0.208
 0166   422  13.629   0.844         
 0166   477  13.658   0.759         
 0167   242  14.442   0.936   0.377
 0167   422  14.425   0.914         
 0167   422  14.425   0.914         
 0167   477  14.422   0.923         
 0168   242  12.181   0.218  -0.032
 0168   422  12.181   0.252         
 0169   242  12.601   0.726   0.148
 0169   422  12.579   0.721         
 0170   242   9.953   0.184  -0.584
 0172   242  12.258   0.224  -0.017
 0172   422  12.240   0.256         
 0172   422  12.240   0.256         
 0173   242  11.722   0.416  -0.098
 0173   422  11.714   0.423         
 0173   422  11.714   0.423         
 0174   242  13.899   0.747   0.174
 0174   422  13.936   0.733         
 0176   242  14.339   0.687   0.116
 0176   422  14.294   0.658         
 0177   242  10.297   0.578  -0.617
 0178   242  10.852   1.186   1.008
 0179   242  12.747   1.114   0.837
 0180   242  12.112   0.269   0.241
 0181   242  12.952   0.539   0.188
 0182   242  10.619   0.963   0.539
 0183   242  11.542   1.303   0.986
 0184   242  11.737   0.134  -0.232
 0185   242  12.908   0.655   0.167
 0186   242  11.682   1.417   1.506
 0187   242  13.822   0.791   0.189
 0188   242  14.592   0.790   0.203
 0189   242  12.114   0.692   0.238
 0189   422  12.085   0.722         
 0190   242  13.795   0.657   0.160
 0190   422  13.778   0.627         
 0191   242  14.437   0.678   0.141
 0191   422  14.420   0.688         
 0192   242  14.205   0.769   0.135
 0192   422  14.163   0.743         
 0192   422  14.163   0.743         
 0193   242  14.281   0.707   0.121
 0193   422  14.231   0.716         
 0194   242  13.516   0.792   0.219
 0194   422  13.472   0.780         
 0195   242  14.480   0.720   0.085
 0195   422  14.399   0.749         
 0223   242  14.156   0.645   0.047
 0224   242  12.593   0.571   0.147
 0226   242  13.515   0.633   0.262
 0226   422  13.489   0.672         
 0227   242  14.204   0.913   0.472
 0229   242  13.825   1.999   2.326
 0229   422  13.861   2.004         
 0229   477  13.842   2.176         
 0230   242  14.090   0.708   0.472
 0230   422  14.070   0.710         
 0230   477  14.112   0.667         
 0231   242  14.233   0.620   0.111
 0231   422  14.201   0.617         
 0231   477  14.248   0.572         
 0232   242  14.227   0.739   0.241
 0232   422  14.220   0.725         
 0232   477  14.269   0.705         
 0233   242  14.763   0.685   0.185
 0233   422  14.723   0.698         
 0234   242  13.957   0.728   0.266
 0234   422  13.914   0.784         
 0235   242  14.001   1.256   0.411
 0235   422  13.982   1.400         
 0236   242  14.138   0.730   0.174
 0236   422  14.062   0.732         
 0237   242  14.550   0.927   0.512
 0237   422  14.496   0.887         
 0238   242  14.211   0.592   0.333
 0238   422  14.153   0.642         
 0239   242  13.578   0.698   0.185
 0240   242  13.987   0.737   0.241
 0240   422  13.923   0.735         
 0241   242  11.829   0.255  -0.220
 0243   242  14.166   0.644   0.135
 0244   242  12.056   1.266   1.251
 0245   242  10.083   0.401   0.292
 0248   242  14.487   0.705   0.477
 0249   242  15.102   0.748   0.179
 0250   242  15.000   0.843   0.265
 0251   242  15.222   0.755   0.157
 0251   422  15.162   0.766         
 0252   242  14.754   0.957   0.577
 0253   242  14.510   1.000   0.529
 0253   422  14.533   0.923         
 0254   242  15.028   1.046   0.486
 0254   422  15.101   0.918         
 0255   242  15.046   1.235   0.972
 0255   422  15.022   1.189         
 0256   242  15.231   0.774   0.254
 0256   422  15.141   0.764         
 0257   242  14.881   1.083   0.613
 0257   422  14.863   1.027         
 0260   242  13.277   0.948   0.394
 0260   422  13.254   0.925         
 0260   422  13.282   0.925         
 0261   242  14.200   0.576   0.224
 0261   422  14.182   0.661         
 0262   242  13.923   0.843   0.319
 0262   422  13.926   0.828         
 0262   422  13.926   0.828         
 0262   477  13.949   0.835         
 0263   242  11.432   0.213  -0.334
 0263   422  11.468   0.244         
 0263   422  11.468   0.244         
 0263   477  11.459   0.216         
 0264   242  14.079   0.786   0.247
 0264   422  14.079   0.799         
 0264   477  14.092   0.764         
 0266   242  14.232   0.923   0.290
 0266   422  14.184   0.910         
 0267   242  14.999   1.025   0.429
 0267   422  14.981   0.990         
 0268   242  15.133   0.872   0.242
 0268   422  15.147   0.815         
 0269   242  14.983   1.061   0.679
 0269   422  14.953   1.015         
 0279   422  12.833   0.806         
 0280   422  12.931   0.659         
 0283   477  13.236   1.315         
 0284   477  13.888   0.894         
 0285   477  14.258   0.830         
 0287   242  13.802   1.234   0.763
 0287   422  13.755   1.190         
 0287   422  13.755   1.190         
 0290   242  14.022   1.540   1.294
 0290   422  14.044   1.544         
 0290   477  13.976   1.628         
 0291   422  13.136   1.418         
 0291   477  13.151   1.519         
 0292   477  13.954   0.665         
 0293   477  13.023   2.313         
 0294   242  14.227   1.067   0.640
 0294   422  14.229   1.008         
 0294   422  14.229   1.008         
 0294   477  14.248   1.073         
 0295   242  13.966   0.746   0.250
 0295   422  13.956   0.716         
 0295   477  13.999   0.714         
 0298   242  12.999   2.119   2.535
 0298   422  13.078   2.106         
 0309   242  14.476   1.272   0.513
 0309   422  14.469   1.276         
 0309   422  14.469   1.276         
 0310   242  14.408   0.755   0.237
 0310   422  14.433   0.754         
 0311   242  13.977   0.966   0.771
 0311   422  13.975   1.014         
 0311   477  13.992   0.951         
 0313   422  12.957   1.807         
 0313   477  12.927   1.945         
 0314   242  13.608   1.226   0.692
 0314   422  13.655   1.254         
 0314   422  13.655   1.254         
 0314   477  13.593   1.271         
 0315   242  14.159   0.875   0.132
 0315   422  14.153   0.934         
 0315   477  14.166   0.827         
 0319   477  11.878   3.032         
 1002   242  15.611   0.833   0.304
 1003   242  16.341   1.061   0.593
 1004   242  16.138   0.940   0.307
 1005   242  16.522   1.022   0.719
 1011   242  15.659   1.051   0.757
 1012   242  14.834   0.702   0.149
 1014   242  16.600   1.291   1.047
 1015   242  15.954   1.002   0.496
 1016   242  16.506   0.935   0.343
 1018   242  14.864   0.972   0.618
 1020   242  15.170   1.283   0.995
 1021   242  15.496   1.078   0.633
 1023   242  16.286   0.981   0.551
 1026   242  16.326   1.165   0.961
 1028   242  15.513   1.253   0.924
 1029   242  14.236   0.889   0.362
 1030   242  14.530   0.705   0.166
 1031   242  15.172   0.783   0.165
 1032   242  16.065   1.390   0.682
 1033   242  16.343   0.952   0.286
 1034   242  16.474   1.104   0.502
 1036   242  14.382   0.903   0.282
 1037   242  15.838   0.819   0.063
 1040   242  16.796   1.308   0.868
 1041   242  15.780   1.132   0.822
 1042   242  15.453   0.871   0.263
 1045   242  16.287   0.887   0.313
 1053   242  15.620   1.106   0.772
 1056   242  15.209   0.907   0.458
 1058   242  15.381   0.905   0.459
 1059   242  15.333   0.930   0.580
 1063   242  16.404   1.238   0.737
 1066   242  16.783   1.186   0.464
 1069   242  15.777   0.871   0.315
 1070   242  15.916   1.021   0.507
 1071   242  16.541   1.015   0.703
 1071   422  16.482   1.113         
 1073   242  15.779   1.023   0.569
 1073   422  15.726   1.034         
 1074   422  16.460   1.692         
 1076   242  16.349   1.178   0.811
 1076   422  16.282   1.234         
 1077   422  16.866   1.514         
 1079   242  14.709   0.885   0.567
 1079   422  14.648   0.941         
 1080   242  16.321   1.120   0.760
 1080   422  16.276   1.105         
 1081   242  16.206   1.036   0.890
 1081   422  16.422   1.223         
 1082   422  16.665   1.216         
 1083   242  16.454   0.997   0.650
 1083   422  16.313   1.042         
 1084   242  16.890   1.314   1.082
 1084   422  16.828   1.514         
 1085   422  16.751   2.336         
 1086   242  16.552   1.312   0.580
 1086   422  16.539   1.494         
 1088   242  16.549   1.270   0.568
 1088   422  16.495   1.381         
 1089   422  16.106   1.119         
 1090   242  16.689   1.052   0.724
 1090   422  16.619   1.162         
 1091   242  15.919   1.165   0.810
 1091   422  15.869   1.142         
 1092   422  15.426   2.625         
 1094   422  16.382   1.823         
 1095   242  14.440   1.016   0.652
 1095   422  14.383   1.073         
 1098   242  16.742   1.131   0.491
 1098   422  16.681   1.169         
 1099   242  16.430   1.053   0.439
 1099   422  16.398   1.006         
 1100   242  16.596   1.338   0.729
 1100   422  16.585   1.421         
 1101   242  16.104   0.929   0.629
 1101   422  16.043   0.979         
 1102   422  16.681   0.964         
 1103   242  14.934   0.729   0.167
 1103   422  14.870   0.735         
 1105   242  16.788   1.209   0.405
 1105   422  16.729   1.282         
 1106   242  14.432   0.925   0.407
 1106   422  14.395   0.888         
 1107   242  16.326   1.240   0.564
 1107   422  16.262   1.319         
 1108   422  16.967   1.795         
 1109   422  16.519   1.550         
 1110   242  16.793   1.186   0.399
 1110   422  16.746   1.268         
 1111   422  16.770   1.046         
 1112   242  16.533   1.136   0.639
 1112   422  16.452   1.197         
 1113   422  15.740   0.962         
 1114   422  15.025   0.914         
 1115   242  15.634   1.011   0.673
 1115   422  15.616   0.950         
 1116   242  14.416   2.126   1.860
 1116   422  14.438   2.164         
 1117   242  14.819   2.230   1.886
 1117   422  14.814   2.373         
 1118   242  16.954   1.097   0.829
 1118   422  16.946   1.056         
 1119   242  14.890   0.887   0.401
 1119   422  14.796   0.927         
 1120   422  16.750   0.922         
 1121   242  16.326   1.290   0.628
 1121   422  16.267   1.380         
 1122   422  16.823   1.047         
 1124   422  16.917   1.317         
 1127   242  16.829   1.103   0.838
 1127   422  16.745   1.090         
 1128   422  16.740   1.412         
 1129   242  16.011   0.886   0.306
 1129   422  15.915   0.922         
 1130   242  16.486   1.225   0.783
 1130   422  16.415   1.335         
 1131   242  16.121   1.014   0.710
 1132   242  16.475   1.377   0.968
 1132   422  16.444   1.499         
 1133   242  16.405   0.934   0.300
 1133   422  16.314   0.963         
 1134   422  16.354   2.236         
 1136   422  15.852   0.806         
 1140   242  16.160   1.399   0.605
 1140   422  16.104   1.530         
 1142   242  14.334   1.254   0.703
 1142   422  14.202   1.216         
 1143   242  16.390   1.121   0.754
 1143   422  16.364   1.021         
 1145   242  16.692   1.066   0.648
 1145   422  16.655   1.050         
 1146   422  16.239   1.473         
 1149   242  16.202   1.248   0.602
 1149   422  16.163   1.336         
 1151   242  15.381   1.332   0.916
 1151   422  15.321   1.306         
 1152   242  15.538   0.914   0.328
 1152   422  15.494   0.881         
 1153   422  16.850   1.408         
 1154   242  16.909   1.205   1.131
 1154   422  16.889   1.137         
 1155   242  16.796   1.230   0.587
 1155   422  16.781   1.309         
 1156   242  16.943   1.085   0.643
 1156   422  16.852   1.186         
 1157   422  15.446   1.502         
 1159   242  16.796   1.129   0.762
 1159   422  16.751   1.144         
 1160   242  16.469   0.972   0.413
 1160   422  16.414   0.970         
 1161   242  16.646   1.076   0.861
 1161   422  16.624   1.013         
 1163   242  15.628   0.954   0.407
 1163   422  15.592   0.897         
 1164   242  15.789   0.895   0.731
 1164   422  15.675   1.016         
 1165   422  15.982   0.959         
 1166   422  16.104   1.741         
 1168   422  16.018   2.000         
 1169   242  15.871   1.173   1.070
 1169   422  15.808   1.261         
 1170   242  16.502   1.179   1.000
 1170   422  16.446   1.240         
 1172   422  16.515   2.023         
 1173   242  15.547   0.845   0.239
 1173   422  15.506   0.808         
 1174   422  16.690   1.431         
 1175   242  16.164   1.397   1.752
 1175   422  16.159   1.354         
 1178   242  14.278   0.975   0.214
 1178   422  14.225   1.054         
 1179   242  15.702   1.045   0.722
 1179   422  15.634   1.045         
 1180   242  16.142   1.352   0.837
 1180   422  16.270   1.269         
 1181   242  16.222   1.214   0.783
 1181   422  16.227   1.192         
 1183   242  15.673   0.838   0.290
 1183   422  15.654   0.805         
 1184   422  16.434   1.302         
 1185   422  14.500   2.402         
 1186   242  16.205   1.116   0.774
 1186   422  16.178   1.144         
 1187   422  16.605   2.055         
 1188   242  16.837   1.173   0.739
 1188   422  16.907   1.212         
 1189   422  17.082   1.200         
 1190   242  15.212   1.809   2.153
 1190   422  15.188   1.849         
 1191   242  15.237   0.776   0.171
 1191   422  15.207   0.734         
 1192   242  16.579   1.103   0.940
 1192   422  16.544   1.153         
 1193   242  15.007   0.903   0.452
 1193   422  14.976   0.863         
 1194   242  11.433   0.193  -0.313
 1195   242  15.184   0.842   0.140
 1195   422  15.157   0.836         
 1196   242  15.645   0.801   0.230
 1196   422  15.585   0.796         
 1197   242  15.691   0.866   0.583
 1197   422  15.645   0.903         
 1198   242  16.896   1.078   0.998
 1198   422  16.885   1.007         
 1200   242  16.393   1.181   0.683
 1200   422  16.367   1.258         
 1202   422  16.534   1.356         
 1203   422  16.109   1.285         
 1203   422  16.109   1.285         
 1204   242  16.696   0.973   0.326
 1204   422  16.672   0.993         
 1205   422  16.435   1.979         
 1207   422  16.789   1.064         
 1208   242  15.393   1.024   0.585
 1208   422  15.330   1.003         
 1209   242  14.835   1.073   0.422
 1209   422  14.719   1.071         
 1209   422  14.719   1.071         
 1210   242  15.751   1.339   0.690
 1210   422  15.685   1.460         
 1211   422  16.214   0.980         
 1212   242  13.714   0.878   0.415
 1212   422  13.645   0.911         
 1213   242  16.789   1.170   0.597
 1213   422  16.769   1.194         
 1215   422  16.707   1.126         
 1216   242  16.748   1.071   0.918
 1216   422  16.785   1.000         
 1217   242  15.031   0.870   0.614
 1217   422  15.011   0.912         
 1218   242  14.703   0.836   0.623
 1218   422  14.596   0.960         
 1219   422  16.836   1.022         
 1220   242  16.867   1.314   1.133
 1220   422  16.886   1.281         
 1221   242  16.648   1.249   0.576
 1221   422  16.616   1.344         
 1222   422  16.836   1.215         
 1222   422  16.836   1.215         
 1223   422  16.762   1.297         
 1223   422  16.762   1.297         
 1224   422  16.845   1.607         
 1225   422  16.924   1.130         
 1226   242  14.989   0.877   0.430
 1226   422  14.973   0.846         
 1227   242  15.601   0.832   0.232
 1227   422  15.565   0.800         
 1228   242  14.497   1.139   0.894
 1228   422  14.618   1.117         
 1228   422  14.618   1.117         
 1229   422  17.100   1.395         
 1230   242  15.671   0.869   0.225
 1230   422  15.620   0.864         
 1231   242  15.963   1.343   0.611
 1231   422  15.863   1.305         
 1231   422  15.863   1.305         
 1232   242  15.407   0.798   0.246
 1232   422  15.375   0.790         
 1234   422  16.951   2.141         
 1235   242  15.817   1.668   1.480
 1235   422  15.825   1.732         
 1236   422  16.796   2.082         
 1238   242  16.963   1.443   0.355
 1238   422  16.551   1.342         
 1238   422  16.551   1.342         
 1239   242  15.613   1.957   1.441
 1239   422  15.657   1.992         
 1241   422  15.416   2.463         
 1242   422  15.597   0.805         
 1244   422  16.773   1.035         
 1245   422  16.536   2.119         
 1246   242  15.088   0.793   0.181
 1246   422  15.066   0.777         
 1247   242  14.840   0.805   0.301
 1247   422  14.779   0.840         
 1248   242  14.952   1.068   0.483
 1248   422  14.844   1.047         
 1249   422  16.860   2.266         
 1250   242  15.311   1.152   0.917
 1250   422  15.282   1.226         
 1251   422  16.299   2.576         
 1252   422  16.383   2.303         
 1255   422  16.414   1.047         
 1256   242  16.891   1.284   0.620
 1256   422  16.863   1.325         
 1257   422  16.201   1.058         
 1258   242  16.002   1.312   0.982
 1258   422  16.018   1.411         
 1259   242  15.742   0.829   0.274
 1259   422  15.734   0.803         
 1260   242  14.702   1.009   0.419
 1260   422  14.522   1.008         
 1260   422  14.522   1.008         
 1264   422  17.001   1.800         
 1265   242  16.488   1.036   0.782
 1265   422  16.406   1.208         
 1269   242  15.281   0.764   0.286
 1269   422  15.266   0.798         
 1270   242  16.732   1.079   0.932
 1270   422  16.766   0.995         
 1270   422  19.137   1.138         
 1271   422  16.076   0.954         
 1272   242  16.973   1.285   0.975
 1272   422  16.997   1.239         
 1273   242  15.994   1.479   1.369
 1273   422  15.979   1.438         
 1275   242  14.740   0.743   0.149
 1275   422  14.731   0.723         
 1278   242  15.442   0.807   0.235
 1278   422  15.450   0.805         
 1278   477  15.494   0.721         
 1280   242  16.134   0.932   0.436
 1280   422  16.123   0.874         
 1284   242  15.821   0.902   0.657
 1284   422  15.825   0.936         
 1285   242  16.266   1.202   0.773
 1285   422  16.317   1.151         
 1285   422  16.317   1.151         
 1286   242  16.890   1.264   0.595
 1286   422  16.838   1.315         
 1288   242  14.491   0.967   0.263
 1288   422  14.428   1.062         
 1291   242  16.026   1.361   1.422
 1291   422  16.143   1.348         
 1291   422  16.143   1.348         
 1292   242  16.837   1.405   0.021
 1292   422  16.942   1.414         
 1292   422  16.942   1.414         
 1293   422  16.523   0.984         
 1295   242  15.510   1.397   0.932
 1295   422  15.444   1.423         
 1295   422  15.444   1.423         
 1296   422  16.865   1.072         
 1297   242  15.927   0.925   0.445
 1297   422  15.912   0.907         
 1299   242  15.278   1.677   1.031
 1299   422  15.293   1.699         
 1300   242  16.534   0.911   1.003
 1300   422  16.492   0.973         
 1302   242  16.090   1.035   0.498
 1302   422  16.092   1.082         
 1303   242  15.636   1.058   0.707
 1303   422  15.602   1.031         
 1304   422  16.838   1.098         
 1305   242  15.637   1.330   0.900
 1305   422  16.313   1.348         
 1305   422  16.313   1.348         
 1306   242  15.726   1.270   0.815
 1306   422  15.708   1.231         
 1306   422  15.708   1.231         
 1307   242  15.700   0.871   0.545
 1307   422  15.691   0.911         
 1309   422  16.990   1.535         
 1311   242  14.648   0.766   0.165
 1311   422  14.591   0.802         
 1312   422  16.587   1.394         
 1313   242  14.568   0.924   0.510
 1313   422  14.555   0.871         
 1314   242  15.280   1.142   0.638
 1314   422  15.351   1.113         
 1314   422  15.351   1.113         
 1316   242  16.241   1.015   0.566
 1316   422  16.222   0.984         
 1317   422  16.336   2.356         
 1318   242  16.455   1.194   0.851
 1318   422  16.452   1.172         
 1319   422  16.754   1.395         
 1321   242  15.654   1.837   0.763
 1321   422  15.789   2.034         
 1322   242  15.570   0.877   0.645
 1322   422  15.560   0.889         
 1323   422  16.759   1.465         
 1324   242  16.534   1.198   0.565
 1324   422  16.536   1.228         
 1327   242  16.235   0.935   0.452
 1327   422  16.206   0.935         
 1328   242  15.991   1.422   0.917
 1328   422  16.023   1.421         
 1328   422  16.023   1.421         
 1330   422  16.730   2.313         
 1331   242  16.817   1.141   0.718
 1331   422  16.791   1.210         
 1332   422  16.988   1.171         
 1333   422  16.732   1.073         
 1334   422  16.298   2.196         
 1335   242  15.642   0.770   0.698
 1335   422  15.537   0.869         
 1335   477  15.616   0.805         
 1336   422  16.564   1.083         
 1337   422  16.854   2.359         
 1338   242  16.567   1.063   1.090
 1338   422  16.533   1.079         
 1339   242  15.455   0.850   0.343
 1339   422  15.433   0.824         
 1340   242  14.850   1.348   1.014
 1340   422  14.736   1.273         
 1340   422  14.736   1.273         
 1340   477  14.733   1.335         
 1341   242  14.371   0.862   0.456
 1341   422  14.465   0.916         
 1342   422  16.837   1.387         
 1343   422  16.001   1.040         
 1344   242  16.463   1.010   0.760
 1344   422  16.446   0.977         
 1345   242  15.235   0.891   0.394
 1345   422  15.171   0.870         
 1345   477  15.222   0.874         
 1346   242  16.607   1.181   0.750
 1346   422  16.603   1.306         
 1347   242  16.466   0.957   0.756
 1347   422  16.471   0.967         
 1348   242  15.581   1.066   0.738
 1348   422  15.597   1.028         
 1349   422  16.728   3.348         
 1350   422  16.752   1.202         
 1351   422  16.262   1.140         
 1352   422  16.354   1.317         
 1355   242  14.818   1.935   2.205
 1355   422  14.850   1.950         
 1355   477  14.826   2.070         
 1356   242  16.858   1.085   0.368
 1356   422  16.872   1.143         
 1358   242  15.036   0.932   0.399
 1358   422  15.021   0.910         
 1359   242  14.800   0.767   0.217
 1359   422  14.817   0.747         
 1359   477  14.793   0.735         
 1360   422  16.276   1.383         
 1360   422  16.276   1.383         
 1361   242  16.854   1.100   0.685
 1361   422  16.868   1.024         
 1362   422  16.368   1.890         
 1364   422  16.420   1.543         
 1364   422  16.420   1.543         
 1365   422  16.913   1.474         
 1366   422  17.040   1.408         
 1366   422  17.040   1.408         
 1367   242  16.849   1.330   0.423
 1367   422  16.765   1.384         
 1367   422  16.765   1.384         
 1368   242  14.725   0.668   0.557
 1368   422  14.732   0.697         
 1368   477  14.743   0.629         
 1369   422  16.920   2.080         
 1370   422  16.319   1.959         
 1371   242  15.843   0.824   0.624
 1371   422  15.831   0.865         
 1372   242  15.815   1.082   0.672
 1372   422  15.816   1.129         
 1373   422  16.398   1.161         
 1374   242  15.572   0.858   0.476
 1374   422  15.575   0.881         
 1374   477  15.578   0.814         
 1375   242  15.228   0.869   0.367
 1375   422  15.241   0.851         
 1376   242  16.184   1.265   0.716
 1376   422  16.183   1.306         
 1377   242  14.861   0.976   0.668
 1377   422  14.855   1.027         
 1377   477  14.868   0.966         
 1378   242  16.878   1.122   0.581
 1378   422  16.866   1.196         
 1380   242  14.556   1.324   1.039
 1380   422  14.563   1.275         
 1380   422  14.588   1.298         
 1381   422  16.103   1.001         
 1383   242  16.554   0.983   0.729
 1383   422  16.545   1.015         
 1386   242  15.507   1.114   0.740
 1386   422  15.505   1.145         
 1387   242  16.431   1.322   0.959
 1387   422  16.311   1.248         
 1387   422  16.311   1.248         
 1388   422  16.647   1.420         
 1390   422  15.990   1.288         
 1390   422  15.990   1.288         
 1391   242  15.073   0.909   0.232
 1391   422  15.005   0.848         
 1393   242  15.281   0.843   0.270
 1393   422  15.270   0.786         
 1393   477  15.333   0.791         
 1394   422  17.295   1.430         
 1394   422  17.295   1.430         
 1395   422  15.844   1.863         
 1397   242  16.212   0.939   0.414
 1397   422  16.213   0.908         
 1399   422  17.070   1.665         
 1399   422  17.070   1.665         
 1400   422  16.159   1.822         
 1402   422  15.730   1.959         
 1403   242  16.782   1.141   1.068
 1403   422  16.768   1.058         
 1404   242  15.159   0.942   0.737
 1404   422  15.145   0.950         
 1404   477  15.186   0.915         
 1406   242  16.716   1.528   0.660
 1406   422  16.722   1.710         
 1407   242  16.108   1.043   0.689
 1407   422  16.107   0.953         
 1408   242  15.190   0.787   0.215
 1408   422  15.187   0.822         
 1409   422  15.893   3.029         
 1410   422  16.737   1.499         
 1410   422  16.737   1.499         
 1413   242  16.296   1.746   1.153
 1413   422  16.038   1.703         
 1413   422  16.038   1.703         
 1414   242  16.690   1.117   0.687
 1414   422  16.714   1.016         
 1415   422  15.764   1.180         
 1415   422  15.764   1.180         
 1417   422  17.315   1.794         
 1417   422  17.315   1.794         
 1418   422  16.545   1.524         
 1418   422  16.545   1.524         
 1420   242  15.798   0.906   0.236
 1420   422  15.789   0.863         
 1422   422  15.689   1.426         
 1422   422  15.689   1.426         
 1423   242  15.247   1.074   0.452
 1423   422  15.206   1.077         
 1423   422  15.206   1.077         
 1424   242  16.149   1.159   0.892
 1424   422  16.144   1.080         
 1425   422  15.218   2.471         
 1429   242  15.108   1.044   0.584
 1429   422  15.141   0.961         
 1430   422  16.317   1.217         
 1431   242  15.643   0.827   0.207
 1431   422  15.615   0.805         
 1433   242  16.492   1.095   0.818
 1433   422  16.429   1.005         
 1435   242  15.236   0.954   0.904
 1435   422  15.253   1.014         
 1436   422  16.828   1.373         
 1436   422  16.828   1.373         
 1437   242  16.688   1.479   0.969
 1437   422  16.556   1.550         
 1437   422  16.556   1.550         
 1438   242  16.781   1.363   0.552
 1438   422  16.899   1.387         
 1438   422  16.899   1.387         
 1439   422  17.015   2.724         
 1440   242  15.985   1.321   0.688
 1440   422  15.773   1.308         
 1440   422  15.773   1.308         
 1441   242  15.557   0.981   0.513
 1441   422  15.565   0.943         
 1442   242  16.705   1.036   0.664
 1442   422  16.714   0.976         
 1443   242  15.963   1.097   0.472
 1443   422  15.928   1.176         
 1445   422  16.649   1.286         
 1446   242  16.339   1.171   1.491
 1446   422  16.323   1.099         
 1447   242  15.824   1.720   1.244
 1447   422  15.857   1.743         
 1448   242  16.714   0.962   0.250
 1448   422  16.742   0.932         
 1449   242  16.052   1.035   0.593
 1449   422  16.047   0.944         
 1451   242  15.223   0.865   0.330
 1451   422  15.115   0.858         
 1452   242  15.314   1.345   0.945
 1452   422  15.394   1.292         
 1452   422  15.394   1.292         
 1453   242  16.242   0.993   0.386
 1453   422  16.398   0.890         
 1454   242  15.591   1.395   1.105
 1454   422  15.622   1.334         
 1454   422  15.622   1.334         
 1456   242  16.774   1.147   0.757
 1456   422  16.759   1.199         
 1457   422  16.422   1.514         
 1457   422  16.422   1.514         
 1458   242  14.606   1.079   0.996
 1458   422  14.459   1.022         
 1458   422  14.459   1.022         
 1458   477  14.359   1.075         
 1460   242  15.393   0.946   0.478
 1460   422  15.400   0.897         
 1461   242  16.234   0.888   0.574
 1461   422  16.242   0.886         
 1461   422  17.833   1.551         
 1462   242  15.015   1.032   0.627
 1462   422  14.978   0.989         
 1463   242  15.947   0.964   0.630
 1463   422  15.927   0.971         
 1464   242  16.307   1.032   0.513
 1464   422  16.277   0.989         
 1467   242  16.557   0.956   0.310
 1467   422  16.532   0.897         
 1468   422  16.166   1.358         
 1468   422  17.388   1.522         
 1469   242  10.577   0.110  -0.578
 1472   242  15.104   0.897   0.308
 1472   422  15.096   0.855         
 1472   477  15.124   0.865         
 1473   422  15.609   1.786         
 1474   422  16.966   2.014         
 1475   422  15.748   2.403         
 1477   242  16.161   1.173   0.954
 1477   422  16.228   1.261         
 1478   242  16.912   1.306   0.523
 1478   422  16.762   1.228         
 1478   422  16.762   1.228         
 1479   242  15.591   0.952   0.848
 1479   422  15.563   0.962         
 1480   422  16.956   1.511         
 1480   422  16.956   1.511         
 1482   242  15.448   1.355   0.842
 1482   422  15.505   1.324         
 1482   422  15.505   1.324         
 1483   242  16.484   1.304   1.041
 1483   422  16.335   1.331         
 1483   422  16.335   1.331         
 1484   242  16.412   1.109   0.987
 1484   422  16.433   1.047         
 1486   242  16.904   1.025  -0.395
 1486   422  17.561   1.250         
 1487   422  16.698   1.294         
 1488   422  16.307   1.558         
 1488   422  16.307   1.558         
 1489   242  15.669   0.917   0.438
 1489   422  15.651   0.898         
 1491   242  15.706   1.450   1.096
 1491   422  15.790   1.437         
 1491   422  15.790   1.437         
 1492   242  14.530   1.722   1.577
 1492   422  14.554   1.728         
 1492   477  14.555   1.813         
 1493   242  16.234   0.892   0.254
 1493   422  16.226   0.886         
 1494   242  16.630   1.225   0.581
 1494   422  16.606   1.339         
 1495   242  16.730   1.433   0.360
 1495   422  16.771   1.417         
 1495   422  16.771   1.417         
 1496   242  16.506   1.285   0.749
 1496   422  16.521   1.216         
 1497   422  16.936   2.473         
 1499   242  15.834   1.192   0.872
 1499   422  15.736   1.161         
 1499   422  15.736   1.161         
 1500   242  16.270   1.426   0.833
 1500   422  16.124   1.421         
 1500   422  16.124   1.421         
 1501   242  15.479   0.851   0.290
 1501   422  15.483   0.803         
 1503   242  14.865   0.905   0.707
 1503   422  14.826   0.954         
 1503   477  14.865   0.892         
 1504   242  14.263   1.221   0.603
 1504   422  14.402   1.202         
 1504   422  14.402   1.202         
 1504   477  14.343   1.252         
 1508   242  16.732   1.361   0.494
 1508   422  17.306   1.511         
 1508   422  17.306   1.511         
 1509   242  16.326   1.282   1.283
 1509   422  16.340   1.232         
 1509   422  16.340   1.232         
 1511   242  16.607   1.110   0.685
 1511   422  16.618   1.105         
 1513   422  16.869   1.041         
 1514   242  15.368   1.379   1.359
 1514   422  15.423   1.302         
 1515   242  16.261   1.553   1.050
 1515   422  16.260   1.484         
 1515   422  16.260   1.484         
 1516   422  14.459   2.085         
 1516   477  14.420   2.235         
 1517   242  16.234   1.152   0.707
 1517   422  16.249   1.169         
 1520   242  16.467   1.351   0.634
 1520   422  16.494   1.358         
 1521   242  15.838   0.925   0.753
 1521   422  15.821   0.965         
 1522   242  16.755   1.241   0.724
 1522   422  16.744   1.263         
 1523   242  15.638   0.988   0.531
 1523   422  15.671   0.922         
 1524   422  16.775   1.452         
 1524   422  16.775   1.452         
 1525   242  16.404   1.252   0.940
 1525   422  16.461   1.268         
 1525   422  16.461   1.268         
 1526   242  15.052   1.347   0.543
 1526   422  15.066   1.492         
 1526   477  15.092   1.385         
 1527   242  15.667   1.209   0.915
 1527   422  15.674   1.306         
 1528   242  15.951   0.867   0.665
 1528   422  16.060   0.809         
 1529   242  15.530   1.090   0.501
 1529   422  15.532   1.178         
 1530   242  16.301   1.471   0.943
 1530   422  16.331   1.437         
 1530   422  16.331   1.437         
 1531   242  16.029   1.477   0.875
 1531   422  16.397   1.401         
 1532   242  16.849   1.092   0.798
 1532   422  16.859   1.043         
 1532   422  17.799   1.616         
 1534   242  16.317   1.123   0.973
 1534   422  16.308   1.239         
 1535   422  16.265   1.823         
 1536   422  16.282   1.565         
 1537   242  16.550   1.153   0.433
 1537   422  16.564   1.152         
 1538   422  16.812   1.011         
 1540   242  16.172   1.260   0.422
 1540   422  16.143   1.246         
 1540   422  16.143   1.246         
 1541   422  16.289   1.622         
 1541   477  14.369   0.612         
 1543   422  16.820   2.760         
 1544   242  16.367   1.267   0.810
 1544   422  16.330   1.255         
 1545   242  16.349   0.977   0.573
 1545   422  16.367   1.002         
 1546   242  15.434   1.328   1.158
 1546   422  15.470   1.301         
 1546   422  15.470   1.301         
 1547   422  14.932   1.369         
 1547   422  14.932   1.369         
 1551   242  14.331   0.815   0.287
 1551   422  14.329   0.818         
 1551   422  14.329   0.818         
 1551   477  14.372   0.781         
 1552   422  15.355   1.568         
 1552   422  15.355   1.568         
 1553   242  15.154   0.893   0.230
 1553   422  15.270   0.769         
 1554   422  16.780   1.466         
 1554   422  16.780   1.466         
 1555   242  15.617   1.012   0.615
 1555   422  15.613   0.966         
 1556   422  16.923   1.496         
 1556   422  16.923   1.496         
 1557   242  14.708   1.114   0.586
 1557   422  14.669   1.088         
 1557   422  14.669   1.088         
 1557   477  14.751   1.153         
 1558   422  15.791                 
 1559   242  16.430   1.003   0.327
 1559   422  16.456   0.942         
 1560   242  16.613   1.111   0.610
 1560   422  16.590   1.064         
 1562   422  16.652   0.967         
 1563   242  15.626   1.542   1.234
 1563   422  15.765   1.520         
 1563   422  15.765   1.520         
 1565   422  16.815   2.575         
 1566   242  15.177   0.889   0.261
 1566   422  15.249   0.783         
 1566   477  15.246   0.807         
 1569   242  15.640   1.367   0.880
 1569   422  16.094   1.463         
 1569   422  16.094   1.463         
 1570   242  16.367   0.986   0.410
 1570   422  16.361   0.975         
 1572   422  16.669   1.487         
 1573   422  17.818   1.698         
 1574   242  15.615   1.411   0.390
 1574   422  15.692   1.522         
 1574   422  15.692   1.522         
 1575   242  16.632   1.167   0.459
 1575   422  16.638   1.180         
 1576   242  15.858   0.873   0.273
 1576   422  15.859   0.824         
 1577   242  14.429   0.782   0.246
 1577   422  14.420   0.781         
 1577   477  14.324   0.677         
 1578   242  14.724   0.750   0.246
 1578   422  14.705   0.759         
 1578   422  14.705   0.759         
 1578   477  14.570   0.761         
 1579   422  16.937   2.975         
 1580   242  14.540   1.352   1.086
 1580   422  14.566   1.310         
 1580   422  14.566   1.310         
 1580   477  14.576   1.431         
 1581   242  13.426   0.549   0.204
 1581   422  13.482   0.489         
 1582   422  16.955   1.584         
 1582   422  16.955   1.584         
 1584   242  16.782   0.908   0.229
 1584   422  16.783   0.882         
 1584   422  16.783   0.882         
 1585   422  16.845   1.544         
 1585   422  16.845   1.544         
 1586   242  16.808   1.466   0.967
 1586   422  16.731   1.406         
 1586   422  16.731   1.406         
 1587   242  14.020   1.026   0.485
 1587   422  13.993   1.001         
 1587   422  13.993   1.001         
 1587   477  13.981   1.039         
 1589   242  16.582   1.013   0.523
 1589   422  16.546   1.006         
 1590   422  16.810   1.486         
 1591   422  16.761   1.322         
 1592   422  16.678   1.424         
 1593   242  12.643   1.106   0.580
 1593   422  12.660   1.082         
 1593   422  12.660   1.082         
 1593   477  12.623   1.171         
 1594   242  16.349   1.055   0.660
 1594   422  16.361   0.971         
 1595   242  16.820   1.252   0.360
 1595   422  16.860   1.272         
 1596   242  15.656   0.904   0.358
 1596   422  15.670   0.893         
 1597   422  16.822   1.664         
 1597   422  16.822   1.664         
 1598   422  16.472   1.476         
 1598   422  16.472   1.476         
 1601   242  15.062   0.859   0.274
 1601   422  15.026   0.909         
 1604   422  16.595   1.429         
 1604   422  16.595   1.429         
 1605   242  15.655   1.472   1.168
 1605   422  15.836   1.444         
 1605   422  15.836   1.444         
 1606   422  15.767   1.351         
 1606   422  15.767   1.351         
 1607   242  16.468   1.450   1.338
 1607   422  16.554   1.444         
 1607   422  16.554   1.444         
 1608   422  16.768   1.433         
 1608   422  16.768   1.433         
 1609   242  14.998   0.970   0.452
 1609   422  14.993   0.893         
 1609   477  15.055   0.976         
 1612   422  16.459   1.107         
 1614   422  16.417   1.463         
 1614   422  16.417   1.463         
 1617   242  15.364   1.215   0.762
 1617   422  15.374   1.189         
 1617   422  15.374   1.189         
 1618   242  14.185   0.881   0.319
 1618   422  14.372   0.990         
 1618   477  14.192   0.826         
 1619   242  16.909   1.191   0.966
 1619   422  16.949   1.107         
 1622   422  17.004   1.105         
 1623   422  16.803   1.690         
 1623   422  16.803   1.690         
 1625   242  16.390   0.607  -0.322
 1625   422  16.573   0.605         
 1627   422  17.297   1.540         
 1627   422  17.297   1.540         
 1628   242  16.481   1.038   0.592
 1628   422  16.491   0.966         
 1629   422  16.729   1.585         
 1629   422  16.729   1.585         
 1631   422  16.953   1.535         
 1631   422  16.953   1.535         
 1633   422  15.355   1.299         
 1633   422  15.355   1.299         
 1634   242  15.677   0.918   0.375
 1634   422  15.673   0.906         
 1635   422  16.333   1.460         
 1635   422  16.333   1.460         
 1637   242  15.553   0.931   0.443
 1637   422  15.554   0.872         
 1638   422  16.956   2.006         
 1641   242  13.766   1.088   0.474
 1641   422  13.799   1.046         
 1641   422  13.799   1.046         
 1641   477  13.773   1.094         
 1642   422  17.605   1.725         
 1643   242  16.580   1.339   1.283
 1643   422  16.502   1.292         
 1643   422  16.502   1.292         
 1644   422  15.876   2.032         
 1646   422  16.739   1.424         
 1648   242  16.797   1.324   0.325
 1648   422  16.852   1.424         
 1649   242  16.818   1.153  -0.090
 1649   422  18.440   1.395         
 1650   422  16.597   1.650         
 1650   422  16.597   1.650         
 1651   422  16.822   1.077         
 1652   422  17.041   1.347         
 1652   422  17.041   1.347         
 1653   242  16.979   1.307   1.057
 1653   422  17.022   1.276         
 1655   242  15.392   1.195   0.633
 1655   422  15.573   1.216         
 1655   422  15.573   1.216         
 1657   422  14.125   1.112         
 1658   242  15.116   1.263   0.833
 1658   422  15.102   1.219         
 1658   422  15.102   1.219         
 1658   477  15.152   1.295         
 1659   242  15.987   1.023   0.301
 1659   422  16.012   1.109         
 1661   242  16.924   1.010   0.641
 1661   422  16.891   1.029         
 1662   422  16.941   1.550         
 1662   422  16.941   1.550         
 1663   242  14.953   1.163   0.582
 1663   422  14.943   1.118         
 1663   422  14.943   1.118         
 1664   422  17.020   1.498         
 1664   422  17.020   1.498         
 1665   422  17.132   1.594         
 1665   422  17.132   1.594         
 1666   242  16.528   1.340   0.123
 1666   422  16.486   1.363         
 1666   422  16.486   1.363         
 1668   422  15.550   1.154         
 1668   422  15.550   1.154         
 1669   242  16.652   1.089   1.102
 1669   422  16.644   1.021         
 1670   422  16.978   1.099         
 1671   242  16.046   1.523   1.369
 1671   422  15.899   1.439         
 1671   422  15.899   1.439         
 1672   242  14.547   1.280   0.847
 1672   422  14.512   1.232         
 1672   422  14.512   1.232         
 1672   477  14.558   1.317         
 1673   422  16.878   1.416         
 1674   242  16.049   1.233   0.734
 1675   422  16.643   2.617         
 1676   242  15.266   0.885   0.308
 1676   422  15.221   0.902         
 1677   242  16.197   1.026   0.648
 1677   422  16.223   0.946         
 1679   242  16.139   1.042   0.483
 1679   422  16.160   0.960         
 1680   422  15.717   1.430         
 1680   422  15.717   1.430         
 1681   422  15.081   1.298         
 1681   477  14.657   1.415         
 1682   242  15.744   1.397  -0.047
 1682   422  15.645   1.448         
 1682   422  15.645   1.448         
 1683   242  15.221   1.263   0.589
 1683   422  15.222   1.384         
 1684   422  17.091   1.497         
 1684   422  17.091   1.497         
 1685   242  16.163   1.419   1.433
 1685   422  16.202   1.352         
 1686   242  16.042   0.940   0.377
 1686   422  16.074   0.865         
 1688   242  16.904   1.108   0.787
 1688   422  16.941   1.023         
 1689   242  16.636   1.430   1.233
 1689   422  16.833   1.562         
 1690   242  15.946   1.180   0.750
 1690   422  15.925   1.325         
 1691   242  16.685   1.001   0.545
 1691   422  16.696   0.963         
 1692   422  16.582   1.298         
 1692   422  16.582   1.298         
 1693   242  15.014   1.082   0.644
 1693   422  15.069   0.982         
 1693   477  15.070   1.045         
 1695   422  16.249   1.402         
 1695   422  16.249   1.402         
 1696   422  16.241   2.461         
 1697   422  16.996   1.672         
 1698   242  16.106   1.406   0.930
 1698   422  16.250   1.389         
 1698   422  16.250   1.389         
 1699   242  16.739   1.013   0.699
 1699   422  16.722   1.064         
 1701   242  16.699   1.348   1.016
 1701   422  16.789   1.365         
 1701   422  16.789   1.365         
 1702   242  15.349   0.862   0.321
 1702   422  15.359   0.838         
 1704   242  16.928   1.107   0.886
 1704   422  16.964   1.025         
 1705   242  15.281   1.039   0.546
 1705   422  15.406   1.056         
 1706   422  16.356   2.828         
 1711   422  16.969   2.464         
 1712   422  16.601   2.108         
 1713   242  16.051   1.113  -0.264
 1713   422  16.303   1.315         
 1714   422  17.094   1.230         
 1714   422  17.094   1.230         
 1715   422  17.007   2.207         
 1716   422  14.437   1.390         
 1716   422  14.437   1.390         
 1717   242  15.549   0.973   0.460
 1717   422  15.576   0.893         
 1718   242  14.561   1.230   0.814
 1718   422  14.592   1.260         
 1718   422  14.592   1.260         
 1718   477  14.605   1.300         
 1719   422  15.860   0.972         
 1722   242  15.998   0.863   0.237
 1722   422  16.013   0.822         
 1723   422  18.749   1.410         
 1726   242  16.884   1.388   0.534
 1726   422  16.781   1.415         
 1727   422  16.281   2.115         
 1728   242  15.320   1.113   0.701
 1728   422  15.295   1.069         
 1729   422  16.240   3.147         
 1731   242  16.532   1.498   1.074
 1731   422  16.647   1.573         
 1731   422  16.647   1.573         
 1732   242  13.950   0.844   0.279
 1732   422  13.889   0.860         
 1735   422  15.984   1.202         
 1737   242  16.513   1.137   0.779
 1737   422  16.514   1.061         
 1740   242  13.053   0.701   0.433
 1740   422  13.161   0.631         
 1740   422  13.161   0.631         
 1741   242  16.816   1.082   0.715
 1741   422  16.803   1.176         
 1742   242  16.954   1.044   0.820
 1742   422  16.941   1.075         
 1743   242  16.048   1.260   0.790
 1743   422  16.489   1.092         
 1744   242  15.619   1.065   0.735
 1744   422  15.619   1.059         
 1745   422  16.522   2.744         
 1746   422  16.089   2.067         
 1747   242  15.016   1.401   0.685
 1747   422  15.157   1.354         
 1748   242  14.520   1.208   1.053
 1748   422  14.543   1.127         
 1748   477  14.542   1.241         
 1749   242  16.581   1.299   0.956
 1749   422  16.686   1.283         
 1749   422  16.686   1.283         
 1750   242  15.416   1.032   0.350
 1750   422  15.394   1.118         
 1750   477  14.976   1.085         
 1751   242  15.282   0.907   0.226
 1751   422  15.284   0.982         
 1751   422  15.284   0.982         
 1752   242  16.180   1.008   0.743
 1752   422  16.193   0.953         
 1753   242  16.177   1.204   0.893
 1753   422  16.182   1.249         
 1754   242  16.191   1.564   1.405
 1754   422  16.257   1.563         
 1754   422  16.257   1.563         
 1755   422  17.027   1.519         
 1756   242  14.304   1.007   0.350
 1756   422  14.305   1.188         
 1757   422  15.493   2.348         
 1759   242  15.264   0.805   0.232
 1759   422  15.261   0.761         
 1759   477  15.289   0.751         
 1760   242  16.195   0.949   0.457
 1760   422  16.196   0.894         
 1761   242  15.414   1.399   1.160
 1761   422  15.448   1.363         
 1761   422  15.448   1.363         
 1762   422  16.445   2.125         
 1766   422  16.839   1.472         
 1767   242  16.349   1.046   0.865
 1767   422  16.350   1.124         
 1769   242  16.164   0.897   0.603
 1769   422  16.140   0.976         
 1770   242  16.450   1.274   0.684
 1770   422  16.353   1.354         
 1771   242  15.359   1.180   0.816
 1771   422  15.372   1.241         
 1773   242  15.733   0.782   0.714
 1773   422  15.753   0.857         
 1774   242  14.945   0.741   0.144
 1774   422  14.959   0.704         
 1774   422  14.959   0.704         
 1774   477  14.996   0.693         
 1776   422  16.215   2.060         
 1777   242  16.374   1.464   0.883
 1777   422  16.389   1.468         
 1777   422  16.389   1.468         
 1778   242  15.846   0.965   0.509
 1778   422  15.852   0.949         
 1779   242  16.396   1.137   0.782
 1779   422  16.403   1.152         
 1780   422  16.565   1.498         
 1781   422  16.783   1.040         
 1782   242  16.253   1.156  -0.098
 1782   422  16.740   1.458         
 1782   422  16.740   1.458         
 1784   242  14.891   0.951   0.452
 1784   422  14.890   0.896         
 1785   242  14.507   0.883   0.335
 1785   422  14.515   0.839         
 1785   477  14.543   0.847         
 1787   242   9.762   0.090  -0.640
 1787   422   9.801   0.051         
 1788   242  14.722   0.793   0.195
 1788   422  14.731   0.754         
 1788   477  14.756   0.735         
 1789   242  15.842   1.271   0.983
 1789   422  16.015   1.160         
 1790   242   9.406   0.058  -0.531
 1791   242  15.801   1.249   0.756
 1791   422  15.783   1.331         
 1793   422  16.951   1.197         
 1794   422  16.924   1.758         
 1794   422  16.924   1.758         
 1795   242  15.281   0.897   0.317
 1795   422  15.308   0.894         
 1796   242  14.492   0.696   0.159
 1796   422  14.495   0.658         
 1797   242  15.289   0.877   0.333
 1797   422  15.298   0.843         
 1799   242  16.145   0.924   0.707
 1799   422  16.130   0.992         
 1800   422  14.954   2.163         
 1800   477  14.922   2.278         
 1801   242  16.775   1.033   0.736
 1801   422  16.782   1.058         
 1804   242  16.977   1.267   0.917
 1804   422  16.973   1.332         
 1807   422  16.113   1.970         
 1808   422  15.209   2.253         
 1810   422  16.265   1.812         
 1810   422  16.265   1.812         
 1811   242  13.831   2.186   2.392
 1811   422  13.923   2.210         
 1811   477  13.892   2.365         
 1812   242  16.626   1.224   0.856
 1812   422  16.662   1.273         
 1813   422  16.379   2.239         
 1814   242  15.914   1.231   0.480
 1814   422  15.930   1.267         
 1815   242  16.472   1.125   0.390
 1815   422  16.457   1.161         
 1816   242  15.772   1.220   0.733
 1816   422  15.791   1.285         
 1817   242  15.920   0.807   0.681
 1817   422  15.905   0.893         
 1819   242  16.666   1.309   0.662
 1819   422  16.679   1.403         
 1820   422  16.197   1.261         
 1821   422  16.700   1.707         
 1822   242  16.596   1.452   1.074
 1822   422  16.652   1.463         
 1822   422  16.652   1.463         
 1823   242  16.899   1.021   0.665
 1823   422  16.891   1.110         
 1824   242  16.455   1.219   0.873
 1824   422  16.460   1.273         
 1825   242  15.707   0.936   0.433
 1827   422  14.749   3.058         
 1827   477  14.650   3.266         
 1828   242  16.541   1.525   1.070
 1828   422  16.528   1.483         
 1828   422  16.528   1.483         
 1829   422  16.949   2.223         
 1829   422  16.949   2.223         
 1832   422  16.642   1.434         
 1832   422  16.642   1.434         
 1833   242  15.625   1.014   0.595
 1833   422  15.643   0.989         
 1834   242  16.064   1.505   1.225
 1834   422  16.185   1.431         
 1834   422  16.185   1.431         
 1835   422  16.510   3.073         
 1836   242  16.722   1.038   0.923
 1836   422  16.694   0.998         
 1837   242  15.960   0.926   0.409
 1837   422  15.940   0.918         
 1838   422  16.825   1.096         
 1839   242  16.605   1.220   0.614
 1839   422  16.625   1.364         
 1840   242  14.865   0.882   0.471
 1840   422  14.853   0.874         
 1842   242  16.566   1.193   1.054
 1842   422  16.606   1.251         
 1843   242  16.341   1.007   0.529
 1843   422  16.363   0.989         
 1846   422  16.914   2.489         
 1847   242  15.901   0.895   0.429
 1847   422  15.905   0.916         
 1848   242  15.299   0.862   0.593
 1848   422  15.279   0.943         
 1848   477  15.126   0.913         
 1849   422  16.026   2.007         
 1850   242  15.927   0.931   0.298
 1850   422  15.884   0.970         
 1851   422  15.668   1.902         
 1851   422  18.543   1.763         
 1853   422  16.149   1.301         
 1855   242  16.056   0.925   0.411
 1855   422  16.097   0.879         
 1856   242  15.513   1.319   0.822
 1856   422  15.680   1.297         
 1856   422  15.680   1.297         
 1857   242  16.569   1.412   1.023
 1857   422  16.722   1.378         
 1857   422  16.722   1.378         
 1858   242  14.659   0.768   0.492
 1858   422  14.661   0.774         
 1859   422  16.941   1.099         
 1860   242  15.868   1.392   0.736
 1860   422  15.901   1.445         
 1860   422  15.901   1.445         
 1861   242  14.546   0.845   0.256
 1861   422  14.545   0.870         
 1861   477  14.566   0.818         
 1862   242  16.897   1.050  -0.158
 1862   422  17.102   1.335         
 1863   242  15.048   0.894   0.364
 1863   422  15.060   0.852         
 1865   242  16.555   1.506   0.800
 1867   242  15.129   0.904   0.275
 1867   422  15.118   0.909         
 1867   477  15.133   0.899         
 1869   422  16.405   1.537         
 1869   422  16.405   1.537         
 1871   242  15.008   0.771   0.252
 1871   422  14.984   0.801         
 1871   477  15.021   0.766         
 1872   242  16.512   1.407   0.448
 1872   422  16.534   1.571         
 1872   422  20.868   1.751         
 1873   242  16.820   1.488   0.869
 1873   422  16.844   1.587         
 1876   422  17.034   1.328         
 1877   242  16.149   0.896   0.652
 1877   422  16.129   0.974         
 1878   242  16.502   1.368   0.989
 1878   422  16.368   1.362         
 1878   422  16.368   1.362         
 1880   242  16.299   1.057   0.811
 1880   422  16.272   1.047         
 1881   242  16.107   0.905   0.344
 1881   422  16.099   0.901         
 1882   422  16.049   1.869         
 1883   422  16.700   2.172         
 1884   242  14.968   1.895   1.891
 1884   422  14.992   1.943         
 1884   477  14.969   2.020         
 1885   242  16.800   1.154   0.809
 1885   422  16.746   1.198         
 1886   422  17.002   1.652         
 1886   422  17.002   1.652         
 1887   242  15.938   1.108   0.701
 1891   422  17.700   1.194         
 1893   422  17.385   1.530         
 1895   422  17.452   1.273         
 1897   422  17.812   1.385         
 1900   422  17.151   1.741         
 2001   422  20.637   0.588         
 2003   422  19.914   1.652         
 2004   422  18.725   2.438         
 2008   422  20.295   1.835         
 2011   422  18.990   1.636         
 2016   422  18.480   1.712         
 2017   422  18.841   1.489         
 2018   422  17.931   1.247         
 2020   422  19.533   1.421         
 2021   422  19.540   1.769         
 2025   422  19.102   1.307         
 2027   422  18.123   2.210         
 2028   422  18.863   0.951         
 2029   422  19.967   1.888         
 2030   422  17.743   1.498         
 2032   422  20.309   1.756         
 2034   422  20.648   2.144         
 2035   422  21.635  -0.402         
 2036   422  18.576   1.655         
 2038   422  18.076   1.610         
 2039   422  18.877   1.412         
 2040   422  18.483   1.718         
 2041   422  17.857   1.685         
 2042   422  19.978   1.909         
 2043   422  18.644   1.689         
 2044   422  20.744   0.858         
 2045   422  17.143   1.434         
 2048   422  18.702   2.348         
 2050   422  19.321   1.720         
 2051   422  17.442   1.507         
 2055   422  18.154   1.396         
 2056   422  18.931   1.122         
 2057   422  17.507   1.773         
 2058   422  19.185   2.642         
 2060   422  18.039   1.571         
 2061   422  19.778   0.999         
 2062   422  19.475   1.476         
 2064   422  17.279   1.584         
 2065   422  18.448   1.873         
 2067   422  19.389   1.637         
 2068   422  19.319   2.127         
 2070   422  20.087   2.531         
 2073   422  18.079   1.792         
 2074   422  18.286   1.643         
 2075   422  19.647   2.402         
 2077   422  18.542   1.605         
 2078   422  19.846   3.049         
 2079   422  16.795   1.451         
 2080   422  19.202   1.516         
 2081   422  18.615   1.532         
 2082   422  18.454   1.945         
 2085   422  21.161   1.274         
 2086   422  18.744   1.755         
 2087   422  17.800   1.488         
 2088   422  19.413   0.735         
 2091   422  17.975   1.554         
 2092   422  18.735   1.537         
 2093   422  19.580   1.623         
 2095   422  19.546   1.814         
 2096   422  19.651   1.693         
 2097   422  19.082   1.613         
 2098   422  18.271   1.524         
 2099   422  20.036   1.071         
 2100   422  19.950   2.072         
 2101   422  18.965   1.326         
 2102   422  18.489   1.688         
 2104   422  20.330  79.669         
 2105   422  19.967   1.364         
 2106   422  17.218   1.335         
 2107   422  17.119   1.507         
 2108   422  18.264   1.458         
 2110   422  17.864   1.380         
 2111   422  20.785   1.735         
 2112   422  17.768   1.551         
 2113   422  19.978   1.737         
 2114   422  18.441   1.600         
 2115   422  21.126  78.873         
 2117   422  17.651   1.576         
 2118   422  18.155   1.175         
 2119   422  17.871   1.680         
 2123   422  17.203   1.417         
 2124   422  17.852   1.561         
 2126   422  19.131   1.774         
 2127   422  17.808   1.421         
 2128   422  20.690   1.571         
 2129   422  17.154   1.392         
 2132   422  18.926   1.724         
 2138   422  17.948   1.285         
 2140   422  19.523   1.805         
 2141   422  18.690   1.785         
 2142   422  18.733   1.372         
 2147   422  17.985   1.711         
 2148   422  19.539   1.663         
 2149   422  18.188   1.921         
 2154   422  17.656   1.396         
 2155   422  18.046   1.581         
 2158   422  17.949   1.734         
 2159   422  19.083   1.778         
 2160   422  18.918   1.716         
 2161   422  19.128   1.578         
 2163   422  20.104   2.198         
 2164   422  18.423   1.815         
 2165   422  17.136   1.314         
 2167   422  19.010   1.730         
 2168   422  18.705   1.507         
 2169   422  19.258   1.723         
 2170   422  17.094   1.550         
 2171   422  19.740   1.287         
 2172   422  17.804   1.578         
 2173   422  20.956   1.539         
 2174   422  18.206   1.595         
 2175   422  17.667   1.519         
 2176   422  19.789   1.418         
 2178   422  19.571   1.989         
 2179   422  18.602   1.688         
 2184   422  16.800   1.589         
 2186   422  19.786   1.353         
 2188   422  18.694   1.817         
 2190   422  18.227   1.666         
 2195   422  18.058   1.267         
 2196   422  18.864   1.670         
 2200   422  20.053   1.446         
 2201   422  18.414   1.732         
 2203   422  21.934  78.065         
 2204   422  19.295   1.139         
 2205   422  18.592   1.818         
 2207   422  21.839   1.327         
 2209   422  18.143   1.705         
 2210   422  19.030   1.759         
 2211   422  17.495   1.670         
 2212   422  20.130   1.637         
 2215   422  18.310   1.640         
 2217   422  17.959   1.707         
 2218   422  20.409   1.000         
 2219   422  18.801   1.872         
 2220   422  17.754   1.587         
 2221   422  18.709   1.139         
 2222   422  18.923   1.781         
 2223   422  18.844   1.820         
 2224   422  18.968   1.732         
 2226   422  17.471   1.509         
 2227   422  17.340   1.327         
 2228   422  17.467   1.740         
 2229   422  20.164   1.511         
 2231   422  17.987   1.643         
 2232   422  20.765   1.717         
 2234   422  16.995   1.550         
 2236   422  19.580   1.575         
 2238   422  20.183   2.276         
 2239   422  17.882   1.658         
 2241   422  18.208   1.625         
 2242   422  18.834   2.098         
 2243   422  18.375   1.815         
 2245   422  18.544   1.682         
 2247   422  18.108   1.680         
 2248   422  18.381   1.770         
 2249   422  19.695   1.923         
 2250   422  18.774   2.107         
 2252   422  19.505   2.409         
 2257   422  18.410   1.731         
 2258   422  19.562   2.024         
 2259   422  19.493   1.838         
 2260   422  18.537   1.829         
 2261   422  18.918   1.856         
 2262   422  18.636   1.491         
 2263   422  17.902   1.588         
 2264   422  18.243   1.676         
 2265   422  18.526   1.796         
 2266   422  18.666   1.494         
 2268   422  17.899   1.413         
 2269   422  19.296   1.624         
 2272   422  17.547   1.510         
 2273   422  17.859   1.491         
 2275   422  19.924   1.812         
 2277   422  17.480   1.435         
 2278   422  17.790   1.547         
 2279   422  18.143   1.832         
 2281   422  20.690   2.611         
 2284   422  19.454   1.872         
 2287   422  17.291   1.431         
 2289   422  20.818   1.683         
 2294   422  16.933   1.363         
 2295   422  18.142   1.928         
 2296   422  22.410  77.589         
 2298   422  18.023   1.508         
 2299   422  17.695   1.575         
 2300   422  20.943   1.223         
 2302   422  20.111   1.457         
 2304   422  19.720   1.823         
 2307   422  19.945   1.880         
 2308   422  19.920   1.728         
 2309   422  17.602   1.723         
 2310   422  16.918   1.462         
 2313   422  20.334   1.830         
 2315   422  20.881   2.397         
 2318   422  18.503   1.663         
 2319   422  19.615   2.633         
 2320   422  19.635   1.959         
 2323   422  19.024   1.694         
 2324   422  18.998   1.628         
 2325   422  19.037   1.349         
 2326   422  18.143   1.540         
 2327   422  18.840   1.667         
 2328   422  18.290   1.722         
 2329   422  19.637   1.759         
 2330   422  19.229   1.550         
 2331   422  20.270   2.081         
 2332   422  19.443   1.609         
 2333   422  20.485   2.457         
 2334   422  19.625   1.598         
 2339   422  17.971   1.853         
 2340   422  17.099   1.547         
 2341   422  18.027   1.583         
 2342   422  19.957   2.264         
 2344   422  18.673   1.287         
 2346   422  19.163   2.144         
 2347   422  17.852   1.493         
 2349   422  17.595   1.544         
 2350   422  18.438   1.728         
 2351   422  19.793   1.874         
 2352   422  19.387   1.359         
 2353   422  19.212   1.795         
 2355   422  21.638   1.206         
 2356   422  17.924   1.678         
 2357   422  18.544   1.627         
 2358   422  19.169   1.814         
 2359   422  17.285   1.486         
 2362   422  19.922   1.808         
 2365   422  19.351   1.486         
 2366   422  19.753   2.052         
 2367   422  18.141   1.085         
 2369   422  19.768   1.935         
 2370   422  17.420   1.455         
 2371   422  18.592   1.880         
 2372   422  16.916   1.556         
 2374   422  18.479   1.927         
 2375   422  17.747   1.892         
 2376   422  18.310   1.693         
 2377   422  19.888   1.904         
 2378   422  17.059   1.567         
 2379   422  17.125   1.415         
 2380   422  17.855   1.766         
 2382   422  17.442   1.529         
 2383   422  19.406   1.961         
 2384   422  18.321   2.112         
 2386   422  18.151   1.589         
 2388   422  18.085   1.556         
 2390   422  17.755   1.484         
 2391   422  17.310   1.785         
 2394   422  18.499   1.512         
 2396   422  18.601   1.652         
 2399   422  18.576   1.614         
 2400   422  18.169   1.527         
 2401   422  18.575   1.617         
 2402   422  17.674   1.557         
 2406   422  21.410   2.070         
 2407   422  19.560   2.313         
 2408   422  17.177   1.704         
 2409   422  18.441   0.948         
 2410   422  19.001   1.973         
 2412   422  17.817   0.526         
 2413   422  18.633   1.776         
 2414   422  17.484   1.478         
 2415   422  17.787   1.588         
 2417   422  20.345   1.910         
 2420   422  17.201   1.512         
 2421   422  19.380   2.059         
 2424   422  18.707   1.519         
 2426   422  17.557   1.684         
 2427   422  19.656   2.048         
 2428   422  18.614   1.612         
 2429   422  19.663   1.135         
 2430   422  18.243   1.612         
 2431   422  18.692   0.440         
 2433   422  18.744   1.770         
 2440   422  20.006   0.900         
 2442   422  20.366   1.527         
 2446   422  18.622   1.840         
 2447   422  19.365   1.800         
 2448   422  17.868   1.710         
 2449   422  20.110   0.832         
 2451   422  17.726   1.356         
 2452   422  17.527   1.569         
 2453   422  21.742   0.308         
 2454   422  19.584   1.761         
 2457   422  20.323   1.813         
 2460   422  17.242   1.544         
 2461   422  17.289   1.381         
 2463   422  18.352   1.757         
 2464   422  18.447   1.755         
 2466   422  17.781   1.547         
 2467   422  20.192   1.607         
 2468   422  19.577   1.835         
 2469   422  18.003   1.687         
 2471   422  17.920   1.522         
 2472   422  20.014   1.653         
 2474   422  19.132   1.610         
 2476   422  17.771   1.466         
 2480   422  19.251   1.905         
 2482   422  18.844   2.369         
 2485   422  18.311   1.231         
 2487   422  20.222   0.964         
 2488   422  19.920   1.198         
 2489   422  18.727   0.921         
 2490   422  17.647   1.377         
 2491   422  17.621   1.538         
 2493   422  18.537   1.534         
 2495   422  17.184   1.500         
 2496   422  19.150   1.778         
 2498   422  17.541   1.744         
 2499   422  17.991   1.662         
 2500   422  17.214   1.486         
 2503   422  18.802   1.762         
 2507   422  16.819   1.193         
 2508   422  17.367   1.347         
 2510   422  17.400   1.432         
 2513   422  19.345   1.709         
 2516   422  16.850   1.493         
 2521   422  17.954   1.435         
 2524   422  18.809   1.416         
 2526   422  18.567   1.917         
 2527   422  18.281   1.605         
 2529   422  19.290   0.997         
 2530   422  17.691   1.563         
 2531   422  18.127   1.311         
 2532   422  19.647   2.080         
 2535   422  17.047   1.439         
 2537   422  18.248   1.753         
 2539   422  18.777   1.771         
 2541   422  19.879   1.041         
 2542   422  18.097   1.513         
 2544   422  18.689   1.597         
 2548   422  17.951   1.522         
 2549   422  16.982   1.538         
 2551   422  17.492   1.506         
 2552   422  18.696   1.878         
 2555   422  18.978   1.945         
 2556   422  21.136   2.005         
 2557   422  17.360   1.549         
 2558   422  19.252   1.693         
 2560   422  18.443   1.713         
 2562   422  17.922   1.591         
 2564   422  19.919   1.907         
 2568   422  17.842   1.596         
 2569   422  19.444   2.046         
 2571   422  19.021   1.382         
 2574   422  20.088   0.052         
 2575   422  17.405   1.731         
 2577   422  18.367   1.398         
 2581   422  19.875   2.062         
 2583   422  18.481   1.636         
 2585   422  21.562   1.115         
 2586   422  19.549   1.993         
 2587   422  19.017   1.665         
 2589   422  18.635   1.753         
 2590   422  18.114   1.786         
 2592   422  17.503   1.142         
 2597   422  17.618   1.560         
 2598   422  19.752   1.612         
 2599   422  19.808   1.635         
 2601   422  17.604   1.580         
 2602   422  19.924   1.634         
 2604   422  17.080   1.484         
 2605   422  18.365   1.594         
 2606   422  18.606   1.739         
 2607   422  19.743   1.623         
 2608   422  17.519   1.686         
 2609   422  18.289   1.717         
 2610   422  17.042   1.302         
 2611   422  17.355   1.370         
 2612   422  18.194   1.586         
 2613   422  17.981   1.594         
 2614   422  19.233   1.837         
 2615   422  21.868  78.131         
 2617   422  18.916   1.966         
 2619   422  20.046   1.809         
 2622   422  20.204   1.914         
 2623   422  20.149   2.028         
 2624   422  20.039   1.673         
 2625   422  17.499   1.589         
 2626   422  19.363   1.884         
 2627   422  18.489   1.779         
 2628   422  19.634   2.149         
 2630   422  17.843   1.530         
 2631   422  18.882   1.607         
 2632   422  18.121   1.756         
 2641   422  18.652   1.583         
 2642   422  20.596   1.317         
 2645   422  18.925   1.532         
 2647   422  18.454   1.638         
 2649   422  18.859   1.557         
 2651   422  18.602   1.688         
 2652   422  19.036   1.366         
 2654   422  17.390   1.562         
 2656   422  19.161   1.650         
 2657   422  18.679   1.660         
 2659   422  17.110   1.463         
 2661   422  18.515   1.757         
 2662   422  18.450   1.379         
 2663   422  20.243   1.918         
 2666   422  17.501   1.752         
 2668   422  18.357   1.217         
 2669   422  20.090   2.568         
 2670   422  19.869   1.711         
 2671   422  19.049   1.761         
 2672   422  17.319   1.374         
 2673   422  18.603   1.819         
 2674   422  17.963   1.580         
 2675   422  18.005   1.523         
 2676   422  17.718   1.524         
 2678   422  18.813   1.603         
 2680   422  17.926   1.472         
 2681   422  20.483   1.980         
 2684   422  18.594   1.665         
 2685   422  18.107   1.487         
 2688   422  20.193   1.784         
 2691   422  21.928  78.071         
 2692   422  18.348   1.856         
 2694   422  18.459   1.431         
 2695   422  20.293   2.392         
 2696   422  17.992   1.446         
 2697   422  20.467   2.286         
 2699   422  19.061   1.215         
 2700   422  19.470   1.594         
 2702   422  17.161   1.592         
 2703   422  17.573   1.564         
 2708   422  20.030   1.834         
 2709   422  20.054   1.820         
 2710   422  18.421   1.645         
 2711   422  18.717   1.746         
 2712   422  19.684   1.880         
 2714   422  21.826  78.173         
 2716   422  18.054   1.680         
 2717   422  18.563   1.598         
 2719   422  17.442   1.689         
 2720   422  17.567   1.388         
 2722   422  17.791   1.523         
 2724   422  17.257   1.167         
 2725   422  19.639   0.600         
 2726   422  20.106   2.016         
 2727   422  17.619   1.584         
 2729   422  17.641   1.744         
 2730   422  18.323   1.610         
 2731   422  18.757   1.734         
 2732   422  17.645   1.585         
 2733   422  18.052   1.651         
 2734   422  20.969   2.122         
 2736   422  18.265   1.733         
 2737   422  18.550   1.843         
 2739   422  19.657   1.741         
 2740   422  19.942   1.843         
 2742   422  17.594   1.634         
 2743   422  18.986   1.659         
 2745   422  18.819   1.661         
 2746   422  18.316   1.756         
 2747   422  18.268   1.693         
 2749   422  17.700   1.633         
 2751   422  18.991   1.336         
 2752   422  19.644   1.684         
 2755   422  19.203   1.760         
 2758   422  18.223   1.536         
 2759   422  20.834   2.070         
 2760   422  17.955   1.646         
 2761   422  18.153   1.658         
 2762   422  18.848   1.721         
 2763   422  18.526   1.534         
 2764   422  17.586   1.434         
 2765   422  19.937   1.599         
 2766   422  19.258   1.656         
 2767   422  19.592   2.138         
 2771   422  19.997   2.153         
 2773   422  19.549   1.931         
 2779   422  17.588   1.509         
 2781   422  18.927   1.558         
 2784   422  18.587   1.829         
 2787   422  18.441   1.714         
 2788   422  20.220   1.777         
 2790   422  19.244   1.812         
 2791   422  17.109   1.501         
 2792   422  21.356   2.608         
 2793   422  18.475   1.583         
 2794   422  19.127   1.761         
 2795   422  21.423   1.789         
 2797   422  19.439   1.810         
 2798   422  18.794   1.611         
 2799   422  18.507   1.741         
 2800   422  19.228   1.891         
 2801   422  18.455   1.707         
 2804   422  19.946   1.802         
 2805   422  18.900   1.737         
 2808   422  18.979   1.876         
 2809   422  21.179   2.299         
 2810   422  21.571   2.038         
 2812   422  17.822   1.457         
 2814   422  20.316   1.910         
 2816   422  18.629   1.566         
 2819   422  20.251   2.333         
 2820   422  20.055   2.321         
 2821   422  18.996   1.721         
 2824   422  18.306   1.770         
 2826   422  20.767   2.521         
 2827   422  18.340   1.664         
 2829   422  19.464   1.612         
 2831   422  19.494   1.679         
 2833   422  19.683   1.788         
 2835   422  19.042   2.395         
 2837   422  20.865   1.832         
 2838   422  19.351   1.832         
 2840   422  19.551   2.126         
 2841   422  18.170   1.716         
 2842   422  19.734   1.798         
 2843   422  18.464   1.133         
 2845   422  18.914   2.996         
 2846   422  11.502   0.245         
 2846   422  11.502   0.245         
 2847   422  20.356   1.875         
 2848   422  20.967   2.261         
 2849   422  16.701   1.931         
 2850   422  18.314   2.214         
 2851   422  20.174   2.121         
 2852   422  18.019   1.614         
 2853   422  18.413   1.815         
 2854   422  17.723   1.652         
 2855   422  21.808   1.650         
 2856   422  20.593   3.069         
 2857   422  16.792   1.652         
 2859   422  21.353   1.628         
 2860   422  17.257   1.539         
 2861   422  21.584   1.666         
 2862   422  18.908   1.666         
 2863   422  20.023   2.092         
 2864   422  18.563   1.654         
 2865   422  17.368   1.686         
 2866   422  18.780   1.647         
 2867   422  18.918   1.910         
 2868   422  18.609   1.965         
 2869   422  15.717   1.122         
 2870   422  17.620   1.588         
 2871   422  19.621   1.983         
 2872   422  18.609   1.973         
 2875   422  17.521   1.651         
 2876   422  10.805   0.301         
 2876   422  10.805   0.301         
 2877   422  20.100   2.039         
 2879   422  16.757   1.442         
 2881   422  14.471   0.875         
 2882   422  13.221   0.392         
 2882   422  13.221   0.392         
 2883   422  20.250   1.704         
 2884   422  17.056   1.436         
 2885   422  13.482   0.795