UBV CCD observations

  No    Ref    V       B-V     U-B

 0007   272   9.140   0.130         
 0007   484   9.153   0.182   0.176
 0008   272  12.780   0.560         
 0008   484  12.530   0.635   0.153
 0009   272  10.990   0.300         
 0009   484  10.868   0.396   0.045
 0010   272  10.440   0.230         
 0010   484  10.466   0.284   0.165
 0011   272   9.270   0.160         
 0011   484   9.333   0.125   0.206
 0012   272  10.400   0.240         
 0012   484  10.404   0.282   0.130
 0013   272  11.340   0.440         
 0013   484  11.377   0.454   0.010
 0014   272  10.230   0.220         
 0014   484  10.223   0.274   0.147
 0015   272  11.550   0.480         
 0015   484  11.554   0.514   0.047
 0016   272  11.680   0.430         
 0016   484  11.582   0.453   0.010
 0017   484  10.372   0.282   0.109
 0018   484  12.554   1.048  -0.237
 0019   484  12.270   0.533  -0.064
 0020   484   9.813   0.316   0.151
 0021   484  12.724   0.626   0.036
 0022   484  11.221   0.465   0.083
 0023   484  11.847   0.562   0.655
 0024   272  12.250   0.720         
 0025   272  12.780   0.620         
 0026   272  12.900   0.560         
 0027   272  13.160   0.230         
 0028   272  13.520   1.120         
 0029   272  13.600   0.750         
 0030   272  13.680   0.400         
 0031   272  13.850   0.850         
 0032   272  13.950   0.750         
 0033   272  14.500   0.870         
 0034   272  14.520   0.930         
 0035   272  14.520   1.090         
 0036   272  14.530   0.590         
 0037   272  14.710   0.700         
 0038   272  14.900   0.680         
 0039   272  15.010   0.340         
 0040   272  15.220   0.690         
 0041   272  15.240   0.340         
 0042   272  15.630   0.360         
 0043   272  16.120   0.850         
 0050   484   8.383   0.767   0.482
 0051   484  12.605   0.607  -0.005