UBV CCD observations

  No    Ref    V       B-V     U-B

 1101   163  15.631   0.361   0.041
 1101   284  15.668   0.292   0.015
 1102   163  17.606   0.597   0.132
 1102   284  17.701   0.447   0.065
 1103   163  16.812   0.496   0.035
 1103   284  16.832   0.425   0.086
 1104   163  17.340   0.581   0.034
 1104   284  17.382   0.559   0.047
 1105   163  16.611   0.479  -0.012
 1105   284  16.644   0.450  -0.080
 1106   163  14.868   0.416   0.078
 1106   284  14.879   0.402   0.043
 1107   163  16.371   0.521   0.028
 1107   284  16.414   0.511  -0.008
 1108   163  14.601   0.845   0.558
 1108   284  14.632   0.837   0.562
 1111   163  15.584   0.385   0.074
 1111   284  15.603   0.352   0.076
 1112   163  12.961   0.958   0.776
 1112   284  13.007   0.917   0.776
 1113   163  14.571   0.397   0.121
 1113   284  14.605   0.343   0.116
 1114   163  15.653   0.894   0.599
 1114   284  15.751   0.861   0.636
 1115   163  16.091   0.426   0.046
 1115   284  16.133   0.357   0.054
 1116   163  15.450   0.397   0.081
 1116   284  15.512   0.329   0.032
 1117   163  17.306   0.557   0.081
 1117   284  17.352   0.554  -0.196
 1118   163  17.369   0.679   0.274
 1118   284  17.454   0.627   0.083
 1119   163  16.262   0.470   0.034
 1119   284  16.343   0.378   0.085
 1120   163  15.403   0.369   0.077
 1120   284  15.477   0.288   0.019
 1121   163  16.401   0.433   0.043
 1121   284  16.430   0.357   0.039
 1122   163  15.219   0.378   0.076
 1122   284  15.286   0.289   0.048
 1123   163  16.691   0.549   0.096
 1123   284  16.722   0.517   0.161
 1124   163  15.398   0.365   0.066
 1124   284  15.458   0.264   0.087
 1125   163  14.914   0.402   0.092
 1125   284  14.974   0.317   0.085
 1126   163  16.267   0.448   0.020
 1126   284  16.352   0.355   0.017
 1127   163  15.055   0.383   0.040
 1127   284  15.118   0.294   0.023
 1128   163  17.660   0.579   0.145
 1128   284  17.716   0.554   0.190
 1129   163  14.872   0.572   0.136
 1129   284  14.930   0.498   0.136
 1130   163  16.900   0.608   0.122
 1130   284  16.953   0.497   0.169
 1131   163  17.129   0.538   0.036
 1131   284  17.160   0.504   0.053
 1134   163  15.060   0.386   0.075
 1134   284  15.132   0.287   0.074
 1135   163  15.142   0.379   0.040
 1135   284  15.173   0.315   0.048
 1136   163  14.670   0.420   0.065
 1136   284  14.715   0.335   0.030
 1137   163  17.253   0.553   0.054
 1137   284  16.965   0.579   0.381
 1201   163  15.974   0.927   0.899
 1201   284  16.039   0.874   0.862
 1202   163  17.030   0.516   0.046
 1202   284  17.074   0.454  -0.137
 1203   163  14.343   0.177   0.148
 1203   284  14.368   0.097   0.124
 1204   163  16.295   0.434   0.002
 1204   284  16.349   0.371  -0.075
 1205   163  15.649   0.375   0.055
 1205   284  15.702   0.327   0.042
 1206   163  15.435   1.047   1.103
 1206   284  15.457   1.010         
 1207   163  15.448   0.397   0.074
 1208   163  17.098   0.514   0.009
 1209   163  15.627   0.401   0.049
 1210   163  17.091   0.536  -0.002
 1215   163  17.549   0.578   0.153
 1216   163  15.724   0.449   0.014
 1216   284  15.784   0.360  -0.001
 1217   163  15.962   0.783   0.463
 1217   284  16.097   0.729   0.534
 1218   163  15.358   0.409   0.015
 1218   284  15.420   0.314   0.004
 1219   163  15.045   0.379   0.077
 1219   284  15.108   0.279   0.052
 1223   163  16.330   0.435   0.052
 1224   163  14.938   0.417   0.048
 1224   284  15.006   0.295   0.056
 1225   163  15.119   0.395   0.079
 1225   284  15.189   0.291   0.062
 1226   284  14.974   0.298   0.074
 1227   163  17.895   0.744   0.245
 1227   284  17.864   0.831   0.414
 1228   163  16.255   0.426   0.011
 1228   284  16.238   0.350   0.074
 1229   163  13.118   1.011   0.917
 1229   284  13.204   0.931   0.939
 1231   163  16.066   0.474   0.026
 1231   284  16.137   0.342   0.076
 1232   163  17.470   0.760   0.498
 1232   284  17.533   0.709   0.545
 1233   163  15.310   0.902   0.732
 1233   284  15.400   0.788   0.702
 1234   163  17.270   0.580         
 1234   284  17.319   0.422   0.024
 1235   163  15.370   0.390         
 1235   284  15.459   0.219   0.082
 1236   163  17.580   0.630         
 1236   284  17.612   0.534   0.117
 1237   163  16.180   0.480         
 1237   284  16.243   0.315   0.045
 1238   163  17.660   0.630         
 1239   163  17.570   0.660         
 1240   163  15.720   0.491         
 1242   163  16.610   0.511         
 1243   163  17.470   0.601         
 1245   163  16.047   0.417   0.013
 1245   284  16.122   0.295   0.061
 1246   163  15.368   0.368   0.049
 1246   284  15.450   0.247   0.017
 1247   163  16.060   0.410   0.011
 1247   284  16.150   0.288   0.104
 1249   163  15.490   0.406   0.053
 1249   284  15.576   0.287   0.047
 1250   163  17.686   0.613   0.128
 1250   284  17.819   0.522   0.365
 1251   163  17.739   0.603   0.146
 1251   284  17.857   0.496   0.316
 1252   163  17.639   0.607   0.079
 1252   284  17.749   0.528  -0.177
 1253   163  17.680   0.728   0.306
 1253   284  17.779   0.619   0.842
 1254   163  16.882   0.507   0.008
 1254   284  16.946   0.442  -0.046
 1255   163  17.646   0.633   0.112
 1255   284  17.761   0.610  -0.061
 1256   163  17.693   0.692   0.071
 1256   284  17.797   0.549   0.556
 1257   163  16.221   0.480         
 1257   284  16.299   0.342   0.109
 1258   163  15.590   0.421         
 1258   284  15.698   0.281   0.092
 1259   163  17.550   0.601         
 1259   284  17.629   0.484  -0.097
 1260   163  16.750   0.531         
 1260   284  16.822   0.430   0.038
 1261   163  17.440   0.651         
 1261   284  17.494   0.472  -0.132
 1264   163  17.261   0.600         
 1265   163  17.461   0.630         
 1266   163  15.201   0.620         
 1267   163  15.171   0.450         
 1268   163  16.421   0.500         
 1269   163  16.521   0.500         
 1270   163  17.741   0.690         
 1271   163  16.327   0.525   0.019
 1271   284  16.423   0.428  -0.022
 1272   163  17.306   0.588   0.054
 1272   284  17.418   0.500   0.200
 1301   163  14.634   0.870   0.604
 1317   163  17.343   0.558   0.047
 1334   163  17.360   0.528   0.025
 1335   163  17.472   0.715   0.160
 1338   163  15.361   0.376   0.064
 1363   163  15.920   0.430         
 1364   163  16.580   0.990         
 1365   163  16.260   0.470         
 1366   163  16.650   0.551         
 2101   163  11.911   0.904   0.642
 2101   284  11.943   0.877   0.603
 2102   163  14.946   0.405   0.108
 2102   284  14.998   0.315   0.090
 2103   163  17.802   0.597   0.120
 2103   284  17.739   0.650   1.414
 2104   163  17.216   0.555   0.061
 2104   284  17.336   0.612   0.170
 2105   163  17.298   1.019   1.090
 2105   284  17.200   1.065   0.938
 2107   163  15.700   0.547   0.150
 2107   284  15.737   0.537   0.232
 2108   163  15.382   0.396   0.070
 2108   284  15.430   0.351   0.053
 2109   163  13.146   0.890   0.668
 2109   284  13.175   0.874   0.673
 2110   163  13.862   0.444   0.087
 2110   284  13.857   0.378   0.093
 2111   163  11.577   0.553   0.190
 2111   284  11.566   0.579   0.207
 2112   163  14.392   0.386   0.143
 2112   284  14.339   0.326   0.085
 2113   163  14.871   0.388   0.049
 2113   284  14.916   0.345   0.029
 2114   163  15.990   0.431   0.004
 2114   284  16.044   0.385   0.018
 2117   163  15.555   0.433   0.016
 2117   284  15.579   0.419  -0.022
 2118   163  14.615   0.364   0.097
 2118   284  14.613   0.365   0.046
 2120   163  15.622   0.354   0.062
 2120   284  15.516   0.416   0.004
 2121   163  15.995   0.074   0.030
 2121   284  15.614   0.394   0.158
 2122   163  11.696   1.100   1.114
 2122   284  11.703   1.123   1.123
 2124   284  15.474   0.372   0.118
 2125   163  16.236   0.507   0.061
 2125   284  16.191   0.636  -0.038
 2126   163  17.537   0.752   0.338
 2126   284  17.614   0.861   0.224
 2127   163  15.913   0.406   0.040
 2127   284  15.922   0.408  -0.011
 2128   163  16.743   0.538   0.083
 2128   284  16.734   0.577   0.033
 2129   163  14.769   0.441   0.118
 2129   284  14.784   0.436   0.060
 2130   163  16.961   0.540  -0.025
 2130   284  16.966   0.553  -0.012
 2131   163  17.708   0.593   0.181
 2131   284  17.741   0.654   0.687
 2132   163  15.561   0.363   0.018
 2132   284  15.547   0.386   0.005
 2133   163  16.378   0.459  -0.029
 2133   284  16.381   0.463   0.038
 2134   163  15.160   0.400         
 2134   284  15.152   0.394   0.202
 2135   163  17.274   0.546   0.030
 2135   284  17.280   0.565   0.106
 2136   163  16.007   0.458   0.044
 2136   284  15.993   0.484  -0.018
 2137   163  16.194   0.478   0.049
 2137   284  16.183   0.508   0.093
 2138   163  17.834   0.580   0.186
 2138   284  17.793   0.586   0.020
 2139   163  15.057   0.405   0.012
 2139   284  15.001   0.416   0.013
 2143   163  16.969   0.569   0.108
 2143   284  16.859   0.782   0.472
 2144   163  14.498   0.411   0.068
 2144   284  14.477   0.424   0.066
 2145   163  17.182   0.506   0.060
 2145   284  17.169   0.577   0.111
 2146   163  16.337   0.531   0.017
 2146   284  16.333   0.576   0.046
 2147   163  16.224   0.459   0.033
 2147   284  16.238   0.468   0.074
 2148   163  15.745   0.445   0.018
 2148   284  15.717   0.464  -0.013
 2149   163  15.606   0.442   0.013
 2149   284  15.584   0.452   0.058
 2150   163  16.802   0.648   0.207
 2150   284  16.755   0.691   0.354
 2152   163  15.614   0.377   0.041
 2152   284  15.603   0.374   0.042
 2201   163  17.521   0.751         
 2202   163  17.481   0.741         
 2204   163  17.581   0.681         
 2205   163  16.651   0.521         
 2207   163  17.891   0.691         
 2209   163  14.991   0.620         
 2209   284  15.079   0.496   0.148
 2210   163  15.476   0.365   0.078
 2210   284  15.485   0.337   0.089
 2211   163  17.198   0.544   0.062
 2211   284  17.144   0.588   0.245
 2212   163  11.948   1.044   1.020
 2212   284  11.935   1.068   1.023
 2213   163  16.031   0.417   0.032
 2213   284  15.923   0.416   0.104
 2214   163  15.184   0.408   0.059
 2214   284  15.178   0.390   0.072
 2215   163  15.361   0.410         
 2215   284  15.443   0.304   0.101
 2216   163  16.731   0.611         
 2216   284  16.801   0.550   0.016
 2217   163  14.801   0.491         
 2217   284  14.819   0.414   0.055
 2218   163  15.221   0.431         
 2219   163  17.231   0.601         
 2220   163  15.621   0.441         
 2221   163  17.561   0.672         
 2225   163  17.401   0.651         
 2225   284  17.490   0.553   0.478
 2226   163  17.362   0.596   0.014
 2226   284  17.455   0.505   0.307
 2227   163  17.801   0.602   0.070
 2227   284  17.646   0.682   0.448
 2228   163  16.171   0.435  -0.030
 2228   284  16.211   0.400   0.041
 2229   163  17.172   0.501   0.015
 2229   284  17.236   0.511  -0.050
 2230   163  17.901   0.662   0.086
 2230   284  17.993   0.615   0.439
 2231   163  17.634   0.733   0.504
 2231   284  17.597   0.878   0.409
 2232   163  16.653   0.516  -0.084
 2232   284  16.709   0.423   0.088
 2233   163  16.205   0.433  -0.012
 2233   284  16.239   0.409  -0.020
 2234   163  16.714   0.495  -0.080
 2234   284  16.701   0.524  -0.184
 2235   163  16.775   0.487  -0.066
 2235   284  16.792   0.462   0.001
 2236   163  17.693   0.599   0.153
 2236   284  17.749   0.593   0.182
 2238   163  17.241   0.941         
 2238   284  17.321   0.890   0.841
 2239   163  16.551   0.612         
 2240   163  17.711   0.761         
 2240   284  17.793   0.674   0.063
 2241   163  15.781   0.471         
 2241   284  15.833   0.379   0.069
 2242   163  16.172   0.511         
 2243   163  17.201   0.632         
 2243   284  17.265   0.499   0.956
 2244   163  17.081   0.732         
 2244   284  17.109   0.684   0.135
 2245   163  17.305   0.568  -0.125
 2245   284  17.283   0.573   0.271
 2246   163  16.406   0.587   0.072
 2246   284  16.453   0.564   0.278
 2247   163  15.451   0.399   0.047
 2247   284  15.444   0.389   0.086
 2248   163  17.799   0.643   0.008
 2248   284  17.765   0.708  -0.221
 2249   163  14.957   0.419   0.072
 2249   284  14.948   0.422   0.058
 2250   163  16.488   0.449  -0.011
 2250   284  16.456   0.499   0.054
 2251   163  13.246   0.924   0.709
 2251   284  13.216   0.945   0.718
 2252   163  15.982   0.438   0.054
 2252   284  15.899   0.474   0.023
 2253   163  16.392   0.469  -0.005
 2253   284  16.411   0.511   0.092
 2257   163  15.015   0.446   0.028
 2257   284  14.980   0.403   0.084
 2258   163  15.572   0.417  -0.108
 2258   284  15.519   0.376   0.069
 2259   163  15.712   0.501         
 2259   284  15.720   0.413   0.041
 2260   163  16.582   0.494  -0.081
 2260   284  16.569   0.507   0.007
 2261   163  17.140   0.696   0.081
 2261   284  17.104   0.684   0.119
 2262   163  14.076   0.483   0.063
 2262   284  14.040   0.480   0.055
 2263   163  17.193   0.569   0.037
 2263   284  17.254   0.586  -0.076
 2264   163  16.404   0.498  -0.024
 2264   284  16.448   0.538  -0.001
 2265   163  14.562   0.473   0.070
 2265   284  14.565   0.457   0.019
 2266   163  15.673   0.532   0.038
 2266   284  15.677   0.536   0.022
 2267   163  17.103   0.562   0.110
 2267   284  17.077   0.613   0.011
 2268   163  15.936   0.473   0.058
 2268   284  15.938   0.471   0.026
 2269   163  14.113   0.424   0.096
 2269   284  14.086   0.436   0.070
 2270   163  15.155   0.627   0.264
 2270   284  15.134   0.662   0.283
 2271   163  15.503   0.445   0.022
 2271   284  15.533   0.466   0.043
 2272   163  16.939   0.526   0.002
 2272   284  16.844   0.498  -0.094
 2273   163  12.805   0.054   0.093
 2273   284  12.759   0.055   0.079
 2274   163  17.832   0.626  -0.171
 2274   284  17.839   0.620  -0.090
 2275   163  17.348   0.556   0.071
 2275   284  17.297   0.679   0.131
 2276   163  14.859   0.778   0.384
 2276   284  14.838   0.837   0.294
 2277   163  15.783   0.472   0.031
 2277   284  15.745   0.488   0.049
 2278   163  15.851   0.402   0.040
 2278   284  15.860   0.393   0.028
 2279   163  17.608   0.701   0.164
 2279   284  17.564   0.817  -0.174
 2280   163  16.067   0.432   0.033
 2280   284  16.061   0.455  -0.030
 2281   163  15.460   0.399   0.075
 2281   284  15.432   0.430  -0.011
 2282   163  17.612   0.590   0.114
 2282   284  17.460   0.710   0.269
 2283   163  15.156   0.392   0.096
 2283   284  15.148   0.407   0.046
 2284   163  16.213   0.431   0.017
 2284   284  16.208   0.455  -0.012
 2285   163  15.082   0.387   0.102
 2285   284  15.062   0.409   0.051
 2286   163  16.387   0.517   0.039
 2286   284  16.363   0.552   0.106
 2302   163  16.733   0.483   0.046
 2346   163  17.632   0.701         
 2349   163  17.132   0.722         
 2359   163  16.972   0.622         
 2360   163  17.432   0.682         
 2361   163  17.862   0.772         
 2362   163  15.572   0.491         
 2362   284  15.554   0.417   0.051
 2363   284  15.266   0.424   0.064
 2365   163  16.592   0.591         
 2365   284  16.636   0.522   0.120
 2366   163  16.812   0.852         
 2377   163  17.299   0.533   0.046
 2378   163  17.108   0.566   0.009
 2378   284  17.090   0.658   0.191
 2379   163  16.670   0.590  -0.082
 2379   284  16.554   0.627   0.009
 2380   163  13.187   0.927   0.784
 2380   284  13.141   0.979   0.779
 2381   163  17.093   0.493   0.092
 2382   163  17.582   0.612         
 2384   163  15.974   0.412   0.023
 2384   284  15.950   0.443   0.009
 2385   163  17.218   0.524   0.071
 2385   284  17.110   0.651   0.061
 2386   163  15.142   0.376   0.077
 2386   284  15.002   0.451   0.071
 2387   163  15.088   0.887   0.788
 2388   163  15.952   0.481         
 3101   163  16.795   0.534   0.024
 3101   284  16.811   0.538   0.095
 3103   163  15.227   0.377   0.077
 3103   284  15.240   0.370  -0.009
 3104   163  15.497   0.376   0.049
 3104   284  15.506   0.380   0.010
 3105   163  15.059   0.414   0.022
 3105   284  15.070   0.401   0.020
 3106   163  17.552   0.578   0.154
 3106   284  17.545   0.657   0.200
 3107   284  15.079   0.422   0.033
 3108   163  15.461   0.379   0.054
 3108   284  15.463   0.392   0.011
 3109   163  15.780   0.575   0.206
 3109   284  15.796   0.598   0.145
 3110   163  14.740   0.842   0.567
 3110   284  14.734   0.880   0.658
 3111   163  14.676   0.437   0.023
 3111   284  14.624   0.465   0.030
 3112   163  14.630   0.354   0.076
 3112   284  14.617   0.359   0.045
 3113   163  17.686   0.634   0.092
 3113   284  17.765   0.647   0.633
 3114   163  17.811   0.736   0.460
 3114   284  17.816   0.920         
 3115   163  17.217   0.538   0.093
 3115   284  17.233   0.581  -0.093
 3116   163  13.939   0.790   0.344
 3116   284  13.895   0.795   0.379
 3118   163  15.517   0.382   0.071
 3118   284  15.489   0.411   0.009
 3119   163  15.003   0.424   0.068
 3119   284  14.986   0.437   0.077
 3120   163  16.368   0.491   0.058
 3120   284  16.333   0.570   0.029
 3121   163  15.676   0.404   0.060
 3121   284  15.629   0.438   0.049
 3122   163  17.518   0.600   0.022
 3122   284  17.517   0.623   0.280
 3123   163  17.569   0.610   0.116
 3123   284  17.460   0.774   0.405
 3124   163  17.559   0.481   0.122
 3124   284  17.483   0.604  -0.011
 3125   163  17.507   0.558   0.144
 3125   284  17.445   0.660   0.025
 3126   163  17.423   0.565   0.076
 3126   284  17.441   0.616   0.168
 3128   163  15.184   0.389   0.024
 3128   284  15.136   0.442  -0.004
 3129   163  14.716   0.307   0.169
 3129   284  14.754   0.348   0.079
 3130   163  17.094   0.636   0.182
 3130   284  17.074   0.703   0.084
 3131   163  16.431   0.461   0.020
 3131   284  16.390   0.526  -0.083
 3132   163  15.425   0.377   0.027
 3132   284  15.393   0.389   0.082
 3133   163  15.975   0.428   0.010
 3133   284  15.944   0.461   0.036
 3134   163  15.076   0.747   0.572
 3134   284  15.069   0.796   0.551
 3135   163  14.980   0.393   0.043
 3135   284  15.028   0.351  -0.035
 3136   163  14.980   0.386   0.084
 3136   284  14.904   0.445   0.041
 3137   163  15.316   0.386   0.062
 3137   284  15.216   0.446  -0.033
 3138   163  16.746   0.488   0.022
 3138   284  16.469   0.537   0.020
 3139   163  17.123   0.664   0.169
 3139   284  16.799   0.592  -0.078
 3140   163  17.528   0.588   0.168
 3140   284  16.816   0.465  -0.539
 3141   163  16.616   0.558   0.077
 3141   284  16.154   0.519   0.004
 3142   163  17.001   0.492   0.007
 3142   284  16.785   0.173   0.010
 3143   163  15.047   0.408   0.108
 3143   284  14.920   0.231   0.068
 3144   163  16.974   0.507   0.061
 3144   284  16.993   0.275  -0.219
 3145   163  15.859   0.396   0.027
 3145   284  15.908   0.351  -0.079
 3147   163  11.115   0.077   0.159
 3147   284  11.006   0.133   0.168
 3148   163  15.628   0.442   0.040
 3148   284  15.635   0.480  -0.024
 3149   163  16.992   0.593   0.180
 3149   284  17.005   0.677  -0.282
 3150   163  16.174   0.436   0.017
 3150   284  16.194   0.457   0.047
 3151   163  16.037   0.491  -0.061
 3151   284  16.048   0.501  -0.005
 3152   163  14.927   0.422   0.055
 3152   284  14.928   0.434   0.025
 3153   163  17.188   0.535   0.081
 3153   284  17.049   0.658   0.384
 3154   163  16.191   0.505   0.046
 3154   284  16.217   0.559   0.186
 3155   163  15.554   0.392   0.036
 3155   284  15.563   0.409  -0.031
 3156   163  15.441   0.361   0.064
 3156   284  15.457   0.389   0.089
 3157   163  15.186   0.434   0.159
 3157   284  15.206   0.428   0.185
 3158   163  14.727   0.422   0.120
 3158   284  14.735   0.433   0.063
 3159   163  16.884   0.504   0.039
 3159   284  16.929   0.487   0.065
 3161   163  14.446   0.439   0.109
 3161   284  14.400   0.458   0.110
 3162   163  16.573   0.468   0.001
 3162   284  16.118   0.480  -0.005
 3163   163  17.417   0.575   0.104
 3163   284  16.855   0.693   0.147
 3164   163  16.912   0.505   0.047
 3164   284  16.682   0.514   0.036
 3201   163  15.986   0.396   0.060
 3201   284  15.912   0.475  -0.016
 3202   163  15.963   0.387   0.044
 3202   284  15.848   0.511  -0.045
 3203   163  17.543   0.633   0.092
 3203   284  17.318   0.727   0.138
 3204   163  12.672   0.883   0.637
 3204   284  12.607   0.949   0.636
 3205   163  16.771   0.551   0.078
 3205   284  16.648   0.642   0.132
 3206   163  14.847   0.419   0.092
 3206   284  14.826   0.447   0.027
 3208   163  17.521   0.579   0.186
 3208   284  17.472   0.674   0.228
 3209   163  16.125   0.417   0.004
 3209   284  16.100   0.455  -0.007
 3210   163  15.761   0.392   0.020
 3210   284  15.736   0.431   0.002
 3213   163  14.296   0.581   0.190
 3213   284  14.257   0.623   0.116
 3215   163  17.861   0.663   0.181
 3215   284  17.775   0.844   0.160
 3216   163  17.056   0.605   0.221
 3216   284  16.949   0.757   0.028
 3217   163  15.281   0.374   0.085
 3217   284  15.226   0.438   0.003
 3218   163  15.335   0.393   0.064
 3218   284  15.282   0.468   0.020
 3219   163  14.799   0.378   0.071
 3219   284  14.724   0.461   0.006
 3220   163  17.263   0.559   0.031
 3220   284  17.202   0.662   0.007
 3221   163  15.696   0.395   0.051
 3221   284  15.622   0.481   0.057
 3223   163  15.378   0.399   0.126
 3223   284  15.290   0.482   0.110
 3224   163  15.424   0.376   0.079
 3224   284  15.365   0.437   0.045
 3225   163  16.689   0.700   0.447
 3225   284  16.639   0.789   0.509
 3226   163  17.520   1.027   1.067
 3226   284  17.484   1.135         
 3227   163  16.189   0.500   0.064
 3227   284  16.132   0.584   0.022
 3228   163  16.521   0.464  -0.011
 3228   284  16.462   0.556  -0.138
 3229   163  15.601   0.844   0.638
 3229   284  15.560   0.942   0.592
 3230   163  17.598   0.703   0.180
 3230   284  17.567   0.752   0.268
 3231   163  13.105   0.952   0.761
 3231   284  13.072   1.013   0.722
 3232   163  17.082   0.545   0.062
 3232   284  17.004   0.612   0.038
 3233   163  15.819   0.401   0.058
 3233   284  15.757   0.479  -0.004
 3235   163  16.362   0.513   0.087
 3235   284  16.320   0.577  -0.012
 3236   163  17.952   0.676   0.142
 3236   284  17.870   0.648   0.325
 3239   163  14.952   0.385   0.083
 3239   284  14.911   0.445   0.003
 3240   163  16.008   0.421   0.055
 3240   284  15.990   0.483  -0.022
 3241   163  13.807   0.091   0.109
 3241   284  13.752   0.117   0.118
 3242   163  17.409   0.666   0.283
 3242   284  17.349   0.754   0.300
 3243   163  14.654   0.808   0.567
 3243   284  14.607   0.862   0.549
 3248   163  17.179   0.544   0.084
 3248   284  17.121   0.645  -0.025
 3249   163  14.700   0.357   0.111
 3249   284  14.634   0.401   0.088
 3250   163  16.742   0.450   0.030
 3250   284  16.575   0.627   0.003
 3251   163  17.485   0.600   0.055
 3251   284  17.006   0.878   0.153
 3252   163  16.211   0.448   0.071
 3252   284  15.824   0.709   0.155
 3253   163  15.834   0.435   0.046
 3253   284  15.696   0.602   0.021
 3254   163  11.124   1.350   1.475
 3254   284  11.116   1.399   1.404
 3255   163  13.079   0.807   0.609
 3255   284  13.055   0.840   0.553
 3256   163  17.330   0.550   0.022
 3256   284  17.106   0.726   0.267
 3257   163  15.849   0.415   0.047
 3257   284  15.758   0.486   0.038
 3258   163  16.309   0.531   0.014
 3258   284  16.267   0.555  -0.019
 3260   284  14.976   0.559   0.134
 3261   284  16.725   0.607   0.047
 3262   284  16.099   0.816   0.470
 3263   284  15.022   0.396   0.054
 3264   284  16.180   0.458  -0.026
 3265   284  13.154   1.069   0.816
 3267   163  17.551   0.673  -0.084
 3267   284  17.561   0.574   0.235
 3268   163  16.985   0.516   0.074
 3268   284  16.928   0.573   0.119
 3269   163  17.473   0.542  -0.064
 3269   284  17.472   0.606   0.118
 3270   163  16.634   0.481  -0.053
 3270   284  16.593   0.552  -0.023
 3271   163  13.977   0.919   0.725
 3271   284  13.967   0.944   0.721
 3272   163  17.228   0.867   0.742
 3272   284  17.288   1.001   0.445
 3301   163  17.075   0.739   0.416
 3304   163  17.183   0.996   1.159
 3305   163  14.571   0.441         
 3306   163  17.191   0.551         
 3328   163  15.010   0.421         
 3329   163  15.411   0.420         
 3330   163  15.554   0.508   0.104
 3332   163  15.928   0.883   0.719
 3333   163  17.071   0.539   0.171
 3333   284  16.840   0.758  -0.170
 3334   163  16.766   0.495   0.037
 3334   284  16.660   0.584  -0.098
 3335   163  15.755   0.429   0.034
 3335   284  15.647   0.522   0.027
 3336   163  17.878   0.999   1.191
 3336   284  17.713   1.138   1.013
 3337   163  15.746   0.392   0.041
 3338   163  16.530   0.385   0.131
 3339   163  15.500   0.411         
 3340   163  16.480   0.500         
 3347   163  17.858   0.665   0.226
 3350   163  15.579   0.375   0.060
 3350   284  15.479   0.484   0.026
 3353   163  15.580   1.469   1.183
 3353   284  15.527   1.591   0.898
 3356   163  14.175   0.895   0.688
 3356   284  14.103   0.982   0.654
 3358   163  16.657   0.480   0.057
 3358   284  16.525   0.613  -0.081
 3359   163  13.234   0.944   0.733
 3359   284  13.172   1.019   0.758
 4101   163  15.893   0.398   0.030
 4101   284  15.905   0.375   0.002
 4102   163  15.847   0.424   0.036
 4102   284  15.818   0.444   0.057
 4103   163  16.976   0.614   0.034
 4103   284  16.881   0.639   0.001
 4104   163  15.601   0.369   0.052
 4104   284  15.613   0.380   0.061
 4105   163  15.345   0.351   0.069
 4105   284  15.346   0.371   0.015
 4106   163  14.233   0.404   0.069
 4106   284  14.222   0.396   0.067
 4108   163  16.602   0.542   0.086
 4108   284  16.552   0.529   0.104
 4109   163  13.776   0.858   0.581
 4109   284  13.786   0.859   0.620
 4110   163  16.356   0.536   0.067
 4110   284  16.365   0.559   0.009
 4111   163  17.583   0.628   0.140
 4111   284  17.570   0.628   0.243
 4112   163  16.307   0.446   0.041
 4112   284  16.320   0.438  -0.022
 4113   163  15.856   1.255   1.282
 4113   284  15.889   1.283   1.212
 4114   163  14.952   0.403   0.045
 4114   284  14.963   0.367   0.057
 4117   163  13.657   0.277   0.165
 4117   284  13.689   0.207   0.176
 4118   163  15.022   0.384         
 4118   284  15.022   0.361   0.011
 4119   163  15.948   0.390   0.029
 4119   284  15.934   0.363   0.101
 4121   163  16.316   0.476  -0.003
 4121   284  16.257   0.429  -0.055
 4122   163  17.618   0.587   0.127
 4122   284  17.656   0.584  -0.012
 4123   163  16.492   0.453   0.015
 4123   284  16.540   0.434  -0.072
 4124   163  16.353   0.446   0.012
 4124   284  16.437   0.385  -0.081
 4125   163  15.600   0.374   0.044
 4125   284  15.629   0.330   0.049
 4126   163  17.153   0.590   0.106
 4126   284  17.232   0.544   0.239
 4127   163  15.223   0.372   0.066
 4127   284  15.243   0.330   0.073
 4128   163  13.085   0.879   0.624
 4128   284  13.113   0.858   0.638
 4129   163  14.420   0.514   0.123
 4129   284  14.438   0.511   0.068
 4130   163  15.661   0.368   0.053
 4130   284  15.694   0.344  -0.005
 4131   163  17.610   0.588   0.143
 4131   284  17.684   0.623  -0.137
 4132   163  13.753   0.409   0.099
 4132   284  13.752   0.377   0.077
 4133   163  16.389   0.448  -0.003
 4133   284  16.377   0.428   0.026
 4134   163  17.632   0.675   0.232
 4134   284  17.634   0.653   0.545
 4135   163  16.638   0.470   0.031
 4135   284  16.662   0.455   0.261
 4136   163  15.234   0.435   0.011
 4136   284  15.241   0.388  -0.029
 4137   163  16.821   0.599   0.257
 4137   284  16.831   0.721   0.501
 4138   163  13.292   0.930   0.762
 4138   284  13.305   0.911   0.771
 4139   163  17.433   0.587   0.125
 4139   284  17.454   0.564   0.112
 4140   163  15.234   0.372   0.069
 4140   284  15.248   0.350   0.031
 4141   163  14.389   0.448   0.064
 4141   284  14.419   0.416  -0.009
 4143   163  13.262   0.936   0.754
 4143   284  13.305   0.918   0.768
 4145   163  15.534   0.364   0.052
 4145   284  15.584   0.291   0.064
 4148   163  17.641   0.671   0.172
 4148   284  17.760   0.650   0.861
 4149   163  15.472   0.396   0.092
 4149   284  15.520   0.349   0.078
 4150   163  16.638   0.531   0.072
 4150   284  16.683   0.499  -0.056
 4151   163  17.237   0.534   0.040
 4151   284  17.146   0.511  -0.107
 4152   163  14.351   0.374   0.052
 4152   284  14.399   0.299   0.019
 4153   163  17.385   0.566   0.057
 4153   284  17.397   0.532   0.785
 4154   163  16.233   0.469   0.041
 4154   284  16.271   0.389   0.037
 4201   163  15.689   0.417   0.033
 4201   284  15.731   0.378         
 4202   163  15.172   0.405   0.015
 4202   284  15.170   0.399  -0.002
 4203   163  17.006   0.552   0.128
 4203   284  16.953   0.619   0.338
 4204   163  17.066   0.476   0.067
 4204   284  17.028   0.562  -0.060
 4205   284  13.245   0.956   0.766
 4206   163  16.175   0.402   0.048
 4206   284  16.134   0.393   0.037
 4212   284  16.359   0.394   0.066
 4214   163  15.965   0.539   0.076
 4214   284  15.982   0.491   0.006
 4215   284  15.942   0.375   0.046
 4216   163  14.868   0.410   0.051
 4216   284  14.840   0.390   0.039
 4217   163  17.354   0.690   0.216
 4217   284  17.378   0.663   0.110
 4218   163  14.506   0.246   0.390
 4218   284  14.499   0.286   0.240
 4219   163  17.554   0.609   0.106
 4219   284  17.558   0.640  -0.035
 4220   163  17.007   0.884   0.644
 4220   284  17.040   0.870   0.824
 4221   163  16.899   0.507   0.009
 4221   284  16.909   0.525   0.116
 4222   163  17.451   0.608   0.107
 4222   284  17.344   0.719   0.369
 4223   163  14.732   0.640   0.192
 4223   284  14.732   0.631   0.189
 4224   163  17.376   0.573   0.069
 4224   284  17.334   0.566   0.220
 4225   163  16.256   0.440   0.018
 4225   284  16.177   0.466   0.026
 4226   163  17.636   0.627   0.113
 4226   284  17.409   0.810  -0.077
 4227   163  16.188   0.451   0.015
 4227   284  16.272   0.353   0.047
 4228   163  12.133   1.672   1.791
 4228   284  12.059   1.663         
 4230   163  12.856   0.610   0.287
 4230   284  12.876   0.578   0.228
 4232   284  15.776   0.320   0.033
 4233   284  16.341   0.565   0.120
 4235   284  16.256   0.434  -0.070
 4236   163  15.224   0.387   0.057
 4236   284  15.192   0.359   0.046
 4237   163  15.361   0.374   0.057
 4237   284  15.343   0.319   0.080
 4238   163  15.642   0.474   0.126
 4238   284  15.508   0.548   0.165
 4239   163  15.202   0.806   0.169
 4239   284  15.311   0.627   0.216
 4240   163  13.104   0.962   0.760
 4240   284  13.132   0.929   0.770
 4241   163  15.073   0.389   0.068
 4241   284  15.097   0.345   0.022
 4242   163  17.540   0.573   0.064
 4242   284  17.596   0.589  -0.110
 4243   163  17.485   0.583   0.106
 4243   284  17.549   0.585  -0.115
 4244   163  17.750   0.612   0.166
 4244   284  17.804   0.700   0.264
 4245   163  17.687   0.604   0.126
 4245   284  17.735   0.540   0.037
 4246   163  17.511   0.585   0.091
 4246   284  17.502   0.619  -0.183
 4247   163  16.510   0.452   0.003
 4247   284  16.546   0.400   0.044
 4248   163  17.045   0.523   0.030
 4248   284  17.079   0.475   0.153
 4249   163  16.761   0.549   0.130
 4249   284  16.719   0.560   0.149
 4252   163  17.868   0.652   0.223
 4252   284  17.857   0.659  -0.217
 4253   163  17.488   0.683   0.205
 4253   284  17.525   0.613  -0.079
 4254   163  15.049   0.385   0.072
 4254   284  15.042   0.340   0.018
 4255   163  15.217   0.481   0.005
 4255   284  15.229   0.433  -0.024
 4256   163  16.127   0.413   0.005
 4256   284  16.181   0.330  -0.039
 4257   163  16.769   0.568   0.077
 4257   284  16.813   0.512   0.196
 4258   163  15.780   0.382   0.012
 4258   284  15.790   0.328  -0.050
 4259   163  15.934   0.510   0.052
 4259   284  15.915   0.483  -0.012
 4260   163  17.247   0.908   0.874
 4260   284  17.284   0.912   1.275
 4261   163  17.404   0.582   0.085
 4261   284  17.425   0.521  -0.211
 4262   163  14.424   0.511   0.082
 4263   163  16.607   0.527   0.044
 4264   163  15.033   0.740   0.285
 4265   163  17.008   0.492   0.010
 4266   163  17.192   0.539   0.048
 4267   163  15.900   0.386   0.003
 4268   163  17.705   0.588   0.026
 4270   163  17.449   0.676   0.157
 4271   163  16.931   0.509   0.023
 4271   284  16.942   0.462  -0.013
 4272   163  15.156   0.393   0.058
 4272   284  15.176   0.340   0.019
 4273   163  16.932   0.502   0.084
 4273   284  16.837   0.533   0.122
 4274   163  13.768   0.952   0.762
 4274   284  13.803   0.906   0.746
 4275   163  16.618   0.472   0.005
 4275   284  16.736   0.315  -0.071
 4276   163  16.090   0.421   0.011
 4276   284  16.129   0.343   0.025
 4352   284  15.985   0.335   0.084
 4353   284  15.054   0.334   0.081
 4354   284  16.279   0.391   0.018
 4357   163  17.493   0.600   0.016
 4358   163  16.343   0.439  -0.010
 4363   163  15.268   0.395   0.038
 4380   163  14.835   0.458   0.120
 4501   284  17.008   0.592  -0.063
 4502   284  16.465   0.537   0.036
 4503   284  17.251   0.714   0.375
 4504   284  17.434   0.694   0.188
 4505   284  17.968   0.755  -0.205
 4506   284  12.023   0.066  -0.195
 4507   284  14.939   0.454   0.031
 4508   284  16.475   0.512  -0.093
 4509   284  13.752   0.963   0.686
 4510   284  15.740   1.516   1.221
 4511   284  15.121   0.381   0.117
 4512   284  16.615   0.747   0.095
 4513   284  15.545   0.408   0.041
 4514   284  16.968   0.630  -0.074
 4515   284  16.835   0.564   0.119
 4516   284  17.318   0.807   0.006
 4517   284  17.027   0.591   0.067
 4518   284  16.437   0.492   0.216
 4519   284  16.901   0.728   0.382
 4520   284  17.204   0.496  -0.107
 4521   284  16.839   0.487   0.125
 4522   284  16.409   0.534   0.088
 4523   284  16.434   0.395   0.030
 4524   284  16.963   0.585   0.144
 4525   284  18.468   0.636   0.383
 4526   284  17.517   0.511   0.313
 4527   284  15.337   0.616   0.291
 4528   284  15.037   0.781   0.454
 4529   284  17.465   0.590  -0.107
 4530   284  18.452   0.735         
 4531   284  16.347   0.390  -0.005
 4532   284  18.119   0.693   0.033
 4533   284  17.407   0.777         
 4534   284  17.398   0.632  -0.218
 4535   284  16.090   0.343   0.119
 4536   284  17.806   0.580  -0.009
 4537   284  18.050   0.729  -0.092
 4538   284  17.859   0.622  -0.298
 4539   284  17.707   0.745   0.223
 4540   284  18.266   1.004   0.878
 4541   284  17.071   0.804  -0.030
 4542   284  17.765   0.779   1.215
 4543   284  17.446   1.562         
 4544   284  18.018   0.625   0.672
 4545   284  17.063   0.447         
 4546   284  15.298   0.334  -0.602
 5001   163  19.011   0.850         
 5002   163  16.310   0.490         
 5002   284  16.377   0.426  -0.031
 5003   163  18.371   0.760         
 5004   163  18.231   0.781         
 5005   163  19.269   0.940         
 5006   163  19.280   0.451         
 5007   163  18.600   0.851         
 5008   163  18.600   0.591         
 5009   163  19.199   1.039         
 5010   163  19.379   0.829         
 5011   163  16.061   0.470         
 5011   284  16.154   0.351   0.049
 5012   163  19.561   0.961         
 5013   163  18.471   1.921         
 5014   163  17.091   0.371         
 5015   163  17.651   0.840         
 5015   284  17.823   0.796   0.540
 5016   163  19.690   0.791         
 5017   163  19.510   0.959         
 5018   163  18.229   0.640         
 5019   163  18.411   0.801         
 5020   163  18.750   0.810         
 5021   163  18.119   1.279         
 5022   163  19.131   0.951         
 5023   163  18.801   0.621         
 5024   163  18.631   0.832         
 5025   163  19.290   0.911         
 5026   163  18.071   0.761         
 5026   284  18.115   0.709         
 5027   163  18.601   0.811         
 5028   163  16.221   0.491         
 5028   284  16.288   0.404   0.076
 5029   163  17.331   0.611         
 5029   284  17.369   0.567   0.372
 5030   163  18.711   1.062         
 5031   163  18.770   0.800         
 5032   163  17.901   0.712         
 5033   163  19.790   1.141         
 5034   163  18.611   0.922         
 5035   163  18.189   0.810         
 5036   163  18.291   0.682         
 5037   163  17.631   0.661         
 5037   284  17.541   0.700   0.094
 5038   163  18.331   0.832         
 5038   284  18.553   0.712         
 5039   163  18.782   0.961         
 5040   163  18.691   0.981         
 5041   163  18.730   0.779         
 5042   163  18.082   0.791         
 5043   163  18.822   0.991         
 5044   163  19.040   1.010         
 5045   163  18.280   1.470         
 5045   284  18.076   1.208   0.373
 5046   163  18.961   0.981         
 5047   163  18.252   0.681         
 5048   163  18.980   0.920         
 5049   163  18.841   1.012         
 5050   163  18.842   1.161         
 5051   163  18.432   0.831         
 5052   163  18.321   0.511         
 5053   163  19.082   1.041         
 5054   163  19.971   1.340         
 5055   163  19.451   1.001         
 5056   163  18.181   0.711         
 5056   284  18.267   0.722   0.911
 5057   163  18.882   0.962         
 5058   163  17.862   1.052         
 5058   284  17.703   0.914   1.328
 5059   163  19.032   1.342         
 5060   163  18.472   0.873         
 5061   163  19.502   1.012         
 5062   163  15.131   0.411         
 5062   284  15.082   0.445   0.486
 5063   163  19.700   0.980         
 5064   163  18.532   0.852         
 5065   163  18.712   1.092         
 5066   163  18.262   0.652         
 5067   163  19.650   1.150         
 5068   163  19.332   1.022         
 5069   163  18.472   0.753         
 5070   163  17.322   0.973         
 5071   163  19.331   0.742         
 5072   163  18.172   0.792         
 5073   163  18.712   1.052         
 5074   163  18.272   0.712         
 5075   163  18.701   0.840         
 5076   163  18.411   0.821         
 5078   163  18.163   0.785   0.262
 5079   163  17.936   0.893   0.440
 5079   284  18.230   0.568  -0.337
 5080   163  19.380   0.526   0.832
 5081   163  16.495   0.425   0.075
 5081   284  16.379   0.505  -0.141
 5082   163  19.300   0.764   0.547
 5083   163  19.187   0.953   0.879
 5084   163  19.045   0.981   0.984
 5085   163  19.240   0.700   0.806
 5086   163  14.204   0.120   0.239
 5086   284  14.157   0.398   0.698
 5087   163  18.124   0.725   0.105
 5087   284  18.084   0.744   0.001
 5088   163  16.154   0.399  -0.064
 5088   284  16.015   0.438   0.046
 5089   163  19.715   0.869   1.496
 5090   163  18.680   0.940   0.522
 5092   163  17.977   0.630   0.230
 5092   284  18.242   0.620   0.168
 5094   163  19.394   0.882   0.723
 5095   163  18.267   0.665   0.423
 5096   163  19.316   0.905   0.901
 5097   163  19.062   0.539   1.131
 5098   163  17.325   0.516   0.070
 5098   284  17.255   0.628  -0.887
 5099   163  18.813   0.830   0.613
 5102   163  16.231   0.467   0.009
 5102   284  16.251   0.455   0.193
 5103   163  18.756   0.827   0.505
 5104   163  15.940   0.432   0.014
 5104   284  15.972   0.381  -0.000
 5105   163  16.979   0.593   0.219
 5105   284  16.996   0.564   0.138
 5106   163  18.795   0.803   0.603
 5107   163  19.472   0.667   0.184
 5109   163  17.167   0.612   0.134
 5109   284  17.252   0.543   0.575
 5110   163  18.437   0.821   0.279
 5111   163  16.036   0.417   0.019
 5111   284  16.059   0.405  -0.029
 5112   163  18.460   1.060   1.310
 5112   284  18.638   1.467         
 5113   163  18.052   0.689   0.148
 5114   163  17.584   0.601   0.145
 5114   284  17.671   0.600         
 5115   163  15.979   0.478   0.029
 5115   284  16.013   0.461  -0.049
 5117   163  17.656   0.771   0.079
 5117   284  17.624   0.662   1.134
 5118   163  16.273   0.422   0.038
 5118   284  16.272   0.430   0.051
 5119   163  18.190   0.884   0.881
 5120   163  18.439   0.752   0.293
 5121   163  16.413   0.465   0.005
 5121   284  16.425   0.467  -0.009
 5122   163  17.673   0.704   0.248
 5122   284  17.737   0.648   0.733
 5123   163  15.729   0.403   0.035
 5123   284  15.764   0.367   0.041
 5124   163  18.487   0.680   1.464
 5125   163  18.231   0.815   0.182
 5125   284  18.471   0.787         
 5127   163  17.115   0.559   0.014
 5127   284  17.146   0.546   0.390
 5129   163  16.544   0.491   0.045
 5129   284  16.504   0.628  -0.180
 5130   163  16.897   0.533   0.061
 5130   284  17.028   0.565   0.016
 5131   163  18.901   0.758   0.977
 5132   163  18.424   0.684   0.629
 5133   163  16.969   0.566   0.020
 5133   284  17.056   0.551  -0.037
 5134   163  17.416   0.619   0.115
 5134   284  17.261   0.776   0.368
 5135   163  15.760   1.325   1.194
 5135   284  15.875   1.350   1.191
 5136   163  16.134   0.441   0.004
 5136   284  16.114   0.470   0.077
 5137   163  18.592   0.721   0.539
 5138   163  15.543   0.389   0.031
 5138   284  15.539   0.368   0.059
 5140   163  17.997   0.784   0.205
 5141   163  18.089   0.736   0.157
 5142   163  16.545   0.579   0.067
 5142   284  16.607   0.579   0.004
 5143   163  17.697   0.869   0.736
 5144   163  16.081   0.419   0.035
 5144   284  16.075   0.454   0.086
 5145   163  18.940   0.866   0.821
 5147   163  18.451   0.759   0.385
 5149   163  18.293   0.699   0.379
 5150   163  17.831   0.593   0.285
 5150   284  17.914   0.928  -0.220
 5151   163  18.934   0.760  -0.208
 5152   163  17.601   0.698   0.370
 5152   284  17.593   0.789   0.813
 5154   163  18.678   0.840  -0.015
 5155   163  18.744   0.971   0.686
 5157   163  17.292   0.533   0.086
 5158   163  18.379   0.785   0.365
 5159   163  18.291   0.941   1.139
 5160   163  18.241   0.690   0.220
 5160   284  18.285   0.870   0.427
 5161   163  18.389   0.742   0.303
 5162   163  19.444   0.640   1.229
 5163   163  18.421   0.714   0.286
 5163   284  18.570   0.726   0.057
 5164   163  18.370   0.740   0.452
 5164   284  18.050   0.928  -0.280
 5165   163  18.065   0.676   0.176
 5165   284  18.068   0.726   0.285
 5166   163  18.312   0.485  -0.029
 5167   163  17.774   0.652   0.272
 5168   163  18.072   0.640   0.262
 5168   284  18.206   0.744   1.211
 5169   163  17.000   0.520   0.043
 5169   284  16.956   0.563   0.128
 5170   163  18.155   0.648   0.327
 5171   163  16.513   0.468  -0.019
 5171   284  16.457   0.556   0.103
 5172   163  18.372   0.763   0.578
 5173   163  18.778   0.647   0.689
 5174   163  16.367   0.849   0.604
 5174   284  16.251   0.956   1.408
 5175   163  15.917   0.665   0.344
 5175   284  15.885   0.718   0.519
 5176   163  16.564   1.150   1.087
 5176   284  16.481   1.221   0.771
 5177   163  18.766   0.533   0.077
 5178   163  17.611   0.534   0.078
 5178   284  17.503   0.599   0.891
 5179   163  19.073   0.830   0.716
 5180   163  18.913   0.812   0.571
 5181   163  18.670   1.256   0.520
 5182   163  18.260   0.719   0.304
 5183   163  18.014   0.734   0.308
 5183   284  17.923   0.767   0.417
 5184   163  18.454   0.756   0.399
 5185   163  18.095   0.710   0.151
 5185   284  18.070   0.767  -0.191
 5186   163  16.110   0.490  -0.011
 5186   284  16.080   0.503   0.065
 5187   163  18.612   0.746   0.452
 5188   163  17.748   0.586   0.185
 5188   284  17.732   0.692  -0.066
 5189   163  18.844   0.799   0.578
 5190   163  18.590   1.219   0.911
 5191   163  19.095   0.777   0.218
 5192   163  15.442   0.419   0.098
 5192   284  15.444   0.404  -0.036
 5193   163  17.453   0.382  -0.068
 5193   284  17.346   0.588  -0.169
 5194   163  15.982   0.413   0.035
 5194   284  15.947   0.457   0.021
 5195   163  16.896   0.506   0.030
 5195   284  16.839   0.552  -0.136
 5196   163  15.445   0.394   0.056
 5196   284  15.445   0.385   0.266
 5197   163  17.833   0.682   0.044
 5197   284  17.847   0.740  -0.197
 5198   163  17.767   0.660   0.218
 5198   284  17.707   0.791  -0.088
 5199   163  18.519   0.800   0.300
 5200   163  18.927   0.956   0.533
 5201   163  18.230   0.679   0.299
 5202   163  16.010   0.435  -0.033
 5202   284  15.935   0.427   0.007
 5203   163  18.000   0.628   0.160
 5203   284  17.914   0.647   0.460
 5204   163  18.569   0.708   0.598
 5205   163  18.249   0.659   0.493
 5205   284  18.150   0.690   0.935
 5206   163  17.374   0.584   0.051
 5206   284  17.375   0.588   0.178
 5208   163  18.361   0.707   0.495
 5209   163  18.309   1.003   1.354
 5210   163  18.414   0.661   0.236
 5211   163  18.828   0.670   0.924
 5212   163  16.860   0.523   0.014
 5212   284  16.843   0.551  -0.076
 5213   163  19.099   0.688  -0.128
 5214   163  14.424   0.493   0.128
 5214   284  14.391   0.531   0.040
 5215   163  18.252   0.754   0.359
 5215   284  18.363   0.667   0.591
 5216   163  18.820   0.666   0.415
 5217   163  19.284   0.803   0.359
 5218   163  19.111   0.849   0.260
 5219   163  17.966   0.719   0.228
 5219   284  17.953   0.826   0.167
 5220   163  16.663   0.469   0.051
 5220   284  16.573   0.575   0.091
 5221   163  18.924   0.724   0.979
 5222   163  17.874   0.518   0.085
 5222   284  17.793   0.632   0.321
 5223   163  18.946   0.770   0.764
 5224   163  18.157   0.712   0.298
 5224   284  18.113   0.823   0.440
 5225   163  18.465   0.806   0.547
 5225   284  18.377   1.045   0.134
 5226   163  17.727   0.584   0.201
 5226   284  17.549   0.728   0.494
 5227   163  18.301   0.852   0.616
 5227   284  18.243   0.892   0.362
 5228   163  17.840   0.619   0.242
 5228   284  17.743   0.754   0.018
 5229   163  18.796   0.973   0.332
 5230   163  18.229   0.524   0.066
 5230   284  18.215   0.620  -0.163
 5231   163  18.868   0.723   0.689
 5232   163  18.732   0.662   0.101
 5233   163  14.926   0.145  -0.079
 5233   284  14.848   0.451  -0.254
 5234   163  18.341   0.742   0.652
 5235   163  18.076   0.482  -0.099
 5235   284  17.979   0.659  -0.037
 5236   163  18.782   0.985   0.422
 5237   163  17.050   0.543   0.059
 5238   163  18.938   0.748   0.744
 5239   163  18.919   0.699   0.605
 5240   163  18.324   0.711   0.397
 5241   163  17.820   1.091   1.450
 5242   163  18.174   0.706   0.200
 5243   163  17.931   0.883   0.408
 5244   163  17.840   0.940         
 5245   163  18.580   1.120         
 5246   163  19.268   0.898         
 5247   163  18.150   0.780         
 5247   284  18.335   0.548   0.066
 5248   163  19.268   0.869         
 5249   163  14.999   0.840         
 5249   284  15.097   0.719  -0.049
 5250   163  18.610   1.050         
 5251   163  18.980   0.880         
 5252   163  18.640   0.641         
 5253   163  19.120   0.831         
 5254   163  18.870   0.930         
 5255   163  19.280   1.091         
 5256   163  18.030   0.851         
 5256   284  18.198   0.593         
 5257   163  16.489   0.509         
 5257   284  16.472   0.520  -0.209
 5258   163  18.910   0.830         
 5259   163  20.429   1.108         
 5260   163  18.050   0.731         
 5261   163  18.469   0.960         
 5262   163  18.079   0.740         
 5263   163  20.698   0.168   0.084
 5264   163  19.346   0.840   0.793
 5265   163  18.005   0.731   0.069
 5266   163  19.134   0.941   0.958
 5267   163  19.691   1.120   1.109
 5268   163  19.106   0.832   0.822
 5269   163  19.657   0.595   0.450
 5270   163  14.190   0.187   0.168
 5270   284  14.207   0.130   0.164
 5271   163  13.204   0.923   0.730
 5271   284  13.275   0.849   0.744
 5272   163  19.245   0.708   0.088
 5273   163  19.210   0.788   0.193
 5274   163  19.511   1.037   0.897
 5275   163  19.256   0.987   0.701
 5276   163  13.104   0.962   6.137
 5277   163  19.402   0.843   0.501
 5278   163  18.888   0.958   0.256
 5279   163  14.353   0.378   5.696
 5280   163  19.411   1.054   1.040
 5281   163  19.544   1.223   0.913
 5282   163  19.244   0.839   0.719
 5283   163  19.449   0.990   0.873
 5284   163  19.362   0.970   0.948
 5285   163  18.712   1.230   1.422
 5286   163  19.207   0.835   0.687
 5287   163  19.746   0.819   0.375
 5288   163  18.573   0.821   0.456
 5289   163  18.537   0.781   0.358
 5290   163  18.949   0.848   0.628
 5291   163  19.507   0.952   1.089
 5292   163  18.709   0.737   0.449
 5293   163  18.407   0.753   0.366
 5294   163  18.484   0.611   0.023
 5295   163  19.372   0.840   0.820
 5296   163  17.888   0.643   0.145
 5296   284  17.974   0.629         
 5297   163  18.881   0.866   0.811
 5298   163  18.733   0.794   0.489
 5299   163  19.299   0.572  -0.031
 5300   163  18.725   0.638   0.075
 5301   163  18.631   0.789   0.344
 5302   163  18.146   0.685   0.269
 5303   163  17.994   0.827   0.536
 5304   163  19.701   0.968   1.285
 5305   163  18.511   0.809   0.353
 5306   163  18.819   0.831   0.622
 5307   163  18.946   1.099   1.002
 5308   163  18.920   0.643   0.482
 5309   163  19.514   0.823   0.850
 5310   163  18.115   0.754   0.662
 5311   163  20.012  -0.496   1.427
 5312   163  18.179   0.459   0.172
 5314   163  17.243   0.502   0.025
 5315   163  17.227   0.528   0.031
 5316   163  18.627   0.784   0.387
 5317   163  19.160   0.677   0.685
 5318   163  19.477   1.130   1.240
 5319   163  19.402   0.854   0.819
 5320   163  18.673   0.747   0.394
 5322   163  18.650   0.794   0.353
 5323   163  18.358   0.673   0.414
 5324   163  17.673   0.741   0.395
 5325   163  16.148   0.363   0.087
 5326   163  18.991   0.826   1.003
 5327   163  18.075   0.681   0.173
 5328   163  18.664   1.310   0.949
 5329   163  17.040   0.512   0.013
 5329   284  17.045   0.467   0.103
 5330   163  18.512   0.670   0.407
 5331   163  17.131   0.533   0.045
 5331   284  17.110   0.511  -0.186
 5332   163  19.210   0.888   0.685
 5333   163  18.218   0.697   0.338
 5334   163  19.201   0.944   0.708
 5335   163  18.424   0.770   0.299
 5336   163  17.994   0.641   0.203
 5336   284  18.016   0.562   0.071
 5337   163  18.427   0.720   0.412
 5338   163  18.293   0.700   0.306
 5339   163  18.327   0.725   0.350
 5340   163  18.383   0.742   0.426
 5341   163  18.319   1.278  -0.219
 5342   163  18.646   1.228  -0.011
 5343   163  15.276   0.732   6.453
 5344   163  17.816   0.601   0.315
 5344   284  17.724   0.812  -0.359
 5345   163  17.251   0.541   0.034
 5345   284  17.306   0.457   0.178
 5346   163  18.090   0.645   0.208
 5347   163  18.667   0.765   0.498
 5348   163  18.493   0.790   0.298
 5349   163  18.354   0.713   0.300
 5349   284  18.307   0.684  -0.716
 5350   163  17.914   0.643   0.179
 5350   284  17.839   0.619   0.956
 5351   163  17.896   0.539   0.252
 5351   284  17.804   0.531   0.102
 5352   163  17.812   0.687   0.468
 5352   284  17.806   0.690   0.776
 5353   163  15.256   0.397   0.066
 5353   284  15.327   0.287   0.599
 5354   163  18.097   0.710   0.240
 5354   284  18.190   0.606   0.408
 5355   163  15.062   0.391   0.097
 5355   284  15.108   0.322   0.133
 5356   163  18.528   0.758   0.411
 5357   163  15.722   0.379   0.011
 5357   284  15.784   0.291  -0.128
 5358   163  19.446   1.006   0.817
 5359   163  18.297   0.723   0.343
 5360   163  19.233   0.835   0.794
 5361   163  18.616   0.794   0.499
 5362   163  18.080   0.666   0.168
 5362   284  17.704   0.963   0.831
 5363   163  17.806   0.882   0.734
 5363   284  17.840   0.791   0.549
 5364   163  18.684   0.819   0.539
 5365   163  16.239   0.428   0.012
 5365   284  16.298   0.348  -0.001
 5366   163  18.799   0.867   0.701
 5367   163  16.124   0.352   0.081
 5367   284  16.124   0.367   0.082
 5368   163  18.841   0.842   0.624
 5369   163  19.261   0.754   0.515
 5370   163  17.885   0.921   0.802
 5370   284  17.993   1.005         
 5371   163  14.600   0.830   0.491
 5371   284  14.675   0.744   0.520
 5372   163  18.325   0.567   0.004
 5373   163  15.402   0.354   0.014
 5373   284  15.455   0.331   0.140
 5374   163  15.305   0.384   0.003
 5374   284  15.384   0.314         
 5375   163  18.657   0.882   0.552
 5376   163  17.990   0.679   0.244
 5376   284  17.819   0.842   0.543
 5377   163  18.556   0.815   0.372
 5378   163  18.389   0.760   0.425
 5379   163  18.181   0.650   0.353
 5380   163  18.789   0.601   0.064
 5381   163  18.794   0.935   0.616
 5382   163  18.206   0.695   0.335
 5382   284  18.158   0.657         
 5383   163  15.975   0.476   0.042
 5383   284  16.029   0.470  -0.063
 5384   163  18.427   0.813   0.525
 5385   163  16.030   0.506   0.051
 5385   284  16.055   0.489   0.193
 5386   163  18.508   0.805   0.346
 5386   284  18.586   0.708  -0.587
 5387   163  16.000   0.392   0.027
 5387   284  16.032   0.363  -0.034
 5388   163  18.161   0.622   0.041
 5389   163  18.207   0.705   0.224
 5389   284  18.270   0.695  -0.030
 5432   163  15.044   0.381   0.062
 5554   163  16.323  -0.920   0.281
 5579   163  15.981  -0.077   0.034
 5580   163  14.598   0.410  -0.359
 5580   284  14.159   0.417   0.012
 5634   163  14.285   0.406   0.610
 5735   163  19.249   0.355         
 5751   163  18.884   0.824         
 5767   284  16.177   0.337  -0.011