UBV CCD observations

  No    Ref    V       B-V     U-B

 0001   227  13.884   0.596         
 0002   227  15.002   0.691         
 0004   227  12.884   0.398         
 0005   227  14.312   0.898         
 0006   227  15.859   1.999         
 0007   227  13.028   0.390         
 0008   227  15.822   0.977         
 0009   227  16.001   0.995         
 0010   227  15.592   1.503         
 0011   227  13.498   0.642         
 0012   227  10.862   0.306         
 0013   227  12.618   0.388         
 0014   227  15.793   0.862         
 0015   227  15.845   1.295         
 0016   227  16.049   0.887         
 0017   227  14.535   0.743         
 0018   227  14.715   1.689         
 0019   227  14.878   0.763         
 0020   227  15.921   1.209         
 0021   227  14.800   1.727         
 0022   227  12.264   0.396         
 0023   227  15.263   0.851         
 0024   227  13.200   0.581         
 0025   227  14.435   0.525         
 0026   227  13.872   0.810         
 0027   227  15.963   0.875         
 0028   227  13.116   0.513         
 0029   227  13.293   0.394         
 0030   227  12.423   0.363         
 0031   227  12.259   0.461         
 0032   227  14.651   0.600         
 0033   227  15.830   2.031         
 0034   227  14.121   0.626         
 0036   227  14.206   0.734         
 0037   227  14.978   1.241         
 0038   227  12.564   0.396         
 0039   227  14.577   0.621         
 0040   227  11.352   0.411         
 0041   227  16.010   0.830         
 0042   227  13.907   0.445         
 0043   227  13.607   0.447         
 0044   227  13.355   1.552         
 0045   227  15.674   0.947         
 0047   227  13.650   0.537         
 0048   227  15.821   0.868         
 0050   227  13.843   0.494         
 0059   227  14.709   0.675         
 0060   227  14.190   0.663         
 0061   227  13.648   0.942         
 0064   227  15.692   1.024         
 0065   227  14.371   0.579         
 0066   227  14.457   0.414         
 0068   227  14.931   0.184         
 0069   227  15.889   1.530         
 0070   227  15.502   0.894         
 0071   227  15.244   0.756         
 0072   227  14.855   0.707         
 0073   227  13.534   0.506         
 0074   227  10.938   0.358         
 0075   227  14.720   0.741         
 0076   227  15.092   0.746         
 0077   227  16.058   1.008         
 0081   227  16.161   1.927         
 0082   227  13.957   1.415         
 0083   227  14.210   0.876         
 0084   227  12.669   1.669         
 0088   227  16.072   0.880         
 0118   227  14.989   0.715         
 0122   227  13.735   0.485         
 0123   227  14.916   0.650         
 0124   227  14.855   0.644         
 0125   227  16.028   0.960         
 0126   227  12.236   0.398         
 0127   227  16.235   0.855         
 0128   227  15.421   0.840         
 0129   227  16.434   1.163         
 0130   227  13.405   0.832         
 0131   227  15.818   0.969         
 0132   227  16.053   0.735         
 0133   227  15.077   1.435         
 0134   227  16.570   1.304         
 0135   227  16.453   0.922         
 0136   227  16.035   0.948         
 0137   227  16.161   0.985         
 0138   227  16.033   1.099         
 0139   227  16.598   1.574         
 0140   227  16.025   0.821         
 0141   227  16.537   0.947         
 0142   227  16.632   1.011         
 0143   227  17.021   1.148         
 0144   227  16.981   1.105         
 0145   227  16.578   0.970         
 0146   227  16.241   1.043         
 0147   227  15.907   0.866         
 0148   227  16.246   1.086         
 0149   227  16.371   1.135         
 0150   227  14.436   0.557         
 0151   227  16.917   1.101         
 0152   227  16.327   1.036         
 0153   227  16.869   1.100         
 0154   227  16.681   1.191         
 0155   227  16.477   1.043         
 0156   227  13.666   0.430         
 0157   227  16.748   0.935         
 0158   227  16.785   1.066         
 0159   227  16.711   1.303         
 0160   227  16.413   0.951         
 0161   227  16.417   1.158         
 0162   227  16.537   1.027         
 0163   227  17.651   1.331         
 0164   227  17.149   0.959         
 0165   227  17.778   1.140         
 0166   227  16.880   1.228         
 0167   227  16.730   1.110         
 0168   227  17.172   1.234         
 0169   227  17.943   1.081         
 0170   227  17.297   1.315         
 0171   227  16.550   0.848         
 0172   227  17.065   1.492         
 0173   227  17.018   0.938         
 0174   227  16.579   0.929         
 0175   227  17.544   1.286         
 0176   227  16.471   0.954         
 0177   227  17.398   1.251         
 0178   227  16.835   1.446         
 0179   227  16.895   1.170         
 0180   227  16.937   1.471         
 0181   227  16.594   1.529         
 0182   227  16.220   0.870         
 0183   227  17.250   1.170         
 0184   227  17.710   1.226         
 0185   227  16.890   1.111         
 0186   227  16.251   0.959         
 0187   227  16.856   1.193         
 0188   227  16.791   1.325         
 0189   227  16.905   1.347         
 0190   227  17.399   1.450         
 0191   227  18.531   1.011         
 0192   227  17.304   1.092         
 0193   227  16.774   1.226         
 0194   227  17.961   1.338         
 0195   227  16.948   1.027         
 0196   227  16.542   0.889         
 0197   227  17.174   1.036         
 0198   227  17.588   1.064         
 0199   227  17.441   1.204         
 0200   227  17.210   1.190         
 0201   227  17.839   1.527         
 0202   227  17.869   1.244         
 0203   227  17.056   1.155         
 0204   227  17.059   1.043         
 0205   227  17.788   1.408         
 0206   227  17.241   1.381         
 0207   227  17.831   1.650         
 0208   227  16.141   1.587         
 0209   227  17.833   1.502         
 0210   227  17.792   1.193         
 0211   227  16.866   1.168         
 0212   227  17.809   1.325         
 0213   227  16.637   0.938         
 0214   227  16.304   2.390         
 0215   227  17.100   1.765         
 0216   227  16.897   1.420         
 0217   227  17.581   1.114         
 0218   227  17.769   1.383         
 0219   227  16.632   1.068         
 0220   227  16.733   1.653         
 0221   227  17.883   1.783         
 0222   227  17.488   1.206         
 0223   227  17.357   1.159         
 0224   227  18.342   1.870         
 0225   227  17.365   1.257         
 0226   227  17.039   1.441         
 0227   227  17.184   1.310         
 0228   227  18.126  -0.362         
 0229   227  18.572   1.768         
 0230   227  17.015   1.424         
 0231   227  19.490   1.391         
 0232   227  16.786   1.085         
 0233   227  17.887   1.306         
 0234   227  18.075   1.385         
 0235   227  18.535   1.372         
 0236   227  18.187   1.331         
 0237   227  19.272   0.317         
 0238   227  18.288   1.809         
 0239   227  16.636   0.956         
 0240   227  18.082   0.909         
 0241   227  18.704   1.583         
 0242   227  17.846   1.114         
 0243   227  18.916   1.754         
 0244   227  17.975   0.856         
 0245   227  17.907   1.321         
 0246   227  17.098   1.085         
 0247   227  17.527   1.252         
 0248   227  17.995   1.058         
 0249   227  17.871   1.278         
 0250   227  16.975   1.237         
 0251   227  17.662   1.328         
 0252   227  17.915   1.703         
 0253   227  17.978   1.309         
 0254   227  17.445   1.450         
 0255   227  17.943   1.728         
 0256   227  17.144   0.988         
 0257   227  17.704   1.439         
 0258   227  18.007   1.653         
 0259   227  17.093   1.324         
 0260   227  18.140   1.302         
 0261   227  17.202   1.134         
 0262   227  17.976   1.201         
 0263   227  16.446   1.045         
 0264   227  18.031   1.087         
 0265   227  16.963   1.036         
 0266   227  16.522   3.014         
 0267   227  17.776   1.146         
 0268   227  18.274   0.961         
 0269   227  17.967   1.051         
 0270   227  15.949   3.107         
 0271   227  18.103   1.517         
 0272   227  17.567   1.116         
 0273   227  17.418   1.136         
 0274   227  19.027   1.136         
 0275   227  17.763   1.289         
 0276   227  18.147   1.117         
 0277   227  17.825   1.135         
 0278   227  16.762   1.426         
 0279   227  18.121   2.912         
 0280   227  18.699   1.586         
 0281   227  16.927   2.355         
 0282   227  17.719   1.679         
 0283   227  18.265   1.468         
 0284   227  17.801   1.307         
 0285   227  17.625   2.747         
 0286   227  15.602   0.975         
 0287   227  18.754   1.634         
 0288   227  18.492   1.402         
 0289   227  18.447   2.636         
 0290   227  18.989   1.074         
 0291   227  18.378   1.222         
 0292   227  18.839   1.842         
 0293   227  18.026   1.319         
 0294   227  18.211   2.515         
 0295   227  19.863   2.042         
 0296   227  19.331   1.225         
 0297   227  19.465   3.159