UBV CCD observations

  No    Ref    V       B-V     U-B

 0001     4  15.170   1.240         
 0002     4  14.660   1.250         
 0003     4  14.520   1.260   0.630
 0004     4  15.060   1.280   0.660
 0005     4  14.000   1.260   1.080
 0006     4  14.990   1.250   0.710
 0007     4  14.550   1.250   0.560
 0008     4  14.060   1.240   0.500
 0009     4  11.730   1.280   0.060
 0010     4  14.420   1.280         
 0011     4  15.220   1.290         
 0012     4  15.340   1.310         
 0013     4  13.980   1.310   0.630
 0014     4  13.440   1.340   0.650
 0015     4  14.960   1.320   0.610
 0016     4  14.980   1.300   0.650
 0017     4  14.020   1.250   0.500
 0018     4  15.040   1.340   0.670
 0019     4  12.120   1.770   1.490
 0020     4  15.000   1.310   0.650
 0021     4  14.770   1.290   0.630
 0022     4  15.620   1.330   0.780
 0023     4  12.980   1.270   0.640
 0024     4  14.450   1.220   0.570
 0025     4  15.270   1.250   0.770
 0026     4  15.560   1.290   0.800
 0027     4  15.720   1.320   0.750
 0028     4  12.350   1.370   0.610
 0029     4  14.890   1.330   0.580
 0030     4  14.280   1.300   0.570
 0031     4  14.130   1.210   0.500
 0032     4  15.630   1.260   0.870
 0033     4  12.740   1.230   0.530
 0034     4  13.860   1.230   0.540
 0035     4  13.070   1.140   0.470
 0036     4  15.140   1.220   0.600
 0037     4  14.480   1.230         
 0038     4  15.840   1.210   0.800
 0039     4  15.030   1.300         
 0040     4  14.520   1.180         
 0041     4  14.990   1.210   0.770
 0043     4  14.990   1.220   0.580
 0044     4  13.790   1.200   0.510
 0045     4  15.640   1.230   0.660
 0046     4  15.660   1.240   0.780
 0047     4  15.670   1.310   0.890
 0048     4  13.480   1.290   0.650
 0049     4  12.590   2.530   2.740
 0050     4  15.110   1.270   0.660
 0051     4  15.090   1.280   0.610
 0053     4  15.310   1.350   0.850
 0057     4  14.560   1.240   0.530
 0058     4  12.210   1.320   0.790
 0059     4  14.160   1.190   0.460
 0061     4  13.480   1.190   0.530
 0062     4  15.700   1.180         
 0063     4  15.580   1.260   0.710
 0065     4  14.930   1.290   0.710
 0068     4  15.970   1.260   0.890
 0071     4  14.650   1.190   0.560
 0072     4  16.230   1.220         
 0073     4  15.290   1.260   0.660
 0074     4  14.370   1.240   0.590
 0075     4  16.030   1.390   1.170
 0076     4  15.040   1.390   0.780
 0117     4  12.020   2.650   3.260
 0118     4  15.130   1.230   0.670
 0119     4  15.630   1.220   0.750
 0201     4  18.040   1.630         
 0202     4  19.480   2.170         
 0203     4  18.400   1.640         
 0204     4  17.490   1.510         
 0206     4  18.810   1.740         
 0207     4  18.640   1.700         
 0208     4  19.180   1.930         
 0209     4  19.330   1.770         
 0212     4  16.790   1.390         
 0213     4  18.270   1.600         
 0214     4  18.720   1.700         
 0216     4  17.710   1.670         
 0217     4  17.970   1.560         
 0218     4  18.390   1.600         
 0219     4  16.520   1.360   0.850
 0220     4  17.530   1.650         
 0221     4  17.670   1.440         
 0222     4  17.180   1.330   1.320
 0225     4  19.370   1.740         
 0226     4  17.600   2.550         
 0228     4  18.790   1.700         
 0229     4  17.310   1.460         
 0230     4  18.570   1.680         
 0231     4  16.090   1.230         
 0232     4  19.130   1.630         
 0234     4  17.300   1.430         
 0235     4  18.070   1.670         
 0236     4  18.910   1.760         
 0238     4  17.840   2.710         
 0239     4  19.570   1.640         
 0240     4  16.490   1.350         
 0242     4  19.220   1.780         
 0243     4  18.350   1.590         
 0245     4  18.050   1.610         
 0246     4  17.890   1.500         
 0247     4  18.150   1.610         
 0249     4  18.430   1.600         
 0250     4  19.020   2.100         
 0251     4  16.660   1.340         
 0252     4  17.030   1.420         
 0253     4  17.430   1.420         
 0255     4  18.340   1.690         
 0256     4  18.830   1.660         
 0257     4  19.580   1.840         
 0258     4  19.240   1.720         
 0259     4  17.630   1.420         
 0260     4  19.620   1.470         
 0263     4  16.220   1.330   0.820
 0264     4  16.890   1.650         
 0265     4  16.400   1.340         
 0266     4  17.970   1.560         
 0267     4  19.010   1.690         
 0268     4  18.250   1.590         
 0269     4  18.420   1.640         
 0270     4  17.630   1.440         
 0271     4  19.910   1.890         
 0272     4  19.000   1.770         
 0273     4  18.190   1.540         
 0274     4  18.540   1.640         
 0275     4  18.690   1.550         
 0276     4  17.260   1.450         
 0277     4  18.100   1.550         
 0278     4  18.890   1.850         
 0279     4  17.510   1.490         
 0280     4  18.980   1.730         
 0281     4  19.010   1.870         
 0282     4  19.010   1.920         
 0283     4  17.030   1.360         
 0284     4  16.620   1.380   0.800
 0286     4  17.690   2.590         
 0287     4  16.980   1.380         
 0288     4  16.700   1.360         
 0289     4  17.570   1.490         
 0290     4  18.560   1.690         
 0292     4  18.750   1.960         
 0293     4  16.450   1.440         
 0294     4  19.200   2.680         
 0295     4  16.970   1.480         
 0296     4  17.810   1.540         
 0297     4  17.880   1.680         
 0298     4  17.000   1.470         
 0299     4  17.050   1.520         
 0300     4  15.950   1.400   0.880
 0301     4  17.410   1.580         
 0302     4  17.260   1.460         
 0303     4  16.210   1.370   0.930
 0304     4  18.110   1.630         
 0305     4  16.830   1.450         
 0306     4  18.950   1.720         
 0307     4  17.010   1.430         
 0308     4  16.080   1.380         
 0309     4  16.770   1.380         
 0311     4  16.120   1.310   0.880
 0313     4  16.090   1.330   0.850
 0314     4  17.250   1.390         
 0315     4  18.210   1.520         
 0316     4  18.670   1.560         
 0318     4  18.070   2.950         
 0320     4  17.490   1.590         
 0321     4  17.540   1.420         
 0322     4  16.600   1.410         
 0323     4  17.130   1.390         
 0324     4  18.500   1.670         
 0325     4  16.160   1.210   0.750
 0326     4  18.810   1.510         
 0327     4  19.170   2.170         
 0328     4  18.910   1.710         
 0329     4  19.090   1.620         
 0330     4  19.540   1.850         
 0331     4  19.790   1.860         
 0332     4  19.080   1.710         
 0333     4  18.600   1.680         
 0334     4  17.420   1.390         
 0335     4  17.250   1.360         
 0336     4  18.400   1.770         
 0337     4  18.770   1.820         
 0338     4  18.420   1.770         
 0340     4  17.760   1.440         
 0341     4  18.040   2.520         
 0342     4  17.570   1.420         
 0343     4  19.240   1.770         
 0344     4  18.140   1.820         
 0345     4  19.310   1.830         
 0347     4  16.590   1.280         
 0348     4  18.890   2.460         
 0349     4  18.500   1.650         
 0350     4  16.450   1.400         
 0351     4  16.790   1.450         
 0352     4  18.000   1.470         
 0353     4  16.500   1.210   1.000
 0354     4  19.790   1.350         
 0356     4  17.660   1.450         
 0357     4  19.070   1.740         
 0358     4  18.890   1.730         
 0361     4  17.650   1.350         
 0362     4  17.800   1.510         
 0363     4  19.750   1.660         
 0367     4  18.340   1.690         
 0368     4  16.220   1.300   1.000
 0369     4  16.110   1.260   1.010
 0370     4  16.570   1.280         
 0371     4  17.830   1.460         
 0372     4  16.110   1.310         
 0373     4  16.390   1.250   0.910
 0374     4  17.990   1.400   0.550
 0384     4  18.130   1.520         
 0385     4  18.090   1.690         
 0387     4  19.670   1.810         
 0388     4  18.340   1.610         
 0389     4  17.750   2.520         
 0391     4  18.010   1.520         
 0392     4  16.340   1.290         
 0393     4  17.740   1.500         
 0394     4  17.340   1.390         
 0395     4  19.130   1.790         
 0396     4  18.480   2.110         
 0397     4  18.600   1.650         
 0398     4  18.980   1.750         
 0399     4  17.310   1.450         
 0400     4  17.290   1.790         
 0401     4  19.460   2.130         
 0402     4  19.360   1.670         
 0403     4  16.680   1.300         
 0404     4  17.640   1.430         
 0405     4  19.310   1.900         
 0406     4  17.770   1.450         
 0407     4  19.370   1.990         
 0408     4  19.510   1.970         
 0409     4  18.690   1.980         
 0410     4  17.400   1.410         
 0411     4  18.480   1.510         
 0412     4  16.990   1.480         
 0413     4  18.180   1.620         
 0414     4  19.540   1.760         
 0415     4  18.950   1.670         
 0416     4  19.200   1.800         
 0417     4  17.720   1.500         
 0418     4  17.770   1.470         
 0419     4  19.290   1.730         
 0420     4  16.680   1.390         
 0421     4  15.930   1.410   1.090
 0422     4  19.420   1.580         
 0423     4  16.300   1.380   0.650
 0424     4  16.280   1.340         
 0425     4  16.650   1.380         
 0426     4  16.380   1.310   0.870
 0427     4  18.880   1.790         
 0428     4  17.740   1.510         
 0429     4  18.180   1.640         
 0430     4  18.570   1.620         
 0432     4  19.450   1.760         
 0441     4  18.800   2.250         
 0450     4  18.030   1.620         
 0451     4  17.100   1.480         
 0452     4  16.760   1.460         
 0457     4  17.810   1.480         
 0462     4  18.210   1.610         
 0463     4  17.080   1.380         
 0468     4  18.060   1.470         
 0470     4  16.310   1.330         
 0488     4  17.060   1.720         
 0490     4  19.290   1.710         
 0491     4  17.210   1.370         
 0492     4  19.250   1.710         
 0494     4  18.850   1.660         
 0495     4  18.850   1.770         
 0496     4  17.610   1.470         
 0497     4  17.200   1.370         
 0498     4  19.060   1.710         
 0499     4  17.830   1.580         
 0500     4  19.020   1.970         
 0501     4  18.610   1.690         
 0502     4  17.670   1.980         
 0503     4  18.560   1.870         
 0504     4  18.880   1.690         
 0505     4  16.720   1.640         
 0506     4  19.350   1.670         
 0507     4  17.220   1.420         
 0508     4  19.050   1.720         
 0509     4  16.070   1.250   0.990
 0511     4  18.500   1.590         
 0512     4  17.210   1.430   0.950
 0513     4  16.540   1.370   1.700
 0514     4  18.590   1.650         
 0515     4  19.060   1.700         
 0516     4  18.370   1.710         
 0517     4  17.980   1.740         
 0518     4  19.540   1.880         
 0519     4  19.200   1.730         
 0520     4  19.160   1.840         
 0521     4  17.520   1.410         
 0522     4  16.820   1.690   1.690
 0544     4  18.410   1.570         
 0545     4  17.990   1.490         
 0546     4  19.180   1.690         
 0547     4  19.540   1.740         
 0549     4  18.810   1.620         
 0550     4  19.050   1.790         
 0552     4  18.950   1.650         
 0553     4  18.290   1.520         
 0554     4  17.580   1.380         
 0556     4  17.740   1.500         
 0557     4  18.500   1.640         
 0558     4  19.150   1.600         
 0560     4  18.660   1.630         
 0561     4  18.670   1.620         
 0562     4  18.110   2.490         
 0563     4  18.310   1.860         
 0564     4  19.440   2.160         
 0565     4  16.000   1.360   1.040
 0566     4  16.550   1.300         
 0567     4  18.810   1.800         
 0568     4  19.270   2.820         
 0569     4  19.180   1.640         
 0570     4  18.380   1.590         
 0571     4  18.790   1.750         
 0572     4  18.840   1.700         
 0573     4  18.380   1.620         
 0574     4  18.530   1.710         
 0575     4  16.780   1.350         
 0576     4  18.900   1.640         
 0577     4  18.080   1.640         
 0578     4  18.070   1.610         
 0579     4  18.450   1.770         
 0580     4  19.250   1.810         
 0581     4  19.010   2.010         
 0582     4  16.470   1.410         
 0583     4  17.170   1.500         
 0584     4  19.170   1.990         
 0585     4  18.830   2.040         
 0599     4  18.470   1.570         
 0601     4  16.120   1.320         
 0602     4  16.870   1.340         
 0803     4  19.370   2.290         
 0804     4  19.260   1.730         
 0805     4  19.090   1.940         
 0806     4  19.460   1.920         
 0807     4  17.660   1.470         
 0808     4  19.270   2.040         
 0809     4  19.010   2.850         
 0810     4  17.740   1.560         
 0811     4  18.300   1.640         
 0812     4  18.270   1.880         
 0813     4  18.910   1.690         
 0814     4  19.300   1.870         
 0815     4  19.210   1.810         
 0816     4  19.770   1.690         
 0817     4  17.280   2.060         
 0818     4  19.500   1.930         
 0819     4  15.920   1.690         
 0820     4  19.120   1.820         
 0821     4  19.270   1.770         
 0822     4  19.260   1.660         
 0823     4  19.320   1.750         
 0824     4  15.470   1.280   0.750
 0825     4  16.490   1.430   1.240
 0826     4  16.440   1.260         
 0827     4  18.420   1.640         
 0828     4  19.440   1.690         
 0829     4  20.040   2.200         
 0830     4  19.470   1.780         
 0831     4  19.650   1.830         
 0832     4  19.720   1.800         
 0833     4  19.310   1.840         
 0834     4  19.820   2.000         
 0835     4  19.690   1.820         
 0836     4  19.880   1.930         
 0837     4  19.960   1.760         
 0838     4  19.500   1.700         
 0839     4  18.440   1.700         
 0840     4  17.050   1.410         
 0841     4  19.060   1.650         
 0842     4  19.040   1.880         
 0843     4  18.990   1.980         
 0844     4  18.740   1.750         
 0845     4  18.690   1.650         
 0846     4  19.790   1.810         
 0847     4  19.680   1.730         
 0848     4  18.660   1.790         
 0849     4  19.180   1.620         
 0850     4  19.940   1.950         
 0851     4  19.560   1.770         
 0852     4  19.580   1.850         
 0859     4  19.170   1.760         
 0860     4  18.600   1.880         
 0866     4  17.950   1.520         
 0867     4  17.730   1.450