UBV CCD observations

  No    Ref    V       B-V     U-B

 0001   495  16.785   0.882         
 0003   495  14.301   0.854         
 0006   495  16.711   0.826         
 0008   495  15.902   1.202         
 0010   495  15.319   0.976         
 0011   495  16.805   0.773         
 0012   495  12.635   0.807         
 0015   495  11.339   0.686         
 0016   495  16.416   1.212         
 0017   495  18.124   1.149         
 0018   495  16.192   1.078         
 0019   495  17.242   1.081         
 0021   495  17.209   0.987         
 0022   495  17.159   0.724         
 0025   495  12.813   0.822         
 0026   495  15.133   0.755         
 0027   495  16.448   0.864         
 0030   495  16.348   1.702         
 0031   495  16.227   0.850         
 0032   495  17.696   1.910         
 0033   495  16.035   1.332         
 0034   495  17.384   1.168         
 0035   495  15.502   1.026         
 0036   495  16.724   0.944         
 0040   495  16.577   0.971         
 0041   495  15.414   0.901         
 0042   495  17.508   0.755         
 0044   495  18.211   1.800         
 0046   495  12.073   0.717         
 0047   495  14.890   0.972         
 0049   495  17.880   1.023         
 0051   495  17.522   1.240         
 0052   495  15.316   0.845         
 0053   495  14.397   0.651         
 0054   495  16.761   0.863         
 0057   495  18.280   1.266         
 0059   495  17.717   1.424         
 0060   495  15.361   0.846         
 0061   495  16.728   0.599         
 0065   495  15.958   0.864         
 0067   495  14.788   0.824         
 0069   495  13.246   0.919         
 0072   495  13.830   0.824         
 0073   495  15.367   0.881         
 0074   495  13.721   0.676         
 0075   495  12.583   1.329         
 0077   495  14.202   0.924         
 0078   495  15.742   1.358         
 0079   495  16.915   2.150         
 0080   495  16.477   1.186         
 0081   495  17.281   1.429         
 0082   495  17.235   1.436         
 0083   495  16.237   1.032         
 0084   495  16.328   1.070         
 0086   495  15.694   0.925         
 0093   495  14.005   0.702         
 0094   495  16.331   1.047         
 0095   495  16.006   0.917         
 0096   495  12.893   0.632         
 0097   495  16.632   0.782         
 0099   495  16.933   1.014         
 0100   495  15.804   1.337         
 0103   495  16.860   1.155         
 0104   495  16.017   1.104         
 0105   495  16.630   0.906         
 0106   495  14.996   1.307         
 0107   495  16.345   1.280         
 0109   495  13.356   0.827         
 0111   495  16.930   1.299         
 0112   495  17.279   1.031         
 0113   495  16.683   1.860         
 0114   495  13.497   1.132         
 0115   495  14.549   1.388         
 0116   495  17.377   0.985         
 0119   495  16.222   0.755         
 0122   495  15.061   0.857         
 0124   495  16.432   0.766         
 0125   495  12.702   0.690         
 0126   495  17.066   1.197         
 0127   495  16.741   0.772         
 0128   495  12.525   0.596         
 0129   495  16.008   0.484         
 0130   495  17.164   0.723         
 0131   495  15.611   0.988         
 0133   495  13.409   0.867         
 0134   495  15.950   0.965         
 0135   495  17.486   1.190         
 0136   495  16.932   1.673         
 0139   495  12.911   0.652         
 0140   495  16.561   1.521         
 0141   495  16.239   1.701         
 0143   495  17.159   0.557         
 0144   495  12.515   1.193         
 0146   495  17.027   0.994         
 0147   495  16.105   0.869         
 0149   495  16.321   1.247         
 0150   495  14.696   1.009         
 0151   495  16.394   1.147         
 0155   495  15.971   0.889         
 0157   495  13.783   0.624         
 0158   495  17.007   1.034         
 0159   495  16.403   0.769         
 0162   495  15.430   0.683         
 0163   495  17.075   4.992         
 0164   495  15.406   0.837         
 0165   495  14.686   0.729         
 0167   495  15.995   0.787         
 0169   495  15.847   0.748         
 0171   495  17.719   3.286         
 0173   495  13.854   0.654         
 0175   495  17.216   1.751         
 0176   495  17.006   0.593         
 0177   495  15.550   0.983         
 0178   495  17.373   1.366         
 0179   495  17.579   1.041         
 0184   495  13.409   0.954         
 0185   495  15.645   1.347         
 0186   495  13.971   0.797         
 0188   495  12.240   1.299         
 0191   495  15.142   1.078         
 0192   495  16.179   0.924         
 0193   495  16.587   0.809         
 0194   495  14.601   1.448         
 0195   495  14.529   1.174         
 0196   495  15.014   0.768         
 0199   495  17.258   1.148         
 0200   495  16.197   1.002         
 0203   495  17.348   1.716         
 0205   495  16.291   0.721         
 0207   495  16.672   1.010         
 0208   495  11.886   1.232         
 0210   495  15.277   1.244         
 0211   495  15.471   0.919         
 0212   495  17.231   0.991         
 0213   495  16.710   1.133         
 0218   495  18.002   0.555         
 0219   495  15.735   0.693         
 0222   495  13.439   0.985         
 0223   495  15.736   0.927         
 0224   495  15.797   0.950         
 0225   495  17.511   0.589         
 0226   495  16.586   0.801         
 0227   495  12.739   0.767         
 0229   495  16.284   0.754         
 0230   495  15.419   0.956         
 0231   495  14.302   0.575         
 0232   495  14.747   0.817         
 0234   495  15.591   0.890         
 0236   495  16.833   0.819         
 0237   495  13.771   1.103         
 0238   495  16.670   0.833         
 0244   495  15.339   0.737         
 0247   495  17.822   2.860         
 0249   495  18.266   0.171         
 0251   495  16.019   1.063         
 0252   495  13.754   0.765         
 0256   495  16.990   0.834         
 0257   495  14.313   0.706         
 0260   495  16.229   0.790         
 0261   495  16.259   0.628         
 0262   495  16.123   1.348         
 0263   495  15.865   0.748         
 0265   495  16.006   1.167         
 0266   495  17.116   1.884         
 0268   495  14.588   1.045         
 0270   495  17.024   0.853         
 0271   495  15.530   1.061         
 0273   495  15.194   0.631         
 0274   495  15.537   0.890         
 0275   495  11.549   0.932         
 0278   495  17.202   1.135         
 0279   495  14.774   0.731         
 0280   495  13.211   0.806         
 0281   495  14.290   0.779         
 0285   495  16.471   1.306         
 0287   495  15.224   1.019         
 0288   495  16.514   0.889         
 0289   495  17.343   2.495         
 0290   495  16.732   1.605         
 0291   495  17.189   1.195         
 0292   495  17.655   1.209         
 0293   495  17.507   1.098         
 0294   495  15.159   0.801         
 0295   495  16.289   1.025         
 0297   495  12.656   0.739         
 0298   495  17.445   1.694         
 0299   495  14.696   1.356         
 0300   495  14.562   0.965         
 0301   495  16.317   0.929         
 0305   495  14.598   0.756         
 0306   495  14.490   0.943         
 0307   495  16.878   0.756         
 0310   495  15.877   1.072         
 0311   495  16.142   1.320         
 0312   495  15.332   0.976         
 0313   495  17.752   1.109         
 0316   495  16.713   0.622         
 0317   495  16.478   1.087         
 0319   495  15.762   1.001         
 0321   495  16.063   0.804         
 0323   495  14.822   0.729         
 0324   495  14.111   0.823         
 0325   495  17.226   0.879         
 0328   495  16.410   0.964         
 0329   495  13.557   0.564         
 0332   495  14.407   0.873         
 0333   495  15.969   1.132         
 0335   495  15.990   1.327         
 0336   495  18.496   0.533         
 0339   495  17.077   1.015         
 0342   495  14.665   0.785         
 0343   495  14.152   0.707         
 0344   495  14.985   0.902         
 0345   495  16.822   1.244         
 0346   495  15.663   0.837         
 0347   495  16.488   1.495         
 0349   495  14.868   0.908         
 0350   495  13.884   0.682         
 0351   495  14.821   1.246         
 0352   495  16.724   0.846         
 0353   495  15.443   0.983         
 0354   495  17.309   1.700         
 0356   495  16.321   1.079         
 0357   495  13.228   0.648         
 0360   495  16.104   0.738         
 0362   495  16.210   1.137         
 0367   495  16.492   1.025         
 0368   495  15.566   1.373         
 0369   495  16.544   1.528         
 0372   495  16.095   1.313         
 0374   495  17.336   1.355         
 0377   495  14.152   0.902         
 0380   495  17.073   1.257         
 0382   495  13.208   0.624         
 0383   495  15.558   0.986         
 0384   495  12.813   0.590         
 0385   495  11.158   0.628         
 0386   495  13.676   0.754         
 0387   495  18.865   1.229         
 0388   495  14.041   0.636         
 0389   495  16.423   1.342         
 0391   495  11.715   0.722         
 0392   495  13.424   0.613         
 0393   495  16.696   1.874         
 0394   495  11.634   1.248         
 0396   495  17.368   1.704         
 0397   495  11.597   1.443         
 0400   495  13.721   0.604         
 0402   495  17.417   1.551         
 0404   495  15.934   1.263         
 0405   495  16.729   1.065         
 0409   495  14.404   0.829         
 0411   495  16.282   0.959         
 0417   495  16.106   1.060         
 0419   495  15.823   1.194         
 0421   495  13.203   0.874         
 0422   495  15.700   0.908         
 0424   495  13.027   0.651         
 0426   495  15.773   0.705         
 0427   495  15.210   0.554         
 0429   495  16.322   1.116         
 0430   495  15.196   0.612         
 0432   495  14.489   0.744         
 0434   495  15.965   1.322         
 0439   495  12.768   0.724         
 0441   495  12.646   0.719         
 0442   495  15.368   1.270         
 0443   495  16.442   1.203         
 0444   495  13.753   0.721         
 0445   495  13.832   2.225         
 0446   495  13.083   0.654         
 0447   495  13.528   0.616         
 0450   495  16.426   0.982         
 0451   495  15.222   1.097         
 0452   495  14.126   1.028         
 0454   495  16.020   0.789         
 0457   495  15.358   1.312         
 0461   495  16.868   1.644         
 0463   495  16.407   1.138         
 0464   495  16.471   0.942         
 0465   495  14.473   0.827         
 0467   495  17.011   2.587         
 0468   495  16.709   1.414         
 0469   495  17.764   0.972         
 0471   495  17.514   3.209         
 0472   495  12.252   0.558         
 0473   495  13.471   0.643         
 0474   495  16.809   1.269         
 0475   495  17.899   1.539         
 0476   495  12.150   0.585         
 0478   495  16.061   1.172         
 0479   495  16.965   1.648         
 0480   495  14.077   0.781         
 0483   495  17.927   0.989         
 0484   495  13.397   0.701         
 0485   495  14.527   0.709         
 0486   495  16.124   2.666         
 0487   495  11.718   1.125         
 0488   495  16.363   0.865         
 0489   495  13.092   0.691         
 0491   495  14.079   0.788         
 0496   495  15.832   0.914         
 0497   495  14.621   0.696         
 0499   495  13.951   0.470         
 0501   495  16.083   3.169         
 0503   495  16.109   0.851         
 0505   495  16.624   0.965         
 0506   495  17.541   1.258         
 0508   495  16.319   1.067         
 0509   495  15.446   0.682         
 0510   495  15.238   0.825         
 0511   495  13.189   0.790         
 0514   495  14.583   0.827         
 0515   495  14.201   0.709         
 0516   495  14.536   0.764         
 0521   495  15.500   0.848         
 0522   495  17.251   1.551         
 0523   495  12.995   0.570         
 0524   495  14.488   0.714         
 0525   495  14.087   0.920         
 0527   495  14.759   0.776         
 0529   495  16.077   1.285         
 0533   495  15.419   0.844         
 0534   495  15.630   0.903         
 0536   495  16.167   0.957         
 0539   495  17.715   0.777         
 0540   495  16.177   1.064         
 0541   495  17.050   1.061         
 0542   495  14.762   1.181         
 0543   495  14.690   0.675         
 0544   495  16.811   1.606         
 0548   495  15.979   0.953         
 0549   495  16.052   0.962         
 0551   495  14.103   0.804         
 0552   495  14.759   0.791         
 0554   495  15.351   1.555         
 0555   495  15.680   1.068         
 0558   495  17.736   0.992         
 0560   495  15.911   1.001         
 0562   495  18.144   1.820         
 0565   495  16.861   1.121         
 0566   495  16.744   1.299         
 0567   495  15.427   1.343         
 0568   495  15.428   0.731         
 0569   495  17.794   1.074         
 0572   495  16.716   0.703         
 0573   495  15.221   0.826         
 0575   495  14.318   0.694         
 0576   495  17.424   1.335         
 0581   495  16.014   0.999         
 0582   495  15.376   1.041         
 0585   495  15.842   1.291         
 0588   495  16.723   0.881         
 0589   495  13.442   0.637         
 0590   495  14.518   0.688         
 0594   495  15.258   0.951         
 0595   495  16.485   0.921         
 0596   495  15.819   1.665         
 0597   495  15.856   0.921         
 0599   495  16.961   0.972         
 0600   495  17.179   1.171         
 0601   495  16.445   0.651         
 0602   495  13.197   0.572         
 0604   495  14.695   0.741         
 0605   495  17.277   1.209         
 0606   495  12.389   0.656         
 0608   495  15.776   0.852         
 0609   495  14.955   1.219         
 0613   495  16.087   0.802         
 0619   495  14.922   0.877         
 0622   495  15.342   0.880         
 0623   495  14.796   1.348         
 0624   495  17.980   0.655         
 0625   495  16.496   0.744         
 0628   495  16.808   0.751         
 0637   495  17.266   2.990         
 0639   495  16.599   1.070         
 0640   495  16.599   0.951         
 0641   495  16.479   1.278         
 0642   495  16.161   1.141         
 0644   495  15.698   1.080         
 0645   495  17.196   2.474         
 0648   495  16.728   1.207         
 0649   495  17.026   0.998         
 0650   495  15.466   0.800         
 0651   495  14.803   0.883         
 0653   495  17.727   1.429         
 0655   495  15.961   0.926         
 0656   495  14.345   0.682         
 0658   495  15.016   0.719         
 0659   495  13.885   0.677         
 0661   495  12.825   0.821         
 0662   495  13.611   0.912         
 0663   495  15.940   0.983         
 0665   495  16.631   0.851         
 0666   495  17.043   1.236         
 0668   495  14.129   0.708         
 0669   495  16.800   0.806         
 0670   495  13.517   0.823         
 0671   495  16.410   1.421         
 0672   495  16.038   0.838         
 0673   495  15.402   0.966         
 0674   495  16.845   0.752         
 0675   495  15.156   1.022         
 0676   495  15.971   1.054         
 0677   495  17.527   1.071         
 0681   495  12.806   1.502         
 0683   495  14.742   0.804         
 0685   495  14.264   0.713         
 0686   495  15.901   0.889         
 0688   495  16.012   1.263         
 0691   495  16.668   0.895         
 0692   495  15.906   0.904         
 0693   495  16.169   1.130         
 0695   495  17.436   0.635         
 0696   495  17.760   0.959         
 0699   495  15.746   2.004         
 0700   495  17.042   1.060         
 0702   495  15.617   0.855         
 0703   495  15.502   1.101         
 0704   495  17.167   1.833         
 0707   495  16.139   0.863         
 0708   495  16.733   0.850         
 0709   495  16.760   1.093         
 0712   495  16.255   1.240         
 0713   495  16.828   1.279         
 0717   495  16.411   1.036         
 0719   495  14.692   0.866         
 0720   495  16.442   1.478         
 0721   495  14.474   0.775         
 0723   495  15.800   1.234         
 0724   495  13.818   1.485         
 0728   495  16.677   0.896         
 0729   495  16.890   1.377         
 0732   495  17.137   1.014         
 0733   495  14.537   0.841         
 0736   495  15.072   0.808         
 0738   495  16.925   1.024         
 0739   495  12.782   0.588         
 0741   495  17.909   0.873         
 0743   495  15.637   0.659         
 0745   495  15.872   0.917         
 0746   495  17.636   1.036         
 0750   495  14.467   0.753         
 0751   495  14.758   0.836         
 0752   495  17.436   0.365         
 0754   495  15.085   1.100         
 0756   495  12.925   1.422         
 0757   495  15.686   1.002         
 0758   495  15.181   0.920         
 0759   495  14.412   0.761         
 0761   495  15.264   0.978         
 0762   495  15.050   0.946         
 0763   495  18.709   1.160         
 0764   495  17.498   0.869         
 0768   495  16.393   1.251         
 0769   495  15.720   0.867         
 0770   495  15.711   0.972         
 0771   495  17.568   1.688         
 0772   495  17.872   0.959         
 0773   495  16.965   1.531         
 0774   495  17.351   1.066         
 0775   495  16.762   0.874         
 0776   495  16.454   0.838         
 0777   495  15.888   1.286         
 0780   495  13.200   0.635         
 0781   495  16.813  -0.608         
 0784   495  13.502   0.843         
 0785   495  17.398   0.912         
 0786   495  17.188   1.292         
 0789   495  17.210   1.049         
 0790   495  16.387   1.412         
 0791   495  16.253   1.066         
 0792   495  17.686   0.554         
 0794   495  13.088   0.708         
 0795   495  16.326   0.870         
 0799   495  15.220   0.916         
 0800   495  17.017   0.969         
 0801   495  16.374   1.576         
 0804   495  16.724   1.142         
 0806   495  14.769   0.905         
 0808   495  15.800   0.898         
 0809   495  14.197   0.846         
 0810   495  16.813   1.298         
 0813   495  16.544   1.095         
 0815   495  16.626   0.962         
 1000   495  15.851   1.104         
 1001   495  16.503   1.184         
 1002   495  17.537   1.182         
 1003   495  13.678   0.927         
 1006   495  16.628   1.379         
 1008   495  16.686   0.774         
 1009   495  16.798   1.185         
 1011   495  13.262   1.344         
 1012   495  16.011   0.712         
 1014   495  17.052   0.878         
 1016   495  15.633   0.935         
 1017   495  13.562   1.696         
 1018   495  15.951   0.760         
 1022   495  15.804   0.862         
 1023   495  14.305   1.394         
 1025   495  17.411   1.198         
 1027   495  14.789   0.780         
 1030   495  15.236   0.746         
 1031   495  10.385   0.329         
 1033   495  14.097   0.818         
 1034   495  16.670   1.104         
 1036   495  16.997   0.835         
 1037   495  14.203   0.788         
 1038   495  16.603   1.401         
 1039   495  16.246   0.884         
 1040   495  17.875  -0.140         
 1041   495  16.488   1.325         
 1046   495  17.256   0.964         
 1047   495  14.202   1.534         
 1051   495  17.322   1.123         
 1053   495  17.531   1.064         
 1057   495  15.908   0.990         
 1058   495  14.770   1.011         
 1059   495  16.271   0.840         
 1061   495  14.923   0.828         
 1065   495  16.236   0.879         
 1066   495  17.024   1.941         
 1067   495  16.652   1.359         
 1068   495  16.863   0.998         
 1069   495  15.606   0.871         
 1070   495  16.846   0.948         
 1071   495  13.611   1.281         
 1073   495  16.126   1.246         
 1074   495  16.695   1.559         
 1076   495  16.270   0.915         
 1077   495  17.505   1.096         
 1078   495  15.962   0.713         
 1079   495  15.126   1.019         
 1086   495  13.990   1.370         
 1087   495  15.468   1.027         
 1089   495  14.731   0.823         
 1092   495  16.984   0.752         
 1094   495  15.520   0.850         
 1095   495  17.412   0.561         
 1096   495  13.580   1.580         
 1097   495  16.366   0.827         
 1098   495  15.835   0.913         
 1099   495  15.348   1.053         
 1100   495  16.316   0.844         
 1101   495  13.932   0.672         
 1102   495  16.224   1.037         
 1103   495  16.323   0.825         
 1104   495  15.574   0.755         
 1109   495  17.400   0.405         
 1110   495  11.872   1.996         
 1112   495  17.110   1.154         
 1113   495  16.933   1.171         
 1114   495  14.970   0.891         
 1119   495  16.202   0.648         
 1120   495  11.976   0.746         
 1122   495  14.864   0.678         
 1123   495  17.307   1.134         
 1125   495  15.470   1.060         
 1126   495  16.440   1.098         
 1128   495  16.958   0.665         
 1129   495  14.563   0.863         
 1132   495  15.554   0.721         
 1133   495  14.973   0.892         
 1134   495  16.476   1.586         
 1136   495  17.012   1.213         
 1140   495  17.256   1.325         
 1142   495  15.352   0.984         
 1143   495  15.758   1.031         
 1146   495  15.698   0.743         
 1148   495  16.406   1.464         
 1149   495  14.254   0.751         
 1151   495  15.494   0.849         
 1152   495  17.209   1.318         
 1154   495  18.009   0.268         
 1155   495  14.145   1.059         
 1156   495  16.745   2.239         
 1157   495  15.241   0.970         
 1158   495  13.542   0.874         
 1159   495  13.640   0.726         
 1160   495  15.753   0.950         
 1161   495  15.916   0.956         
 1162   495  16.666   1.486         
 1166   495  17.341   0.783         
 1168   495  15.342   0.819         
 1169   495  16.224   1.160         
 1170   495  15.562   0.856         
 1172   495  16.842   1.073         
 1173   495  15.738   0.792         
 1175   495  16.653   0.981         
 1177   495  13.703   0.885         
 1178   495  16.007   0.770         
 1182   495  17.046   1.047         
 1185   495  12.177   0.874         
 1186   495  15.124   0.982         
 1187   495  16.519   1.008         
 1188   495  15.608   0.863         
 1189   495  16.586   0.947         
 1192   495  14.675   1.066         
 1193   495  17.750   0.619         
 1194   495  14.927   0.813         
 1195   495  16.446   0.738         
 1196   495  17.348   1.346         
 1198   495  14.238   0.919         
 1201   495  15.810   0.752         
 1203   495  15.709   0.899         
 1205   495  16.142   0.771         
 1206   495  16.606   1.421         
 1208   495  17.908   2.390         
 1209   495  16.563   1.756         
 1210   495  17.327   1.074         
 1211   495  17.273   1.017         
 1212   495  15.459   0.668         
 1214   495  16.826   1.108         
 1215   495  15.021   0.950         
 1219   495  15.910   0.973         
 1220   495  15.641   1.031         
 1221   495  16.685   1.218         
 1222   495  16.489   2.188         
 1225   495  14.135   0.725         
 1226   495  17.042   1.177         
 1229   495  17.998   1.256         
 1230   495  16.540   1.222         
 1231   495  16.329   1.046         
 1233   495  14.704   0.897         
 1234   495  16.601   1.392         
 1240   495  16.550   0.839         
 1242   495  16.401   1.024         
 1244   495  17.618   0.619         
 1247   495  17.205   1.737         
 1248   495  14.297   1.097         
 1249   495  17.000   1.611         
 1250   495  14.139   1.036         
 1253   495  13.564   1.379         
 1254   495  17.252   0.733         
 1255   495  15.056   0.887         
 1256   495  16.525   1.008         
 1257   495  12.364   1.475         
 1258   495  17.233   1.381         
 1259   495  15.032   1.242         
 1260   495  17.695   1.346         
 1261   495  16.448   1.343         
 1263   495  17.547   0.573         
 1265   495  17.682   1.867         
 1268   495  16.997   0.765         
 1270   495  17.488   1.305         
 1272   495  16.346   0.980         
 1273   495  17.011   0.939         
 1276   495  17.322   0.770         
 1277   495  15.491   0.581         
 1283   495  15.927   0.935         
 1284   495  15.775   0.741         
 1285   495  16.757   0.912         
 1291   495   8.563   0.365         
 1292   495  18.414   0.897         
 1294   495  17.252   0.903         
 1295   495  14.925   1.403         
 1296   495  15.927   0.871         
 1298   495  14.266   0.851         
 1299   495  16.416   1.474         
 1300   495  14.109   0.865         
 1301   495  14.313   0.802         
 1302   495  16.071   0.920         
 1303   495  16.592   0.842         
 1304   495  16.180   1.318         
 1306   495  13.993   0.810         
 1308   495  17.541   1.314         
 1309   495  16.503   0.934         
 1310   495  15.741   1.104         
 1311   495  16.443   1.479         
 1313   495  15.777   1.321         
 1315   495  15.418   1.653         
 1316   495  16.080   1.743         
 1320   495  16.872   1.365         
 1321   495  16.529   1.474         
 1322   495  15.870   1.383         
 1326   495  16.824   0.872         
 1327   495  16.492   1.166         
 1329   495  16.569   0.991         
 1332   495  17.980   0.700         
 1333   495  16.727   1.627         
 1336   495  16.828   0.588         
 1340   495  17.578   1.213         
 1341   495  13.317   1.381         
 1344   495  17.778   1.338         
 1346   495  15.357   0.753         
 1347   495  14.775   1.034         
 1351   495  13.009   0.776         
 1355   495  16.072   1.293         
 1356   495  17.178   1.495         
 1358   495  17.608   0.739         
 1364   495  15.219   1.223         
 1365   495  16.788   1.221         
 1366   495  17.637   1.877         
 1367   495  15.776   1.617         
 1369   495  16.922   1.412         
 1373   495  17.270   1.259         
 1374   495  16.583   1.545         
 1375   495  16.195   0.777         
 1376   495  17.398   3.003         
 1378   495  14.016   1.340         
 1379   495  16.043   1.170         
 1381   495  16.375   1.230         
 1383   495  16.283   0.877         
 1384   495  16.480   0.765         
 1386   495  12.444   1.472         
 1388   495  16.818   1.836         
 1390   495  13.575   0.456         
 1391   495  13.422   1.284         
 1395   495  16.246   0.389         
 1397   495  16.777   0.832         
 1398   495  16.451   1.506         
 1400   495  15.496   1.102         
 1401   495  17.646   0.869         
 1404   495  17.019   1.050         
 1406   495  14.420   1.249         
 1409   495  13.744   0.595         
 1411   495  16.100   0.790         
 1412   495  15.440   1.112         
 1414   495  17.361   1.546         
 1417   495  17.157   0.616         
 1421   495  17.923   1.254         
 1423   495  13.758   0.804         
 1426   495  16.409   0.950         
 1431   495  17.428   0.941         
 1434   495  16.232   1.109         
 1435   495  10.848   0.625         
 1436   495  13.075   1.716         
 1438   495  17.146   1.785         
 1441   495  17.561   0.746         
 1442   495  14.609   0.808         
 1445   495  17.103   0.826         
 1446   495  17.726   1.780         
 1449   495  16.176   1.110         
 1450   495  16.698   1.369         
 1452   495  16.157   1.083         
 1454   495  17.344   0.804         
 1456   495  17.927   2.376         
 1457   495  13.938   0.812         
 1458   495  13.671   1.185         
 1460   495  16.825   1.175         
 1461   495  17.152   1.298         
 1463   495  14.765   0.915         
 1465   495  15.889   1.019         
 1466   495  16.595   0.812         
 1470   495  15.763   0.986         
 1471   495  16.483   1.067         
 1472   495  16.292   0.969         
 1473   495  16.400   1.264         
 1474   495  17.544   0.829         
 1480   495  17.811   2.518         
 1481   495  16.168   1.048         
 1483   495  14.084   0.896         
 1487   495  16.866   1.353         
 1488   495  15.089   0.855         
 1489   495  18.095   1.934         
 1491   495  17.930   0.690         
 1492   495  16.325   1.378         
 1493   495  16.274   1.049         
 1498   495  13.586   0.695         
 1501   495  14.404   0.889         
 1502   495  17.055   0.969         
 1506   495  16.414   1.193         
 1507   495  16.819   0.795         
 1510   495  14.780   0.855         
 1511   495  16.855   0.833         
 1512   495  16.702   1.017         
 1514   495  16.464   0.929         
 1515   495  17.306   1.597         
 1516   495  17.729   0.820         
 1517   495  17.378   3.264         
 1520   495  14.226   0.735         
 1524   495  14.418   0.808         
 1526   495  17.280   0.913         
 1527   495  16.129   0.981         
 1531   495  17.826   1.066         
 1533   495  18.524   0.362         
 1538   495  17.593   0.521         
 1540   495  16.446   1.070         
 1544   495  16.274   0.635         
 1545   495  15.468   0.573         
 1547   495  16.506   1.004         
 1549   495  14.718   0.855         
 1551   495  15.124   1.015         
 1552   495  18.119   1.061         
 1553   495  17.461   0.974         
 1554   495  13.820   0.798         
 1556   495  17.166   0.238         
 1562   495  15.537   1.267         
 1564   495  17.596   1.957         
 1565   495  16.424   0.753         
 1566   495  17.226   1.744         
 1567   495  17.230   0.923         
 1568   495  15.858   1.122         
 1570   495  16.915   0.781         
 1576   495  15.500   0.920         
 1578   495  15.569   0.889         
 1579   495  15.691   1.517         
 1580   495  16.996   1.549         
 1581   495  14.784   0.556         
 1582   495  16.614   0.975         
 1583   495  13.701   1.048         
 1584   495  16.554   1.123         
 1585   495  15.365   1.228         
 1586   495  15.935   0.735         
 1587   495  17.151   1.538         
 1589   495  16.675   2.627         
 1590   495  14.902   0.884         
 1592   495  17.509   1.236         
 1593   495  15.605   1.033         
 1596   495  11.249   2.740         
 1601   495  17.334   0.774         
 1602   495  13.653   1.302         
 1603   495  17.761   0.855         
 1606   495  14.003   0.808         
 1607   495  15.073   0.917         
 1608   495  16.146   0.993         
 1609   495  17.310   1.278         
 1610   495  14.903   0.755         
 1611   495  18.925  -0.110         
 1613   495  17.040   1.044         
 1615   495  16.562   0.950         
 1616   495  15.596   0.929         
 1617   495  14.183   0.858         
 1619   495  13.567   1.038         
 1620   495  12.856   0.887         
 1622   495  17.201   1.434         
 1627   495  18.939   1.586         
 1629   495  16.800   1.015         
 1631   495  16.904   0.922         
 1632   495  15.121   1.000         
 1633   495  16.478   1.099         
 1634   495  12.913   1.390         
 1636   495  16.832   5.836         
 1637   495  17.476   1.841         
 1638   495  12.967   0.664         
 1639   495  15.983   0.816         
 1643   495  16.351   0.917         
 1651   495  11.393   1.872         
 1652   495  16.945   0.785         
 1653   495  16.727   2.433         
 1657   495  15.484   1.097         
 1658   495  17.008   0.846         
 1659   495  16.103   1.300         
 1661   495  15.942   2.014         
 1664   495  13.000   0.810         
 1669   495  16.084   0.676         
 1670   495  15.143   1.416         
 1671   495  14.035   0.750         
 1673   495  17.188   0.927         
 1676   495  15.945   0.893         
 1677   495  14.127   0.363         
 1678   495  16.092   0.916         
 1679   495  14.030   0.877         
 1681   495  16.267   0.927         
 1683   495  15.793   1.172         
 1686   495  16.538   1.131         
 1689   495  15.509   1.307         
 1692   495  17.606   2.219         
 1693   495  14.240   0.567         
 1694   495  16.691   1.058         
 1696   495  17.567   1.363         
 1697   495  16.770   1.174         
 1698   495  15.845   0.851         
 1699   495  14.491   0.792         
 1703   495  15.919   1.609         
 1706   495  16.402   0.813         
 1708   495  17.190   0.942         
 1709   495  16.089   1.046         
 1711   495  14.998   0.939         
 1714   495  14.420   0.853         
 1716   495  16.392   0.988         
 1718   495  16.371   1.872         
 1719   495  15.492   0.860         
 1720   495  16.857   0.658         
 1721   495  17.229   0.697         
 1722   495  16.896   1.115         
 1723   495  15.134   1.177         
 1726   495  14.159   0.743         
 1727   495  16.256   1.244         
 1728   495  17.851   0.649         
 1732   495  16.220   0.904         
 1739   495  17.270   0.577         
 1740   495  17.052   1.393         
 1742   495  16.549   1.325         
 1743   495  15.970   0.769         
 1744   495  15.882   0.846         
 1749   495  16.851   2.067         
 1751   495  17.263   1.277         
 1753   495  16.468   1.122         
 1754   495  17.354   0.885         
 1755   495  15.159   1.237         
 1756   495  16.787   1.648         
 1758   495  16.411   0.896         
 1759   495  17.946   1.939         
 1760   495  13.779   1.355         
 1764   495  13.225   1.833         
 1765   495  16.074   1.032         
 1766   495  14.301   1.280         
 1767   495  15.490   1.155         
 1775   495  17.446   0.906         
 1776   495  16.442   1.297         
 1777   495  16.760   0.958         
 1779   495  14.973   1.010         
 1783   495  15.756   1.366         
 1786   495  17.191   1.712         
 1790   495  16.892   1.239         
 1791   495  15.486   0.916         
 1792   495  17.387   0.163         
 1794   495  16.913   0.859         
 1795   495  16.622   1.016         
 1798   495  17.383   1.113         
 1800   495  15.986   1.075         
 1801   495  15.319   1.596         
 1805   495  15.349   0.879         
 1806   495  16.672   1.045         
 1807   495  16.113   0.783         
 1808   495  15.394   1.049         
 1810   495  13.103   0.737         
 1812   495  16.467   1.187         
 1814   495  16.604   1.783         
 1815   495  15.553  -0.673         
 1817   495  15.831   0.951         
 1818   495  16.174   1.371         
 1819   495  16.548   1.691         
 1820   495  14.892   0.809         
 1823   495  16.455   0.841         
 1824   495  17.306   0.954         
 1825   495  17.063   0.487         
 1827   495  17.810   1.994         
 1829   495  13.483   1.069         
 1830   495  16.913   1.209         
 1831   495  14.916   0.912         
 1832   495  15.694   1.266         
 1833   495  16.331   1.174         
 1835   495  16.428   1.300         
 1836   495  16.131   1.194         
 1837   495  15.803   1.014         
 1838   495  17.222   0.835         
 1839   495  17.211   1.547         
 1840   495  17.290   0.732         
 1845   495  17.400   0.808         
 1847   495  14.104   1.215         
 1850   495  14.314   2.096         
 1851   495  16.825   1.127         
 1853   495  16.380   0.749         
 1854   495  17.145   1.563         
 1857   495  15.771   1.993         
 1858   495  16.153   1.409         
 1860   495  15.726   1.455         
 1863   495  16.220   1.204         
 1865   495  17.182   0.627         
 1867   495  13.437   0.745         
 1872   495  16.406   1.502         
 1873   495  17.154   1.057         
 1874   495  15.263   0.765         
 1876   495  16.261   1.259         
 1878   495  15.308   0.779         
 1881   495  16.502   0.856         
 1882   495  15.368   1.033         
 1884   495  15.333   0.997         
 1886   495  15.558   1.535         
 1887   495  17.672   0.805         
 1888   495  12.812   0.643         
 1889   495  16.195   0.788         
 1893   495  17.206   1.047         
 1897   495  13.830   1.097         
 1898   495  15.858   1.156         
 1899   495  14.950   0.960         
 1901   495  15.074   0.846         
 1902   495  16.532   1.332         
 1903   495  17.357   1.019         
 1904   495  15.702   1.196         
 1905   495  13.932   0.784         
 1906   495  15.375   1.293         
 1907   495  17.619   1.047         
 1908   495  13.301   1.419         
 1909   495  16.976   1.258         
 1910   495  15.121   0.798         
 1911   495  13.028   0.767         
 1912   495  16.085   1.099         
 1914   495  15.784   0.803         
 1917   495  15.776   0.611         
 1920   495  11.027   1.460         
 1921   495  16.450   0.666         
 1925   495  16.001   1.029         
 1926   495  15.085   0.770         
 1927   495  16.657   1.488         
 1928   495  15.509   1.238         
 1930   495  14.724   0.819         
 1931   495  16.009   0.983         
 1932   495  14.643   1.456         
 1933   495  15.278   0.926         
 1934   495  11.451   1.193         
 1935   495  16.369   1.465         
 1936   495  16.184   0.630         
 1937   495  16.347   0.890         
 1938   495  14.806   0.801         
 1939   495  15.640   0.855         
 1942   495  16.631   1.061         
 1943   495  17.988   0.583         
 1948   495  15.807   0.716         
 1949   495  16.424   1.143         
 1950   495  16.878   0.878         
 1955   495  15.801   0.828         
 1956   495  16.658   0.908         
 1957   495  15.361   1.210         
 1963   495  12.608   0.829         
 1965   495  16.829   1.518         
 1967   495  15.527   0.818         
 1968   495  12.405   0.583         
 1970   495  15.716   1.194         
 1974   495  16.468   0.860         
 1975   495  17.232   0.906         
 1976   495  15.009   0.890         
 1979   495  16.891   0.975         
 1980   495  10.603   1.403         
 1982   495  16.004   0.826         
 1983   495  17.549   0.595         
 1984   495  13.697   0.709         
 1985   495  15.098   0.993         
 1986   495  16.073   1.425         
 1987   495  15.108   1.424         
 1991   495  15.183   1.456         
 1992   495  15.760   0.774         
 1994   495  17.738   1.436         
 1995   495  15.276   1.168         
 1997   495  16.044   0.784         
 1999   495  15.812   1.033         
 2007   495  16.355   1.174         
 2008   495  16.553   0.715         
 2009   495  15.633   1.182         
 2010   495  13.383   0.799         
 2012   495  17.001   0.784         
 2018   495  15.566   1.244         
 2021   495  16.466   1.113         
 2023   495  16.910   1.704         
 2024   495  15.219   0.785         
 2025   495  17.163   1.305         
 2027   495  16.413   1.813         
 2029   495  14.554   0.862         
 2031   495  16.624   1.832         
 2032   495  15.060   0.869         
 2033   495  15.751   0.929         
 2036   495  13.839   0.941         
 2037   495  16.949   0.874         
 2038   495  15.819   1.098         
 2039   495  13.318   0.815         
 2041   495  10.836   0.586         
 2042   495  12.324   1.568         
 2044   495  14.594   0.949         
 2047   495  16.112   0.906         
 2048   495  15.906   1.054         
 2049   495  16.364   1.027         
 2050   495  16.957   1.391         
 2052   495  17.094   1.782         
 2053   495  17.243   0.961         
 2055   495  16.252   0.780         
 2056   495  16.299   1.229         
 2063   495  15.298   0.891         
 2064   495  15.194   1.085         
 2066   495  14.113   0.872         
 2069   495  17.058   1.108         
 2070   495  17.497   0.688         
 2071   495  18.274   1.596         
 2072   495  16.097   0.787         
 2075   495  11.993   1.005         
 2077   495  14.617   1.051         
 2080   495  16.990   1.741         
 2083   495  16.659   0.968         
 2084   495  16.948   0.789         
 2086   495  14.273   0.830         
 2087   495  13.239   0.850         
 2088   495  16.570   0.830         
 2089   495  17.284   1.635         
 2091   495  15.415   1.483         
 2092   495  16.806   0.877         
 2094   495  16.329   0.619         
 2097   495  13.924   0.806         
 2098   495  17.483   1.082         
 2100   495  13.565   0.751         
 2103   495  16.576   0.743         
 2104   495  17.186   1.461         
 2108   495  15.473   0.967         
 2109   495  15.477   0.987         
 2110   495  15.616   0.918         
 2111   495  18.238   1.651         
 2112   495  16.153   1.076         
 2113   495  17.094   1.298         
 2114   495  15.975   1.425         
 2115   495  16.756   0.543         
 2116   495  12.997   1.302         
 2117   495  16.765   1.354         
 2118   495  14.656   0.739         
 2120   495  16.281   0.993         
 2121   495  14.780   0.866         
 2123   495  15.793   1.222         
 2125   495  15.692   0.852         
 2131   495  14.096   1.235         
 2133   495  16.466   1.332         
 2134   495  16.576   1.205         
 2135   495  12.660   0.879         
 2136   495  13.285   0.809         
 2138   495  16.097   0.781         
 2139   495  17.800   1.103         
 2140   495  16.453   1.059         
 2141   495  16.005   0.962         
 2142   495  17.265   0.359         
 2143   495  14.736   0.726         
 2144   495  16.471   0.944         
 2146   495  15.156   0.780         
 2147   495  16.135   0.838         
 2151   495  17.659   0.916         
 2153   495  16.303   1.009         
 2156   495  16.432   1.224         
 2157   495  17.410   1.884         
 2161   495  17.204   1.087         
 2162   495  15.269   1.131         
 2165   495  17.696   0.761         
 2166   495  17.503   1.181         
 2167   495  16.994   1.253         
 2169   495  14.447   0.899         
 2170   495  15.967   0.853         
 2172   495  15.198   0.638         
 2173   495  18.259   0.850         
 2175   495  15.696   1.527         
 2178   495  15.659   0.845         
 2180   495  16.509   1.031         
 2181   495  13.176   1.212         
 2182   495  15.367   0.888         
 2185   495  14.218   0.653         
 2186   495  14.216   0.633         
 2188   495  16.363   0.732         
 2189   495  15.036   0.846         
 2190   495  15.685   0.868         
 2191   495  18.064   0.450         
 2193   495  16.127   0.778         
 2194   495  15.930   1.366         
 2195   495  17.386   0.581         
 2196   495  15.456   0.821         
 2198   495  15.864   1.039         
 2200   495  15.614   1.086         
 2201   495  13.758   1.313         
 2203   495  15.089   0.594         
 2204   495  12.889   0.629         
 2206   495  16.490   1.130         
 2207   495  16.776   0.985         
 2208   495  15.445   1.042         
 2209   495  13.092   0.722         
 2210   495  18.835   0.696         
 2211   495  14.352   1.526         
 2212   495  15.621   0.861         
 2213   495  15.187   0.826         
 2214   495  16.715   1.345         
 2215   495  17.004   0.674         
 2216   495  16.962   0.919         
 2217   495  17.118   1.231         
 2218   495  15.095   0.951         
 2219   495  15.165   0.804         
 2220   495  15.648   0.921         
 2223   495  14.822   0.940         
 2225   495  14.746   0.972         
 2226   495  14.858   0.855         
 2230   495  13.549   1.368         
 2232   495  12.065   0.686         
 2233   495  16.097   1.178         
 2237   495  13.560   0.929         
 2238   495  16.293   0.855         
 2241   495  15.003   1.072         
 2243   495  14.430   0.904         
 2247   495  17.121   0.811         
 2248   495  15.680   0.986         
 2251   495  15.970   1.222         
 2253   495  16.526   0.765         
 2254   495  16.352   0.964         
 2255   495  16.303   0.721         
 2256   495  13.598   0.819         
 2257   495  15.948   0.942         
 2259   495  13.810   0.721         
 2261   495  17.503   1.365         
 2262   495  17.584   1.127         
 2265   495  18.248   1.177         
 2267   495  16.792   1.173         
 2269   495  16.892   1.483         
 2270   495  16.104   1.293         
 2271   495  14.897   1.395         
 2272   495  16.941   1.431         
 2273   495  16.659   0.853         
 2274   495  17.148   1.150         
 2276   495  14.949   0.490         
 2280   495  16.710   0.968         
 2281   495  15.089   0.587         
 2287   495  11.777   0.610         
 2288   495  15.552   0.900         
 2293   495  16.394   0.908         
 2294   495  16.317   2.046         
 2296   495  15.959   0.932         
 2297   495  18.211   0.622         
 2298   495  16.698   1.167         
 2299   495  10.943   1.804         
 2300   495  17.025   0.619         
 2301   495  18.211   0.757         
 2302   495  15.034   0.538         
 2305   495  17.663   1.257         
 2306   495  17.664   1.062         
 2307   495  15.794   1.265         
 2308   495  16.534   0.860         
 2309   495  16.824   1.106         
 2310   495  16.791   1.350         
 2312   495  16.483   1.050         
 2313   495  17.156   0.895         
 2314   495  16.048   0.955         
 2315   495  14.419   0.694         
 2316   495  17.165   1.222         
 2319   495  16.333   1.225         
 2321   495  11.482   0.855         
 2322   495  17.111   0.726         
 2324   495  12.988   0.784         
 2328   495  17.099   1.279         
 2331   495  15.111   1.016         
 2333   495  16.071   1.596         
 2334   495  19.012   0.501         
 2335   495  14.852   0.791         
 2337   495  14.622   0.779         
 2338   495  17.579   0.914         
 2341   495  15.090   0.722         
 2342   495  18.019   0.855         
 2343   495  13.684   0.659         
 2344   495  17.553   0.879         
 2347   495  14.671   1.029         
 2351   495  16.991   0.907         
 2352   495  15.191   0.680         
 2355   495  15.453   0.986         
 2356   495  14.854   1.201         
 2358   495  16.194   1.057         
 2362   495  14.768   0.929         
 2363   495  16.979   0.789         
 2367   495  15.302   0.861         
 2368   495  15.711   0.717         
 2372   495  17.047   1.278         
 2376   495  16.064   1.142         
 2379   495  17.496   0.674         
 2381   495  15.892   0.991         
 2384   495  16.869   1.345         
 2389   495  13.058   1.478         
 2390   495  15.629   1.110         
 2391   495  16.997   0.968         
 2392   495  14.946   0.855         
 2393   495  15.232   1.366         
 2394   495  15.743   1.072         
 2395   495  16.352   1.299         
 2398   495  17.576   0.807         
 2403   495  16.501   1.087         
 2407   495  17.198   1.451         
 2408   495  16.635   1.234         
 2409   495  16.506   1.020         
 2411   495  16.439   0.998         
 2412   495  16.531   1.207         
 2415   495  13.433   0.982         
 2417   495  15.767   0.866         
 2418   495  15.235   0.999         
 2421   495  16.823   1.220         
 2422   495  16.884   0.949         
 2423   495  17.699   1.611         
 2424   495  15.285   1.111         
 2430   495  16.949   1.286         
 2431   495  12.985   0.831         
 2432   495  15.878   0.708         
 2433   495  17.029   0.874         
 2435   495  16.136   1.206         
 2436   495  16.969   0.937         
 2438   495  13.338   0.859         
 2439   495  17.099   1.162         
 2440   495  17.202   0.814         
 2441   495  17.962   1.236         
 2442   495  15.967   1.139         
 2443   495  12.271   0.959         
 2444   495  17.004   0.961         
 2445   495  15.641   0.829         
 2446   495  17.629   0.943         
 2449   495  16.232   1.201         
 2450   495  14.793   0.749         
 2451   495  14.822   0.528         
 2452   495  15.870   0.906         
 2454   495  17.172   1.051         
 2457   495  17.737   0.732         
 2459   495  17.423   1.349         
 2460   495  14.414   1.261         
 2462   495  16.572   0.722         
 2463   495  17.266   1.137         
 2464   495  18.105  -0.511         
 2465   495  16.155   1.134         
 2466   495  17.295   1.268         
 2467   495  15.706   0.772         
 2468   495  17.407   0.911         
 2470   495  16.230   1.184         
 2471   495  15.141   0.860         
 2473   495  16.999   0.873         
 2474   495  16.725   0.923         
 2475   495  17.252   0.727         
 2476   495  16.094   0.911         
 2478   495  16.414   1.051         
 2479   495  15.095   0.894         
 2480   495  10.415   0.429         
 2481   495  14.130   1.055         
 2482   495  16.483   0.938         
 2483   495  16.130   0.900         
 2484   495  16.350   1.054         
 2485   495  14.941   0.985         
 2486   495  17.143   1.073         
 2487   495  15.280   1.242         
 2489   495  17.386   0.759         
 2490   495  17.390   1.725         
 2491   495  16.354   1.386         
 2493   495  15.742   0.980         
 2494   495  15.880   1.172         
 2500   495  15.362   0.722         
 2501   495  17.320   1.049         
 2502   495  12.637   0.690         
 2503   495  17.785   1.561         
 2505   495  14.679   1.351         
 2508   495  17.423   0.944         
 2509   495  17.241   1.214         
 2510   495  17.583   1.318         
 2512   495  15.754   0.896         
 2514   495  17.119   0.962         
 2515   495  16.116   0.870         
 2516   495  17.842   1.308         
 2520   495  17.205   0.577         
 2521   495  16.466   2.557         
 2522   495  15.727   1.005         
 2523   495  17.779   1.079         
 2524   495  15.210   0.869         
 2526   495  15.042   0.743         
 2527   495  13.908   0.636         
 2528   495  15.619   0.860         
 2529   495  17.773   0.713         
 2530   495  17.210   1.011         
 2532   495  17.235   1.251         
 2533   495  14.520   0.715         
 2535   495  16.941   1.414         
 2537   495  13.519   1.294         
 2539   495  17.218   0.685         
 2540   495  14.852   0.807         
 2541   495  14.763   0.723         
 2544   495  17.484   1.447         
 2546   495  15.678   1.085         
 2550   495  14.089   0.772         
 2552   495  16.952   1.096         
 2557   495  16.107   0.884         
 2558   495  17.981   1.536         
 2559   495  15.766   0.945         
 2565   495  15.014   1.175         
 2567   495  18.063   0.812         
 2568   495  16.835   0.842         
 2569   495  16.296   1.089         
 2570   495  15.467   1.011         
 2571   495  15.673   1.370         
 2572   495  16.641   0.835         
 2573   495  15.541   1.300         
 2574   495  15.768   1.070         
 2578   495  16.030   1.009         
 2579   495  14.459   0.739         
 2580   495  17.515   1.447         
 2581   495  16.347   1.133         
 2582   495  11.900   0.719         
 2583   495  16.721   0.815         
 2584   495  15.347   1.343         
 2586   495  16.804   1.503         
 2587   495  15.631   1.009         
 2588   495   8.629   0.109         
 2589   495  17.012   1.150         
 2590   495  17.506   1.245         
 2591   495  17.306   1.469         
 2593   495  15.714   0.802         
 2595   495  15.244   0.831         
 2596   495  15.215   0.886         
 2600   495  16.292   1.113         
 2601   495  15.642   0.936         
 2603   495  17.250   2.257         
 2605   495  15.525   1.165         
 2606   495  17.811   1.373         
 2607   495  13.036   1.379         
 2608   495  15.707   1.292         
 2609   495  12.902   0.917         
 2610   495  16.384   0.915         
 2612   495  16.481   1.097         
 2613   495  13.892   0.916         
 2614   495  17.663   2.340         
 2618   495  16.377   1.077         
 2620   495  16.287   0.929         
 2623   495  16.560   0.908         
 2624   495  16.527   1.052         
 2625   495  14.881   0.934         
 2626   495  15.436   0.878         
 2628   495  17.012   2.058         
 2630   495  10.962   0.611         
 2633   495  15.873   0.815         
 2637   495  17.268   0.817         
 2639   495  16.131   0.651         
 2642   495  16.545   0.770         
 2643   495  16.983   2.035         
 2644   495  15.430   1.365         
 2646   495  16.714   1.118         
 2647   495  15.009   1.091         
 2649   495  15.533   0.696         
 2651   495  15.394   0.842         
 2654   495  12.107   1.247         
 2656   495  11.408   0.719         
 2658   495  15.043   0.934         
 2659   495  15.930   1.808         
 2661   495  17.714   1.747         
 2663   495  16.167   1.506         
 2665   495  14.131   1.445         
 2667   495  15.905   1.450         
 2669   495  17.189   0.877         
 2671   495  16.936   1.543         
 2672   495  15.582   1.241         
 2676   495  16.348   1.254         
 2677   495  17.206   1.185         
 2678   495  12.758   0.961         
 2680   495  16.730   0.822         
 2681   495  16.474   0.828         
 2682   495  13.373   1.161         
 2683   495  16.221   1.301         
 2686   495  11.831   1.138         
 2687   495  16.958   1.051         
 2690   495  17.051   1.797         
 2691   495  17.785   1.679         
 2692   495  14.266   0.709         
 2693   495  15.533   1.326         
 2694   495  14.483   0.776         
 2696   495  18.634   0.014         
 2697   495  17.946   0.613         
 2701   495  18.271  -0.924         
 2703   495  11.881   2.020         
 2704   495  13.455   0.874         
 2706   495  14.635   0.898         
 2708   495  16.224   1.009         
 2711   495  13.668   0.696         
 2712   495  17.093   1.020         
 2716   495  15.646   1.592         
 2717   495  15.912   1.149         
 2719   495  15.181   1.261         
 2720   495  14.687   0.858         
 2722   495  14.506   0.894         
 2723   495  15.975   0.812         
 2724   495  15.093   1.362         
 2725   495  16.013   0.770         
 2726   495  15.737   0.975         
 2728   495  14.658   0.954         
 2732   495  11.103   0.705         
 2735   495  16.991   1.279         
 2736   495  17.493   1.570         
 2737   495  17.946   1.420         
 2738   495  11.781   0.519         
 2739   495  14.779   0.900         
 2741   495   8.566   0.488