UBV CCD observations

  No    Ref    V       B-V     U-B

 0001   407  11.295   0.504   0.183
 0002   407  11.516   0.393   0.142
 0003   407  11.390   0.576   0.323
 0004   407  11.310   0.684   0.390
 0005   407  11.316   0.706   0.560
 0006   407  11.785   0.640   0.327
 0007   407  11.775   1.037   1.034
 0008   407  12.583   0.669   0.276
 0009   407  12.829   0.518   0.198
 0010   407  13.227   0.969   0.859
 0011   407  15.715   1.170   0.874
 0012   407  15.032   0.848   0.721
 0013   407  15.041   1.181   1.321
 0014   407  15.672   0.890   0.798
 0016   407  15.607   1.538   1.338
 0017   407  15.903   0.838   0.563
 0020   407  16.817   0.493   0.296
 0021   407  17.639   0.823         
 0022   407  16.865   0.691   0.313
 0024   407  17.349   0.704   0.508
 0025   407  17.437   0.652   0.408
 0026   407  17.462   0.717         
 0027   407  18.446   1.912         
 0029   407  17.940   1.409         
 0031   407  17.927   0.556   0.695
 0034   407  19.123   1.508         
 0037   407  18.307   0.582   0.157
 0038   407  19.418   1.023         
 0040   407  18.425   0.939         
 0042   407  18.597   0.634         
 0045   407  18.878   0.450  -0.283
 0046   407  18.985   1.353         
 0047   407  18.736   0.519         
 0048   407  18.782   0.482         
 0049   407  18.870   0.713   0.286
 0055   407  19.150   0.766         
 0059   407  19.566   0.477         
 0060   407  19.356   0.542         
 0061   407  19.301   1.467         
 0065   407  20.455  -0.497         
 0071   407  19.670   0.901         
 0072   407  20.044   0.312         
 0083   407  20.958   0.543