UBV CCD observations

  No    Ref    V       B-V     U-B

 0001   190  14.942   0.764         
 0002   190  13.907   1.593         
 0003   190  16.364   0.870         
 0004   190  14.652   0.702         
 0005   190  15.892   0.782         
 0006   190  14.476   0.702         
 0007   190  14.381   0.707         
 0008   190  14.630   1.271         
 0009   190  13.977   1.527         
 0010   190  10.984   1.336         
 0011   190  15.294   0.737         
 0012   190  15.516   0.805         
 0013   190  14.749   0.769         
 0014   190  14.429   0.827         
 0015   190  14.714   0.706         
 0016   190  13.411   0.564         
 0017   190  15.948   0.747         
 0018   190  14.161   1.472         
 0019   190  16.112   0.832         
 0020   190  14.089   0.665         
 0021   190  15.900   0.962         
 0022   190  14.546   1.538         
 0023   190  14.695   0.648         
 0024   190  14.414   0.627         
 0025   190  16.015   0.882         
 0026   190  14.035   1.571         
 0027   190  13.514   1.638         
 0028   190  15.853   0.848         
 0029   190  16.465   0.897         
 0030   190  15.426   0.997         
 0031   190  16.035   1.043         
 0032   190  14.886   0.690         
 0033   190  16.512   0.928         
 0034   190  16.272   1.130         
 0035   190  15.499   0.804         
 0036   190  16.187   1.002         
 0037   190  13.449   1.641         
 0038   190  15.780   0.739         
 0039   190  16.328   0.973         
 0040   190  15.811   1.850         
 0041   190  14.280   1.530         
 0042   190  15.064   0.740         
 0043   190  16.333   0.882         
 0044   190  14.240   1.529         
 0045   190  13.838   1.849         
 0046   190  16.555   0.944         
 0047   190  16.020   0.833         
 0048   190  15.640   0.855         
 0049   190  15.755   0.806         
 0050   190  15.538   0.814         
 0051   190  15.056   0.774         
 0052   190  16.285   0.955         
 0053   190  15.118   0.701         
 0054   190  15.145   0.834         
 0055   190  14.025   1.979         
 0056   190  16.328   0.984         
 0057   190  16.277   0.769         
 0058   190  15.415   0.717         
 0059   190  16.522   0.851         
 0060   190  16.517   0.958         
 0061   190  14.087   0.692         
 0062   190  17.029   0.823         
 0063   190  14.926   0.740         
 0064   190  15.481   1.573         
 0065   190  15.831   0.773         
 0066   190  15.023   0.641         
 0067   190  15.144   0.684         
 0068   190  12.847   1.487         
 0069   190  14.211   1.544         
 0070   190  15.764   0.798         
 0071   190  15.523   0.767         
 0072   190  14.691   0.607         
 0073   190  16.140   0.899         
 0074   190  14.228   0.859         
 0075   190  14.329   0.710         
 0076   190  16.641   0.948         
 0077   190  16.470   0.980         
 0078   190  15.831   0.805         
 0079   190  15.711   0.891         
 0080   190  12.358   1.791         
 0081   190  15.023   0.643         
 0082   190  16.252   0.938         
 0083   190  16.267   0.926         
 0084   190  14.377   0.771         
 0085   190  13.723   0.709         
 0086   190  14.395   1.509         
 0087   190  16.322   1.023         
 0088   190  15.316   1.102         
 0089   190  15.498   0.847         
 0090   190  14.643   0.687         
 0091   190  14.654   0.713         
 0092   190  15.804   0.761         
 0093   190  16.106   1.066         
 0094   190  16.324   1.070         
 0095   190  15.628   0.999         
 0096   190  13.092   1.744         
 0097   190  15.260   0.756         
 0098   190  16.826   0.975         
 0099   190  11.616   0.587         
 0100   190  16.410   0.866         
 0101   190  16.278   0.794         
 0102   190  13.785   0.554         
 0103   190  16.078   0.807         
 0104   190  15.853   0.980         
 0105   190  16.457   0.872         
 0106   190  15.752   0.861         
 0107   190  16.247   0.895         
 0108   190  14.748   0.831         
 0109   190  14.391   0.934         
 0110   190  15.410   0.759         
 0111   190  15.500   0.961         
 0112   190  13.354   0.763         
 0113   190  17.823   1.281         
 0114   190  18.565   1.051         
 0115   190  18.271   1.112         
 0116   190  17.780   1.118         
 0117   190  18.099   1.269         
 0118   190  17.113   0.994         
 0119   190  18.312   1.230         
 0120   190  17.350   0.957         
 0121   190  16.673   1.094         
 0122   190  18.205   1.141         
 0123   190  17.766   1.106         
 0124   190  16.958   0.936         
 0125   190  17.035   0.881         
 0126   190  18.616   1.218         
 0127   190  17.570   1.272         
 0128   190  17.287   0.999         
 0129   190  17.688   0.950         
 0130   190  18.226   1.488         
 0131   190  18.143   1.262         
 0132   190  18.321   1.152         
 0133   190  18.195   1.157         
 0134   190  17.954   1.129         
 0135   190  17.832   1.247         
 0136   190  18.411   1.085         
 0137   190  17.100   0.996         
 0138   190  16.644   0.978         
 0139   190  17.427   1.207         
 0140   190  18.251   1.519         
 0141   190  17.996   1.060         
 0142   190  17.413   1.116         
 0143   190  17.493   2.431         
 0144   190  17.464   1.100         
 0145   190  16.937   0.929         
 0146   190  16.737   0.988         
 0147   190  17.819   1.401         
 0148   190  16.574   0.837         
 0149   190  17.825   1.111         
 0150   190  16.643   1.366         
 0151   190  17.738   1.157         
 0152   190  19.078   1.120         
 0153   190  18.046   1.033         
 0154   190  17.240   0.940         
 0155   190  16.249   0.892         
 0156   190  16.361   0.793         
 0157   190  17.573   1.019         
 0158   190  16.763   0.906         
 0159   190  16.252   0.902         
 0160   190  16.429   1.838         
 0161   190  16.733   0.903         
 0162   190  18.693   0.938         
 0163   190  17.082   1.509         
 0164   190  17.317   1.022         
 0165   190  18.090   1.154         
 0166   190  16.446   0.925         
 0167   190  17.488   1.113         
 0168   190  17.081   1.015         
 0169   190  17.773   1.192         
 0170   190  18.152   1.217         
 0171   190  16.845   0.978         
 0172   190  16.237   0.831         
 0173   190  18.097   1.403         
 0174   190  17.222   1.037         
 0175   190  16.868   1.123         
 0176   190  18.625   1.256         
 0177   190  18.347   1.235         
 0178   190  18.141   1.488         
 0179   190  16.555   1.115         
 0180   190  17.097   1.160         
 0181   190  18.122   2.185         
 0182   190  18.198   1.110         
 0183   190  16.717   0.973         
 0184   190  17.258   0.902         
 0185   190  18.059   1.149         
 0186   190  17.618   1.423         
 0187   190  17.987   1.093         
 0188   190  18.575   1.245         
 0189   190  16.819   0.913         
 0190   190  18.008   1.317         
 0191   190  18.270   1.159         
 0192   190  16.844   0.984         
 0193   190  18.350   1.093         
 0194   190  16.893   1.048         
 0195   190  16.970   1.059         
 0196   190  17.937   1.542         
 0197   190  18.706   1.157         
 0198   190  17.108   1.167         
 0199   190  16.523   0.861         
 0200   190  18.667   1.236         
 0201   190  18.002   1.084         
 0202   190  18.371   1.305         
 0203   190  18.347   1.197         
 0204   190  18.306   1.463         
 0205   190  18.323   1.281         
 0206   190  17.011   0.985         
 0207   190  18.227   1.098         
 0208   190  17.339   1.012         
 0209   190  16.951   1.075         
 0210   190  18.410   1.250         
 0211   190  17.250   1.116         
 0212   190  18.432   1.271         
 0213   190  17.630   1.157         
 0214   190  16.579   1.203         
 0215   190  18.092   1.207         
 0216   190  18.439   1.147         
 0217   190  18.224   1.164         
 0218   190  17.634   1.162         
 0219   190  18.447   1.128         
 0220   190  18.413   1.228         
 0221   190  18.010   1.317         
 0222   190  17.821   1.507         
 0223   190  17.352   1.281         
 0224   190  18.126   1.316         
 0225   190  17.257   0.897         
 0226   190  17.668   1.065         
 0227   190  18.483   1.211         
 0228   190  17.652   1.047         
 0229   190  16.991   0.906         
 0230   190  16.651   0.999         
 0231   190  18.446   1.013         
 0232   190  17.913   1.172         
 0233   190  17.366   0.967         
 0234   190  17.811   1.202         
 0235   190  15.786   0.761         
 0236   190  17.434   1.052         
 0237   190  17.358   1.103         
 0238   190  17.700   1.133         
 0239   190  17.944   1.159         
 0240   190  17.797   1.032         
 0241   190  17.019   1.044         
 0242   190  18.096   1.207         
 0243   190  16.675   0.915         
 0244   190  16.731   1.114         
 0245   190  16.098   1.136         
 0246   190  16.713   1.157         
 0247   190  17.566   1.105         
 0248   190  16.630   0.910         
 0249   190  17.884   1.114         
 0250   190  18.468   1.373         
 0251   190  16.997   0.970         
 0252   190  17.093   0.991         
 0253   190  16.647   0.912         
 0254   190  18.137   1.185         
 0255   190  17.099   1.037         
 0256   190  17.059   0.910         
 0257   190  15.869   3.514         
 0258   190  18.252   0.724         
 0259   190  16.301   0.941         
 0260   190  17.355   1.071         
 0261   190  18.011   2.180         
 0262   190  18.290   1.256         
 0263   190  17.760   1.203         
 0264   190  16.414   0.821         
 0265   190  17.897   1.274         
 0266   190  17.641   2.546         
 0267   190  16.668   1.048         
 0268   190  18.774   0.948         
 0269   190  18.752   1.431         
 0270   190  18.322   1.537         
 0271   190  17.787   1.041         
 0272   190  18.246   1.187         
 0273   190  17.670   1.068         
 0274   190  16.853   0.973         
 0275   190  18.843   1.040         
 0276   190  17.431   1.068         
 0277   190  17.583   1.101         
 0278   190  18.488   1.258         
 0279   190  17.615   1.156         
 0280   190  18.010   1.212         
 0281   190  17.185   1.083         
 0282   190  17.426   1.126         
 0283   190  18.327   1.306         
 0284   190  18.063   1.161         
 0285   190  16.896   0.972         
 0286   190  17.339   1.139         
 0287   190  17.806   1.029         
 0288   190  16.742   0.946         
 0289   190  19.047   1.218         
 0290   190  17.017   0.972         
 0291   190  17.489   1.018         
 0292   190  17.340   1.166         
 0293   190  17.384   0.989         
 0294   190  18.441   1.184         
 0295   190  18.764   1.143         
 0296   190  16.764   1.217         
 0297   190  18.149   2.367         
 0298   190  18.236   1.197         
 0299   190  17.798   1.245         
 0300   190  16.625   1.481         
 0301   190  18.510   1.314         
 0302   190  18.781   1.355         
 0303   190  18.406   1.048         
 0304   190  17.301   0.961         
 0305   190  18.354   1.016         
 0306   190  15.121   0.656         
 0307   190  18.524   1.586         
 0308   190  18.351   1.264         
 0309   190  17.691   2.143         
 0310   190  17.103   0.399         
 0311   190  18.706   1.486         
 0312   190  18.578   1.266         
 0313   190  18.527   1.084         
 0314   190  18.949   1.055         
 0315   190  19.116   1.236         
 0316   190  18.616   1.187         
 0317   190  18.573   1.727         
 0318   190  18.509   1.414         
 0319   190  19.163   1.533         
 0320   190  18.067   1.277         
 0321   190  18.582   1.367         
 0322   190  18.739   1.301         
 0323   190  18.156   1.501         
 0324   190  18.249   1.068         
 0325   190  18.609   1.395         
 0326   190  18.958   1.403         
 0327   190  18.019   0.962         
 0328   190  18.188   2.551         
 0329   190  19.056   1.556         
 0330   190  18.834   1.208         
 0331   190  18.116   1.682         
 0332   190  18.547   1.235         
 0333   190  18.781   1.346         
 0334   190  18.451   1.354         
 0335   190  19.204   0.936         
 0336   190  18.622   1.236         
 0337   190  18.938   1.338         
 0338   190  18.405   1.054         
 0339   190  18.526   1.377         
 0340   190  18.674   1.411         
 0341   190  18.626   1.377         
 0342   190  18.417   1.175