UBV CCD observations

  No    Ref    V       B-V     U-B

 0001   263  17.346   1.571         
 0002   263  14.722   1.561         
 0003   263  16.858   1.535         
 0004   263  17.023   1.094         
 0005   263  17.003   1.371         
 0006   263  18.697   1.209         
 0007   263  14.438   1.404         
 0008   263  16.114   1.118         
 0009   263  16.663   1.419         
 0011   263  16.102   1.369         
 0012   263  16.703   1.755         
 0013   263  14.513   0.848         
 0014   263  14.792   1.588         
 0015   263  15.896   1.144         
 0016   263  17.900   1.278         
 0017   263  17.942   1.633         
 0018   263  16.133   1.587         
 0019   263  17.436   1.462         
 0020   263  14.162   1.404         
 0021   263  13.797   1.379         
 0022   263  16.099   1.461         
 0023   263  14.261   1.125         
 0025   263  17.229   1.549         
 0026   263  15.707   1.113         
 0027   263  16.889   1.345         
 0028   263  16.104   1.397         
 0030   263  15.557   1.301         
 0032   263  16.978   1.626         
 0033   263  14.094   1.863         
 0034   263  17.216   1.068         
 0036   263  18.249   1.499         
 0037   263  14.441   0.878         
 0038   263  18.210   1.550         
 0039   263  17.396   1.381         
 0041   263  13.757   0.763         
 0042   263  17.957   1.367         
 0043   263  15.465   1.066         
 0044   263  16.347   1.138         
 0045   263  15.783   1.277         
 0046   263  17.007   1.098         
 0048   263  17.517   1.117         
 0049   263  17.927   1.501         
 0050   263  17.464   1.535         
 0051   263  16.891   1.494         
 0053   263  15.302   1.245         
 0055   263  17.219   1.395         
 0056   263  16.567   1.105         
 0057   263  11.371   1.283         
 0059   263  16.399   1.606         
 0061   263  13.115   0.639         
 0062   263  16.521   1.307         
 0063   263  17.371   1.595         
 0064   263  16.879   1.248         
 0065   263  14.803   1.355         
 0066   263  14.235   1.546         
 0067   263  14.908   1.655         
 0069   263  17.807   1.191         
 0072   263  17.266   1.512         
 0073   263  17.007   1.064         
 0074   263  16.855   1.463         
 0075   263  16.166   1.491         
 0076   263  16.605   1.438         
 0077   263  18.438   1.175         
 0079   263  16.043   1.504         
 0080   263  16.718   1.588         
 0081   263  16.493   1.448         
 0082   263  17.428   1.391         
 0083   263  16.048   1.642         
 0084   263  16.661   1.359         
 0085   263  15.474   1.446         
 0086   263  15.045   1.469         
 0087   263  17.467   1.549         
 0088   263  17.503   1.447         
 0089   263  17.856   1.505         
 0090   263  16.753   1.378         
 0092   263  15.974   1.624         
 0094   263  17.238   1.535         
 0095   263  16.139   1.357         
 0096   263  17.647   1.288         
 0097   263  16.551   1.286         
 0098   263  16.686   1.811         
 0099   263  14.191   1.425         
 0100   263  17.669   1.237         
 0101   263  17.193   1.179         
 0102   263  15.971   0.994         
 0103   263  17.004   1.145         
 0105   263  17.783   1.224         
 0106   263  16.787   1.062         
 0107   263  11.239   0.493         
 0108   263  12.591   0.859         
 0109   263  14.874   0.911         
 0110   263  13.558   2.091         
 0111   263  17.037   1.147         
 0112   263  15.965   1.619         
 0113   263  14.457   1.161         
 0114   263  17.595   1.019         
 0115   263  14.643   1.561         
 0116   263  18.134   1.450         
 0117   263  14.559   1.766         
 0118   263  13.793   1.527         
 0120   263  17.103   1.352         
 0121   263  13.561   1.515         
 0122   263  15.351   1.487         
 0123   263  14.673   1.398         
 0124   263  14.561   1.643         
 0125   263  17.984   1.196         
 0126   263  14.208   0.716         
 0127   263  18.073   1.413         
 0128   263  17.787   1.443         
 0129   263  17.395   1.401         
 0130   263  15.955   1.525         
 0132   263  14.111   0.911         
 0133   263  17.067   1.475         
 0134   263  18.674   1.581         
 0136   263  17.363   1.415         
 0137   263  17.222   1.307         
 0138   263  17.882   1.251         
 0139   263  16.359   1.215         
 0140   263  16.813   1.091         
 0141   263  17.466   1.246         
 0142   263  15.846   1.135         
 0143   263  16.716   1.485         
 0144   263  17.833   1.168         
 0145   263  18.116   1.129         
 0146   263  17.764   1.684         
 0147   263  17.016   1.363         
 0148   263  18.171   1.171         
 0149   263  17.967   1.425         
 0150   263  17.907   1.113         
 0151   263  17.352   1.215         
 0152   263  17.816   1.234         
 0153   263  16.621   1.166         
 0154   263  17.188   1.145         
 0155   263  17.279   1.469         
 0156   263  16.865   1.136         
 0157   263  17.512   1.391         
 0159   263  18.115   1.255         
 0161   263  17.992   1.503