UBV CCD observations

  No    Ref    V       B-V     U-B

 1500   190  18.083   1.223         
 1504   190  19.070   1.343         
 1512   190  19.389   1.750         
 1524   190  18.888   2.141         
 1532   190  18.215   1.973         
 1539   190  18.102   1.633         
 1541   190  19.394   1.471         
 1546   190  17.801   1.862         
 1552   190  17.423   2.584         
 1558   190  16.312   1.088         
 1568   190  17.478   1.034         
 1575   190  19.761   1.061         
 1586   190  17.096   1.039         
 1596   190  18.789   1.426         
 1602   190  18.868   1.210         
 1620   190  18.213   2.129         
 1622   190  18.699   1.143         
 1623   190  17.877   1.734         
 1629   190  15.730   1.016         
 1635   190  18.053   1.165         
 1638   190  18.704   1.148         
 1645   190  17.913   1.725         
 1651   190  17.619   1.664         
 1653   190  20.279   1.775         
 1658   190  18.458   1.953         
 1666   190  18.436   1.911         
 1688   190  18.923   2.072         
 1694   190  17.435   2.669         
 1698   190  17.676   1.608         
 1709   190  18.170   1.403         
 1710   190  17.522   1.314         
 1719   190  17.537   1.190         
 1722   190  18.100   1.215         
 1730   190  17.279   1.207         
 1740   190  17.678   1.203         
 1744   190  18.179   1.859         
 1749   190  18.466   1.943         
 1755   190  16.664   1.200         
 1766   190  18.203   1.352         
 1767   190  17.232   1.162         
 1768   190  17.942   1.542         
 1774   190  18.309   1.977         
 1778   190  18.693   1.835         
 1785   190  17.163   2.109         
 1796   190  17.703   1.877         
 1799   190  18.757   1.621         
 1799   354  18.782   1.654         
 1814   190  18.634   1.751         
 1814   354  18.480   2.268         
 1817   190  18.726   1.490         
 1818   190  16.176   2.626         
 1818   354  16.034   2.683         
 1823   190  18.598   1.832         
 1823   354  18.509   1.961         
 1824   190  18.116   1.819         
 1829   190  18.415   1.528         
 1830   190  17.049   1.883         
 1830   354  16.938   1.933         
 1833   190  14.203   0.703         
 1836   354  18.880   2.251         
 1850   354  19.520   1.826         
 1851   190  18.430   1.749         
 1851   354  18.342   1.830         
 1860   190  16.952   2.676         
 1860   354  16.813   2.675         
 1862   190  18.893   1.248         
 1871   190  17.320   1.785         
 1879   354  18.980   1.985         
 1884   190  18.521   1.847         
 1884   354  18.409   1.881         
 1887   190  16.548   1.136         
 1887   354  16.414   1.177         
 1889   354  19.157   2.292         
 1907   190  18.286   1.866         
 1911   190  18.621   1.731         
 1924   190  17.546   1.760         
 1926   190  17.523   1.712         
 1938   190  18.839   2.034         
 1938   354  18.743   1.914         
 1939   190  18.951   1.768         
 1940   190  18.966   1.140         
 1947   190  17.468   1.689         
 1947   354  17.362   1.687         
 1948   190  16.382   1.043         
 1952   190  18.897   1.435         
 1956   190  13.706   0.431         
 1960   190  17.824   1.782         
 1963   354  18.767   2.124         
 1967   190  17.134   1.236         
 1967   354  17.026   1.419         
 1979   190  17.360   1.836         
 1979   354  17.224   2.000         
 1983   190  17.632   1.212         
 1983   354  17.465   1.326         
 1986   190  18.086   1.799         
 1987   190  17.745   1.859         
 1988   354  20.289   1.278         
 1989   190  17.022   1.832         
 1989   354  16.913   1.915         
 1990   190  18.766   1.891         
 1990   354  18.744   1.870         
 1993   190  16.485   1.870         
 1993   354  16.366   1.847         
 1994   190  19.071   1.146         
 1997   190  18.868   1.693         
 1999   354  18.271   2.036         
 2014   190  18.853   1.521         
 2017   190  17.126   1.884         
 2017   354  16.986   1.921         
 2019   190  18.126   1.125         
 2019   354  18.057   1.151         
 2023   190  17.163   2.438         
 2026   190  18.381   1.986         
 2026   354  18.303   2.053         
 2034   190  19.380   1.419         
 2034   354  19.440   1.408         
 2035   354  19.774   1.599         
 2037   354  18.719   1.979         
 2038   190  19.115   1.143         
 2043   190  17.317   1.760         
 2049   190  16.784   1.795         
 2049   354  16.672   1.849         
 2055   190  17.602   1.798         
 2055   354  17.522   1.672         
 2059   190  17.922   1.704         
 2059   354  17.831   1.841         
 2060   190  17.286   0.990         
 2061   190  18.536   1.134         
 2061   354  18.425   1.254         
 2065   190  16.403   2.307         
 2065   354  16.189   2.366         
 2074   190  18.485   1.819         
 2074   354  18.322   1.817         
 2075   190  15.605   1.465         
 2075   354  15.472   1.499         
 2078   190  18.378   1.267         
 2078   354  18.233   1.258         
 2079   190  17.043   1.841         
 2083   190  17.987   1.632         
 2083   354  17.819   1.800         
 2085   190  18.473   1.742         
 2087   190  17.786   1.750         
 2087   354  17.700   1.875         
 2089   190  17.083   1.771         
 2089   354  16.957   1.850         
 2091   190  18.029   1.821         
 2092   190  18.023   1.775         
 2092   354  17.837   1.898         
 2094   354  18.027   1.883         
 2096   190  17.338   1.859         
 2096   354  17.402   1.876         
 2100   190  16.345   0.848         
 2100   354  16.260   0.899         
 2102   354  20.088   1.968         
 2108   190  17.715   1.166         
 2109   190  18.758   1.986         
 2109   354  18.721   2.242         
 2116   190  17.322   1.847         
 2117   190  17.914   1.831         
 2117   354  17.819   1.925         
 2120   190  14.552   0.723         
 2120   354  14.415   0.787         
 2125   190  19.025   1.795         
 2125   354  18.997   1.921         
 2129   190  17.654   1.082         
 2129   354  17.627   1.186         
 2130   190  17.550   1.647         
 2131   354  19.814   2.095         
 2137   354  19.118   2.609         
 2142   354  19.516   1.683         
 2145   190  19.196   1.836         
 2145   354  19.079   1.899         
 2146   190  18.225   1.885         
 2146   354  17.945   1.975         
 2148   354  19.000   2.016         
 2149   190  17.134   1.735         
 2149   354  17.043   1.792         
 2152   190  18.761   1.663         
 2152   354  18.704   2.287         
 2153   354  17.289   2.686         
 2158   190  17.193   1.896         
 2165   190  15.828   1.416         
 2166   190  19.225   1.870         
 2175   190  18.458   1.836         
 2175   354  18.364   1.872         
 2182   190  17.335   1.660         
 2185   354  19.193   1.843         
 2189   190  16.507   0.982         
 2191   190  17.224   1.735         
 2191   354  17.108   1.811         
 2192   190  18.678   1.718         
 2192   354  18.603   1.926         
 2198   354  19.613   2.399         
 2201   190  18.440   1.981         
 2201   354  18.480   2.057         
 2202   190  16.487   0.862         
 2203   190  17.123   0.912         
 2211   354  19.304   1.312         
 2216   190  17.008   0.963         
 2217   190  18.149   1.810         
 2217   354  18.061   1.915         
 2221   354  19.706   1.910         
 2225   190  17.470   2.706         
 2225   354  17.354   2.608         
 2226   354  18.580   2.085         
 2231   190  16.172   1.483         
 2232   190  18.910   1.187         
 2234   190  16.881   2.501         
 2234   354  16.599   2.486         
 2239   190  18.233   1.707         
 2239   354  18.203   1.876         
 2240   190  16.065   2.115         
 2240   354  15.951   2.187         
 2249   354  18.826   2.009         
 2250   190  16.970   2.605         
 2250   354  16.916   2.642         
 2252   190  18.534   1.155         
 2254   190  14.922   1.842         
 2256   190  17.440   1.627         
 2256   354  17.346   1.629         
 2260   354  18.955   2.208         
 2265   190  17.636   1.307         
 2265   354  17.547   1.298         
 2268   190  17.611   1.254         
 2268   354  17.483   1.347         
 2271   190  17.045   2.449         
 2271   354  16.923   2.674         
 2275   190  17.493   1.682         
 2275   354  17.291   1.835         
 2278   190  18.345   1.708         
 2280   190  18.352   1.752         
 2280   354  18.267   1.984         
 2281   190  17.977   1.254         
 2281   354  17.860   1.271         
 2282   190  18.378   2.108         
 2283   190  17.576   1.861         
 2283   354  17.132   2.011         
 2289   190  15.769   2.025         
 2289   354  15.655   2.063         
 2295   354  19.736   1.104         
 2297   354  19.372   2.163         
 2300   190  19.019   1.897         
 2300   354  19.051   1.883         
 2303   190  18.336   1.794         
 2303   354  18.316   1.934         
 2306   190  17.316   1.792         
 2308   190  15.673   2.357         
 2308   354  15.537   2.470         
 2312   190  15.047   0.958         
 2313   190  17.972   1.621         
 2313   354  17.866   1.719         
 2316   190  15.215   1.525         
 2316   354  15.073   1.571         
 2320   190  16.671   1.679         
 2327   190  17.733   1.530         
 2327   354  17.596   1.657         
 2331   190  16.983   1.743         
 2331   354  16.915   1.787         
 2339   190  15.878   1.550         
 2339   354  15.648   2.755         
 2347   190  17.864   1.688         
 2347   354  17.765   1.816         
 2348   190  17.179   1.802         
 2348   354  17.110   1.956         
 2350   190  18.659   2.065         
 2350   354  18.641   2.216         
 2351   190  16.983   1.809         
 2351   354  16.857   1.857         
 2353   190  17.022   1.009         
 2353   354  16.978   1.118         
 2358   190  17.963   1.792         
 2361   190  17.772   1.917         
 2361   354  17.708   1.942         
 2367   190  18.515   1.387         
 2368   354  19.080   2.292         
 2374   190  16.664   1.623         
 2374   354  16.529   1.719         
 2390   190  17.915   1.744         
 2390   354  17.953   1.706         
 2391   190  17.652   1.667         
 2391   354  17.539   1.654         
 2393   190  18.886   1.715         
 2393   354  18.826   2.124         
 2395   190  16.686   2.397         
 2395   354  16.471   2.555         
 2402   190  17.752   1.737         
 2402   354  17.712   1.792         
 2404   190  16.735   1.601         
 2404   354  16.626   1.649         
 2409   190  15.292   2.579         
 2409   354  15.111   2.445         
 2410   190  17.260   2.423         
 2411   190  16.702   1.918         
 2411   354  16.634   1.978         
 2412   190  19.201   1.834         
 2413   190  18.624   1.846         
 2416   190  15.626   0.998         
 2416   354  15.639   0.931         
 2425   190  18.148   1.652         
 2427   190  15.635   2.463         
 2427   354  15.497   2.532         
 2432   190  15.924   1.738         
 2432   354  15.755   1.752         
 2433   190  17.234   1.845         
 2434   190  17.943   1.748         
 2434   354  17.983   1.919         
 2436   190  16.095   1.790         
 2436   354  15.980   1.830         
 2439   190  17.169   1.679         
 2439   354  17.093   1.740         
 2440   190  18.174   1.849         
 2441   190  17.674   1.916         
 2443   190  18.379   1.712         
 2443   354  18.293   1.923         
 2447   354  20.111   1.420         
 2449   190  17.446   1.680         
 2449   354  17.352   1.845         
 2451   354  18.779   1.893         
 2453   190  18.195   1.890         
 2453   354  18.093   2.051         
 2454   190  17.412   1.714         
 2455   354  19.247   2.639         
 2459   190  18.162   1.798         
 2459   354  18.224   1.937         
 2471   190  19.190   2.027         
 2476   190  16.853   1.756         
 2476   354  16.778   1.775         
 2486   190  18.818   1.684         
 2487   190  18.573   1.673         
 2487   354  18.559   1.798         
 2492   190  16.790   2.471         
 2492   354  16.680   2.579         
 2495   190  17.199   1.728         
 2495   354  17.106   1.672         
 2496   190  17.451   2.556         
 2496   354  17.405   2.749         
 2503   190  18.573   1.252         
 2505   190  16.557   1.677         
 2505   354  16.385   1.770         
 2510   190  18.010   1.729         
 2510   354  17.957   1.660         
 2514   190  16.484   1.754         
 2514   354  16.394   1.825         
 2516   190  17.178   2.394         
 2516   354  17.081   2.619         
 2519   190  16.734   2.473         
 2519   354  16.593   2.552         
 2520   190  18.340   1.874         
 2522   190  18.922   1.190         
 2522   354  19.040   1.343         
 2528   190  16.803   1.370         
 2528   354  16.664   1.405         
 2532   354  19.718   2.113         
 2535   190  17.610   1.735         
 2535   354  17.590   1.776         
 2541   190  17.133   1.647         
 2541   354  17.038   1.763         
 2542   190  18.578   2.099         
 2543   190  16.472   1.702         
 2543   354  16.342   1.770         
 2546   190  18.866   1.841         
 2546   354  18.929   2.022         
 2548   190  17.343   1.843         
 2548   354  17.248   1.804         
 2550   190  15.466   0.884         
 2550   354  15.326   0.982         
 2551   190  16.970   1.803         
 2551   354  16.888   1.731         
 2554   190  17.850   1.786         
 2558   190  16.288   2.654         
 2558   354  16.193   2.716         
 2564   190  17.673   0.215         
 2564   354  17.655   1.676         
 2565   190  19.159   2.029         
 2567   190  17.640   1.702         
 2567   354  17.552   1.814         
 2571   354  19.187   1.877         
 2572   190  17.668   1.770         
 2573   190  17.390   2.327         
 2573   354  17.299   2.690         
 2576   190  16.455   3.159         
 2576   354  16.240   2.516         
 2577   190  17.278   1.711         
 2577   354  17.233   1.702         
 2579   190  17.201   1.630         
 2579   354  17.135   1.643         
 2580   190  17.794   1.611         
 2580   354  17.730   1.731         
 2583   190  17.427   1.073         
 2585   190  17.273   2.450         
 2585   354  16.752   2.175         
 2587   190  19.014   1.995         
 2590   354  18.956   1.755         
 2592   190  18.366   1.483         
 2593   190  18.148   1.762         
 2593   354  18.118   1.923         
 2597   354  18.576   2.139         
 2600   190  17.370   1.667         
 2600   354  17.338   1.620         
 2607   190  15.936   1.717         
 2607   354  15.841   1.793         
 2608   354  16.937   1.925         
 2609   190  17.249   1.808         
 2609   354  17.145   1.782         
 2610   190  16.927   1.460         
 2610   354  16.802   1.520         
 2613   190  17.056   1.473         
 2613   354  16.953   1.635         
 2617   354  16.115   2.083         
 2618   190  19.287   1.425         
 2618   354  19.347   1.838         
 2626   190  16.980   2.348         
 2626   354  16.887   2.490         
 2627   190  17.101   1.130         
 2627   354  16.962   1.209         
 2628   190  18.632   1.576         
 2631   190  17.608   1.766         
 2636   190  18.186   1.689         
 2636   354  18.155   1.909         
 2637   190  18.273   1.837         
 2637   354  18.256   1.970         
 2639   190  17.115   1.667         
 2639   354  17.038   1.812         
 2640   190  16.802   2.217         
 2640   354  16.683   2.361         
 2641   190  18.337   1.780         
 2644   190  18.609   1.752         
 2644   354  18.590   1.851         
 2645   190  18.449   1.388         
 2645   354  18.409   1.438         
 2648   190  16.598   1.723         
 2648   354  16.488   1.788         
 2651   354  18.963   1.835         
 2653   190  17.071   1.846         
 2653   354  16.969   1.931         
 2654   190  17.969   1.751         
 2661   190  17.105   1.924         
 2661   354  16.991   2.066         
 2664   190  17.622   1.674         
 2664   354  17.580   1.656         
 2673   190  18.720   1.347         
 2676   190  17.490   1.628         
 2676   354  17.439   1.759         
 2677   190  17.178   2.419         
 2679   190  16.537   1.942         
 2679   354  16.383   1.974         
 2681   190  17.040   1.824         
 2681   354  16.871   1.923         
 2682   190  18.179   1.781         
 2682   354  18.125   1.812         
 2685   190  20.036   2.222         
 2688   354  18.704   2.110         
 2689   190  17.112   1.069         
 2690   190  17.008   2.278         
 2690   354  16.873   2.419         
 2693   354  19.313   1.627         
 2696   190  17.986   1.636         
 2696   354  17.907   1.804         
 2700   190  17.808   1.130         
 2708   190  18.845   1.773         
 2708   354  18.742   1.876         
 2709   354  19.017   2.175         
 2714   190  16.686   1.800         
 2714   354  16.566   1.822         
 2719   190  17.819   1.667         
 2719   354  17.793   1.691         
 2721   190  18.694   1.608         
 2721   354  18.797   2.044         
 2722   190  16.045   1.499         
 2722   354  15.953   1.556         
 2732   190  19.437   2.009         
 2733   190  16.225   2.322         
 2733   354  16.112   2.455         
 2735   190  18.847   1.732         
 2735   354  18.919   1.772         
 2736   190  16.749   1.573         
 2736   354  16.718   1.572         
 2738   190  17.072   1.743         
 2738   354  16.979   1.805         
 2743   190  18.229   1.577         
 2743   354  18.126   1.764         
 2763   190  17.155   1.790         
 2763   354  17.032   1.801         
 2771   190  18.559   1.691         
 2771   354  18.512   2.041         
 2775   354  19.261   2.181         
 2778   190  19.436   1.382         
 2778   354  19.087   2.079         
 2779   190  19.972   1.189         
 2782   190  17.655   2.576         
 2782   354  17.453   2.576         
 2785   190  15.234   1.332         
 2785   354  15.124   1.389         
 2787   354  18.654   2.101         
 2788   190  17.780   1.902         
 2796   190  19.603   0.915         
 2797   354  20.670   0.795         
 2800   190  17.161   1.532         
 2800   354  17.075   1.593         
 2802   190  17.720   1.334         
 2806   190  18.726   1.987         
 2806   354  18.607   1.957         
 2813   190  18.590   1.642         
 2813   354  18.599   2.091         
 2817   190  16.082   0.965         
 2819   190  16.849   1.708         
 2824   190  18.878   1.522         
 2824   354  18.927   2.013         
 2825   190  16.576   1.438         
 2825   354  16.499   1.510         
 2830   190  16.314   1.571         
 2830   354  16.188   1.571         
 2834   190  17.705   1.266         
 2834   354  17.555   1.428         
 2837   190  18.905   1.435         
 2837   354  18.896   1.525         
 2838   190  17.404   1.146         
 2842   190  16.329   1.681         
 2842   354  16.228   1.699         
 2846   190  17.643   1.591         
 2846   354  17.526   1.654         
 2847   190  16.818   1.650         
 2847   354  16.681   1.657         
 2855   354  19.513   2.030         
 2857   190  18.845   1.860         
 2865   190  16.836   1.558         
 2865   354  16.755   1.616         
 2867   190  18.925   1.271         
 2867   354  18.622   1.013         
 2868   190  18.285   1.638         
 2868   354  18.186   1.890         
 2875   190  19.649   1.554         
 2880   190  18.506   1.274         
 2880   354  18.447   1.298         
 2883   190  14.213   0.600         
 2884   354  20.404   1.333         
 2886   190  16.169   1.600         
 2886   354  16.043   1.559         
 2890   190  17.482   1.622         
 2890   354  17.390   1.757         
 2891   190  14.391   0.697         
 2891   354  14.254   0.796         
 2893   190  18.719   1.912         
 2897   190  18.104   1.167         
 2897   354  18.038   1.315         
 2898   190  16.054   1.456         
 2898   354  15.887   1.533         
 2904   190  17.330   1.526         
 2905   354  18.959   1.582         
 2908   190  16.282   1.433         
 2908   354  16.142   1.505         
 2909   190  14.342   1.461         
 2909   354  14.205   1.504         
 2912   190  17.358   1.377         
 2912   354  17.245   1.605         
 2914   190  17.153   2.235         
 2915   354  18.456   1.863         
 2916   190  18.640   1.861         
 2916   354  18.619   1.962         
 2921   354  19.348   2.457         
 2922   190  17.089   1.923         
 2933   354  18.686   1.452         
 2938   190  17.045   1.405         
 2938   354  16.920   1.423         
 2946   190  18.479   1.717         
 2946   354  18.365   1.899         
 2947   190  18.262   1.857         
 2947   354  18.151   2.010         
 2948   190  18.752   1.605         
 2953   190  17.762   1.817         
 2953   354  17.661   1.698         
 2955   190  17.404   1.774         
 2956   190  18.250   1.579         
 2956   354  18.350   1.849         
 2960   190  17.376   0.968         
 2960   354  17.326   1.096         
 2964   190  14.972   0.735         
 2967   190  18.691   1.798         
 2978   190  17.512   1.695         
 2978   354  17.878   1.591         
 2982   190  17.943   1.597         
 2987   190  18.266   1.671         
 2987   354  18.157   1.847         
 2990   190  17.895   1.765         
 2991   190  15.226   0.587         
 2992   190  17.983   1.620         
 2992   354  17.875   1.701         
 2993   190  17.974   1.490         
 2993   354  17.848   1.635         
 2994   190  17.152   1.412         
 2994   354  17.044   1.538         
 2997   354  18.720   1.901         
 2998   190  16.778   2.401         
 2998   354  16.618   2.493         
 2999   190  17.895   1.217         
 2999   354  17.806   1.266         
 3003   190  17.377   1.532         
 3003   354  17.268   1.620         
 3006   190  16.225   1.114         
 3009   190  17.878   1.577         
 3017   354  19.635   2.295         
 3025   190  18.036   1.180         
 3025   354  17.948   1.273         
 3026   190  17.150   0.474         
 3026   354  17.081   1.585         
 3028   190  15.641   1.155         
 3028   354  15.506   1.165         
 3034   190  18.011   1.652         
 3034   354  17.901   1.713         
 3035   190  17.548   1.573         
 3036   190  16.896   1.802         
 3038   190  15.950   1.200         
 3038   354  15.813   1.212         
 3039   190  16.229   0.855         
 3039   354  16.029   1.003         
 3042   190  15.710   2.360         
 3044   354  18.984   1.555         
 3050   354  18.513   1.826         
 3056   354  19.094   1.825         
 3058   354  16.176   1.525         
 3059   354  16.212   1.549         
 3063   354  16.573   1.082         
 3065   354  18.664   1.674         
 3081   354  16.280   1.452         
 3082   354  19.867   1.966         
 3088   354  17.338   1.628         
 3102   354  16.104   1.490         
 3103   354  19.899   1.604         
 3113   354  19.078   2.121         
 3122   354  17.052   1.179         
 3133   354  16.561   2.369         
 3136   354  19.081   1.765         
 3140   354  17.900   1.564         
 3149   354  17.068   1.146         
 3150   354  18.443   1.815         
 3152   354  19.472   1.204         
 3153   354  17.692   1.572         
 3166   354  15.769   0.970         
 3170   354  18.999   2.149         
 3175   354  18.878   1.800         
 3176   354  17.356   1.654         
 3179   354  17.076   1.802         
 3184   354  18.058   1.230         
 3187   354  15.921   1.549         
 3193   354  18.410   1.736         
 3199   354  16.456   1.603         
 3224   354  16.695   1.785         
 3228   354  16.193   1.187         
 3232   354  19.073   1.361         
 3256   354  17.595   1.651         
 3258   354  18.584   1.840         
 3272   354  18.026   1.606         
 3276   354  16.635   1.660         
 3281   354  17.450   1.645         
 3287   354  19.121   2.141         
 3288   354  19.436   1.679         
 3297   354  20.052   1.758         
 3301   354  15.859   2.338         
 3312   354  17.459   1.649         
 3329   354  15.612   1.710         
 5001   190  12.377   0.321         
 5001   354  12.256   0.422         
 5002   190  10.331   1.218         
 5003   190  16.616   1.024         
 5004   190  16.408   1.101         
 5004   354  16.308   1.121         
 5005   190  14.807   0.806         
 5006   190  16.495   1.042         
 5006   354  16.386   1.090         
 5007   190  12.981   1.342         
 5007   354  12.846   1.423         
 5008   190  16.021   0.507         
 5013   190  18.125   1.659         
 5013   354  18.014   1.747         
 5015   190  19.429   1.400         
 5016   190  18.620   1.403         
 5019   190  19.365   1.867         
 5023   190  16.687   0.956         
 5023   354  16.580   1.060         
 5024   354  19.244   1.739         
 5025   190  18.634   1.499         
 5025   354  18.685   1.334         
 5026   190  18.328   1.537         
 5026   354  18.230   1.840         
 5027   354  18.983   2.280         
 5031   190  17.757   1.668         
 5031   354  17.700   1.727         
 5032   190  19.353   1.863         
 5033   354  18.572   1.948         
 5037   354  18.809   2.438         
 5038   190  18.659   1.883         
 5038   354  18.688   2.017         
 5039   190  19.556   1.235         
 5040   354  19.780   1.513         
 5041   190  18.340   1.916         
 5042   354  19.472   1.580         
 5044   190  19.031   1.647         
 5044   354  18.960   2.475         
 5047   354  19.094   2.498         
 5050   190  19.230   1.167         
 5050   354  19.603   1.851         
 5052   354  18.904   2.241         
 5061   190  19.301   1.814         
 5063   354  19.533   2.250         
 5065   354  20.595   1.368         
 5066   190  18.029   1.329         
 5066   354  17.962   1.140         
 5067   190  19.240   1.641         
 5072   190  15.167   0.921         
 5073   190  19.277   1.911         
 5073   354  19.029   2.383         
 5076   190  19.093   1.058         
 5076   354  18.918   1.392         
 5079   190  19.377   1.942         
 5079   354  19.494   1.906         
 5080   354  18.927   1.942         
 5082   190  18.342   1.575         
 5087   354  17.787   2.099         
 5088   354  19.305   1.904         
 5090   354  19.237   2.705         
 5093   354  20.689   0.989         
 5094   354  19.111   2.345         
 5096   190  18.034   1.809         
 5096   354  17.903   1.787         
 5097   354  19.598   2.454         
 5099   354  19.577   1.792         
 5102   190  18.224   1.770         
 5104   190  17.642   1.713         
 5104   354  17.543   1.849         
 5107   190  18.039   1.731         
 5107   354  17.914   1.742         
 5112   190  17.274   1.699         
 5114   190  17.778   1.803         
 5114   354  17.778   1.766         
 5115   190  18.916   1.546         
 5115   354  18.880   2.363         
 5116   190  18.039   1.658         
 5116   354  17.953   1.889         
 5119   190  19.111   1.167         
 5125   354  18.973   2.465         
 5127   190  18.924   1.216         
 5127   354  18.849   1.749         
 5128   190  18.222   1.901         
 5128   354  18.134   1.993         
 5129   190  20.048   2.058         
 5132   190  18.533   1.801         
 5135   190  18.162   0.935         
 5135   354  18.120   1.686         
 5136   354  19.559   1.909         
 5137   190  18.337   1.782         
 5138   354  19.034   1.766         
 5142   190  16.821   2.357         
 5143   190  19.652   1.982         
 5143   354  19.547   1.456         
 5144   190  17.212   2.455         
 5144   354  17.124   2.682         
 5145   190  17.517   1.831         
 5145   354  17.476   1.950         
 5148   354  18.669   2.590         
 5150   190  18.572   1.774         
 5151   190  16.989   1.775         
 5151   354  16.835   1.784         
 5153   354  18.860   2.412         
 5156   354  18.998   2.100         
 5158   354  18.843   1.916         
 5168   190  19.208   1.623         
 5169   354  19.630   2.017         
 5170   190  17.848   1.866         
 5170   354  17.712   1.783         
 5171   190  17.232   1.781         
 5171   354  17.253   1.737         
 5173   354  18.563   1.966         
 5175   190  18.082   1.854         
 5175   354  17.961   1.968         
 5178   190  18.063   0.326         
 5180   190  18.331   1.338         
 5184   190  16.822   1.739         
 5185   354  19.594   1.551         
 5186   190  18.566   1.189         
 5200   354  20.987   0.700         
 5208   190  17.561   1.836         
 5217   190  18.432   0.585         
 5237   190  18.769   0.466         
 5240   190  10.665   1.308         
 5242   190  14.957   2.294         
 5243   354  16.506   1.751         
 5244   354  17.013   1.131         
 5245   354  19.223   2.467         
 5246   354  19.509   1.347         
 5247   354  20.073   1.775         
 5248   354  19.112   2.290         
 5249   354  21.256  -0.009         
 5250   354  20.081   0.740