UBV CCD observations

  No    Ref    V       B-V     U-B

 0001   241  13.337   1.515         
 0002   241  15.234   0.721         
 0003   241  15.477   0.957         
 0004   241  15.488   0.765         
 0005   241  13.149   2.260         
 0006   241  11.627   1.880         
 0007   241  15.099   2.439         
 0008   241  13.362   0.460         
 0009   241  13.893   2.058         
 0010   241  12.498   2.529         
 0011   241  14.006   2.362         
 0012   241  14.835   0.611         
 0013   241  15.699   1.070         
 0014   241  15.692   1.122         
 0015   241  15.911   1.169         
 0016   241  14.034   1.386         
 0017   241  14.034   0.684         
 0018   241  15.438   0.890         
 0019   241  13.555   1.175         
 0020   241  15.458   0.880         
 0021   241  15.796   1.003         
 0022   241  16.161   0.935         
 0023   241  14.428   1.515         
 0024   241  16.280   0.919         
 0025   241  14.405   2.164         
 0026   241  15.280   0.678         
 0027   241  13.433   2.239         
 0028   241  14.127   2.813         
 0029   241  13.115   2.189         
 0030   241  15.638   0.853         
 0031   241  16.322   1.016         
 0032   241  16.470   0.999         
 0033   241  16.847   2.013         
 0034   241  16.685   1.051         
 0035   241  17.393   1.359         
 0036   241  18.607   2.639         
 0037   241  17.795   2.330         
 0038   241  15.593   2.349         
 0039   241  17.700   2.286         
 0040   241  17.340   1.133         
 0041   241  17.973   2.552         
 0042   241  17.033   1.288         
 0043   241  16.642   2.326         
 0044   241  16.472   1.070         
 0045   241  17.194   2.461         
 0046   241  16.243   1.087         
 0047   241  15.043   2.237         
 0048   241  17.757   1.151         
 0049   241  18.931   2.780         
 0050   241  17.138   1.139         
 0051   241  15.781   2.796         
 0052   241  16.774   0.906         
 0053   241  16.727   0.993         
 0054   241  15.611   0.817         
 0055   241  16.454   0.892         
 0056   241  17.263   1.206         
 0057   241  14.087   0.614         
 0058   241  16.653   1.364         
 0059   241  14.882   0.507         
 0060   241  15.829   1.142         
 0061   241  17.307   1.499         
 0062   241  16.646   1.044         
 0063   241  16.491   0.987         
 0064   241  14.458   0.829         
 0065   241  16.160   1.710         
 0066   241  15.158   0.869         
 0067   241  17.676   2.771         
 0068   241  16.128   1.170         
 0069   241  17.850   2.501         
 0070   241  16.311   2.676         
 0071   241  17.252   1.187         
 0072   241  16.454   1.031         
 0073   241  16.969   2.450         
 0074   241  16.977   2.699         
 0075   241  16.041   2.337         
 0076   241  15.652   0.958         
 0077   241  17.303   1.027         
 0078   241  17.171   1.031         
 0079   241  15.821   1.528         
 0080   241  17.539   2.448         
 0081   241  15.666   2.531         
 0082   241  16.448   0.846         
 0083   241  17.204   1.126         
 0084   241  15.350   2.262         
 0085   241  17.759   2.347         
 0086   241  17.553   2.245         
 0087   241  17.759   2.223         
 0088   241  16.889   2.440         
 0089   241  16.221   2.553         
 0090   241  16.099   1.013         
 0091   241  15.141   2.497         
 0092   241  16.847   1.114         
 0093   241  17.209   1.083         
 0094   241  16.219   2.229         
 0095   241  15.277   2.447         
 0096   241  15.567   0.845         
 0097   241  14.184   1.550         
 0098   241  13.908   0.539         
 0099   241  15.559   1.006         
 0100   241  16.774   0.985         
 0101   241  16.835   1.106         
 0102   241  14.704   1.583         
 0103   241  15.724   0.929         
 0104   241  17.035   1.672         
 0105   241  14.107   1.807         
 0106   241  15.244   1.046         
 0107   241  16.175   1.300         
 0108   241  16.355   1.266         
 0109   241  16.373   0.997         
 0110   241  16.815   1.269         
 0111   241  11.924   0.300         
 0112   241  15.836   2.957         
 0113   241  16.592   1.002         
 0114   241  13.737   0.662         
 0115   241  16.183   1.054         
 0116   241  15.770   0.892         
 0117   241  17.205   1.082         
 0118   241  14.908   0.941         
 0119   241  18.496   2.552         
 0120   241  17.403   3.205         
 0121   241  16.593   2.809         
 0122   241  16.425   2.539         
 0123   241  17.888   2.397         
 0124   241  13.658   2.284         
 0125   241  16.245   1.740         
 0126   241  16.940   2.169         
 0127   241  16.525   0.969         
 0128   241  18.433   1.037         
 0129   241  16.844   2.284         
 0130   241  16.850   1.081         
 0131   241  16.642   2.968         
 0132   241  16.151   0.771         
 0133   241  14.685   2.145         
 0134   241  17.166   2.467         
 0135   241  17.745   1.237         
 0136   241  16.827   1.310         
 0137   241  14.911   4.507         
 0138   241  16.791   0.984         
 0139   241  15.976   0.734         
 0140   241  15.974   2.260         
 0141   241  11.281   1.159         
 0142   241  15.516   0.984         
 0143   241  17.844   2.095         
 0144   241  15.017   1.014         
 0145   241  15.582   0.937         
 0146   241  16.950   1.247         
 0147   241  16.273   2.749         
 0148   241  16.386   2.612         
 0149   241  16.918   2.497         
 0150   241  15.989   2.463         
 0151   241  15.550   2.398         
 0152   241  17.441   2.798         
 0153   241  17.645  -0.956         
 0154   241  16.862  -1.352         
 0155   241  15.887   2.746         
 0156   241  17.135   2.648         
 0157   241  18.135   2.528         
 0158   241  17.366   3.323         
 0159   241  16.548   2.964         
 0160   241  16.815   1.133         
 0161   241  16.288   1.110         
 0162   241  16.405   1.101         
 0163   241  16.149   0.959         
 0164   241  16.394   1.114         
 0165   241  17.350   1.535         
 0166   241  16.898   2.710         
 0167   241  15.613   1.050         
 0168   241  17.265   1.106         
 0169   241  16.899  -1.304         
 0170   241  16.939   3.794         
 0171   241  17.372  -1.642         
 0172   241  17.360   1.937         
 0173   241  16.012   1.900         
 0174   241  14.893   4.277         
 0175   241  15.659  -0.105         
 0176   241  14.662   3.729         
 0177   241  16.838   1.062         
 0178   241  16.808   2.152         
 0179   241  17.758   2.491         
 0180   241  17.653   2.366         
 0181   241  16.649   2.567         
 0182   241  14.229   2.603         
 0183   241  15.767   1.668         
 0184   241  17.422   4.032         
 0185   241  17.273   0.674         
 0186   241  16.082   1.332         
 0187   241  19.153  -3.703