UBV CCD observations

  No    Ref    V       B-V     U-B

 0001   241  14.804   1.065         
 0002   241  15.588   1.141         
 0003   241  16.946   2.195         
 0004   241  16.504   1.333         
 0006   241  16.418   1.942         
 0007   241  14.495   1.105         
 0009   241  13.183   0.794         
 0011   241  15.791   1.233         
 0013   241  16.834   1.404         
 0014   241  15.780   1.107         
 0016   241  15.434   1.060         
 0018   241  14.653   1.138         
 0019   241  15.954   1.288         
 0021   241  15.409   1.077         
 0023   241  14.260   0.995         
 0024   241  17.378   1.437         
 0025   241  12.922   0.895         
 0026   241  14.653   1.348         
 0028   241  17.736   1.456         
 0030   241  15.007   1.179         
 0031   241  16.224   1.249         
 0032   241  15.791   1.177         
 0033   241  18.095   1.422         
 0034   241  14.752   1.099         
 0035   241  15.860   1.252         
 0037   241  12.505   2.014         
 0038   241  14.149   1.059         
 0039   241  15.061   1.235         
 0040   241  13.914   0.957         
 0041   241  14.520   1.315         
 0042   241  16.972   1.476         
 0043   241  15.754   1.175         
 0044   241  15.227   1.261         
 0048   241  15.288   1.267         
 0052   241  17.249   1.341         
 0053   241  16.282   1.313         
 0054   241  13.216   1.015         
 0055   241  13.564   0.935         
 0056   241  14.009   0.962         
 0057   241  14.290   1.064         
 0058   241  13.679   0.940         
 0059   241  13.350   0.773         
 0060   241  16.963   1.655         
 0062   241  13.856   2.082         
 0064   241  14.441   1.041         
 0066   241  14.183   0.859         
 0067   241  17.543   1.501         
 0069   241  15.281   1.705         
 0070   241  16.823   1.399         
 0071   241  13.870   1.766         
 0072   241  16.773   1.673         
 0073   241  16.442   1.490         
 0074   241  17.236   1.474         
 0075   241  14.844   1.232         
 0076   241  14.830   1.134         
 0077   241  17.045   1.470         
 0078   241  16.961   1.400         
 0079   241  13.899   2.436         
 0080   241  15.056   1.065         
 0082   241  16.873   1.375         
 0083   241  11.424   2.030         
 0086   241  17.395   1.448         
 0087   241  16.599   1.481         
 0089   241  16.417   1.768         
 0090   241  17.229   1.495         
 0092   241  17.582   1.361         
 0093   241  17.287   1.322         
 0095   241  17.287   1.365         
 0096   241  16.780   1.388         
 0097   241  16.781   1.375         
 0099   241  15.620   1.100         
 0100   241  14.125   1.089         
 0102   241  15.234   1.189         
 0103   241  14.042   1.081         
 0104   241  16.754   1.403         
 0105   241  15.878   1.371         
 0106   241  17.585   1.401         
 0107   241  17.690   1.323         
 0108   241  11.963   0.965         
 0109   241  13.344   1.230         
 0110   241  15.733   1.189         
 0111   241  15.422   1.232         
 0112   241  15.880   1.314         
 0113   241  17.422   1.587         
 0114   241  14.554   2.395         
 0119   241  17.287   1.457         
 0120   241  15.651   2.125         
 0121   241  17.109   1.564         
 0123   241  14.181   0.949         
 0124   241  15.498   1.298         
 0126   241  17.369   1.554         
 0128   241  16.879   1.399         
 0129   241  14.421   1.072         
 0130   241  16.508   1.303         
 0131   241  16.444   1.352         
 0132   241  15.442   1.161         
 0136   241  16.803   1.719         
 0137   241  16.965   1.372         
 0139   241  15.553   1.161         
 0144   241  16.021   1.191         
 0145   241  15.371   1.181         
 0146   241  13.685   1.008         
 0147   241  16.617   1.521         
 0151   241  16.703   1.511         
 0152   241  16.516   1.477         
 0153   241  16.420   1.357         
 0154   241  13.808   0.827         
 0155   241  16.412   1.412         
 0156   241  14.991   1.053         
 0157   241  15.946   1.173         
 0158   241  16.109   1.272         
 0159   241  14.745   1.927         
 0160   241  17.713   1.418         
 0164   241  16.248   1.467         
 0165   241  17.069   1.353         
 0167   241  14.570   0.836         
 0168   241  13.624   1.010         
 0169   241  17.259   1.515         
 0170   241  15.134   1.097         
 0171   241  13.649   2.055         
 0172   241  15.977   1.280         
 0173   241  17.065   1.391         
 0176   241  17.692   1.626         
 0177   241  16.037   1.209         
 0179   241  16.248   1.321         
 0181   241  17.735   1.326         
 0182   241  16.861   1.615         
 0184   241  17.657   1.659         
 0185   241  16.306   1.280         
 0186   241  15.543   1.112         
 0187   241  17.961   1.409         
 0188   241  15.785   1.181         
 0189   241  17.097   1.274         
 0190   241  16.981   1.613         
 0191   241  15.427   1.170         
 0192   241  17.271   1.765         
 0196   241  15.903   1.350         
 0197   241  15.699   1.571         
 0198   241  16.758   1.562         
 0201   241  14.003   1.071         
 0203   241  16.138   1.291         
 0204   241  16.677   1.563         
 0205   241  15.262   1.086         
 0207   241  17.507   1.678         
 0210   241  17.570   1.277         
 0211   241  17.291   1.361         
 0214   241  14.834   1.097         
 0215   241  17.885   1.336         
 0216   241  14.839   1.258         
 0217   241  17.180   1.393         
 0218   241  17.238   1.469         
 0219   241  16.548   1.366         
 0220   241  13.801   1.005         
 0221   241  13.457   0.974         
 0222   241  14.395   1.036         
 0223   241  16.008   1.425         
 0225   241  15.575   1.200         
 0226   241  17.099   1.461         
 0229   241  15.792   1.171         
 0232   241  15.109   1.220         
 0234   241  15.001   1.273         
 0237   241  17.024   1.342         
 0238   241  17.572   1.516         
 0239   241  13.743   1.084         
 0240   241  15.538   1.197         
 0243   241  15.968   1.357         
 0244   241  16.467   1.248         
 0246   241  17.163   1.460         
 0247   241  14.772   1.243         
 0248   241  16.276   1.251         
 0249   241  14.986   1.070         
 0252   241  17.398   1.452         
 0254   241  16.793   1.460         
 0257   241  16.363   1.337         
 0265   241  15.305   1.414         
 0267   241  17.679   1.515         
 0268   241  14.001   1.046         
 0269   241  17.870   1.268         
 0272   241  17.429   1.332         
 0273   241  17.471   1.456         
 0275   241  17.899   1.536         
 0277   241  16.506   1.483         
 0278   241  16.041   1.283         
 0279   241  17.351   1.552         
 0281   241  14.579   2.011         
 0282   241  16.701   1.347         
 0285   241  17.482   1.400         
 0287   241  16.909   1.373         
 0289   241  14.292   1.085         
 0296   241  15.764   1.235         
 0299   241  13.769   1.207         
 0301   241  16.906   1.393         
 0302   241  15.109   1.204         
 0305   241  17.468   1.621         
 0307   241  15.090   1.079         
 0308   241  17.490   1.651         
 0309   241  16.167   1.381         
 0311   241  16.014   1.256         
 0314   241  16.244   1.362         
 0316   241  15.949   1.712         
 0318   241  16.165   1.346         
 0319   241  15.509   1.144         
 0321   241  13.320   1.018         
 0322   241  17.011   1.963         
 0323   241  11.085   0.616         
 0325   241  17.736   1.507         
 0333   241  15.541   1.437         
 0335   241  16.507   1.451         
 0336   241  17.972  -1.590         
 0341   241  16.947   1.872         
 0342   241  14.863   1.112         
 0343   241  15.614   1.319