UBV CCD observations

  No    Ref    V       B-V     U-B

 0001   545  11.132   0.597   0.212
 0002   545  11.689   0.710   0.364
 0003   545  11.871   0.742   0.405
 0004   545  12.258   0.742   0.405
 0005   545  12.337   0.789   0.409
 0006   545  12.691   0.734   0.418
 0007   545  12.697   0.729   0.383
 0008   545  12.769   0.768   0.401
 0009   545  12.800   0.755   0.378
 0010   545  12.809   0.686   0.426
 0011   545  13.162   2.372   2.415
 0012   545  13.221   0.995   0.399
 0013   545  13.228   1.885   1.897
 0014   545  13.467   1.023   0.446
 0015   545  14.015   0.818   0.444
 0016   545  14.124   1.035   0.310
 0017   545  14.153   0.835   0.345
 0018   545  14.153   1.018   0.422
 0019   545  14.168   0.831   0.403
 0020   545  14.189   0.859   0.494
 0021   545  14.221   1.196   0.529
 0022   545  14.231   1.853   1.838
 0023   545  14.256   1.446   1.047
 0024   545  14.441   0.948   0.543
 0025   545  14.467   2.276   2.269
 0026   545  14.601   1.895   1.697
 0027   545  14.680   1.226   0.502
 0028   545  14.741   0.969   0.442
 0029   545  14.918   1.098   0.407
 0030   545  14.956   1.036   0.428
 0031   545  14.976   0.990   0.385
 0032   545  14.986   2.001   1.942
 0033   545  14.994   0.999   0.384
 0034   545  15.060   2.422         
 0035   545  15.111   1.031   0.352
 0036   545  15.134   1.088   0.459
 0037   545  15.192   1.840   1.504
 0038   545  15.197   1.112   0.388
 0039   545  15.205   2.212         
 0040   545  15.224   2.564         
 0041   545  15.230   2.175         
 0042   545  15.288   0.988   0.556
 0043   545  15.300   1.032   0.343
 0044   545  15.316   1.040   0.404
 0045   545  15.322   1.195   0.554
 0046   545  15.425   1.084   0.441
 0047   545  15.463   1.174   0.552
 0048   545  15.488   1.072   0.396
 0049   545  15.506   1.279   0.749
 0050   545  15.517   2.078         
 0051   545  15.546   1.068   0.374
 0052   545  15.559   1.315   0.620
 0053   545  15.600   2.152         
 0054   545  15.611   1.321   0.620
 0055   545  15.616   1.837   1.350
 0056   545  15.655   1.176   0.437
 0057   545  15.658   1.184   0.464
 0058   545  15.663   1.100   0.398
 0059   545  15.683   1.884   1.365
 0060   545  15.740   1.191   0.571
 0061   545  15.745   1.194   0.591
 0062   545  15.779   1.274   0.588
 0063   545  15.836   1.821         
 0064   545  15.841   1.097   0.394
 0065   545  15.872   2.283         
 0066   545  15.937   1.284   0.499
 0067   545  16.002   2.123         
 0068   545  16.035   1.217   0.546
 0069   545  16.039   1.919         
 0070   545  16.051   1.208   0.579
 0071   545  16.091   2.366         
 0072   545  16.107   2.450         
 0073   545  16.112   1.230   0.653
 0074   545  16.124   2.435         
 0075   545  16.133   1.304         
 0076   545  16.141   1.819         
 0077   545  16.186   1.206   0.543
 0078   545  16.200   1.869         
 0079   545  16.235   1.435   0.716
 0080   545  16.237   2.121         
 0081   545  16.243   1.180   0.262
 0082   545  16.300   1.182   0.353
 0083   545  16.324   1.194   0.593
 0084   545  16.356   1.982         
 0085   545  16.388   1.684         
 0086   545  16.405   1.342   0.947
 0087   545  16.434   1.129   0.392
 0088   545  16.465   1.319   0.568
 0089   545  16.467   1.347   0.765
 0090   545  16.506   1.229         
 0091   545  16.526   1.805         
 0092   545  16.538   1.239   0.392
 0093   545  16.557   1.498   0.822
 0094   545  16.594   2.012         
 0095   545  16.614   2.107         
 0096   545  16.634   1.309   0.639
 0097   545  16.652   1.884         
 0098   545  16.664   2.049         
 0099   545  16.673   1.193   0.559
 0100   545  16.687   1.758         
 0101   545  16.709   1.326   0.727
 0102   545  16.717   1.954         
 0103   545  16.733   1.144   0.481
 0104   545  16.742   1.902         
 0105   545  16.752   1.286   0.652
 0106   545  16.767   1.727         
 0107   545  16.781   1.918         
 0108   545  16.789   2.020         
 0109   545  16.817   1.322   0.710
 0110   545  16.842   1.587         
 0111   545  16.850   1.634         
 0112   545  16.873   2.045         
 0113   545  16.877   1.240   0.451
 0114   545  16.887   1.771         
 0115   545  16.893   1.408   0.580
 0116   545  16.913   1.371         
 0117   545  16.923   1.366   0.665
 0118   545  16.941   2.022         
 0120   545  16.953   1.580         
 0121   545  16.967   1.871         
 0122   545  16.969   1.477         
 0123   545  16.987   1.700         
 0124   545  16.995   1.880         
 0125   545  17.031   1.260   0.761
 0126   545  17.040   1.926         
 0127   545  17.043   2.349         
 0128   545  17.070   1.880         
 0129   545  17.073   1.297         
 0130   545  17.083   1.268         
 0131   545  17.086   2.122         
 0132   545  17.104   1.301         
 0133   545  17.138   1.362         
 0134   545  17.139   1.332         
 0135   545  17.151   2.077         
 0136   545  17.165   1.756         
 0137   545  17.168   1.926         
 0138   545  17.173   2.320         
 0139   545  17.181   1.942         
 0140   545  17.183   1.385         
 0141   545  17.184   1.217         
 0143   545  17.217   1.854         
 0145   545  17.219   1.391         
 0146   545  17.219   1.897         
 0147   545  17.223   1.342         
 0148   545  17.224   1.803         
 0149   545  17.236   1.311         
 0150   545  17.241   1.403         
 0151   545  17.245   1.413         
 0152   545  17.249   1.513         
 0153   545  17.260   1.815         
 0154   545  17.263   1.784         
 0155   545  17.306   1.419         
 0156   545  17.310   1.431         
 0157   545  17.322   1.909         
 0158   545  17.327   1.279         
 0159   545  17.357   1.756         
 0160   545  17.382   1.823         
 0161   545  17.389   2.027         
 0162   545  17.397   1.690         
 0163   545  17.418   2.620         
 0164   545  17.424   1.873         
 0165   545  17.429   2.082         
 0166   545  17.430   1.284         
 0167   545  17.448   1.360         
 0168   545  17.453   2.005         
 0169   545  17.459   2.073         
 0170   545  17.461   1.473         
 0171   545  17.461   1.536         
 0172   545  17.463   2.028         
 0173   545  17.469   1.984         
 0174   545  17.476   1.968         
 0175   545  17.485   2.028         
 0176   545  17.487   1.361         
 0177   545  17.489   1.420         
 0178   545  17.505   1.330         
 0179   545  17.511   1.653         
 0180   545  17.522   1.609         
 0181   545  17.532   1.351         
 0182   545  17.534   1.447         
 0183   545  17.542   1.702         
 0184   545  17.547   2.064         
 0185   545  17.551   1.368         
 0186   545  17.570   1.328         
 0188   545  17.583   2.232         
 0189   545  17.584   1.381         
 0190   545  17.587   1.898         
 0191   545  17.594   1.376         
 0192   545  17.623   2.037         
 0193   545  17.627   1.367         
 0194   545  17.632   1.393         
 0195   545  17.642   2.137         
 0198   545  17.667   2.004         
 0199   545  17.669   1.980         
 0200   545  17.669   1.413         
 0201   545  17.670   1.611         
 0202   545  17.672   2.396         
 0203   545  17.683   1.487         
 0204   545  17.685   1.056         
 0205   545  17.694   1.294         
 0206   545  17.701   2.119         
 0207   545  17.701   1.373         
 0208   545  17.708   2.048         
 0209   545  17.715   2.119         
 0210   545  17.717   1.454         
 0211   545  17.728   1.282         
 0212   545  17.733   1.307         
 0213   545  17.740   1.812         
 0214   545  17.756   1.413         
 0215   545  17.761   1.361         
 0216   545  17.767   1.781         
 0217   545  17.767   1.470         
 0218   545  17.768   1.339         
 0219   545  17.769   1.962         
 0220   545  17.775   1.525         
 0221   545  17.777   2.019         
 0222   545  17.784   1.468         
 0223   545  17.789   1.235         
 0224   545  17.796   1.410         
 0225   545  17.799   1.899         
 0226   545  17.803   1.857         
 0227   545  17.818   1.866         
 0228   545  17.819   1.613         
 0229   545  17.822   1.398         
 0230   545  17.826   1.358         
 0231   545  17.830   2.570         
 0233   545  17.843   1.392         
 0234   545  17.859   1.834         
 0235   545  17.873   2.234         
 0236   545  17.878   1.752         
 0237   545  17.878   1.894         
 0238   545  17.891   1.644         
 0239   545  17.892   1.620         
 0240   545  17.894   1.815         
 0241   545  17.927   1.859         
 0242   545  17.930   1.474         
 0243   545  17.934   1.544         
 0244   545  17.936   1.761         
 0245   545  17.939   1.801         
 0246   545  17.943   1.944         
 0247   545  17.946   1.876         
 0248   545  17.949   2.197         
 0249   545  17.958   1.830         
 0250   545  17.964   1.341         
 0251   545  17.968   1.563         
 0252   545  17.970   1.929         
 0253   545  17.974   1.661         
 0254   545  17.978   1.800         
 0255   545  17.983   2.190         
 0256   545  17.991   1.378         
 0257   545  17.995   2.145         
 0258   545  17.997   2.129         
 0260   545  18.004   1.675         
 0261   545  18.011   1.444         
 0262   545  18.017   1.859         
 0263   545  18.022   2.148         
 0264   545  18.029   1.980         
 0265   545  18.031   1.299         
 0266   545  18.038   1.493         
 0268   545  18.053   1.386         
 0269   545  18.055   1.488         
 0270   545  18.057   1.618         
 0271   545  18.068   1.828         
 0272   545  18.070   1.428         
 0273   545  18.074   1.326         
 0275   545  18.101   2.005         
 0276   545  18.101   1.596         
 0277   545  18.104   1.760         
 0278   545  18.109   1.532         
 0279   545  18.114   1.979         
 0281   545  18.118   1.589         
 0282   545  18.123   1.809         
 0283   545  18.126   1.946         
 0285   545  18.143   1.457         
 0286   545  18.148   1.716         
 0287   545  18.155   1.228         
 0288   545  18.170   1.586         
 0289   545  18.174   1.019         
 0290   545  18.182   1.430         
 0292   545  18.188   1.309         
 0293   545  18.197   1.445         
 0294   545  18.198   1.574         
 0295   545  18.204   0.938         
 0296   545  18.207   1.442         
 0297   545  18.211   1.574         
 0298   545  18.214   1.365         
 0300   545  18.220   1.356         
 0302   545  18.225   1.185         
 0303   545  18.237   1.697         
 0304   545  18.237   1.904         
 0305   545  18.238   1.409         
 0306   545  18.245   1.863         
 0307   545  18.246   1.405         
 0308   545  18.246   1.317         
 0309   545  18.253   1.903         
 0310   545  18.257   1.640         
 0311   545  18.258   1.978         
 0312   545  18.265   1.365         
 0314   545  18.267   1.298         
 0315   545  18.271   1.419         
 0316   545  18.278   1.401         
 0317   545  18.284   1.890         
 0318   545  18.285   1.720         
 0319   545  18.287   1.365         
 0320   545  18.293   1.905         
 0321   545  18.315   1.412         
 0322   545  18.320   1.965         
 0323   545  18.320   1.612         
 0324   545  18.325   1.841         
 0325   545  18.335   1.504         
 0326   545  18.338   1.371         
 0327   545  18.343   1.877         
 0328   545  18.346   1.346         
 0330   545  18.356   2.021         
 0331   545  18.363   1.369         
 0332   545  18.372   1.293         
 0333   545  18.374   1.343         
 0334   545  18.377   1.354         
 0335   545  18.382   1.993         
 0336   545  18.389   1.532         
 0337   545  18.391   1.712         
 0338   545  18.395   1.473         
 0339   545  18.395   1.844         
 0341   545  18.405   1.656         
 0342   545  18.409   1.512         
 0343   545  18.409   1.413         
 0344   545  18.411   1.497         
 0345   545  18.411   1.484         
 0346   545  18.415   1.636         
 0347   545  18.424   1.852         
 0349   545  18.433   1.477         
 0350   545  18.439   1.408         
 0351   545  18.443   1.594         
 0352   545  18.445   1.359         
 0353   545  18.451   1.383         
 0354   545  18.458   2.053         
 0357   545  18.486   1.586         
 0358   545  18.488   1.612         
 0360   545  18.494   1.460         
 0361   545  18.496   1.187         
 0362   545  18.501   1.763         
 0363   545  18.505   1.176         
 0364   545  18.515   1.266         
 0365   545  18.520   1.335         
 0366   545  18.521   1.276         
 0367   545  18.522   1.768         
 0368   545  18.526   1.723         
 0369   545  18.527   1.252         
 0371   545  18.541   1.708         
 0372   545  18.549   1.380         
 0373   545  18.551   1.505         
 0375   545  18.561   1.459         
 0376   545  18.564   1.465         
 0378   545  18.566   1.690         
 0379   545  18.570   1.540         
 0380   545  18.576   1.553         
 0382   545  18.585   1.856         
 0383   545  18.589   1.583         
 0384   545  18.598   1.487         
 0385   545  18.607   1.828         
 0386   545  18.610   1.310         
 0387   545  18.627   1.479         
 0389   545  18.634   1.460         
 0390   545  18.636   1.511         
 0392   545  18.643   1.658         
 0396   545  18.656   1.477         
 0397   545  18.666   1.485         
 0400   545  18.676   1.295         
 0402   545  18.682   1.598         
 0404   545  18.689   1.507         
 0406   545  18.694   1.754         
 0408   545  18.710   1.570         
 0410   545  18.715   1.178         
 0411   545  18.717   1.625         
 0413   545  18.725   1.439         
 0414   545  18.727   1.679         
 0416   545  18.738   1.609         
 0418   545  18.740   1.557         
 0420   545  18.742   1.334         
 0422   545  18.756   1.347         
 0424   545  18.760   1.447         
 0425   545  18.763   1.479         
 0427   545  18.767   1.289         
 0430   545  18.775   1.740         
 0433   545  18.781   1.666         
 0434   545  18.783   1.429         
 0436   545  18.791   1.470         
 0437   545  18.791   1.497         
 0438   545  18.803   1.589         
 0441   545  18.834   1.265         
 0444   545  18.847   1.372         
 0445   545  18.849   0.984         
 0451   545  18.873   1.327         
 0452   545  18.873   1.502         
 0454   545  18.901   1.321         
 0455   545  18.904   1.582         
 0457   545  18.904   1.273         
 0466   545  18.932   1.506         
 0467   545  18.938   1.337         
 0468   545  18.946   1.331         
 0469   545  18.950   1.470         
 0477   545  18.973   1.471         
 0480   545  18.984   1.293         
 0487   545  19.019   1.580         
 0520   545  19.105   1.435