UBV CCD observations

  No    Ref    V       B-V     U-B

 0001   291  17.145   1.572         
 0002   291  16.459   1.747         
 0003   291  17.282   1.645         
 0004   291  16.298   1.888         
 0005   291  18.029   0.861         
 0006   291  16.465   1.568         
 0007   291  15.799   1.783         
 0008   291  17.883   1.363         
 0009   291  14.970   1.915         
 0010   291  16.402   0.943         
 0011   291  16.611   0.999         
 0012   291  16.000   0.844         
 0013   291  15.365   0.852         
 0014   291  15.539   2.174         
 0015   291  17.729   1.582         
 0016   291  17.693   1.207         
 0017   291  15.047   1.628         
 0018   291  16.142   1.171         
 0019   291  17.415   1.059         
 0020   291  17.737   1.158         
 0021   291  17.044   1.013         
 0022   291  13.473   0.583         
 0023   291  15.945   2.079         
 0024   291  16.539   1.112         
 0025   291  16.566   1.046         
 0026   291  13.649   0.865         
 0027   291  17.183   1.179         
 0028   291  17.977   1.308         
 0029   291  17.317   1.634         
 0030   291  16.591   1.820         
 0031   291  17.479   1.214         
 0032   291  16.905   1.520         
 0033   291  14.007   1.493         
 0034   291  17.430   1.040         
 0035   291  17.519   1.675         
 0036   291  14.248   1.688         
 0037   291  17.630   1.159         
 0038   291  15.699   1.009         
 0039   291  16.038   2.011         
 0040   291  13.007   0.366         
 0041   291  15.517   1.728         
 0042   291  15.879   1.070         
 0043   291  18.003   1.433         
 0044   291  16.892   1.610         
 0045   291  16.964   1.056         
 0046   291  14.983   0.734         
 0047   291  17.510   1.777         
 0048   291  17.376   2.062         
 0049   291  17.519   1.478         
 0050   291  15.747   1.611         
 0051   291  16.937   1.115         
 0052   291  13.596   1.794         
 0053   291  15.437   0.867         
 0054   291  17.506   1.067         
 0055   291  14.527   0.095         
 0056   291  15.373   0.989         
 0057   291  15.479   1.788         
 0058   291  15.583   1.877         
 0059   291  17.839   1.094         
 0060   291  18.389   1.166         
 0061   291  12.915   0.265         
 0062   291  17.313   1.130         
 0063   291  17.374   1.980         
 0064   291  17.188   1.617         
 0065   291  13.664   1.088         
 0066   291  17.206   1.059         
 0067   291  16.345   0.959         
 0068   291  15.483   1.013         
 0069   291  17.059   2.020         
 0070   291  14.748   1.973         
 0071   291  13.397   0.721         
 0072   291  18.017   1.174         
 0073   291  16.679   2.221         
 0074   291  17.549   1.222         
 0075   291  16.097   1.030         
 0076   291  17.313   1.081         
 0077   291  15.246   0.926         
 0078   291  14.284   0.798         
 0079   291  15.298   1.724         
 0080   291  16.990   1.437         
 0081   291  16.822   1.694         
 0082   291  15.483   0.808         
 0083   291  16.605   1.587         
 0084   291  16.799   1.592         
 0085   291  16.290   1.019         
 0086   291  17.022   1.474         
 0087   291  12.227   1.751         
 0088   291  17.335   1.162         
 0089   291  16.937   1.738         
 0090   291  16.833   1.681         
 0091   291  16.974   1.546         
 0092   291  17.701   1.314         
 0093   291  17.102   1.109         
 0094   291  17.342   1.871         
 0095   291  16.552   1.869         
 0096   291  15.961   0.928         
 0097   291  13.045   1.918         
 0098   291  15.548   0.879         
 0099   291  15.727   0.839         
 0100   291  14.774   0.721         
 0101   291  14.019   0.742         
 0102   291  17.617   1.245         
 0103   291  17.299   1.148         
 0104   291  14.554   1.810         
 0105   291  16.445   1.882         
 0106   291  15.542   1.500         
 0107   291  16.540   1.254         
 0108   291  16.873   1.828         
 0109   291  16.761   1.272         
 0110   291  16.944   1.085         
 0111   291  17.324   1.250         
 0112   291  13.320   1.517         
 0113   291  16.600   0.967         
 0114   291  14.882   0.688         
 0115   291  16.703   1.944         
 0116   291  16.313   1.273         
 0117   291  14.981   0.857         
 0118   291  14.904   0.841         
 0119   291  16.225   1.901         
 0120   291  14.521   0.611         
 0121   291  16.503   1.106         
 0122   291  17.450   1.579         
 0123   291  17.573   1.656         
 0124   291  18.372   1.491         
 0125   291  18.207   1.736         
 0126   291  17.615   1.870         
 0127   291  18.326   1.040         
 0128   291  17.033   1.050         
 0129   291  16.714   1.540         
 0130   291  17.128   1.673         
 0131   291  18.404   1.155         
 0132   291  17.604   1.940         
 0133   291  19.284   0.916         
 0134   291  18.445   1.089         
 0135   291  17.966   1.315         
 0136   291  17.557   1.544         
 0137   291  16.840   1.025         
 0138   291  17.742   1.045         
 0139   291  17.055   2.095         
 0140   291  17.649   1.763         
 0141   291  17.879   1.762         
 0142   291  17.723   1.537         
 0143   291  17.613   1.819         
 0144   291  17.653   1.527         
 0145   291  18.718   1.180         
 0146   291  18.015   1.470         
 0147   291  17.704   1.690         
 0148   291  16.414   1.851         
 0149   291  17.597   1.165         
 0150   291  16.920   2.076         
 0151   291  17.419   1.942         
 0152   291  18.005   1.309         
 0153   291  17.046   1.550         
 0154   291  17.402   1.712         
 0155   291  17.829   1.299         
 0156   291  16.706   2.022         
 0157   291  15.573   1.970         
 0158   291  18.357   1.544         
 0159   291  16.826   1.690         
 0160   291  17.648   1.640         
 0161   291  17.570   1.338         
 0162   291  18.648   1.309         
 0163   291  18.151   1.220         
 0164   291  17.553   1.696         
 0165   291  17.835   1.719         
 0166   291  18.655   1.083         
 0167   291  17.776   1.517         
 0168   291  17.889   1.323         
 0169   291  18.096   1.216         
 0170   291  17.899   1.387         
 0171   291  17.805   1.296         
 0172   291  18.126   1.125         
 0173   291  17.737   1.659         
 0174   291  18.186   1.309         
 0175   291  17.787   1.169         
 0176   291  18.366   1.452         
 0177   291  16.396   1.845         
 0178   291  17.580   1.662         
 0179   291  17.329   1.661         
 0180   291  15.890   2.185         
 0181   291  17.318   1.583         
 0182   291  18.061   1.350         
 0183   291  18.511   1.145         
 0184   291  17.502   1.144         
 0185   291  17.407   1.774         
 0186   291  18.197   1.157         
 0187   291  17.575   1.706         
 0188   291  16.139   1.826         
 0189   291  18.223   1.799         
 0190   291  17.737   1.354         
 0191   291  17.682   1.089         
 0192   291  17.688   1.668         
 0193   291  17.312   1.429         
 0194   291  17.918   1.178         
 0195   291  16.674   1.493         
 0196   291  17.665   1.553         
 0197   291  17.502   1.130         
 0198   291  18.696   0.366         
 0199   291  15.858   1.910