UBV CCD observations

  No    Ref    V       B-V     U-B

 0001   291  18.383   1.045         
 0002   291  17.552   1.314         
 0003   291  16.418   0.962         
 0004   291  16.929   1.591         
 0005   291  17.651   0.933         
 0006   291  17.608   1.054         
 0007   291  15.686   1.523         
 0008   291  17.854   0.996         
 0009   291  15.993   1.000         
 0010   291  17.389   1.015         
 0011   291  18.247   0.941         
 0012   291  17.764   1.207         
 0013   291  18.153   1.074         
 0014   291  17.923   1.175         
 0015   291  16.671   1.413         
 0016   291  17.316   1.128         
 0017   291  14.955   0.713         
 0018   291  17.276   1.000         
 0019   291  17.225   1.515         
 0020   291  18.104   1.387         
 0021   291  14.132   0.431         
 0022   291  17.462   1.141         
 0023   291  13.782   0.468         
 0024   291  17.955   0.944         
 0025   291  17.205   1.454         
 0026   291  16.170   1.336         
 0027   291  13.608   0.816         
 0028   291  17.720   1.465         
 0029   291  17.439   1.044         
 0030   291  15.100   1.168         
 0031   291  14.508   0.765         
 0032   291  17.631   1.073         
 0033   291  17.490   1.507         
 0034   291  14.352   1.502         
 0035   291  17.579   0.947         
 0036   291  15.658   1.657         
 0037   291  18.829   0.467         
 0038   291  17.958   1.115         
 0039   291  16.367   0.958         
 0040   291  13.693   1.452         
 0041   291  15.091   0.904         
 0042   291  16.303   1.005         
 0043   291  12.229   1.533         
 0044   291  17.963   0.915         
 0045   291  16.611   1.037         
 0046   291  16.093   1.529         
 0047   291  18.136   1.228         
 0048   291  17.817   1.025         
 0049   291  17.407   1.299         
 0050   291  17.358   0.974         
 0051   291  11.660   0.626         
 0052   291  13.760   0.629         
 0053   291  16.680   1.481         
 0054   291  16.663   1.505         
 0055   291  18.245   1.079         
 0056   291  17.877   1.168         
 0057   291  14.842   0.683         
 0058   291  16.964   1.339         
 0059   291  18.748   1.003         
 0060   291  15.527   0.806         
 0061   291  16.634   1.954         
 0062   291  16.249   1.001         
 0063   291  17.535   0.819         
 0064   291  17.029   0.771         
 0065   291  17.423   0.894         
 0066   291  16.620   1.506         
 0067   291  18.167   1.216         
 0068   291  18.305   0.955         
 0069   291  17.409   0.962         
 0070   291  17.576   1.194         
 0071   291  17.990   0.923         
 0072   291  16.729   1.064         
 0073   291  18.432   1.175         
 0074   291  17.270   1.461         
 0075   291  17.259   1.064         
 0076   291  17.404   1.296         
 0077   291  16.865   1.553         
 0078   291  17.964   0.924         
 0079   291  17.055   0.617         
 0080   291  16.141   1.466         
 0081   291  18.145   1.191         
 0082   291  17.574   1.328         
 0083   291  18.208   1.103         
 0084   291  18.402   1.024         
 0085   291  17.958   0.489         
 0086   291  17.825   0.807         
 0087   291  18.407   1.031         
 0088   291  14.856   0.799         
 0089   291  13.954   0.561         
 0090   291  15.374   1.433         
 0091   291  17.149   1.043         
 0092   291  15.687   1.553         
 0093   291  15.264   0.943         
 0094   291  18.593   1.132         
 0095   291  17.733   1.164         
 0096   291  17.249   0.919         
 0097   291  15.704   1.739         
 0098   291  17.438   1.299         
 0099   291  17.245   0.745         
 0100   291  17.231   1.236         
 0101   291  18.093   1.069         
 0102   291  15.065   0.796         
 0103   291  18.396   1.032         
 0104   291  14.183   0.919         
 0105   291  18.575   0.882         
 0106   291  15.289   0.866         
 0107   291  16.939   0.957         
 0108   291  14.651   0.774         
 0109   291  17.855   1.387         
 0110   291  17.127   0.968         
 0111   291  17.341   1.132         
 0112   291  16.469   1.605         
 0113   291  18.241   0.809         
 0114   291  15.573   1.603         
 0115   291  16.650   0.849         
 0116   291  14.547   0.747         
 0117   291  18.358   1.011         
 0118   291  17.847   1.056         
 0119   291  16.098   1.614         
 0120   291  17.910   0.951         
 0121   291  18.579   0.937         
 0122   291  15.676   0.884         
 0123   291  18.162   0.931         
 0124   291  17.782   1.357         
 0125   291  17.456   1.097         
 0126   291  17.608   0.889         
 0127   291  18.331   0.906         
 0128   291  17.691   1.007         
 0129   291  16.434   1.382         
 0130   291  16.346   1.228         
 0131   291  17.719   1.433         
 0132   291  16.995   0.976         
 0133   291  17.378   0.877         
 0134   291  15.671   0.943         
 0135   291  17.208   1.040         
 0136   291  12.930   1.245         
 0137   291  17.037   1.535         
 0138   291  16.903   1.644         
 0139   291  16.964   0.960         
 0140   291  14.301   0.547         
 0141   291  18.345   1.295         
 0142   291  18.524   0.957         
 0143   291  17.888   1.035         
 0144   291  16.771   1.382         
 0145   291  17.253   1.553         
 0146   291  15.685   0.795         
 0147   291  18.704  -0.871         
 0148   291  18.022   1.041         
 0149   291  18.032   1.040         
 0150   291  18.120   1.205         
 0151   291  17.724   1.669         
 0152   291  18.594   0.895         
 0153   291  17.971   1.359         
 0154   291  18.611   1.117         
 0155   291  18.855   1.264         
 0156   291  18.638   1.014         
 0157   291  18.710   0.944         
 0158   291  18.347   0.960         
 0159   291  18.045   1.092         
 0160   291  18.272   0.990         
 0161   291  18.614   1.160         
 0162   291  17.708   1.185         
 0163   291  18.886   1.477