UBV CCD observations

  No    Ref    V       B-V     U-B

 0001   485  10.100   0.900   0.930
 0002   485  11.430   0.060   0.320
 0003   485  11.720   0.230   0.160
 0004   485  11.560   0.390   0.200
 0005   485  11.900   1.100   1.070
 0006   485  12.420   0.280   0.130
 0007   485  12.620   0.160   0.010
 0008   485  12.730   1.320   1.320
 0009   485  12.790   0.710   0.220
 0010   485  12.900   1.000   0.750
 0011   485  12.910   0.700   0.340
 0012   485  13.000   1.050   0.760
 0013   485  13.020   0.460   0.070
 0014   485  13.070   0.560   0.110
 0015   485  13.250   0.520   0.080
 0016   485  13.280   1.070   0.860
 0017   485  13.500   0.380   0.220
 0018   485  13.550   0.500   0.050
 0019   485  13.640   1.350   1.790
 0020   485  13.660   0.290   0.170
 0021   485  13.700   1.150   1.230
 0022   485  13.740   0.290   0.150
 0023   485  13.740   0.940   0.740
 0024   485  13.800   0.690   0.260
 0025   485  13.860   0.260   0.090
 0026   485  13.860   0.560   0.090
 0027   485  13.900   1.020   0.860
 0028   485  13.930   0.300   0.120
 0029   485  13.930   0.230   0.090
 0030   485  13.940   0.280   0.110
 0031   485  13.960   1.020   0.890
 0032   485  14.000   0.520   0.140
 0033   485  14.110   0.460   0.170
 0034   485  14.170   0.300   0.180
 0035   485  14.180   0.280   0.110
 0036   485  14.190   0.800   0.530
 0037   485  14.240   0.280   0.180
 0038   485  14.240   0.680   0.260
 0039   485  14.240   1.340   1.480
 0040   485  14.260   0.260   0.160
 0041   485  14.300   0.400   0.210
 0042   485  14.300   0.260   0.090
 0043   485  14.390   0.320   0.180
 0044   485  14.420   0.400   0.340
 0045   485  14.430   1.060   0.990
 0046   485  14.460   0.270   0.170
 0047   485  14.490   0.930   0.720
 0048   485  14.500   0.500   0.110
 0049   485  14.500   0.400   0.350
 0050   485  14.530   0.550   0.210
 0051   485  14.530   0.380   0.180
 0052   485  14.540   0.310   0.240
 0053   485  14.540   0.680   0.270
 0054   485  14.570   0.380   0.290
 0055   485  14.590   0.240   0.150
 0056   485  14.600   1.060   0.840
 0057   485  14.640   0.280   0.200
 0058   485  14.680   0.340   0.240
 0059   485  14.680   0.450   0.260
 0060   485  14.680   0.330   0.200
 0061   485  14.740   0.330   0.260
 0062   485  14.740   0.670   0.310
 0063   485  14.750   1.100   0.720
 0064   485  14.750   0.280   0.250
 0065   485  14.760   0.310   0.300
 0066   485  14.770   0.370   0.250
 0067   485  14.770   0.330  -0.210
 0068   485  14.770   0.310   0.260
 0069   485  14.780   0.590   0.120
 0070   485  14.790   0.350   0.240
 0071   485  14.810   0.610   0.100
 0072   485  14.870   0.590   0.160
 0073   485  14.890   1.290   1.120
 0074   485  14.900   0.310   0.220
 0075   485  14.910   0.710   0.330
 0076   485  14.930   0.420   0.310
 0077   485  14.950   1.660   1.670
 0078   485  14.970   0.430   0.310
 0079   485  15.000   0.960   0.610
 0080   485  15.020   0.790   0.380
 0081   485  15.050   0.300  -0.150
 0082   485  15.070   0.280   0.220
 0083   485  15.080   0.330   0.060
 0084   485  15.090   1.070   0.890
 0085   485  15.100   0.360   0.270
 0086   485  15.110   1.110   0.930
 0087   485  15.110   0.360   0.290
 0088   485  15.120   0.360   0.270
 0089   485  15.130   0.690   0.220
 0090   485  15.130   0.480   0.370
 0091   485  15.150   0.510   0.300
 0092   485  15.180   0.330  -0.090
 0093   485  15.180   0.680   0.310
 0094   485  15.190   0.570   0.110
 0095   485  15.200   0.360   0.260
 0096   485  15.210   0.240  -0.070
 0097   485  15.210   0.380   0.320
 0098   485  15.210   0.660   0.210
 0099   485  15.220   0.320  -0.140
 0100   485  15.230   0.730   0.160
 0101   485  15.240   0.520   0.160
 0102   485  15.270   0.480   0.410
 0103   485  15.270   0.550   0.230
 0104   485  15.280   0.430   0.360
 0105   485  15.290   0.390   0.240
 0106   485  15.300   0.530   0.210
 0107   485  15.340   0.490   0.150
 0108   485  15.340   0.780   0.400
 0109   485  15.410   0.530   0.130
 0110   485  15.430   0.700   0.180
 0111   485  15.440   0.630   0.160
 0112   485  15.450   0.510   0.420
 0113   485  15.460   0.430   0.310
 0114   485  15.460   0.980   0.810
 0115   485  15.460   0.650   0.120
 0116   485  15.470   0.880   0.510
 0117   485  15.480   0.650   0.180
 0118   485  15.480   0.400   0.280
 0119   485  15.490   0.420   0.350
 0120   485  15.490   0.570   0.350
 0121   485  15.510   0.360   0.300
 0122   485  15.520   1.150   0.860
 0123   485  15.540   0.560   0.400
 0124   485  15.540   0.400   0.320
 0125   485  15.570   0.680   0.310
 0126   485  15.570   0.390   0.320
 0127   485  15.580   1.060   0.830
 0128   485  15.590   0.980   0.590
 0129   485  15.610   1.090   1.070
 0130   485  15.630   0.630   0.160
 0131   485  15.630   0.690   0.170
 0132   485  15.640   1.060   0.770
 0133   485  15.650   0.380  -0.040
 0134   485  15.650   0.800   0.460
 0135   485  15.660   0.580   0.300
 0136   485  15.670   0.440   0.350
 0137   485  15.690   1.010   0.910
 0138   485  15.690   0.550   0.240
 0139   485  15.690   0.690   0.260
 0140   485  15.720   0.470   0.310
 0141   485  15.750   0.610   0.380
 0142   485  15.750   0.740   0.330
 0143   485  15.750   0.300   0.060
 0144   485  15.770   0.490   0.350
 0145   485  15.790   0.470   0.330
 0146   485  15.790   0.470   0.350
 0147   485  15.800   0.820   0.450
 0148   485  15.810   0.540   0.420
 0149   485  15.820   0.820   0.520
 0150   485  15.820   0.460   0.310
 0151   485  15.830   0.420   0.310
 0152   485  15.840   0.660   0.260
 0153   485  15.850   0.480   0.340
 0154   485  15.860   0.550   0.120
 0155   485  15.910   0.740   0.360
 0156   485  15.910   0.800   0.400
 0157   485  15.920   0.720   0.230
 0158   485  15.920   0.400   0.340
 0159   485  15.920   0.370   0.230
 0160   485  15.940   0.470   0.400
 0161   485  15.950   0.470   0.340
 0162   485  15.950   1.130   1.230
 0163   485  15.970   0.410  -0.190
 0164   485  15.970   0.500   0.290
 0165   485  15.970   0.480   0.320
 0166   485  15.970   0.420   0.350
 0167   485  15.980   0.520   0.300
 0168   485  15.980   1.480   1.740
 0169   485  15.980   0.430   0.360
 0170   485  15.980   0.670   0.430
 0171   485  15.990   0.530   0.350
 0172   485  15.990   0.660   0.280
 0173   485  16.030   0.470   0.330
 0174   485  16.040   0.500   0.360
 0175   485  16.060   0.460   0.390
 0176   485  16.060   0.630   0.210
 0177   485  16.060   1.140   0.950
 0178   485  16.090   1.120   0.520
 0179   485  16.100   0.640   0.180
 0180   485  16.100   1.310   1.250
 0181   485  16.110   0.510   0.330
 0182   485  16.120   1.640         
 0183   485  16.130   0.650   0.410
 0184   485  16.130   0.860   0.530
 0185   485  16.140   0.600   0.080
 0186   485  16.140   0.520   0.270
 0187   485  16.160   1.380   1.200
 0188   485  16.160   0.680   0.210
 0189   485  16.170   0.410   0.320
 0190   485  16.170   0.680   0.200
 0191   485  16.180   0.530   0.290
 0192   485  16.180   0.690   0.180
 0193   485  16.180   0.780   0.280
 0194   485  16.190   0.600   0.150
 0195   485  16.190   0.710   0.240
 0196   485  16.190   0.630   0.230
 0197   485  16.190   0.540   0.280
 0198   485  16.200   1.010   1.070
 0199   485  16.210   0.530   0.280
 0200   485  16.210   1.340   1.240
 0201   485  16.220   0.660   0.150
 0202   485  16.220   1.340   1.040
 0203   485  16.220   0.760   0.340
 0204   485  16.230   0.840   0.580
 0205   485  16.240   0.530   0.300
 0206   485  16.240   0.510   0.240
 0207   485  16.250   0.690   0.240
 0208   485  16.250   0.370         
 0209   485  16.310   1.250   0.990
 0210   485  16.310   0.930   0.590
 0211   485  16.330   1.350   1.350
 0212   485  16.340   0.620   0.250
 0213   485  16.340   0.580   0.290
 0214   485  16.350   0.770   0.330
 0215   485  16.370   0.640   0.270
 0216   485  16.380   1.030   0.630
 0217   485  16.380   0.670   0.200
 0218   485  16.390   0.690   0.220
 0219   485  16.390   0.720   0.290
 0220   485  16.400   0.800   0.310
 0221   485  16.410   0.550   0.210
 0222   485  16.410   0.680   0.170
 0223   485  16.420   0.770   0.420
 0224   485  16.420   1.120   1.140
 0225   485  16.420   0.690   0.190
 0226   485  16.440   0.690         
 0227   485  16.440   0.580   0.350
 0228   485  16.440   0.760   0.320
 0229   485  16.440   1.390         
 0230   485  16.450   1.250   1.040
 0231   485  16.460   0.570   0.260
 0232   485  16.470   0.720   0.260
 0233   485  16.480   0.580   0.440
 0234   485  16.480   0.690   0.190
 0235   485  16.490   0.640   0.520
 0236   485  16.490   0.750   0.240
 0237   485  16.500   0.720   0.190
 0238   485  16.500   0.610  -0.230
 0239   485  16.500   0.560   0.660
 0240   485  16.500   0.490   0.240
 0241   485  16.510   0.560   0.150
 0242   485  16.510   0.690   0.110
 0243   485  16.530   1.100         
 0244   485  16.530   0.590   0.370
 0245   485  16.550   0.770   0.380
 0246   485  16.560   0.590   0.140
 0247   485  16.570   0.760   0.450
 0248   485  16.570   1.230   1.140
 0249   485  16.570   0.780   0.300
 0250   485  16.580   0.880   0.440
 0251   485  16.580   0.580   0.430
 0252   485  16.600   0.600   0.140
 0253   485  16.600   0.970   0.610
 0254   485  16.600   1.300   0.920
 0255   485  16.600   0.870   0.570
 0256   485  16.600   1.080   0.860
 0257   485  16.610   0.460   0.270
 0258   485  16.640   0.630   0.150
 0259   485  16.640   0.730   0.240
 0260   485  16.640   0.650   0.110
 0261   485  16.660   0.530   0.450
 0262   485  16.660   0.720   0.180
 0263   485  16.660   0.590   0.180
 0264   485  16.690   0.630   0.310
 0265   485  16.700   1.430         
 0266   485  16.700   0.950   0.730
 0267   485  16.710   0.610   0.180
 0268   485  16.720   0.750   0.410
 0269   485  16.720   0.850   0.370
 0270   485  16.720   0.510   0.470
 0271   485  16.740   0.450   0.140
 0272   485  16.750   1.280         
 0273   485  16.750   0.940   0.550
 0274   485  16.750   0.710   0.230
 0275   485  16.770   0.640   0.170
 0276   485  16.770   0.750         
 0277   485  16.790   1.440   1.900
 0278   485  16.790   0.730         
 0279   485  16.820   0.760   0.380
 0280   485  16.820   0.640   0.020
 0281   485  16.820   0.580   0.280
 0282   485  16.840   1.320         
 0283   485  16.850   0.660   0.230
 0284   485  16.850   0.660   0.120
 0285   485  16.860   1.090         
 0286   485  16.860   0.790   0.280
 0287   485  16.870   0.640   0.230
 0288   485  16.870   0.700   0.240
 0289   485  16.880   0.650   0.170
 0290   485  16.890   0.860   0.530
 0291   485  16.890   0.960   1.510
 0292   485  16.890   0.730   0.180
 0293   485  16.900   1.090   0.830
 0294   485  16.900   0.680         
 0295   485  16.900   0.680   0.350
 0296   485  16.910   0.520   0.550
 0297   485  16.910   0.780   0.280
 0298   485  16.910   0.690         
 0299   485  16.910   1.170   1.450
 0300   485  16.920   0.820   0.290
 0301   485  16.930   0.670   0.240
 0302   485  16.930   1.460   1.220
 0303   485  16.940   0.640   0.220
 0304   485  16.940   0.720   0.260
 0305   485  16.940   0.650   0.210
 0306   485  16.940   0.680   0.220
 0307   485  16.950   1.230   1.080
 0308   485  16.950   0.650   0.110
 0309   485  16.960   0.680   0.200
 0310   485  16.960   0.720   0.300
 0311   485  16.960   0.710   0.240
 0312   485  16.960   0.720   0.230
 0313   485  16.960   0.640   0.330
 0314   485  16.970   0.680   0.340
 0315   485  16.980   0.670   0.110
 0316   485  16.990   0.580   0.360
 0317   485  16.990   0.540   0.320
 0318   485  17.000   0.700   0.110
 0319   485  17.010   0.660  -0.060
 0320   485  17.010   0.730   0.200
 0321   485  17.010   0.810   0.440
 0322   485  17.020   1.280         
 0323   485  17.020   0.920   0.630
 0324   485  17.020   0.640   0.430
 0325   485  17.020   0.910         
 0326   485  17.030   0.840   0.460
 0327   485  17.030   0.820   0.400
 0328   485  17.030   0.490   0.370
 0329   485  17.030   0.580   0.320
 0330   485  17.030   0.460   0.320
 0331   485  17.030   1.310   1.380
 0332   485  17.030   0.770   0.310
 0333   485  17.050   0.650   0.230
 0334   485  17.050   0.830         
 0335   485  17.060   0.660   0.150
 0336   485  17.060   0.690   0.250
 0337   485  17.070   0.640   0.250
 0338   485  17.090   1.380   1.370
 0339   485  17.090   0.760   0.300
 0340   485  17.090   0.870   0.500
 0341   485  17.090   1.350   0.810
 0342   485  17.090   0.630         
 0343   485  17.110   0.760   0.180
 0344   485  17.110   0.740   0.170
 0345   485  17.110   0.910   0.570
 0346   485  17.110   0.780         
 0347   485  17.120   0.690   0.260
 0348   485  17.120   1.470   0.270
 0349   485  17.130   0.780   0.190
 0350   485  17.130   1.050   1.230
 0351   485  17.130   1.140         
 0352   485  17.140   0.930   0.650
 0353   485  17.150   0.740   0.200
 0354   485  17.150   0.520   0.480
 0355   485  17.150   0.700   0.290
 0356   485  17.160   0.850   0.310
 0357   485  17.160   0.560         
 0358   485  17.170   0.690   0.210
 0359   485  17.170   0.690   0.130
 0360   485  17.170   1.190         
 0361   485  17.180   0.750   0.220
 0362   485  17.190   0.690   0.250
 0363   485  17.190   0.770   0.180
 0364   485  17.190   1.000   1.030
 0365   485  17.200   0.800   0.270
 0366   485  17.200   0.870   0.570
 0367   485  17.210   0.630   0.510
 0368   485  17.210   0.620   0.190
 0369   485  17.210   0.710   0.210
 0370   485  17.210   1.040   0.970
 0371   485  17.220   0.670   0.290
 0372   485  17.230   0.760   0.300
 0373   485  17.230   0.830   0.710
 0374   485  17.230   0.680   0.140
 0375   485  17.230   0.670   0.210
 0376   485  17.240   1.060   0.770
 0377   485  17.250   0.660         
 0378   485  17.260   0.640         
 0379   485  17.270   0.780   0.040
 0380   485  17.280   1.070   1.090
 0381   485  17.290   0.750   0.350
 0382   485  17.290   0.870   0.400
 0383   485  17.290   0.870   0.490
 0384   485  17.290   0.990   0.790
 0385   485  17.290   0.890   0.390
 0386   485  17.300   1.310   1.330
 0387   485  17.310   0.830         
 0388   485  17.320   0.750   0.310
 0389   485  17.330   0.870   0.400
 0390   485  17.330   0.850   0.140
 0391   485  17.330   0.660   0.280
 0392   485  17.340   0.770   0.260
 0393   485  17.340   0.870   0.290
 0394   485  17.350   0.720         
 0395   485  17.360   0.650   0.300
 0396   485  17.360   0.880         
 0397   485  17.370   0.740   0.210
 0398   485  17.370   0.870   0.400
 0399   485  17.370   0.840   0.300
 0400   485  17.370   1.040   0.660
 0401   485  17.390   1.420         
 0402   485  17.390   0.800         
 0403   485  17.400   0.620   0.230
 0404   485  17.410   0.670   0.330
 0405   485  17.410   0.730   0.130
 0406   485  17.410   0.710         
 0407   485  17.410   0.700   0.170
 0408   485  17.420   0.780   0.220
 0409   485  17.420   0.760   0.440
 0410   485  17.440   0.690   0.110
 0411   485  17.450   0.700   0.210
 0412   485  17.450   1.400         
 0413   485  17.450   0.750   0.090
 0414   485  17.450   0.830   0.450
 0415   485  17.460   0.760   0.290
 0416   485  17.460   0.700   0.140
 0417   485  17.460   0.680   0.150
 0418   485  17.470   0.700   0.200
 0419   485  17.480   0.770   0.250
 0420   485  17.490   0.730   0.380
 0421   485  17.490   0.920         
 0422   485  17.500   0.890         
 0423   485  17.510   0.750   0.250
 0424   485  17.510   0.820         
 0425   485  17.510   0.820   0.100
 0426   485  17.510   0.700   0.320
 0427   485  17.520   0.540   0.480
 0428   485  17.520   0.620   0.390
 0429   485  17.520   0.720         
 0430   485  17.520   0.880         
 0431   485  17.520   0.800   0.230
 0432   485  17.540   0.790   0.260
 0433   485  17.550   0.790   0.350
 0434   485  17.550   1.510   1.600
 0435   485  17.550   0.720   0.190
 0436   485  17.550   0.870   0.410
 0437   485  17.550   0.720   0.330
 0438   485  17.560   1.520   1.830
 0439   485  17.560   0.760   0.280
 0440   485  17.570   0.820   0.540
 0441   485  17.570   0.720         
 0442   485  17.580   1.510         
 0443   485  17.580   0.950         
 0444   485  17.590   0.720   0.240
 0445   485  17.590   0.870   0.010
 0446   485  17.590   0.760   0.330
 0447   485  17.600   0.680   0.280
 0448   485  17.600   1.510         
 0449   485  17.610   0.670   0.180
 0450   485  17.620   0.520   1.250
 0451   485  17.620   0.870   0.960
 0452   485  17.620   0.640   0.340
 0453   485  17.620   0.930  -0.630
 0454   485  17.630   0.640   0.160
 0455   485  17.630   0.720   0.290
 0456   485  17.630   0.820         
 0457   485  17.640   0.740         
 0458   485  17.650   0.990   0.510
 0459   485  17.650   0.730   0.330
 0460   485  17.650   0.840   0.390
 0461   485  17.660   0.680   0.370
 0462   485  17.660   0.760   0.270
 0463   485  17.670   0.910   0.340
 0464   485  17.680   0.870         
 0465   485  17.680   0.750   0.580
 0466   485  17.680   0.790         
 0467   485  17.680   0.840   0.420
 0468   485  17.680   0.700   0.290
 0469   485  17.680   0.850   0.570
 0470   485  17.680   0.730   0.230
 0471   485  17.690   1.030   0.420
 0472   485  17.690   0.720         
 0473   485  17.700   0.650         
 0474   485  17.720   0.600   0.350
 0475   485  17.730   0.760   0.320
 0476   485  17.730   1.460   1.100
 0477   485  17.740   0.810   0.430
 0478   485  17.750   0.840   0.340
 0479   485  17.760   0.910   0.280
 0480   485  17.760   0.770   0.540
 0481   485  17.770   0.750   0.270
 0482   485  17.770   0.660   0.200
 0483   485  17.780   0.640   0.350
 0484   485  17.790   0.810   0.290
 0485   485  17.800   0.750   0.210
 0486   485  17.800   0.790         
 0487   485  17.800   1.320         
 0488   485  17.800   0.730   0.270
 0489   485  17.810   0.800         
 0490   485  17.810   0.760   0.510
 0491   485  17.820   0.870   0.460
 0492   485  17.820   0.740   0.160
 0493   485  17.820   1.320         
 0494   485  17.820   0.790         
 0495   485  17.830   1.340         
 0496   485  17.840   0.800   0.440
 0497   485  17.850   0.980   0.770
 0498   485  17.850   1.200   1.280
 0499   485  17.850   0.780   0.480
 0500   485  17.860   1.010   0.670
 0501   485  17.880   0.750   0.290
 0502   485  17.880   1.020   0.720
 0503   485  17.890   0.970         
 0504   485  17.890   0.700         
 0505   485  17.900   0.610   0.270
 0506   485  17.900   0.770   0.370
 0507   485  17.910   0.870   0.440
 0508   485  17.910   0.870   0.380
 0509   485  17.910   0.860   0.430
 0510   485  17.920   0.730   0.180
 0511   485  17.920   0.700   0.180
 0512   485  17.930   0.830   0.670
 0513   485  17.930   0.790   0.260
 0514   485  17.940   0.720   0.330
 0515   485  17.950   0.820   0.440
 0516   485  17.950   0.700   0.350
 0517   485  17.950   1.260   1.260
 0518   485  17.960   0.750         
 0519   485  17.970   0.790   0.270
 0520   485  17.970   0.520   0.600
 0521   485  17.980   0.780   0.410
 0522   485  17.980   1.570         
 0523   485  17.980   0.950   0.840
 0524   485  17.990   0.650   0.420
 0525   485  17.990   0.790   0.260
 0526   485  17.990   0.870  -0.020
 0527   485  18.000   0.800   0.230
 0528   485  18.010   0.780   0.370
 0529   485  18.020   1.070         
 0530   485  18.020   0.670         
 0531   485  18.020   0.770   0.240
 0532   485  18.030   0.650   0.120
 0533   485  18.030   1.630         
 0534   485  18.030   0.810         
 0535   485  18.030   0.970   0.110
 0536   485  18.030   1.300         
 0537   485  18.040   0.860   0.450
 0538   485  18.050   1.240         
 0539   485  18.060   0.950   0.510
 0540   485  18.060   1.050   0.480
 0541   485  18.060   0.970   1.250
 0542   485  18.060   0.830   0.300
 0543   485  18.070   0.960         
 0544   485  18.070   0.810   0.520
 0545   485  18.070   0.790   0.240
 0546   485  18.070   1.330   1.580
 0547   485  18.080   1.460         
 0548   485  18.090   0.780   0.300
 0549   485  18.090   0.840   0.220
 0550   485  18.100   0.800   0.400
 0551   485  18.100   1.120   1.080
 0552   485  18.120   0.740   0.490
 0553   485  18.120   0.940         
 0554   485  18.130   0.780   0.090
 0555   485  18.130   0.840   0.540
 0556   485  18.140   0.830   0.340
 0557   485  18.140   1.290         
 0558   485  18.150   0.960   0.500
 0559   485  18.160   0.670   0.310
 0560   485  18.160   0.840   0.080
 0561   485  18.160   1.060         
 0562   485  18.180   0.630   0.100
 0563   485  18.190   0.840         
 0564   485  18.190   0.670   0.140
 0565   485  18.200   1.350         
 0566   485  18.210   0.860  -0.060
 0567   485  18.210   0.980         
 0568   485  18.220   0.880   0.410
 0569   485  18.220   0.810         
 0570   485  18.220   0.840         
 0571   485  18.220   1.090   1.140
 0572   485  18.240   1.590         
 0573   485  18.240   1.060         
 0574   485  18.250   0.810   0.270
 0575   485  18.250   0.850   0.120
 0576   485  18.260   0.600   0.330
 0577   485  18.260   0.910   0.540
 0578   485  18.270   0.770   0.940
 0579   485  18.300   0.850   0.540
 0580   485  18.300   0.720         
 0581   485  18.300   0.990   0.750
 0582   485  18.310   1.080         
 0583   485  18.310   1.210   0.470
 0584   485  18.320   1.010         
 0585   485  18.330   0.990         
 0586   485  18.330   0.890   0.310
 0587   485  18.330   0.970         
 0588   485  18.330   0.900         
 0589   485  18.340   0.940         
 0590   485  18.340   0.850  -0.130
 0591   485  18.340   0.760   1.450
 0592   485  18.350   1.110   0.870
 0593   485  18.350   0.800         
 0594   485  18.350   0.880   0.440
 0595   485  18.360   0.720         
 0596   485  18.360   0.820   0.220
 0597   485  18.360   1.350         
 0598   485  18.360   0.910         
 0599   485  18.360   0.830         
 0600   485  18.370   0.830         
 0601   485  18.370   0.910   0.670
 0602   485  18.370   0.780   0.380
 0603   485  18.370   0.780   0.680
 0604   485  18.370   0.920   0.390
 0605   485  18.380   0.920   0.830
 0606   485  18.380   1.110         
 0607   485  18.390   0.850   0.300
 0608   485  18.390   0.930         
 0609   485  18.400   0.930   0.350
 0610   485  18.400   0.850   0.270
 0611   485  18.400   0.890         
 0612   485  18.400   0.680   0.150
 0613   485  18.410   0.720   0.390
 0614   485  18.410   0.880   0.360
 0615   485  18.410   0.710         
 0616   485  18.410   0.760         
 0617   485  18.420   0.940   0.420
 0618   485  18.420   0.780   0.220
 0619   485  18.420   0.650         
 0620   485  18.420   0.880  -0.140
 0621   485  18.430   0.870         
 0622   485  18.430   1.060   1.570
 0623   485  18.430   1.020         
 0624   485  18.440   0.870   0.540
 0625   485  18.450   0.890         
 0626   485  18.460   0.760         
 0627   485  18.460   0.870         
 0628   485  18.460   0.810   0.030
 0629   485  18.460   0.930         
 0630   485  18.470   0.910   0.010
 0631   485  18.490   0.790   0.050
 0632   485  18.490   0.470   0.870
 0633   485  18.490   0.730         
 0634   485  18.500   0.890         
 0635   485  18.500   0.830   0.770
 0636   485  18.530   0.980         
 0637   485  18.530   1.330         
 0638   485  18.530   0.700   0.260
 0639   485  18.530   0.850         
 0640   485  18.530   0.790   0.070
 0641   485  18.540   0.890   0.400
 0642   485  18.540   0.880   0.280
 0643   485  18.550   0.820   0.420
 0644   485  18.550   0.890   0.620
 0645   485  18.560   0.800   0.210
 0646   485  18.560   1.040         
 0647   485  18.560   0.820   0.260
 0648   485  18.570   0.890  -0.030
 0649   485  18.570   1.210         
 0650   485  18.570   0.880   0.570
 0651   485  18.570   1.000   0.360
 0652   485  18.570   1.010         
 0653   485  18.580   0.880   0.270
 0654   485  18.590   1.220   0.980
 0655   485  18.590   0.880   0.090
 0656   485  18.590   0.880         
 0657   485  18.600   0.730   0.060
 0658   485  18.600   0.870   1.190
 0659   485  18.610   0.970   0.800
 0660   485  18.610   1.030         
 0661   485  18.610   0.850         
 0662   485  18.610   1.050         
 0663   485  18.610   1.060   0.060
 0664   485  18.620   0.980         
 0665   485  18.620   0.790         
 0666   485  18.620   0.790         
 0667   485  18.620   0.660   0.200
 0668   485  18.620   0.850         
 0669   485  18.630   0.940         
 0670   485  18.630   0.860         
 0671   485  18.630   0.840  -0.090
 0672   485  18.640   0.770         
 0673   485  18.640   0.960         
 0674   485  18.650   0.850   0.400
 0675   485  18.650   0.750   0.330
 0676   485  18.660   1.330         
 0677   485  18.660   0.920         
 0678   485  18.670   1.360         
 0679   485  18.670   0.920   0.310
 0680   485  18.670   1.290         
 0681   485  18.670   0.780         
 0682   485  18.680   0.790         
 0683   485  18.680   0.950         
 0684   485  18.690   0.880         
 0685   485  18.700   1.040   0.910
 0686   485  18.700   1.080   0.440
 0687   485  18.700   0.850         
 0688   485  18.710   0.770   0.280
 0689   485  18.710   0.830   0.220
 0690   485  18.710   1.010         
 0691   485  18.720   0.900   0.910
 0692   485  18.720   0.900   0.400
 0693   485  18.730   0.820   0.560
 0694   485  18.730   0.950   0.770
 0695   485  18.730   0.850   0.220
 0696   485  18.730   0.870   0.440
 0697   485  18.740   1.120         
 0698   485  18.740   1.040         
 0699   485  18.740   1.100   1.010
 0700   485  18.750   1.090         
 0701   485  18.750   0.840         
 0702   485  18.750   0.940         
 0703   485  18.760   0.880   0.640
 0704   485  18.770   0.740         
 0705   485  18.770   0.860   0.150
 0706   485  18.770   0.940   0.630
 0707   485  18.770   0.780   0.330
 0708   485  18.780   0.960   0.270
 0709   485  18.790   0.940   0.430
 0710   485  18.800   1.090         
 0711   485  18.800   0.780         
 0712   485  18.800   0.910   1.770
 0713   485  18.810   1.320         
 0714   485  18.820   1.120   1.240
 0715   485  18.820   0.960         
 0716   485  18.830   0.960         
 0717   485  18.830   0.950         
 0718   485  18.830   1.530         
 0719   485  18.830   0.900   0.330
 0720   485  18.840   0.810  -0.060
 0721   485  18.840   1.100   1.340
 0722   485  18.840   0.870   0.110
 0723   485  18.850   0.850         
 0724   485  18.850   0.960         
 0725   485  18.850   1.080         
 0726   485  18.850   0.780         
 0727   485  18.860   0.940   0.260
 0728   485  18.870   0.920  -0.170
 0729   485  18.870   0.940         
 0730   485  18.870   0.970   0.560
 0731   485  18.880   0.770   0.050
 0732   485  18.890   0.960         
 0733   485  18.890   0.870         
 0734   485  18.890   0.930         
 0735   485  18.900   0.980         
 0736   485  18.900   0.870         
 0737   485  18.900   0.990         
 0738   485  18.910   0.880   0.900
 0739   485  18.910   0.830         
 0740   485  18.910   1.060   1.330
 0741   485  18.920   1.110         
 0742   485  18.920   1.080         
 0743   485  18.920   1.430         
 0744   485  18.930   0.640         
 0745   485  18.930   1.270         
 0746   485  18.940   1.500         
 0747   485  18.940   1.010         
 0748   485  18.940   0.790         
 0749   485  18.950   0.800   0.020
 0750   485  18.950   1.300         
 0751   485  18.960   0.950         
 0752   485  18.960   0.850         
 0753   485  18.960   1.030   1.000
 0754   485  18.970   1.230         
 0755   485  18.970   1.130         
 0756   485  18.980   0.730         
 0757   485  18.980   0.790   0.270
 0758   485  18.980   0.940         
 0759   485  18.990   1.210         
 0760   485  18.990   0.830         
 0761   485  18.990   1.060  -0.100
 0762   485  19.000   1.000   0.940
 0763   485  19.000   1.410         
 0764   485  19.010   0.840   0.550
 0765   485  19.020   0.940         
 0766   485  19.020   0.950         
 0767   485  19.020   0.800  -0.060
 0768   485  19.020   0.940   0.030
 0769   485  19.020   0.990         
 0770   485  19.020   1.700         
 0771   485  19.020   0.910         
 0772   485  19.020   0.970         
 0773   485  19.020   0.990         
 0774   485  19.030   0.830         
 0775   485  19.040   0.930   0.270
 0776   485  19.040   1.050         
 0777   485  19.060   0.970         
 0778   485  19.060   0.790   0.420
 0779   485  19.060   1.020         
 0780   485  19.070   1.250         
 0781   485  19.070   1.170         
 0782   485  19.070   1.130         
 0783   485  19.070   0.770   0.600
 0784   485  19.070   1.190         
 0785   485  19.080   1.030         
 0786   485  19.080   0.900         
 0787   485  19.090   0.960  -0.190
 0788   485  19.090   1.010         
 0789   485  19.100   0.820   1.010
 0790   485  19.100   0.900         
 0791   485  19.110   0.930         
 0792   485  19.120   1.230         
 0793   485  19.130   0.900         
 0794   485  19.130   0.940         
 0795   485  19.130   0.920         
 0796   485  19.140   1.520         
 0797   485  19.150   1.030   0.650
 0798   485  19.150   1.040         
 0799   485  19.150   0.790   0.950
 0800   485  19.150   1.020  -0.070
 0801   485  19.150   0.860  -0.210
 0802   485  19.160   1.020         
 0803   485  19.170   1.260         
 0804   485  19.180   0.860   0.020
 0805   485  19.180   1.090         
 0806   485  19.180   1.790         
 0807   485  19.190   1.130         
 0808   485  19.210   1.100         
 0809   485  19.220   0.960         
 0810   485  19.220   0.870         
 0811   485  19.230   1.100         
 0812   485  19.230   1.050         
 0813   485  19.240   1.090         
 0814   485  19.240   0.980         
 0815   485  19.240   0.990   0.530
 0816   485  19.250   0.840         
 0817   485  19.250   1.070   0.300
 0818   485  19.250   1.140         
 0819   485  19.250   1.200         
 0820   485  19.260   0.960   0.680
 0821   485  19.260   1.190         
 0822   485  19.260   1.120   0.620
 0823   485  19.270   1.090   0.330
 0824   485  19.270   1.100         
 0825   485  19.270   0.790         
 0826   485  19.280   0.920         
 0827   485  19.280   1.040         
 0828   485  19.280   0.910         
 0829   485  19.280   0.940   0.380
 0830   485  19.280   1.020         
 0831   485  19.280   1.350         
 0832   485  19.290   1.360         
 0833   485  19.290   1.140   0.290
 0834   485  19.290   1.110  -0.610
 0835   485  19.300   0.870   1.280
 0836   485  19.300   1.110   0.880
 0837   485  19.300   1.100         
 0838   485  19.300   1.010         
 0839   485  19.300   1.130         
 0840   485  19.310   0.840   0.110
 0841   485  19.310   0.990         
 0842   485  19.310   0.750         
 0843   485  19.320   0.870         
 0844   485  19.330   1.150         
 0845   485  19.330   0.930         
 0846   485  19.340   0.870  -0.150
 0847   485  19.340   1.040         
 0848   485  19.350   1.060         
 0849   485  19.350   0.790         
 0850   485  19.350   0.890         
 0851   485  19.370   1.240  -0.300
 0852   485  19.370   1.490   0.750
 0853   485  19.370   1.570         
 0854   485  19.380   0.850         
 0855   485  19.380   1.090         
 0856   485  19.380   1.190         
 0857   485  19.400   1.040         
 0858   485  19.400   0.870         
 0859   485  19.400   1.380         
 0860   485  19.400   1.020         
 0861   485  19.410   0.970         
 0862   485  19.410   1.070   0.480
 0863   485  19.410   1.130         
 0864   485  19.410   0.850         
 0865   485  19.410   0.980         
 0866   485  19.420   0.870   0.630
 0867   485  19.420   1.190         
 0868   485  19.420   1.010         
 0869   485  19.430   0.750         
 0870   485  19.430   0.900         
 0871   485  19.430   1.050         
 0872   485  19.430   1.030         
 0873   485  19.440   1.310   0.300
 0874   485  19.440   1.110         
 0875   485  19.450   1.070         
 0876   485  19.450   0.990         
 0877   485  19.450   1.420  -0.250
 0878   485  19.460   1.160         
 0879   485  19.480   0.880         
 0880   485  19.480   1.200         
 0881   485  19.480   1.560         
 0882   485  19.480   1.130   0.070
 0883   485  19.490   1.230         
 0884   485  19.490   0.900  -0.460
 0885   485  19.490   0.860         
 0886   485  19.490   0.820         
 0887   485  19.500   1.220  -0.100
 0888   485  19.500   1.000  -0.340
 0889   485  19.520   0.820   0.140
 0890   485  19.520   0.900         
 0891   485  19.520   0.890         
 0892   485  19.530   0.960         
 0893   485  19.530   1.010         
 0894   485  19.530   0.950         
 0895   485  19.540   0.960         
 0896   485  19.540   0.970   0.770
 0897   485  19.540   0.940         
 0898   485  19.540   0.990         
 0899   485  19.550   1.160         
 0900   485  19.550   0.960  -0.170
 0901   485  19.550   1.120         
 0902   485  19.560   0.990         
 0903   485  19.560   0.890         
 0904   485  19.570   1.330         
 0905   485  19.570   0.950   0.580
 0906   485  19.570   0.970         
 0907   485  19.580   1.150         
 0908   485  19.580   0.850         
 0909   485  19.580   1.070   1.580
 0910   485  19.590   0.960         
 0911   485  19.590   1.170         
 0912   485  19.600   1.450         
 0913   485  19.600   0.980         
 0914   485  19.600   1.100   0.190
 0915   485  19.610   1.000         
 0916   485  19.620   1.440         
 0917   485  19.620   1.050         
 0918   485  19.620   0.760         
 0919   485  19.630   1.050         
 0920   485  19.630   0.900  -0.130
 0921   485  19.640   0.820         
 0922   485  19.650   1.200         
 0923   485  19.650   1.050  -0.450
 0924   485  19.650   1.210   0.720
 0925   485  19.650   1.030   1.230
 0926   485  19.660   0.970         
 0927   485  19.660   1.120         
 0928   485  19.660   0.930         
 0929   485  19.660   1.110  -0.290
 0930   485  19.670   0.890         
 0931   485  19.670   1.030         
 0932   485  19.670   0.980         
 0933   485  19.680   1.180         
 0934   485  19.690   1.310   0.370
 0935   485  19.690   1.110         
 0936   485  19.690   0.950         
 0937   485  19.710   1.060         
 0938   485  19.720   0.980         
 0939   485  19.720   1.110         
 0940   485  19.720   1.130         
 0941   485  19.720   1.440         
 0942   485  19.720   0.920         
 0943   485  19.730   0.910         
 0944   485  19.730   1.550         
 0945   485  19.740   0.960         
 0946   485  19.740   1.220         
 0947   485  19.740   1.190         
 0948   485  19.750   1.010         
 0949   485  19.750   1.480         
 0950   485  19.750   1.040         
 0951   485  19.760   1.160         
 0952   485  19.770   1.570         
 0953   485  19.780   0.820         
 0954   485  19.780   1.220         
 0955   485  19.780   0.890         
 0956   485  19.780   1.050   0.830
 0957   485  19.790   1.580         
 0958   485  19.790   1.110   0.440
 0959   485  19.790   0.830         
 0960   485  19.800   1.200         
 0961   485  19.810   1.020         
 0962   485  19.810   0.900         
 0963   485  19.810   1.050         
 0964   485  19.810   0.890         
 0965   485  19.820   0.690         
 0966   485  19.830   1.030         
 0967   485  19.830   0.760         
 0968   485  19.830   1.480         
 0969   485  19.840   0.740   0.440
 0970   485  19.840   1.170         
 0971   485  19.850   1.420  -0.460
 0972   485  19.850   1.030         
 0973   485  19.850   1.280   0.420
 0974   485  19.860   1.090         
 0975   485  19.860   0.770         
 0976   485  19.860   1.040         
 0977   485  19.860   1.030   1.360
 0978   485  19.860   1.210         
 0979   485  19.870   0.690         
 0980   485  19.870   1.120         
 0981   485  19.870   1.060   0.770
 0982   485  19.880   1.030         
 0983   485  19.880   1.020         
 0984   485  19.890   1.340         
 0985   485  19.890   1.020         
 0986   485  19.890   0.910         
 0987   485  19.890   1.150         
 0988   485  19.890   0.940         
 0989   485  19.900   1.360         
 0990   485  19.900   0.700   0.230
 0991   485  19.910   1.220         
 0992   485  19.910   0.990         
 0993   485  19.920   1.060         
 0994   485  19.920   1.150   0.840
 0995   485  19.930   1.050         
 0996   485  19.930   0.900         
 0997   485  19.940   1.280         
 0998   485  19.960   0.870         
 0999   485  19.970   1.110         
 1000   485  19.990   0.950         
 1001   485  20.000   1.120         
 1002   485  20.000   0.730         
 1003   485  20.030   1.320         
 1004   485  20.030   1.070         
 1005   485  20.030   1.650         
 1006   485  20.040   0.920         
 1007   485  20.070   1.190         
 1008   485  20.080   1.630         
 1009   485  20.080   1.140         
 1010   485  20.080   1.450         
 1011   485  20.100   1.430         
 1012   485  20.100   0.950         
 1013   485  20.100   0.970         
 1014   485  20.100   1.170         
 1015   485  20.140   1.020  -0.350
 1016   485  20.140   0.950         
 1017   485  20.140   1.050         
 1018   485  20.140   0.900   0.380
 1019   485  20.140   1.460         
 1020   485  20.140   1.420         
 1021   485  20.150   1.060         
 1022   485  20.150   1.080         
 1023   485  20.160   0.970         
 1024   485  20.160   0.910         
 1025   485  20.180   0.740         
 1026   485  20.180   1.070         
 1027   485  20.190   1.500         
 1028   485  20.190   0.820         
 1029   485  20.200   1.480         
 1030   485  20.210   1.130         
 1031   485  20.220   1.500         
 1032   485  20.230   1.160         
 1033   485  20.230   0.930         
 1034   485  20.240   0.870         
 1035   485  20.250   0.990         
 1036   485  20.250   0.830         
 1037   485  20.250   0.800         
 1038   485  20.260   1.170         
 1039   485  20.260   0.960         
 1040   485  20.280   0.990  -0.790
 1041   485  20.290   1.080         
 1042   485  20.290   0.810         
 1043   485  20.300   0.810         
 1044   485  20.300   0.940         
 1045   485  20.310   1.180         
 1046   485  20.310   1.370         
 1047   485  20.320   0.760         
 1048   485  20.320   1.180         
 1049   485  20.330   1.420         
 1050   485  20.340   1.800         
 1051   485  20.340   1.850         
 1052   485  20.350   1.010         
 1053   485  20.360   1.150         
 1054   485  20.360   0.660  -0.110
 1055   485  20.360   0.950         
 1056   485  20.360   1.150         
 1057   485  20.370   1.300         
 1058   485  20.380   1.210         
 1059   485  20.380   0.860         
 1060   485  20.390   1.340         
 1061   485  20.390   1.210         
 1062   485  20.390   1.340         
 1063   485  20.400   0.960         
 1064   485  20.440   0.840         
 1065   485  20.490   0.940         
 1066   485  20.500   1.000         
 1067   485  20.500   1.180         
 1068   485  20.530   0.870         
 1069   485  20.540   1.180         
 1070   485  20.560   1.180         
 1071   485  20.570   1.140         
 1072   485  20.630   0.850         
 1073   485  20.640   1.380         
 1074   485  20.640   1.070         
 1075   485  20.640   1.050         
 1076   485  20.650   0.830         
 1077   485  20.660   0.960         
 1078   485  20.670   1.260         
 1079   485  20.750   0.940         
 1080   485  20.750   0.710         
 1081   485  20.760   1.280         
 1082   485  20.770   0.900         
 1083   485  20.800   1.300         
 1084   485  20.810   1.520         
 1085   485  20.850   1.440         
 1086   485  20.880   1.090         
 1087   485  20.890   0.850         
 1088   485  20.900   1.060         
 1089   485  20.920   1.860         
 1090   485  20.930   0.760         
 1091   485  20.950   1.000         
 1092   485  20.960   1.380         
 1093   485  21.010   2.220         
 1094   485  21.070   1.840         
 1095   485  21.100   0.730         
 1096   485  21.110   0.470         
 1097   485  21.110   2.100         
 1098   485  21.170   0.520         
 1099   485  21.250   1.870         
 1100   485  21.250   1.780         
 1101   485  21.280   1.300         
 1102   485  21.280   1.410         
 1103   485  21.310   0.960         
 1104   485  21.360  -0.800   1.540
 1105   485  21.370   0.830         
 1106   485  21.390   0.940         
 1107   485  21.390   1.440         
 1108   485  21.440   0.510         
 1109   485  21.450   1.200         
 1110   485  21.460   0.740         
 1111   485  21.620   1.640         
 1112   485  21.670   1.320         
 1113   485  21.900   1.250         
 1114   485  22.020   1.460         
 1115   485  22.430   0.630         
 1116   485  22.760   0.510         
 1117   485  22.830   0.540