UBV CCD observations

  No    Ref    V       B-V     U-B

 0001   283  15.251   0.730         
 0002   283  12.098   0.533         
 0003   283  14.018   2.076         
 0004   283  13.170   0.688         
 0005   283  14.791   0.966         
 0006   283  12.002   0.453         
 0007   283  12.063   0.552         
 0008   283  14.076   0.686         
 0009   283  14.636   0.835         
 0010   283  10.893   0.670         
 0011   283  10.961   0.461         
 0012   283  14.726   0.968         
 0013   283  12.022   0.365         
 0014   283  17.378   1.422         
 0015   283  14.077   0.861         
 0016   283  14.847   0.940         
 0017   283  11.678   0.495         
 0018   283  14.620   0.705         
 0019   283  16.769   1.298         
 0020   283  13.598   0.705         
 0021   283  14.993   0.989         
 0022   283  16.995   1.980         
 0023   283  17.338   1.411         
 0024   283  16.762   1.062         
 0025   283  17.444   1.907         
 0026   283  16.506   1.407         
 0027   283  14.871   1.818         
 0028   283  16.963   1.475         
 0029   283  14.918   1.113         
 0030   283  12.058   0.867         
 0031   283  12.392   0.589         
 0032   283  14.327   0.677         
 0033   283  16.813   1.319         
 0034   283  15.781   1.099         
 0035   283  16.455   1.510         
 0036   283  12.640   0.486         
 0037   283  16.819   1.976         
 0038   283  16.993   2.164         
 0039   283  16.546   1.836         
 0040   283  14.024   1.727         
 0041   283  17.610   1.686         
 0042   283  14.557   1.819         
 0043   283  16.235   1.622         
 0044   283  15.961   0.923         
 0045   283  16.987   1.705         
 0046   283  15.274   1.001         
 0047   283  17.002   1.450         
 0048   283  16.762   2.187         
 0049   283  13.940   0.732         
 0050   283  14.638   0.730         
 0051   283  14.767   3.015         
 0052   283  16.461   1.166         
 0053   283  16.838   2.120         
 0054   283  14.861   2.918         
 0055   283  17.428   1.933         
 0056   283  16.573   1.397         
 0057   283  16.371   1.296         
 0058   283  17.079   1.801         
 0059   283  15.891   0.627         
 0060   283  17.157   2.274         
 0061   283  14.287   2.391         
 0062   283  16.426   1.279         
 0063   283  17.029   1.519         
 0064   283  16.604   1.333         
 0065   283  16.792   1.589         
 0066   283  17.057   1.558         
 0067   283  16.847   4.023         
 0068   283  17.275   1.507         
 0069   283  17.855   2.470         
 0070   283  16.517   1.750         
 0071   283  15.139   0.929         
 0072   283  16.533   1.588         
 0073   283  16.133   1.511         
 0074   283  15.108   0.739         
 0075   283  15.234   0.952         
 0076   283  16.235   1.339         
 0077   283  15.032   2.147         
 0078   283  15.647   0.948         
 0079   283  16.379   1.390         
 0080   283  16.674   1.746         
 0081   283  15.032   2.185         
 0082   283  14.750   1.950         
 0083   283  16.561   1.632         
 0084   283  14.007   2.094         
 0085   283  16.288   1.445         
 0086   283  16.474   1.763         
 0087   283  16.623   1.483         
 0088   283  15.223   1.018         
 0089   283  14.416   1.956         
 0090   283  16.104   0.977         
 0091   283  16.108   1.193         
 0092   283  15.840   0.912         
 0093   283  16.192   1.421         
 0094   283  16.007   1.566         
 0095   283  15.235   2.137         
 0096   283  15.516   0.774         
 0097   283  16.398   1.194         
 0098   283  15.448   1.519         
 0099   283  15.510   0.746         
 0100   283  14.644   2.013         
 0101   283  15.555   2.158         
 0102   283  17.257   2.216         
 0103   283  16.183   1.247         
 0104   283  15.932   1.002         
 0105   283  14.525   2.111         
 0106   283  16.233   1.041         
 0107   283  16.892   2.053         
 0108   283  16.521   1.486         
 0109   283  17.177   0.820         
 0110   283  17.271   0.988         
 0111   283  16.462   0.851         
 0112   283  17.214   1.019         
 0113   283  16.752   2.002         
 0114   283  16.769   1.890         
 0115   283  17.200   1.318         
 0116   283  17.371   1.056         
 0117   283  17.056   1.093         
 0118   283  16.309   1.111         
 0119   283  17.122   0.874         
 0120   283  16.628   0.973         
 0121   283  16.329   1.111         
 0122   283  16.855   1.232         
 0123   283  16.582   1.201         
 0124   283  17.054   1.041         
 0125   283  17.535   1.202         
 0126   283  17.461   1.277         
 0127   283  17.236   1.585         
 0128   283  17.769   1.116         
 0129   283  17.181   1.855         
 0130   283  17.233   1.434         
 0131   283  18.033   0.721         
 0132   283  17.325   1.100         
 0133   283  17.208   1.333         
 0134   283  15.404   1.739         
 0135   283  17.346   1.047         
 0136   283  17.538   1.276         
 0137   283  17.337   1.137         
 0138   283  17.983   1.003         
 0139   283  17.347   1.373         
 0140   283  15.999   2.235         
 0141   283  16.916   0.833         
 0142   283  17.557   1.113         
 0143   283  17.337   0.978         
 0144   283  17.128   1.399         
 0145   283  16.741   1.013         
 0146   283  16.435   0.970         
 0147   283  17.453   1.225         
 0148   283  17.690   1.144         
 0149   283  17.136   0.891         
 0150   283  17.711   1.089         
 0151   283  16.875   0.990         
 0152   283  17.391   1.265         
 0153   283  17.687   0.915         
 0154   283  17.423   0.859         
 0155   283  17.628   1.094         
 0156   283  16.243   1.497         
 0157   283  17.721   1.146         
 0158   283  17.282   1.287         
 0159   283  18.038   1.088         
 0160   283  17.249   1.108         
 0161   283  17.626   1.025         
 0162   283  17.165   1.111         
 0163   283  17.791   1.571         
 0164   283  17.392   1.273         
 0165   283  17.016   0.999         
 0166   283  17.680   1.296         
 0167   283  17.626   1.474         
 0168   283  16.771   1.251         
 0169   283  16.932   1.460         
 0170   283  17.388   1.282         
 0171   283  16.884   1.162         
 0172   283  15.933   2.411         
 0173   283  17.168   1.166         
 0174   283  17.844   1.080         
 0175   283  17.582   1.094         
 0176   283  17.642   1.185         
 0177   283  15.583   1.689         
 0178   283  17.365   1.396         
 0179   283  17.610   1.256         
 0180   283  17.347   1.074         
 0181   283  16.900   1.120         
 0182   283  17.391   1.222         
 0183   283  18.280   0.625         
 0184   283  16.756   1.700         
 0185   283  17.654   1.098         
 0186   283  17.376   1.523         
 0187   283  17.551   1.521         
 0188   283  18.082   1.032         
 0189   283  16.934   1.101         
 0190   283  17.961   1.272         
 0191   283  17.845   1.176         
 0192   283  17.031   1.304         
 0193   283  17.963   0.989         
 0194   283  17.605   1.112         
 0195   283  17.576   1.236         
 0196   283  17.894   1.168         
 0197   283  17.273   1.132         
 0198   283  17.691   1.056         
 0199   283  17.852   0.867         
 0200   283  17.928   0.827         
 0201   283  17.380   1.367         
 0202   283  17.866   1.194         
 0203   283  17.912   1.238         
 0204   283  17.861   1.581         
 0205   283  17.643   1.492         
 0206   283  17.065   1.165         
 0207   283  17.679   1.303         
 0208   283  17.612   0.945         
 0209   283  17.670   1.160         
 0210   283  17.116   2.145         
 0211   283  16.636   2.223         
 0212   283  17.583   1.301         
 0213   283  17.392   1.604         
 0214   283  17.673   1.493         
 0215   283  17.391   1.343         
 0216   283  17.554   1.036         
 0217   283  17.036   2.617         
 0218   283  18.079   1.086         
 0219   283  17.463   2.352         
 0220   283  16.538   1.765         
 0221   283  18.164   0.926         
 0222   283  17.285   1.398         
 0223   283  16.625   2.560         
 0224   283  18.005   1.278         
 0225   283  17.869   0.705         
 0226   283  18.084   1.008         
 0227   283  17.906   1.114         
 0228   283  18.000   1.677         
 0229   283  18.096   1.046         
 0230   283  16.682   2.978         
 0231   283  17.144   2.086         
 0232   283  16.910   1.652         
 0233   283  17.914   1.433         
 0234   283  18.047   1.357