UBV CCD observations

  No    Ref    V       B-V     U-B

 0001    55   9.490   0.140  -0.810
 0001   390   9.463   0.152  -0.923
 0002    55  10.780   0.150  -0.670
 0002   390  10.806   0.186  -0.856
 0003    55  10.160   0.210  -0.740
 0003   390  10.127   0.257  -0.878
 0004    55  10.960   0.240  -0.530
 0004   390  11.200   0.287  -0.774
 0005    55  10.880   0.250  -0.610
 0006    55  11.820   0.230  -0.350
 0006   348  11.740   0.190  -0.520
 0006   390  11.761   0.265  -0.590
 0007    55   8.190   0.140  -0.820
 0008    55  10.820   0.140  -0.700
 0008   390  10.752   0.207  -0.844
 0009    55   9.770   0.260  -0.670
 0009   390   9.787   0.242  -0.812
 0010    55   9.860   0.270  -0.640
 0011    55  11.190   0.170  -0.680
 0012    55  11.520   0.330  -0.660
 0013    55  10.800   0.240  -0.640
 0014    55  11.570   0.330  -0.530
 0014   348  11.680   0.270  -0.600
 0015    55  11.440   0.260  -0.480
 0016    55  10.770   0.280  -0.530
 0017    55  10.880   0.220  -0.700
 0018    55  12.050   0.180  -0.470
 0018   348  12.110   0.120  -0.680
 0020    55  10.180   0.120  -0.660
 0021    55  10.890   0.420  -0.580
 0022    55  10.930   0.680  -0.860
 0022   390  10.934   0.422  -0.685
 0023    55  10.000   0.370  -0.610
 0023   390  10.055   0.343  -0.760
 0024    55  11.500   0.210  -0.600
 0024   390  11.547   0.186  -0.727
 0025   348  11.690   0.230  -0.600
 0025   390  11.709   0.233  -0.574
 0026   348  11.850   0.270  -0.780
 0026   390  11.855   0.298  -0.807
 0027    55  11.070   0.160  -0.750
 0027   390  10.977   0.232  -0.819
 0028    55  11.630   0.240  -0.550
 0028   348  11.510   0.300  -0.540
 0029    55  11.420   0.410  -0.420
 0029   348  11.480   0.320  -0.520
 0030    55  11.140   0.890   1.090
 0031    55  10.480   0.220  -0.680
 0032    55  11.100   0.170   0.160
 0033    55  12.160   0.320  -0.460
 0033   348  12.260   0.310  -0.560
 0033   390  12.235   0.310  -0.555
 0034    55   9.270   0.230  -0.730
 0034   390   9.291   0.225  -0.868
 0035    55   9.470   1.340   2.700
 0037    55  10.740   0.210  -1.090
 0037   348  12.960   0.240  -0.480
 0038    55  13.790   0.550  -0.390
 0038   348  13.310   0.330  -0.400
 0038   390  13.255   0.392  -0.349
 0039    55  12.380   0.330  -0.410
 0039   348  12.720   0.400  -0.440
 0039   390  12.678   0.489  -0.484
 0040    55  12.260   0.300  -0.410
 0040   390  13.163   0.433  -0.404
 0041    55  12.060   0.290  -0.620
 0041   348  12.410   0.320  -0.560
 0041   390  12.389   0.341  -0.531
 0042    55  13.080   0.380  -0.430
 0042   348  12.900   0.360  -0.480
 0042   390  12.852   0.421  -0.527
 0043    55  12.250   0.530   0.350
 0044    55  12.940   0.350  -0.450
 0044   348  13.470   0.590  -0.200
 0045    55  12.980   0.830   0.850
 0046    55  11.680   0.330  -0.350
 0046   348  11.640   0.320  -0.540
 0046   390  11.650   0.359  -0.475
 0047    55  12.870   0.490  -0.360
 0047   390  12.868   0.361  -0.496
 0048    55  11.980   0.140   0.220
 0048   348  11.850   0.150  -0.240
 0048   390  11.902   0.207  -0.030
 0049   348  12.990   1.810         
 0049   390  13.017   1.888   1.605
 0050    55  12.710   0.430  -0.450
 0050   348  12.860   0.290  -0.460
 0050   390  12.887   0.338  -0.469
 0051    55  12.940   0.380  -0.430
 0051   348  12.830   0.350  -0.480
 0051   390  12.768   0.389  -0.516
 0052    55  12.720   0.310  -0.190
 0052   348  12.630   0.400  -0.480
 0053   348  13.220   1.290   1.300
 0053   390  13.150   1.350   1.045
 0054    55  12.850   0.380  -0.010
 0054   348  12.870   0.380  -0.380
 0054   390  12.815   0.449  -0.416
 0055    55  12.220   0.260  -0.460
 0055   348  12.180   0.330  -0.580
 0055   390  12.201   0.313  -0.634
 0056    55  13.340   0.380   0.190
 0057    55  12.910   0.230   0.170
 0058    55  12.260   0.370   0.090
 0059    55  12.360   0.250  -0.830
 0060    55  11.720   0.220  -0.410
 0061    55  11.690   0.230  -0.410
 0062    55  14.060   0.690  -0.950
 0062   348  13.870   0.280         
 0062   390  13.904   0.284  -0.168
 0063    55  12.900   0.260  -0.400
 0063   390  12.750   0.278  -0.525
 0064   390  10.661   0.168  -0.861
 0065   390  11.005   0.189  -0.829
 0066   348  11.930   0.160  -0.620
 0066   390  11.918   0.220  -0.697
 0067   390  13.650   0.932   0.403
 0068    55  12.140   0.380  -0.680
 0068   348  12.380   0.270  -0.520
 0068   390  12.426   0.264  -0.532
 0069    55  13.020   0.190   0.130
 0069   348  13.020   0.420  -0.420
 0069   390  12.959   0.431  -0.380
 0070    55  13.320   0.120  -0.010
 0070   348  13.350   0.370  -0.400
 0070   390  13.306   0.399  -0.409
 0071    55  10.820   0.170  -0.630
 0071   348  13.610   0.400  -0.280
 0072    55  11.870   0.260  -0.380
 0072   348  12.190   0.220  -0.640
 0072   390  12.098   0.277  -0.642
 0073    55  11.900   0.350  -0.450
 0073   348  11.840   0.470  -0.620
 0073   390  11.879   0.403  -0.613
 0074    55  11.690   0.300  -0.630
 0074   348  11.670   0.230  -0.700
 0074   390  11.659   0.269  -0.759
 0075   348  14.260   0.700   0.280
 0075   390  14.250   0.651   0.687
 0076    55  11.140   0.450  -0.430
 0076   390  11.187   0.414  -0.598
 0077    55  11.500   0.210  -0.780
 0077   348  12.060   0.310  -0.600
 0077   390  12.011   0.349  -0.590
 0078    55  12.220   0.940   0.670
 0079    55  13.180   0.330  -0.220
 0094    55   9.880   0.130  -0.620
 0098    55   9.030   0.130  -0.860
 0100    55   8.650   0.190  -0.770
 0104    55   8.820   0.140  -0.790
 0110    55   9.310   0.290  -0.640
 0110   390   9.265   0.316  -0.808
 0112    55   9.280   0.290  -0.690
 0112   390   9.260   0.306  -0.850
 0115    55  10.090   0.150  -0.780
 0115   390  10.114   0.158  -0.940
 0122    55  11.400   0.190  -0.580
 0123    55  12.590   0.270  -0.450
 0124    55  11.140   0.230  -0.670
 0125    55  12.150   0.670   0.130
 0126    55  10.960   0.400  -0.430
 0127    55  10.690   0.350  -0.580
 0129    55  11.550   0.310  -0.270
 0130    55  12.900   0.260  -0.040
 0131    55  13.740   0.210   0.180
 0132    55  12.570   0.380  -0.440
 0132   348  13.320   0.610  -0.340
 0133    55  11.800   0.420  -0.620
 0133   348  11.750   0.360  -0.580
 0133   390  11.815   0.325  -0.669
 0134    55  11.630   0.400  -0.550
 0134   348  11.620   0.410  -0.640
 0134   390  11.681   0.345  -0.670
 0135    55  12.470   0.400  -0.540
 0135   348  12.570   0.320  -0.560
 0135   390  12.542   0.336  -0.581
 0136    55  11.820   0.300  -0.520
 0136   348  11.890   0.170  -0.560
 0136   390  11.886   0.255  -0.684
 0139    55  12.130   0.230  -0.400
 0139   348  12.120   0.200  -0.440
 0139   390  12.083   0.321  -0.508
 0140    55  11.880   0.170  -0.130
 0140   348  12.100   0.180  -0.480
 0140   390  12.061   0.245  -0.376
 0145    55  12.020   0.380   0.240
 0146    55  12.530   0.390  -0.360
 0149    55  10.780   0.680  -0.320
 0150    55  11.690   0.230  -0.530
 0150   348  11.880   0.090  -0.740
 0151    55  12.710   0.190  -0.310
 0152    55  10.120   0.850   0.940
 0153    55  12.220   0.120  -0.410
 0154    55  13.010   0.100  -0.410
 0155    55  12.670   0.080  -0.340
 0158    55   9.750   0.320  -0.660
 0175    55   7.880   0.070  -0.680
 0176    55   7.870   0.090  -0.570
 0177    55   8.110   0.400  -0.610
 0178    55   8.480   0.090  -0.880
 0179    55   7.760   0.080  -0.940
 0180    55   7.410   0.170  -0.850
 0181    55   9.340   0.110         
 0182    55   9.600   0.240  -0.750
 0182   390   9.600   0.223  -0.893
 0183    55   9.450   0.050  -0.780
 0200    55  13.350   0.290  -0.270
 0200   390  13.472   0.371   0.049
 0202    55  11.280   0.070  -0.520
 0203    55  13.800   0.530  -0.800
 0203   348  13.960   0.320   0.180
 0204   348  13.880   0.370         
 0206    55  13.630   0.050   0.330
 0206   348  13.810   0.370   0.020
 0210    55  13.200   0.260  -0.170
 0216   348  13.640   1.020   0.740
 0217   348  14.250   0.690   0.160
 0220    55  13.160   0.370  -0.870
 0220   348  14.240   0.420  -0.220
 0221   348  14.430   0.670  -0.120
 0224    55  13.410   0.440   0.280
 0224   348  13.240   0.510  -0.320
 0224   390  13.265   0.494  -0.364
 0228    55  13.290   0.050  -0.160
 0228   348  13.730   0.280         
 0228   390  13.723   0.310  -0.284
 0229    55  13.260   0.070   0.140
 0229   390  13.929   0.349  -0.064
 0231   348  13.530   0.590         
 0235    55  12.900   0.400  -0.070
 0235   348  13.020   0.260  -0.180
 0235   390  13.049   0.303   0.017
 0236   348  14.780   1.030         
 0237    55  13.050   0.400  -0.090
 0237   348  13.130   0.360  -0.320
 0237   390  13.021   0.416  -0.226
 0238    55  13.490   0.500  -0.030
 0238   348  13.560   0.490  -0.220
 0238   390  13.543   0.487  -0.163
 0239    55  13.850   0.410  -0.050
 0239   348  13.620   0.410  -0.320
 0239   390  13.618   0.410  -0.276
 0240    55  13.780   0.310  -0.060
 0240   348  13.890   0.400  -0.240
 0240   390  13.870   0.430  -0.180
 0241    55  13.770   0.870   0.140
 0241   348  14.090   0.410  -0.240
 0241   390  14.071   0.433  -0.131
 0242    55  12.770   0.410   0.230
 0242   348  12.900   0.460  -0.080
 0242   390  12.889   0.443   0.204
 0243    55  13.040   0.140   0.030
 0243   348  13.090   0.260         
 0243   390  13.148   0.263  -0.372
 0245    55  11.630   0.460  -0.380
 0246    55  11.590   0.360  -0.370
 0247    55  13.710  -0.030   0.110
 0248    55  13.360   0.270   0.060
 0251   348  14.700   0.600   0.200
 0252   348  14.870   0.800   0.160
 0253   348  14.060   0.780   0.300
 0254   348  13.540   0.470  -0.200
 0255   348  13.480   0.530   0.100
 0256   348  13.260   0.340  -0.440
 0257   348  14.240   0.530  -0.280
 0258   348  13.860   0.740   0.340
 0259   348  13.420   0.350  -0.340
 0260   348  15.340   0.450   0.220
 0261   348  16.190   0.790         
 0262   348  15.630   0.770         
 0263   348  17.200   1.040         
 0264   348  15.490   1.300         
 0265   348  16.000   2.120         
 0266   348  16.420   1.240         
 0267   348  16.550   1.110         
 0268   348  16.260   0.850         
 0269   348  15.980   0.790         
 0270   348  16.400   0.860         
 0271   348  16.550   0.910         
 0272   348  15.590   0.950         
 0273   348  15.370   0.930         
 0274   348  17.490   0.970         
 0275   348  17.130   1.070         
 0276   348  15.640   0.830         
 0277   348  16.430   1.470         
 0278   348  14.780   0.640         
 0279   348  16.380   1.160         
 0280   348  16.070   0.970         
 0281   348  16.150   1.190         
 0282   348  16.490   0.990         
 0283   348  16.390   1.000         
 0284   348  15.850   0.840         
 0285   348  16.810   0.980         
 0286   348  16.570   0.820         
 0287   348  16.460   0.860         
 0288   348  16.230   0.780         
 0289   348  17.010   1.060         
 0290   348  16.820   1.080         
 0291   348  17.180   1.060         
 0292   348  16.730   1.150         
 0293   348  16.510   0.980         
 0294   348  16.990   1.010         
 0295   348  17.010   1.190         
 0296   348  15.950   0.870         
 0297   348  17.350   1.230         
 0298   348  16.610   0.880         
 0299   348  15.580   0.590         
 0300   348  16.250   0.930         
 0301   348  16.100   0.780         
 0302   348  16.870   1.020         
 0303   348  16.430   0.910         
 0304   348  16.120   0.960         
 0305   348  17.100   0.980         
 0306   348  15.820   1.030         
 0307   348  15.750   0.820         
 0308   348  15.570   1.190         
 0309   348  16.080   0.750         
 0310   348  15.610   0.750         
 0311   348  16.620   0.860         
 0312   348  16.220   0.900         
 0313   348  15.440   1.260         
 0314   348  15.990   1.080         
 0315   348  16.390   1.030         
 0316   348  16.110   0.860         
 0317   348  17.160   1.190         
 0318   348  16.940   1.050         
 0319   348  16.480   0.750         
 0320   348  15.400   1.480         
 0321   348  16.710   1.540         
 0322   348  16.500   1.060         
 0323   348  16.970   1.080         
 0324   348  16.050   0.880         
 0325   348  15.490   1.250         
 0326   348  15.270   1.360         
 0327   348  15.980   0.940         
 0328   348  15.430   0.800         
 0329   348  15.410   0.850         
 0330   348  17.210   0.970         
 0331   348  16.500   0.880         
 0332   348  16.480   0.900         
 0333   348  15.910   0.720         
 0334   348  15.480   1.190         
 0335   348  15.400   0.610         
 0336   348  16.990   1.640         
 0337   348  16.150   1.220         
 0338   348  16.900   1.020         
 0339   348  15.620   0.830         
 0340   348  15.780   1.140         
 0341   348  15.600   0.770         
 0342   348  15.620   0.990         
 0343   348  16.770   1.040         
 0344   348  17.180   1.160         
 0345   348  16.960   1.140         
 0346   348  16.670   1.070         
 0347   348  16.460   0.890         
 0348   348  16.430   1.100         
 0349   348  16.050   1.080         
 0350   348  16.140   0.880         
 0351   348  15.900   0.710         
 0352   348  16.970   1.150         
 0353   348  16.370   0.750         
 0354   348  16.240   0.870         
 0355   348  16.740   1.220         
 0356   348  16.860   0.890         
 0357   348  16.330   1.680         
 0358   348  16.810   0.940         
 0359   348  15.710   1.210         
 0360   348  16.830   1.090         
 0361   348  16.820   1.310         
 0362   348  15.930   1.360         
 0363   348  16.550   1.640         
 0364   348  16.250   0.940         
 0365   348  16.140   1.070         
 0366   348  15.510   1.370         
 0367   348  16.700   1.000         
 0368   348  15.590   1.000         
 0369   348  16.370   0.620         
 0370   348  15.900   1.120         
 0371   348  16.870   1.460         
 0372   348  15.580   1.250         
 0373   348  16.360   0.920         
 0374   348  16.660   1.060         
 0375   348  15.660   1.160         
 0376   348  16.600   0.970         
 0377   348  16.160   1.170         
 0378   348  14.960   0.780         
 0379   348  16.420   1.220         
 0380   348  16.770   1.040         
 0381   348  15.970   1.230         
 0382   348  15.040   1.380         
 0383   348  16.200   0.980         
 0384   348  16.200   0.980         
 0385   348  15.900   0.820         
 0386   348  17.050   0.990         
 0387   348  16.120   1.280         
 0388   348  17.020   1.110         
 0389   348  17.180   1.090         
 0390   348  15.630   0.990         
 0391   348  16.880   1.100         
 0392   348  16.610   1.020         
 0393   348  15.180   0.780         
 0394   348  17.230   1.150         
 0395   348  17.080   1.100         
 0396   348  16.290   1.030         
 0397   348  16.470   1.080         
 0398   348  15.780   0.830         
 0399   348  16.690   1.010         
 0400   348  16.830   0.900         
 0401   348  16.910   1.100         
 0402   348  15.560   0.760         
 0403   348  16.620   1.020         
 0404   348  14.500   2.260         
 0405   348  14.190   1.390         
 0406   348  16.630   1.000         
 0407   348  15.300   2.680         
 0408   348  16.720   1.110         
 0409   348  17.050   1.250         
 0410   348  14.710   1.300         
 0411   348  16.180   1.550         
 0412   348  17.190   1.010         
 0413   348  16.140   0.780         
 0414   348  16.460   0.920         
 0415   348  15.170   0.960         
 0416   348  15.340   1.120         
 0417   348  16.630   0.910         
 0418   348  15.760   0.730         
 0419   348  15.190   0.440         
 0420   348  16.470   0.750         
 0421   348  15.280   0.680         
 0422   348  16.210   1.150         
 0423   348  14.190   0.880         
 0424   348  16.120   0.690         
 0425   348  15.830   0.980         
 0426   348  15.600   1.530         
 0427   348  16.470   0.900         
 0428   348  15.450   1.050         
 0429   348  15.920   1.100         
 0430   348  14.560   0.880         
 0431   348  16.250   0.780         
 0432   348  15.610   0.810         
 0433   348  15.340   0.750         
 0434   348  16.210   0.750         
 0435   348  15.240   1.120         
 0436   348  15.500   0.890         
 0437   348  15.980   0.910         
 0438   348  15.630   0.870         
 0439   348  16.250   0.860         
 0440   348  16.140   1.170         
 0441   348  16.360   1.010         
 0442   348  16.520   1.000         
 0443   348  15.670   1.190         
 0444   348  16.310   0.850         
 0445   348  16.980   0.790         
 0446   348  15.570   2.310         
 0447   348  13.920   0.320         
 0448   348  16.030   0.760         
 1053    55  10.140   0.100         
 1056    55  13.170   0.360   0.260
 1063    55  13.980   0.030   0.270
 1064    55  14.190   0.050   0.070
 1066    55  14.280  -0.090  -0.060
 1067    55  12.950   0.450   0.350
 1070    55  11.640   0.260   0.200
 1075    55  12.590   0.450  -0.220
 1090    55  12.940   0.260  -0.080
 1093    55  12.580   0.420  -0.250
 1094    55  14.160  -0.230   0.170
 1095    55  12.370   0.490  -0.270
 1097    55  13.730   0.220  -0.580
 1107    55  14.620  -0.490  -0.210
 1109    55  14.220   1.250  -2.240
 1118    55  13.530   1.400  -1.600
 1122    55  13.590  -0.100  -0.310
 1124    55  13.900   1.210  -1.860
 1130    55  13.590   0.550  -1.000
 1132    55  14.000   0.570  -1.150
 1133    55  13.320   0.390  -0.630
 1135    55  14.220   0.190  -0.400
 1146    55  13.750   0.690  -1.120
 1155    55  13.550   0.590  -0.920
 1158    55  13.640   0.520   0.660
 1159    55  12.060   0.310  -0.310
 1164    55  13.840   1.060  -1.610
 1169    55  14.350   1.520  -2.470
 1171    55  14.150   0.520  -1.180
 1183    55  12.400   0.600  -0.220
 1193    55  13.210   1.070  -0.740
 1197    55  14.110   0.110   0.460
 1199    55  13.260   0.240   0.280
 1201    55  14.260   3.530  -4.570
 1206    55  12.890   0.300  -0.170
 1211    55  12.670   0.290  -0.310
 1220    55  13.620   0.530  -0.100
 1221    55  14.310   1.390  -2.360
 1226    55  12.500   0.500  -0.880
 1237    55  12.660   1.350  -0.540
 1239    55  11.900   0.500   0.510
 1241    55  13.090   0.540  -0.280
 1243    55  13.340   0.270   0.120
 1244    55  13.210   0.730  -0.950
 1250    55  13.110   0.120  -0.150
 1251    55  13.740   0.870  -0.110
 1255    55  11.110   1.120   1.500
 1256    55  14.820   0.440   0.350
 1266    55  13.470   0.560  -0.710
 1269    55  12.220   1.050  -0.080
 1275    55  13.110   0.500   0.030
 1278    55  14.120  -0.180  -0.050
 1281    55  13.780   0.290   0.070
 1287    55  13.270   0.240   0.230
 1290    55  13.130   0.390   0.720
 1297    55  13.150   0.200  -0.130
 1300    55  12.570   0.620  -0.270
 1303    55  13.840   0.250   1.570
 1308    55  13.700   0.340   0.220
 1320    55  13.690   0.170   0.460
 1328    55  12.600   0.480   0.040
 1352    55  15.140  -0.180   1.920
 1352   390  14.637   0.362   0.030
 1364    55  13.750   0.210   0.220
 1364   348  13.740   0.310         
 1364   390  13.786   0.329   0.158
 1381    55  13.590   0.020   0.440
 1381   390  13.530   0.328   0.228
 1391    55  13.650  -0.050   0.050
 1391   390  14.043   0.363   0.021
 1396    55  14.360   0.500   0.100
 1396   348  14.210   0.420         
 1400    55  13.060   0.310  -0.450
 1400   390  13.088   0.223  -0.522
 1419    55  13.350   0.280   0.250
 1421    55  12.670   0.550   0.180
 1421   348  12.680   0.370  -0.140
 1421   390  12.673   0.384   0.194
 1429    55  13.160   0.410  -0.540
 1429   348  13.270   0.410  -0.380
 1431    55  13.780   0.220  -0.700
 1431   348  13.610   0.340  -0.360
 1431   390  13.601   0.328  -0.419
 1433    55  13.260   0.480  -0.500
 1433   348  13.510   0.270  -0.480
 1433   390  13.481   0.216  -0.341
 1444    55  13.180   0.510         
 1444   348  13.120   0.610   0.120
 1444   390  13.092   0.582   0.083
 1452    55  13.490   0.560   0.230
 1452   348  13.690   0.410  -0.380
 1452   390  13.672   0.418  -0.378
 1462    55  11.460   0.090  -0.370
 1469    55  13.350   0.350  -0.310
 1469   348  13.410   0.300  -0.460
 1469   390  13.430   0.249  -0.392
 1471    55  12.480   0.950   0.700
 1472    55  13.290   0.460   0.110
 1472   348  13.440   0.620   0.040
 1472   390  13.492   0.562  -0.030
 1474    55  12.010   0.330  -0.250
 1497    55  14.050   0.770  -0.140
 1497   348  13.790   0.440   0.020
 1497   390  13.770   0.447   0.066
 1500    55  11.600   0.290  -0.360
 1500   348  12.270   0.170  -0.460
 1500   390  12.299   0.185  -0.456
 1502    55  11.590   0.290  -0.370
 1502   348  12.480   0.280  -0.520
 1502   390  12.431   0.339  -0.555
 1503    55  13.650   0.160   0.930
 1504    55  13.760   0.570  -0.280
 1504   348  14.090   0.350  -0.320
 1504   390  14.079   0.334  -0.203
 1508    55  13.290   0.490  -0.270
 1508   348  13.430   0.570  -0.060
 1508   390  13.469   0.505   0.041
 1509    55  13.690   0.480   0.860
 1509   348  13.880   0.590  -0.040
 1509   390  13.908   0.565   0.180
 1518    55  12.920   0.670   0.520
 1518   348  13.110   0.640   0.320
 1518   390  13.105   0.649   0.154
 1519    55  12.360   0.590  -0.710
 1519   348  13.470   0.490  -0.260
 1520    55  12.910   0.460  -0.750
 1520   348  12.910   0.460  -0.340
 1520   390  12.949   0.396  -0.335
 1521    55  12.480   0.520  -0.170
 1521   348  12.630   0.660   0.240
 1521   390  12.645   0.647   0.100
 1522    55  13.640   0.830   0.120
 1522   348  14.190   0.520  -0.220
 1522   390  14.211   0.418  -0.185
 1526    55  12.190  -0.120   0.040
 1528    55  13.060   0.820  -0.100
 1528   348  12.980   0.560   0.100
 1530    55  12.860   0.380   1.120
 1534    55  13.850   0.410   0.880
 1539    55  14.270   0.360  -1.240
 1539   348  14.220   0.620   0.160
 1542    55  12.090   0.820   1.060
 1549    55  13.560   0.260   0.680
 1549   348  13.620   0.460  -0.420
 1549   390  13.652   0.412  -0.464
 1551    55  13.720   0.610  -0.240
 1551   348  13.990   0.490  -0.100
 1551   390  14.016   0.466   0.041
 1552    55  13.500   0.440  -0.200
 1552   348  13.270   0.610   0.080
 1552   390  13.309   0.545   0.008
 1553    55  13.030   0.520  -0.560
 1553   348  13.280   0.390  -0.400
 1553   390  13.319   0.360  -0.409
 1555    55  12.280   0.410   0.290
 1560    55  13.350   0.610  -1.000
 1560   348  13.460   0.530  -0.360
 1560   390  13.498   0.498  -0.477
 1561    55  12.040   0.540   0.350
 1563    55  13.390   0.700  -0.570
 1563   348  13.800   0.430  -0.300
 1563   390  13.865   0.385  -0.279
 1569    55  13.610   0.560   0.160
 1569   348  13.580   0.550  -0.260
 1569   390  13.647   0.500  -0.272
 1570    55  13.880   0.030  -0.360
 1570   348  13.670   0.540   0.220
 1571    55  13.020   0.230   0.510
 1572    55  13.200   0.580  -0.620
 1572   348  13.410   0.400  -0.360
 1572   390  13.472   0.368  -0.341
 1576    55  11.890   0.220  -0.190
 1582    55  14.380   0.400  -0.470
 1582   348  14.400   0.460  -0.180
 1585    55  12.670   0.430  -0.360
 1585   348  12.700   0.390  -0.540
 1586    55  13.660   0.550   0.410
 1586   348  13.440   0.450   0.100
 1587    55  13.020   0.400   0.240
 1588    55  13.110   0.380  -0.340
 1588   348  13.090   0.530  -0.300
 1591    55  12.070   0.090  -0.370
 1592    55  12.960   0.400   0.060
 1592   348  12.690   0.350  -0.080
 1594    55  13.560   0.620  -0.740
 1594   348  13.610   1.210         
 1596    55  12.100   0.600   0.040
 1598    55  13.170   0.510   0.140
 1598   348  13.790   0.580  -0.300
 1599    55  13.010   0.480  -0.550
 1599   348  13.000   0.880  -0.320
 1600    55  13.080   0.450  -0.410
 1600   348  13.550   0.650  -0.120
 1604    55  13.940   0.090   0.050
 1605    55  12.910   0.340   0.170
 1607    55  13.330   0.620  -0.330
 1610    55  13.030   0.280  -0.180
 1610   348  12.960   0.380  -0.380
 1611    55  12.740   0.280   0.350
 1612    55  13.830   0.970  -1.600
 1612   348  13.840   0.400  -0.040
 1613    55  14.300  -0.070   0.800
 1616    55  14.010   0.030  -0.020
 1617    55  13.590   0.270   0.350
 1625    55  13.820   0.180   0.580
 1627    55  13.950   0.140   4.040
 1628    55  13.760   0.460   0.260
 1631    55  14.030   0.580  -1.380
 1633    55  13.140   0.440   1.300
 1634    55  13.430   0.240   0.170
 1635    55  13.860   0.110   0.760
 1639    55  12.590   0.440   0.530
 1641    55  12.520   0.180  -0.030
 1644    55  13.960   0.190  -0.770
 1646    55  12.950   0.230   0.110
 1647    55  12.880   0.220   0.100
 1651    55  12.180   0.910   1.520
 1653    55  12.710   0.230   0.510
 1657    55  12.570   0.440  -0.450
 1658    55  11.720   0.440  -0.350
 1659    55  14.560  -0.150  -0.750
 1660    55  10.920   0.100  -0.080
 1666    55  12.660   0.490   0.080
 1667    55  12.940   0.340  -0.300
 1670    55  11.420   1.030   2.570
 1673    55  12.340   0.210   0.270
 2102   348  13.860   0.540   0.220
 2108   348  13.620   1.600         
 2111   348  14.730   0.770   0.040
 2117   348  15.360   0.570   0.040
 2117   390  15.329   0.681  -0.061
 2134   348  14.590   0.550   0.180
 2134   390  14.527   0.591   0.330
 2135   348  14.650   0.730         
 2143   348  15.170   0.860         
 2144   348  15.530   0.760         
 2145   348  14.810   0.650         
 2146   348  14.700   0.780         
 2147   348  14.150   0.580   0.240
 2148   348  15.080   0.570         
 2156   348  15.210   0.860         
 2157   348  14.570   0.400   0.080
 2157   390  14.573   0.394   0.332
 2159   348  14.630   1.000         
 2159   390  14.543   1.071   0.237
 2160   348  15.060   0.810         
 2160   390  15.003   0.788   0.173
 2167   348  15.120   0.970         
 2167   390  15.121   0.959   0.401
 2175   348  15.830   0.720         
 2175   390  15.878   0.702   0.305
 2176   348  15.900   0.720         
 2176   390  15.936   0.706         
 2180   348  14.250   0.750   0.200
 2180   390  14.277   0.674   0.535
 2186   348  14.770   0.470  -0.160
 2186   390  14.745   0.485   0.082
 2194   348  15.050   0.590   0.060
 2194   390  15.158   0.524   0.120
 2197   348  14.510   0.870         
 2197   390  14.537   0.811   0.440
 2213   348  14.210   0.300   0.040
 2213   390  14.230   0.290   0.208
 2214   348  14.360   0.600   0.080
 2214   390  14.303   0.591   0.182
 2218   348  15.230   0.620         
 2218   390  15.227   0.573   0.138
 2219   348  14.770   0.770   0.440
 2219   390  14.782   0.741   0.126
 2229   348  14.980   0.610  -0.040
 2229   390  15.002   0.571   0.072
 2230   348  14.430   0.870         
 2230   390  14.617   0.921   0.519
 2231   348  15.130   0.590  -0.100
 2231   390  15.140   0.522   0.030
 2234   348  14.260   0.690   0.220
 2234   390  14.293   0.634   0.237
 2235   348  14.730   0.620  -0.040
 2242   348  15.040   0.820         
 2249   348  14.370   0.790   0.460
 2250   348  15.130   0.900         
 2251   348  14.970   0.870         
 2252   348  15.110   0.680         
 2255   348  14.320   0.690   0.200
 2255   390  14.439   0.583   0.108
 2262   348  15.310   0.910         
 2262   390  15.347   0.831   0.495
 2265   348  15.250   0.740         
 2265   390  15.261   0.670   0.582
 2268   348  14.770   0.550  -0.200
 2290   348  14.000   0.690         
 2291   348  14.700   0.560   0.220
 2294   348  14.420   0.610         
 2294   390  14.440   0.598  -0.088
 2296   390  14.217   0.823   0.360
 2308   390  14.030   0.433   0.383
 2354   348  15.220   0.540         
 2354   390  15.243   0.549   0.427
 2355   348  15.160   0.980         
 2355   390  15.178   0.983   0.419
 2363   348  13.910   1.350         
 2363   390  13.925   1.364   0.858
 2367   348  15.080   0.590   0.240
 2368   348  15.370   0.640         
 2368   390  15.385   0.653   0.566
 2369   348  14.280   0.530         
 2370   348  15.410   0.670         
 3001   390   8.027   0.962         
 3006   390   9.205   0.893  -0.405
 3011   390   9.812   1.129         
 3017   390  10.351   0.876  -0.214
 3019   390  10.987   0.533         
 3023   390  10.993   0.727  -0.517
 3050   390  12.699   0.138  -0.943
 3051   348  12.650   0.220         
 3051   390  12.707   0.232  -0.407
 3060   390  12.896   0.264  -0.430
 3064   390  13.008  -0.117         
 3084   390  13.469   0.471  -0.268
 3091   390  13.456   0.476   0.044
 3097   390  13.538   0.552   0.320
 3098   390  13.643   0.384  -0.225
 3100   390  13.632   0.582   0.381
 3103   390  14.477   2.256         
 3107   390  14.014   2.251         
 3110   390  13.883   0.709   0.595
 3112   390  14.315   1.114  -0.966
 3115   390  15.825   2.356         
 3119   390  14.323   1.196         
 3121   390  14.066   0.745   0.571
 3123   390  14.236   0.890   0.500
 3125   390  14.360   0.438  -0.243
 3132   390  14.439   0.540   0.027
 3137   390  14.823   0.827         
 3141   390  14.793   0.743  -0.696
 3142   390  14.578   0.883   0.536
 3143   390  14.723   1.289   0.563
 3144   390  14.660   0.626   0.118
 3148   390  14.895   0.775   0.511
 3152   390  15.258   1.340         
 3153   390  15.044   1.419         
 3160   390  15.307   1.109         
 3161   390  15.229   0.897   0.464
 3162   390  15.248   0.411   0.426
 3163   390  15.877   2.569         
 3165   390  15.280   0.755  -0.114
 3166   390  15.360   0.451   0.458
 3167   390  15.383   1.444         
 3168   390  15.307   0.697   0.106
 3171   390  15.385   1.038         
 3172   390  15.884   1.957         
 3173   390  15.577   1.176         
 3174   390  15.483   1.191         
 3175   390  15.565   1.128         
 3176   390  15.406   1.112         
 3177   390  15.593   1.030         
 3179   390  15.633   0.602   0.464
 3180   390  15.460   0.831   0.041
 3181   390  15.561   1.230         
 3182   390  15.528   0.952   0.279
 3183   390  15.598   0.552   0.196
 3184   390  15.688   0.650         
 3185   390  15.660   0.703         
 3186   390  15.581   1.012         
 3187   390  15.608   1.261         
 3188   390  15.614   1.543         
 3189   390  15.899   1.371         
 3190   390  15.772   0.968         
 3191   390  15.767   0.701         
 3192   390  15.839   1.103         
 3193   390  15.780   0.998         
 3194   390  16.203   1.524         
 3195   390  15.801   0.876         
 3198   390  15.897   0.776         
 3199   390  16.037   0.570         
 3200   390  16.118   1.118         
 3201   390  15.928   0.647   0.168
 3202   390  15.964   0.824         
 3203   390  15.974   0.940         
 3204   390  15.982   0.924         
 3205   390  16.417   2.553         
 3206   390  16.187   1.050         
 3207   390  15.919   1.079         
 3208   390  16.051   0.978         
 3209   390  16.117   1.185         
 3210   390  16.750   2.430         
 3211   390  16.084   1.301         
 3212   390  16.152   1.504         
 3213   390  16.058   0.773         
 3214   390  16.070   0.739   0.052
 3215   390  16.119   0.771         
 3216   390  16.151   0.657         
 3217   390  16.073   0.851         
 3218   390  16.159   0.823         
 3219   390  16.150   1.074         
 3220   390  16.147   1.046         
 3221   390  16.125   1.165         
 3222   390  16.301   1.263         
 3223   390  16.305   1.190         
 3224   390  16.304   0.606         
 3225   390  16.421   1.249         
 3226   390  16.257   0.734         
 3227   390  16.275   0.784         
 3228   390  16.515   1.695         
 3229   390  16.314   0.629         
 3230   390  16.386   0.698         
 3231   390  16.296   0.815         
 3233   390  16.411   0.773         
 3234   390  16.608   1.687         
 3235   390  16.771   1.227         
 3236   390  16.540   1.347         
 3237   390  16.451   0.708         
 3238   390  16.544   0.936         
 3239   390  16.467   1.392         
 3240   390  16.440   0.928         
 3241   390  16.825   1.259         
 3242   390  16.547   0.822         
 3243   390  16.427   1.109         
 3244   390  16.478   0.794         
 3245   390  16.585   0.756         
 3246   390  16.505   0.975         
 3247   390  16.481   1.383         
 3248   390  16.497   0.886         
 3249   390  16.510   1.512         
 3250   390  16.510   0.902         
 3251   390  16.782   1.430         
 3252   390  16.586   0.954         
 3253   390  16.558   0.791         
 3254   390  16.567   0.823         
 3255   390  16.871   1.114         
 3256   390  16.716   0.880         
 3257   390  17.251   1.918         
 3258   390  16.602   0.855         
 3259   390  14.693   3.313         
 3260   390  16.881   1.468         
 3261   390  16.669   1.204         
 3262   390  16.680   0.903         
 3263   390  17.235   1.890         
 3264   390  16.625   0.960         
 3265   390  16.695   0.773         
 3266   390  16.679   1.115         
 3267   390  16.667   1.081         
 3268   390  16.970   1.483         
 3269   390  16.854   1.484         
 3270   390  17.068   1.235         
 3271   390  16.694   0.914         
 3272   390  16.848   1.408         
 3273   390  17.165   1.541         
 3274   390  17.038  -0.347         
 3275   390  16.737   0.953         
 3276   390  16.834   1.353         
 3277   390  16.697   1.039         
 3278   390  16.774   0.901         
 3279   390  16.868   0.850         
 3280   390  17.207   1.261         
 3281   390  16.953   1.421         
 3283   390  16.906   0.887         
 3284   390  17.058   1.475         
 3285   390  16.807   1.062         
 3286   390  17.234   1.392         
 3287   390  16.927   0.880         
 3289   390  18.200   3.159         
 3290   390  17.008   1.341         
 3291   390  16.827   1.147         
 3292   390  16.960   0.846         
 3293   390  16.882   0.951         
 3294   390  17.523   1.818         
 3295   390  16.965   0.835         
 3296   390  17.127   1.253         
 3297   390  17.290   1.187         
 3298   390  16.972   0.810         
 3299   390  17.113   1.035         
 3300   390  17.166   1.647         
 3301   390  16.966   0.957         
 3302   390  17.064   0.825         
 3303   390  17.213   1.479         
 3304   390  17.238   1.505         
 3305   390  17.250   1.710         
 3306   390  17.146   0.381         
 3307   390  17.342   1.332         
 3309   390  17.192   1.028         
 3310   390  17.118   1.040         
 3311   390  17.105   0.870         
 3312   390  17.121   0.864         
 3313   390  17.508   1.719         
 3314   390  17.509   1.502         
 3315   390  17.206   1.903         
 3316   390  17.358   1.374         
 3317   390  17.204   1.189         
 3318   390  17.658   1.638         
 3319   390  17.233   1.061         
 3320   390  17.896   1.938         
 3321   390  17.198   0.923         
 3322   390  17.146   0.992         
 3323   390  17.279   0.667         
 3324   390  17.081   0.825         
 3325   390  17.203   1.156         
 3326   390  17.279   1.053         
 3327   390  17.608   1.557         
 3328   390  17.242   1.290         
 3329   390  17.236   1.053         
 3330   390  17.236   0.924         
 3331   390  17.344   0.943         
 3332   390  17.225   1.075         
 3333   390  17.393   1.299         
 3334   390  17.280   0.966         
 3335   390  17.617   1.415         
 3336   390  17.421   1.068         
 3337   390  17.283   0.886         
 3338   390  17.306   1.115         
 3339   390  17.639   1.378         
 3340   390  17.365   1.012         
 3341   390  17.340   1.057         
 3342   390  17.616   0.814         
 3343   390  17.836   1.598         
 3344   390  17.339   1.021         
 3345   390  17.309   0.910         
 3346   390  17.351   0.894         
 3348   390  17.408   1.047         
 3349   390  17.465   0.915         
 3350   390  18.053   1.523         
 3351   390  17.585   1.194         
 3352   390  17.632   1.172         
 3353   390  17.579   1.360         
 3354   390  17.892   1.594         
 3355   390  17.627   1.358         
 3356   390  17.866   1.543         
 3357   390  17.618   1.596         
 3358   390  17.690   1.261         
 3359   390  17.770   1.722         
 3360   390  17.460   1.570         
 3361   390  17.590   1.334         
 3362   390  17.506   1.189         
 3363   390  17.879   1.518         
 3364   390  17.718   1.547         
 3365   390  17.381   1.119         
 3366   390  17.738   1.367         
 3367   390  17.649   1.009         
 3369   390  17.547   1.281         
 3370   390  17.549   0.902         
 3371   390  17.596   0.973         
 3373   390  17.670   0.984         
 3374   390  17.493   0.876         
 3376   390  17.784   0.143         
 3377   390  17.887   1.582         
 3378   390  17.857   1.524         
 3379   390  17.998   1.683         
 3380   390  17.555   0.956         
 3381   390  17.952   2.267         
 3382   390  17.637   0.940         
 3383   390  17.850   1.695         
 3384   390  17.702   0.848         
 3385   390  17.611   0.918         
 3386   390  17.580   0.880         
 3387   390  18.634   2.482         
 3388   390  17.702   0.973         
 3391   390  17.664   0.852         
 3392   390  17.770   1.301         
 3393   390  17.888   1.055         
 3395   390  17.766   1.272         
 3396   390  17.619   0.942         
 3397   390  17.793   1.145         
 3398   390  17.660   0.898         
 3399   390  17.904   1.138         
 3400   390  18.789   2.742         
 3401   390  17.825   1.480         
 3402   390  18.459   2.338         
 3403   390  18.214   1.213         
 3404   390  18.184   1.693         
 3405   390  17.738   1.281         
 3406   390  17.960   1.335         
 3407   390  18.503   1.737         
 3408   390  18.343   2.195         
 3409   390  17.717   0.912         
 3412   390  18.169   1.794         
 3413   390  17.784   1.361         
 3414   390  18.157   1.242         
 3415   390  19.265   2.921         
 3416   390  17.828   0.966         
 3417   390  17.941   1.191         
 3418   390  18.011   1.433         
 3419   390  17.943   1.225         
 3420   390  18.395   1.696         
 3421   390  17.844   0.934         
 3422   390  17.779   1.100         
 3424   390  18.204   1.532         
 3425   390  18.142   1.500         
 3426   390  18.183   1.422         
 3427   390  18.354   1.819         
 3429   390  18.730   2.200         
 3430   390  17.934   1.064         
 3431   390  18.214   0.733         
 3432   390  18.016   1.233         
 3433   390  17.951   1.107         
 3434   390  18.352   1.457         
 3435   390  17.970   1.085         
 3436   390  18.320   1.513         
 3437   390  18.527   1.565         
 3438   390  18.661   1.996         
 3439   390  18.055   0.818         
 3440   390  18.039   1.080         
 3441   390  18.154   1.171         
 3442   390  18.303   1.406         
 3443   390  18.236   1.130         
 3444   390  18.267   1.312         
 3445   390  18.275   1.715         
 3446   390  18.955   2.281         
 3447   390  18.201   0.713         
 3448   390  18.069   0.690         
 3449   390  17.958   1.538         
 3450   390  18.402   1.842         
 3451   390  18.422   1.572         
 3452   390  18.828   1.494         
 3453   390  18.717   2.094         
 3454   390  17.968   1.004         
 3456   390  18.212   1.425         
 3457   390  18.138   1.197         
 3458   390  18.198   1.128         
 3460   390  18.133   1.095         
 3461   390  17.987   0.937         
 3462   390  18.229   0.919         
 3463   390  18.082   1.347         
 3464   390  18.725   1.686         
 3465   390  18.125   0.995         
 3466   390  18.237   1.108         
 3467   390  19.145   1.410         
 3468   390  18.505   1.367         
 3469   390  18.235   1.040         
 3470   390  18.207   1.103         
 3471   390  18.086   0.861         
 3472   390  18.120   1.134         
 3473   390  18.655   1.627         
 3474   390  18.277   1.241         
 3476   390  18.230   1.041         
 3477   390  18.840   1.687         
 3478   390  18.729   1.719         
 3479   390  18.177   1.129         
 3480   390  18.942   1.109         
 3481   390  18.676   1.245         
 3482   390  18.380   1.119         
 3483   390  18.719   1.799         
 3484   390  18.248   0.886         
 3485   390  18.295   1.279         
 3486   390  18.313   1.019         
 3487   390  18.485   1.100         
 3488   390  18.240   1.212         
 3489   390  18.367   1.204         
 3490   390  18.448   1.206         
 3491   390  18.442   1.045         
 3492   390  18.849   1.800         
 3493   390  18.405   1.101         
 3494   390  18.276   1.011         
 3495   390  18.838   1.863         
 3496   390  18.227   0.946         
 3497   390  18.334   1.491         
 3498   390  18.699   1.488         
 3499   390  18.411   1.565         
 3500   390  18.507   1.476         
 3501   390  18.313   1.253         
 3502   390  18.798   1.695         
 3503   390  18.987   1.943         
 3504   390  18.789   1.687         
 3505   390  18.903   1.617         
 3506   390  18.448   1.034         
 3507   390  18.526   1.109         
 3508   390  18.831   1.642         
 3509   390  18.323   0.934         
 3510   390  18.696   1.392         
 3511   390  18.964   1.751         
 3512   390  19.392   2.395         
 3513   390  18.788   1.715         
 3514   390  18.631   1.290         
 3515   390  19.188   1.702         
 3516   390  18.419   0.375         
 3517   390  18.496   1.449         
 3518   390  18.450   1.037         
 3519   390  18.887   1.443         
 3520   390  18.526   1.277         
 3521   390  18.678   1.441         
 3522   390  18.393   1.315         
 3523   390  18.386   1.202         
 3524   390  18.519   1.677         
 3525   390  18.313   1.395         
 3526   390  18.456   0.956         
 3527   390  18.404   1.130         
 3528   390  19.521   2.147         
 3529   390  18.897   1.810         
 3530   390  18.678   1.049         
 3531   390  19.230   1.983         
 3532   390  18.242   1.218         
 3533   390  19.223   1.658         
 3534   390  18.611   1.509         
 3535   390  18.560   1.020         
 3536   390  18.910   1.292         
 3537   390  18.412   1.093         
 3538   390  18.583   0.740         
 3539   390  18.518   1.206         
 3540   390  18.847   1.833         
 3541   390  18.589   1.221         
 3542   390  18.601   1.196         
 3543   390  18.496   1.073         
 3544   390  18.450   1.194         
 3545   390  18.976   1.819         
 3546   390  18.933   1.681         
 3547   390  18.467   1.147         
 3548   390  18.914   1.709         
 3549   390  18.566   1.202         
 3550   390  18.568   1.025         
 3551   390  18.863   1.589         
 3553   390  18.933   1.613         
 3554   390  18.993   1.541         
 3555   390  18.777   1.577         
 3556   390  18.945   1.158         
 3557   390  19.111   2.183         
 3558   390  18.645   1.231         
 3560   390  18.945   1.328         
 3561   390  18.493   1.062         
 3562   390  18.986   1.129         
 3563   390  18.719   1.233         
 3564   390  18.796   1.352         
 3565   390  18.536   1.068         
 3566   390  19.013   1.382         
 3568   390  18.606   1.060         
 3569   390  19.324   1.576         
 3570   390  19.946   2.083         
 3571   390  18.651   1.176         
 3572   390  19.083   1.587         
 3573   390  19.409   1.871         
 3574   390  18.787   0.902         
 3575   390  18.495   1.350         
 3576   390  19.294   1.831         
 3579   390  18.975   1.383         
 3580   390  18.989   1.351         
 3581   390  18.804   1.308         
 3582   390  18.803   1.286         
 3583   390  18.831   1.159         
 3584   390  19.164   1.952         
 3586   390  18.734   1.047         
 3587   390  19.266   0.977         
 3588   390  19.989   2.367         
 3589   390  19.140   1.410         
 3590   390  18.812   1.367         
 3591   390  19.099   1.523         
 3592   390  19.109   1.798         
 3593   390  18.990   1.152         
 3594   390  18.665   1.090         
 3596   390  19.385   1.966         
 3597   390  19.122   1.829         
 3598   390  19.315   1.812         
 3599   390  19.224   1.582         
 3600   390  18.951   1.243         
 3602   390  18.872   1.022         
 3603   390  19.144   1.737         
 3604   390  18.770   1.158         
 3605   390  19.257   1.045         
 3606   390  18.591   1.063         
 3607   390  19.261   1.425         
 3608   390  19.320   1.507         
 3609   390  18.691   1.098         
 3610   390  19.180   1.387         
 3611   390  19.149   1.453         
 3612   390  18.816   1.015         
 3613   390  18.873   1.125         
 3614   390  18.821   0.954         
 3615   390  19.334   1.658         
 3616   390  19.732   1.675         
 3619   390  18.723   1.279         
 3620   390  18.862   1.044         
 3621   390  19.654   2.013         
 3622   390  19.342   0.867         
 3623   390  19.474   1.771         
 3625   390  19.265   1.464         
 3626   390  19.042   1.388         
 3627   390  18.909   1.284         
 3629   390  19.161   1.481         
 3630   390  19.615   2.243         
 3631   390  19.513   1.464         
 3632   390  19.655   1.985         
 3634   390  19.522   1.683         
 3635   390  19.349   1.023         
 3636   390  19.044   1.287         
 3637   390  19.117   1.114         
 3638   390  19.320   1.742         
 3640   390  19.156   2.014         
 3641   390  18.722   1.075         
 3642   390  19.103   1.321         
 3644   390  19.465   1.287         
 3645   390  19.369   1.484         
 3646   390  19.140   1.337         
 3647   390  18.943   1.766         
 3648   390  18.988   1.184         
 3649   390  19.601   1.769         
 3651   390  19.984   1.935         
 3652   390  19.688   1.813         
 3653   390  18.954   0.995         
 3654   390  19.765   1.653         
 3655   390  19.614   1.349         
 3656   390  19.063   1.335         
 3657   390  19.121   1.621         
 3658   390  19.530   2.022         
 3659   390  19.515   1.943         
 3660   390  19.559   1.432         
 3661   390  19.022   1.032         
 3662   390  19.049   1.402         
 3663   390  19.358   1.247         
 3664   390  19.930   1.881         
 3665   390  19.140   1.304         
 3667   390  19.098   1.622         
 3668   390  19.303   1.973         
 3670   390  19.265   1.118         
 3671   390  19.005   0.985         
 3672   390  19.247   1.249         
 3673   390  19.908   1.132         
 3674   390  18.976   1.077         
 3675   390  19.153   1.586         
 3676   390  20.151   2.064         
 3678   390  19.585   1.026         
 3679   390  19.408   1.285         
 3680   390  19.189   0.491         
 3681   390  19.827   1.676         
 3682   390  19.113   1.390         
 3683   390  19.312   1.201         
 3684   390  19.211   1.471         
 3685   390  19.452   1.097         
 3687   390  19.715   1.789         
 3688   390  19.215   0.562         
 3690   390  19.154   1.094         
 3691   390  19.868   2.059         
 3694   390  19.738   1.124         
 3695   390  19.294   1.276         
 3696   390  19.120   0.984         
 3697   390  20.047   2.055         
 3699   390  19.120   1.007         
 3701   390  19.101   1.182         
 3702   390  19.302   1.232         
 3703   390  19.086   1.042         
 3704   390  19.720   1.843         
 3705   390  18.958   0.932         
 3706   390  19.611   1.471         
 3707   390  19.911   1.127         
 3708   390  19.466   0.851         
 3709   390  19.093   1.066         
 3713   390  19.310   0.962         
 3714   390  19.979   2.014         
 3715   390  19.629   1.713         
 3716   390  19.363   1.190         
 3717   390  19.337   1.365         
 3718   390  20.211   1.520         
 3719   390  19.283   0.878         
 3720   390  19.378   1.292         
 3721   390  19.203   1.490         
 3723   390  20.399   1.429         
 3724   390  19.706   0.988         
 3725   390  19.907   1.636         
 3726   390  19.488   1.041         
 3727   390  19.060   1.220         
 3728   390  19.660   0.955         
 3729   390  19.184   0.978         
 3730   390  19.906   1.554         
 3733   390  19.107   1.124         
 3734   390  19.297   1.241         
 3737   390  19.210   1.084         
 3739   390  19.606   1.469         
 3740   390  19.775   1.522         
 3741   390  19.740   1.837         
 3742   390  19.238   1.003         
 3744   390  19.333   1.176         
 3745   390  19.364   0.943         
 3748   390  19.453   1.136         
 3749   390  19.362   1.177         
 3750   390  19.368   1.059         
 3752   390  19.313   1.135         
 3754   390  19.305   0.905         
 3755   390  19.174   1.123         
 3757   390  19.511   0.919         
 3759   390  19.762   1.527         
 3761   390  19.417   1.494         
 3762   390  19.309   1.298         
 3763   390  19.356   1.218         
 3765   390  19.415   1.147         
 3770   390  20.128   1.485         
 3771   390  19.545   1.672         
 3772   390  19.654   1.080         
 3774   390  19.791   1.197         
 3775   390  19.915   1.411         
 3778   390  19.404   1.866         
 3779   390  19.477   1.468         
 3784   390  19.630   1.080         
 3786   390  19.288   1.222         
 3787   390  19.549   1.103         
 3789   390  19.419   1.015         
 3790   390  19.728   1.332         
 3791   390  19.869   1.190         
 3793   390  20.145   1.556         
 3794   390  19.875   1.170         
 3795   390  20.086   1.387         
 3797   390  19.342   1.141         
 3798   390  20.255   1.200         
 3799   390  19.489   1.086         
 3801   390  19.827   1.346         
 3802   390  19.365   1.209         
 3803   390  19.471   1.196         
 3804   390  19.665   1.143         
 3805   390  19.470   1.175         
 3807   390  19.537   1.235         
 3809   390  19.643   1.757         
 3811   390  20.229   1.382         
 3812   390  19.666   1.559         
 3813   390  19.483   1.221         
 3814   390  19.745   0.894         
 3815   390  19.383   1.021         
 3816   390  20.142   0.921         
 3817   390  19.678   0.812         
 3821   390  19.825   1.566         
 3822   390  19.970   1.782         
 3823   390  20.054   1.146         
 3824   390  18.671   0.740         
 3825   390  19.756   2.088         
 3830   390  21.193   0.763         
 3832   390  19.598   1.280         
 3833   390  19.950   1.682         
 3834   390  20.245   0.901         
 3835   390  19.549   0.849         
 3836   390  19.981   1.668         
 3837   390  19.441   0.938         
 3839   390  19.490   0.783         
 3841   390  20.096   1.700         
 3842   390  19.832   1.321         
 3843   390  20.192   1.323         
 3844   390  19.960   2.244         
 3845   390  19.283   0.626         
 3846   390  19.535   1.000         
 3847   390  19.243   0.194         
 3849   390  19.947   1.777         
 3850   390  19.221   0.333         
 3853   390  19.635   1.076         
 3854   390  20.087   1.004         
 3856   390  19.738   0.358         
 3857   390  19.776   1.466         
 3858   390  19.471   0.963         
 3861   390  20.269   2.283         
 3862   390  19.721   1.099         
 3864   390  20.061   1.121         
 3865   390  20.096   0.840         
 3867   390  19.556   0.920         
 3869   390  19.800   1.098         
 3872   390  19.859   1.072         
 3873   390  19.450   0.783         
 3874   390  19.911   1.433         
 3879   390  19.798   1.475         
 3882   390  20.263   1.358         
 3883   390  20.028   1.539         
 3884   390  19.713   1.398         
 3893   390  20.007   1.142         
 3897   390  20.186   1.325         
 3898   390  19.874   2.012         
 3899   390  20.043  -0.081         
 3900   390  20.139   1.302         
 3903   390  19.923   1.278         
 3904   390  20.633   0.918         
 3905   390  20.204   1.355         
 3908   390  19.851   1.204         
 3909   390  19.979   0.939         
 3910   390  20.111   1.120         
 3913   390  19.889   1.281         
 3914   390  19.835   1.300         
 3915   390  20.070   1.412         
 3918   390  20.509   1.163         
 3921   390  19.475   0.198         
 3922   390  20.793   1.410         
 3923   390  19.833   0.375         
 3924   390  19.952   1.547         
 3925   390  19.239   0.962         
 3927   390  20.498  -0.628         
 3928   390  20.071   1.602         
 3929   390  20.308   1.534         
 3933   390  19.750   0.750         
 3935   390  20.061   1.048         
 3938   390  20.178   2.042         
 3941   390  20.353   0.881         
 3944   390  20.654   2.108         
 3945   390  19.859   1.021         
 3949   390  20.084   1.398         
 3950   390  20.384   0.729         
 3954   390  20.054   1.337         
 3957   390  20.098   1.015         
 3964   390  20.287   0.938         
 3966   390  20.228   0.697         
 3970   390  19.812   1.324         
 3972   390  20.384   1.964         
 3973   390  20.203   1.276         
 3974   390  20.087   0.374         
 3976   390  20.590   1.467         
 3977   390  20.151   0.854         
 3978   390  20.547   1.151         
 3979   390  19.575   0.365         
 3980   390  20.265   2.300         
 3982   390  20.296   0.946         
 3985   390  20.401   1.261         
 3986   390  20.301   0.509         
 3987   390  20.228   0.511         
 3989   390  20.032   0.492         
 3990   390  20.469  -0.130         
 3993   390  19.866   0.625         
 3995   390  20.605   1.648         
 3996   390  20.398   0.587         
 3999   390  21.108   1.388         
 4001   390  20.400   1.279         
 4002   390  20.305   0.833         
 4003   390  19.776   1.019         
 4004   390  20.403   1.314         
 4009   390  20.433   0.796         
 4010   390  20.184   0.733         
 4011   390  20.032   0.394         
 4012   390  20.362   0.615         
 4013   390  19.975   0.933         
 4014   390  20.025   0.404         
 4015   390  19.544   0.794         
 4018   390  19.919   0.871         
 4019   390  20.907   1.790         
 4028   390  20.107   0.253         
 4029   390  20.775   0.765         
 4030   390  20.353   0.238         
 4031   390  20.503   0.954         
 4032   390  21.480   0.539         
 4033   390  20.333   0.637         
 4037   390  20.471   0.111         
 4038   390  20.265   1.412         
 4039   390  20.149   0.701         
 4040   390  20.617   0.911         
 4041   390  20.143   0.722         
 4042   390  19.738   1.095         
 4043   390  20.581   0.360         
 4044   390  20.249   0.926         
 4048   390  20.402   0.933         
 4051   390  20.487   1.083         
 4055   390  20.436   0.945         
 4057   390  20.867   1.344         
 4060   390  20.407   0.722         
 4064   390  21.278   0.393         
 4067   390  21.085   1.110         
 4068   390  20.561   1.166         
 4070   390  20.529   0.579         
 4071   390  20.459   0.896         
 4076   390  21.106   1.064         
 4078   390  21.531   0.983         
 4079   390  20.756   1.006         
 4080   390  20.695   0.686         
 4081   390  21.142   1.184         
 4085   390  20.812   0.090         
 4086   390  20.657   0.651         
 4089   390  21.265   1.314         
 4090   390  21.893   0.516         
 4091   390  20.967   0.264         
 4092   390  20.524   0.540         
 4093   390  21.061   0.511         
 4094   390  21.695   0.341         
 4096   390  21.696   0.586         
 4097   390  21.425   0.258