UBV CCD observations

  No    Ref    V       B-V     U-B

 0001   274   8.810   0.050  -0.580
 0002   274   8.840   0.060  -0.540
 0003   274  10.410   0.050  -0.480
 0004   274  10.980   0.080  -0.390
 0005   274  11.090   0.080  -0.340
 0006   274  11.450   1.090   0.920
 0007   274  11.680   0.120  -0.170
 0008   274  11.700   0.110  -0.110
 0009   274  11.760   0.210   0.090
 0010   274  11.880   0.100  -0.080
 0011   274  12.010   0.240   0.130
 0012   274  12.370   0.200   0.050
 0013   274  12.420   0.410   0.150
 0014   274  12.600   0.250   0.060
 0015   274  12.700   0.230   0.070
 0016   274  12.710   0.200   0.140
 0017   274  12.800   0.610   0.030
 0018   274  12.800   0.270   0.180
 0019   274  12.850   0.380   0.180
 0020   274  12.860   0.560  -0.100
 0021   274  13.050   0.210   0.060
 0022   274  13.060   0.470   0.170
 0023   274  13.090   0.600   0.220
 0024   274  13.170   0.470   0.160
 0025   274  13.300   0.290   0.150
 0026   274  13.340   0.320   0.200
 0027   274  13.580   0.450   0.110
 0028   274  13.690   0.460   0.180
 0029   274  13.810   0.420   0.170
 0030   274  13.870   0.420   0.270
 0031   274  13.880   0.460   0.190
 0032   274  13.950   0.520   0.180
 0033   274  13.980   0.440   0.180
 0034   274  14.000   0.680   0.160
 0035   274  14.000   0.620   0.100
 0036   274  14.030   0.590   0.260
 0037   274  14.070   0.490   0.130
 0038   274  14.100   0.450   0.140
 0039   274  14.170   0.520   0.100
 0040   274  14.190   0.520   0.010
 0041   274  14.220   2.130   0.810
 0042   274  14.280   0.670   0.480
 0043   274  14.370  -1.170  -0.610
 0044   274  14.410   0.590   0.130
 0045   274  14.480   0.510   0.210
 0046   274  14.590   0.680         
 0047   274  14.600   0.780   0.450
 0048   274  14.630   0.730   0.170
 0049   274  14.670   0.970   0.080
 0050   274  14.740   0.490   0.020
 0051   274  14.750   0.620   0.110
 0052   274  14.830   0.650  -0.020
 0053   274  14.830   0.550   0.280
 0054   274  14.850   0.670   0.030
 0055   274  14.860   0.660   0.180
 0056   274  14.880   0.690   0.140
 0057   274  14.900   0.650         
 0058   274  14.970   0.540   0.070
 0059   274  15.020   0.830   0.500
 0060   274  15.030   0.650   0.140
 0061   274  15.040   0.750   0.210
 0062   274  15.060   0.630   0.220
 0063   274  15.070   0.590   0.130
 0064   274  15.110   0.790   0.220
 0065   274  15.140   0.560   0.250
 0066   274  15.170   0.640  -0.130
 0067   274  15.220   0.560   0.110
 0068   274  15.270   0.640   0.010
 0069   274  15.270   1.550         
 0070   274  15.280   0.670   0.180
 0071   274  15.280   0.920   0.530
 0072   274  15.340   0.660   0.040
 0073   274  15.360   0.720   0.130
 0074   274  15.390   0.740   0.440
 0075   274  15.400   0.960   0.840
 0076   274  15.470   1.130         
 0077   274  15.540   0.920   0.640
 0078   274  15.550   0.880   0.020
 0079   274  15.550   0.950   0.290
 0080   274  15.550   2.350  -0.070
 0081   274  15.570   1.580   1.500
 0082   274  15.650   0.700         
 0083   274  15.680   0.850   0.380
 0084   274  15.750   0.820         
 0085   274  15.770   0.650  -0.120
 0086   274  15.790   1.650         
 0087   274  15.820   0.910   0.440
 0088   274  15.840   2.490         
 0089   274  15.850   0.780   0.180
 0090   274  15.870   0.870   0.390
 0091   274  15.900   0.900   0.470
 0092   274  15.910   1.300   0.530
 0093   274  15.910   0.840   0.420
 0094   274  15.950   0.680   0.360
 0095   274  15.970   0.980         
 0096   274  15.970   0.910         
 0097   274  16.010   0.800   0.300
 0098   274  16.030   0.830   0.400
 0099   274  16.030   2.070         
 0100   274  16.100   0.840         
 0101   274  16.100   2.140         
 0102   274  16.110   0.880         
 0103   274  16.150   0.860   0.380
 0104   274  16.160   0.800         
 0105   274  16.230   1.760         
 0106   274  16.240   1.190         
 0107   274  16.250   1.360         
 0108   274  16.250   0.990         
 0109   274  16.260   1.600         
 0110   274  16.280   0.970         
 0111   274  16.320   1.170   1.000
 0112   274  16.340   0.720         
 0113   274  16.350   1.050   0.530
 0114   274  16.360   1.020   0.400
 0115   274  16.370   1.040         
 0116   274  16.410   1.790         
 0117   274  16.410   1.030         
 0118   274  16.410   0.870         
 0119   274  16.430   0.850         
 0120   274  16.430   1.840         
 0121   274  16.440   0.910   0.460
 0122   274  16.480   1.750         
 0123   274  16.480   0.910   0.620
 0124   274  16.520   1.690         
 0125   274  16.590   0.890   0.540
 0126   274  16.590   1.000   0.790
 0127   274  16.600   0.910   0.380
 0128   274  16.610   1.400         
 0129   274  16.620   0.990         
 0130   274  16.630   0.910         
 0131   274  16.630   1.110         
 0132   274  16.640   0.920         
 0133   274  16.670   0.880         
 0134   274  16.670   1.040   0.620
 0135   274  16.670   0.950         
 0136   274  16.680   0.850   0.400
 0137   274  16.690   0.910         
 0138   274  16.710   0.960         
 0139   274  16.720   1.240         
 0140   274  16.730   0.940   0.330
 0141   274  16.740   0.770         
 0142   274  16.770   1.060         
 0143   274  16.780   0.880         
 0144   274  16.800   0.840         
 0145   274  16.810   0.930         
 0146   274  16.820   1.260   0.510
 0147   274  16.820   1.150         
 0148   274  16.830   1.110         
 0149   274  16.830   1.180         
 0150   274  16.840   1.880         
 0151   274  16.850   1.320   0.710
 0152   274  16.850   1.090         
 0153   274  16.860   1.960         
 0154   274  16.870   0.800         
 0155   274  16.880   0.860         
 0156   274  16.900   1.050         
 0157   274  16.900   1.200         
 0158   274  16.910   1.980         
 0159   274  16.950   1.150         
 0160   274  16.960   0.900         
 0161   274  16.990   1.180         
 0162   274  16.990   1.000         
 0163   274  16.990   1.100         
 0164   274  16.990   0.940         
 0165   274  17.000   0.940   0.560
 0166   274  17.030   0.920         
 0167   274  17.040   1.640   0.270
 0168   274  17.050   0.990         
 0169   274  17.060   1.080         
 0170   274  17.100   1.930         
 0171   274  17.100   1.330         
 0172   274  17.110   1.110         
 0173   274  17.130   1.000   0.650
 0174   274  17.130   0.960         
 0175   274  17.140   1.070         
 0176   274  17.140   0.760         
 0177   274  17.150   1.920         
 0178   274  17.160   0.980         
 0179   274  17.230   1.010         
 0180   274  17.250   1.950         
 0181   274  17.250   1.120         
 0182   274  17.250   0.960         
 0183   274  17.280   1.260         
 0184   274  17.280   1.180         
 0185   274  17.300   1.140   0.680
 0186   274  17.330   1.010         
 0187   274  17.340   2.160         
 0188   274  17.350   1.110   0.610
 0189   274  17.350   1.410         
 0190   274  17.360   1.600         
 0191   274  17.360   1.170         
 0192   274  17.360   1.160         
 0193   274  17.400   1.810         
 0194   274  17.440   1.050   0.250
 0195   274  17.440   2.020         
 0196   274  17.480   0.930         
 0197   274  17.500   0.990         
 0198   274  17.500   2.060         
 0199   274  17.540   0.940         
 0200   274  17.560   1.280         
 0201   274  17.590   1.020         
 0202   274  17.590   2.170         
 0203   274  17.600   1.060         
 0204   274  17.600   1.000         
 0205   274  17.600   0.740         
 0206   274  17.620   2.240         
 0207   274  17.620   1.290         
 0208   274  17.630   1.370         
 0209   274  17.650   1.310         
 0210   274  17.660   2.090         
 0211   274  17.660   1.110         
 0212   274  17.670   1.100   0.270
 0213   274  17.680   1.360         
 0214   274  17.700   1.290         
 0215   274  17.710   1.200         
 0216   274  17.730   1.140         
 0217   274  17.760   1.060         
 0218   274  17.770   1.180         
 0219   274  17.770   1.330         
 0220   274  17.770   1.010   0.490
 0221   274  17.790   1.170         
 0222   274  17.800   0.800         
 0223   274  17.800   1.230         
 0224   274  17.810   1.110         
 0225   274  17.820   1.360         
 0226   274  17.840   1.110         
 0227   274  17.840   1.220         
 0228   274  17.850   1.190         
 0229   274  17.860   0.980         
 0230   274  17.870   1.440         
 0231   274  17.870   1.520         
 0232   274  17.880   1.110         
 0233   274  17.890   1.500         
 0234   274  17.910   1.250         
 0235   274  17.920   1.350         
 0236   274  17.920   1.130         
 0237   274  17.920   1.320         
 0238   274  17.930   1.550         
 0239   274  17.930   1.120         
 0240   274  17.940   1.040         
 0241   274  17.940   2.040         
 0242   274  17.950   1.920         
 0243   274  17.950   1.160         
 0244   274  17.960   1.290         
 0245   274  17.970   1.140         
 0246   274  17.970   1.160         
 0247   274  17.980   1.520         
 0248   274  17.990   1.080         
 0249   274  17.990   1.220         
 0250   274  18.000   1.240         
 0251   274  18.010   1.280         
 0252   274  18.030   0.700         
 0253   274  18.050   1.170         
 0254   274  18.050   1.380         
 0255   274  18.060   1.270         
 0256   274  18.060   1.240         
 0257   274  18.070   1.150         
 0258   274  18.090   2.160         
 0259   274  18.110   1.170         
 0260   274  18.130   1.110         
 0261   274  18.140   1.070         
 0262   274  18.140   1.500         
 0263   274  18.150   1.140         
 0264   274  18.170   1.130   0.220
 0265   274  18.170   0.950         
 0266   274  18.180   1.260         
 0267   274  18.210   1.040         
 0268   274  18.220   1.150         
 0269   274  18.230   1.220         
 0270   274  18.240   1.220         
 0271   274  18.250   1.040         
 0272   274  18.250   1.340         
 0273   274  18.250   0.650         
 0274   274  18.250   1.230         
 0275   274  18.260   1.200   1.670
 0276   274  18.260   1.100         
 0277   274  18.260   1.650         
 0278   274  18.270   1.050         
 0279   274  18.300   1.270   0.240
 0280   274  18.300   1.170         
 0281   274  18.310   0.750         
 0282   274  18.310   1.290         
 0283   274  18.310   1.550         
 0284   274  18.320   0.610         
 0285   274  18.340   1.220         
 0286   274  18.340   1.300         
 0287   274  18.360   1.250         
 0288   274  18.360   1.290         
 0289   274  18.360   1.160         
 0290   274  18.370   1.140         
 0291   274  18.380   1.030         
 0292   274  18.390   1.870         
 0293   274  18.390   1.440         
 0294   274  18.400   1.270         
 0295   274  18.410   0.970         
 0296   274  18.450   1.500         
 0297   274  18.460   1.240         
 0298   274  18.460   1.140         
 0299   274  18.470   1.240         
 0300   274  18.490   2.290         
 0301   274  18.500   1.290         
 0302   274  18.510   1.180         
 0303   274  18.520   1.240         
 0304   274  18.530   1.210         
 0305   274  18.530   0.920         
 0306   274  18.530   1.060         
 0307   274  18.540   0.930         
 0308   274  18.550   1.550         
 0309   274  18.560   1.420         
 0310   274  18.570   1.090         
 0311   274  18.570   1.100         
 0312   274  18.580   1.280         
 0313   274  18.600   1.560         
 0314   274  18.600   1.750         
 0315   274  18.620   1.430         
 0316   274  18.620   1.600         
 0317   274  18.630   1.200         
 0318   274  18.640   1.000         
 0319   274  18.640   1.270         
 0320   274  18.650   1.750         
 0321   274  18.660   1.540         
 0322   274  18.660   1.450         
 0323   274  18.660   0.930         
 0324   274  18.670   1.150         
 0325   274  18.670   1.630         
 0326   274  18.680   1.220         
 0327   274  18.690   1.370         
 0328   274  18.700   0.510         
 0329   274  18.700   1.400         
 0330   274  18.710   1.310         
 0331   274  18.740   1.700         
 0332   274  18.740   1.280         
 0333   274  18.750   1.400         
 0334   274  18.800   1.150         
 0335   274  18.820   1.550         
 0336   274  18.820   1.450         
 0337   274  18.820   1.430         
 0338   274  18.830   1.180         
 0339   274  18.840   1.350         
 0340   274  18.870   1.400         
 0341   274  18.880   1.350         
 0342   274  18.900   1.350         
 0343   274  18.900   1.190         
 0344   274  18.930   0.810         
 0345   274  18.940   1.290         
 0346   274  18.950   1.340         
 0347   274  18.980   1.090         
 0348   274  18.980   1.310         
 0349   274  19.000   1.350         
 0350   274  19.010   1.390         
 0351   274  19.030   1.660         
 0352   274  19.040  -0.010         
 0353   274  19.070   1.070         
 0354   274  19.140   1.550         
 0355   274  19.160   1.460         
 0356   274  19.200   1.660         
 0357   274  19.200   1.180         
 0358   274  19.240   1.540         
 0359   274  19.300   1.100         
 0360   274  19.330   1.500         
 0361   274  19.350   0.990         
 0362   274  19.500   0.950         
 0363   274  19.550   1.100         
 0364   274  19.760   2.130         
 0365   274  19.860   2.010         
 0366   274  19.900   0.640         
 0367   274  12.370   0.140   0.050
 0368   274  13.090   0.200   0.180