UBV CCD observations

  No    Ref    V       B-V     U-B

 0301   395  14.630   0.740         
 0302   395  15.180   1.190         
 0303   395  14.850   1.300         
 0304   395  15.050   0.900         
 0305   395  14.840   0.810         
 0306   395  14.600   1.810         
 0307   395  14.940   0.770         
 0308   395  14.800   2.070         
 0309   395  14.260   0.730         
 0310   395  14.930   2.130         
 0311   395  14.770   1.590         
 0312   395  13.210   0.300         
 0313   395  14.270   0.620         
 0314   395  14.700   0.710         
 0315   395  15.090   0.920         
 0316   395  14.510   0.550         
 0317   395  14.420   0.570         
 0318   395  14.870   0.660         
 0319   395  15.240   0.720         
 0320   395  14.710   1.400         
 0321   395  15.110   2.120         
 0322   395  14.560   0.670         
 0323   395  14.930   1.450         
 0324   395  14.370   0.630         
 0325   395  14.660   2.100         
 0326   395  14.630   1.210         
 0327   395  14.880   1.470         
 0328   395  14.980   1.600         
 0329   395  15.220   0.760         
 0330   395  14.370   1.240         
 0331   395  15.190   0.690         
 0332   395  14.870   1.200         
 0333   395  14.730   0.540         
 0334   395  14.650   0.660         
 0335   395  14.480   0.690         
 0336   395  14.480   0.720         
 0337   395  14.550   0.640         
 0338   395  15.070   0.980         
 0339   395  14.460   0.640         
 0340   395  15.080   0.860         
 0341   395  14.670   1.470         
 0342   395  14.570   1.630         
 0343   395  13.870   1.800         
 0344   395  15.210   1.050         
 0345   395  14.160   0.940         
 0346   395  14.580   0.550         
 0347   395  15.140   0.730         
 0348   395  15.000   0.760         
 0349   395  15.170   1.480         
 0350   395  14.460   2.250         
 0351   395  15.000   1.080         
 0352   395  15.140   1.380