UBV CCD observations

  No    Ref    V       B-V     U-B

 0001   447  11.074   0.927         
 0002   447  12.052   0.127         
 0003   447  11.922   0.623         
 0004   447  11.843   1.114         
 0005   447  11.970   1.041         
 0006   447  12.792   0.141         
 0007   447  12.005   2.964         
 0008   447  13.486   0.190         
 0009   447  13.646   0.478         
 0010   447  12.854   2.688         
 0011   447  13.908   0.265         
 0012   447  13.714   0.887         
 0013   447  13.957   0.975         
 0014   447  14.153   0.506         
 0015   447  14.230   0.425         
 0016   447  14.384   0.294         
 0017   447  14.293   0.473         
 0018   447  14.440   0.234         
 0019   447  14.358   0.696         
 0020   447  14.600   0.640         
 0021   447  14.679   0.979         
 0022   447  14.876   0.701         
 0023   447  14.992   0.764         
 0024   447  14.959   1.425         
 0025   447  15.085   0.679         
 0026   447  16.263   2.742         
 0027   447  15.140   0.886         
 0028   447  15.253   1.043         
 0029   447  15.201   1.041         
 0030   447  15.241   1.130         
 0031   447  15.270   1.065         
 0032   447  15.315   1.064         
 0033   447  15.274   1.041         
 0034   447  15.241   0.988         
 0035   447  15.524   1.753         
 0036   447  15.577   0.619         
 0037   447  15.550   0.614         
 0038   447  15.783   2.289         
 0039   447  15.585   0.949         
 0040   447  15.594   0.538         
 0041   447  15.646   1.011         
 0042   447  15.688   0.660         
 0043   447  15.729   1.019         
 0044   447  15.681   0.816         
 0045   447  15.791   0.761         
 0046   447  16.027   2.111         
 0047   447  15.890   0.938         
 0048   447  15.863   0.652         
 0049   447  15.992   1.762         
 0050   447  16.157   1.749         
 0051   447  15.846   0.612         
 0052   447  15.919   0.727         
 0054   447  15.999   1.025         
 0055   447  16.569   2.134         
 0056   447  16.125   1.023         
 0057   447  17.726   3.222         
 0058   447  18.644   2.467         
 0059   447  16.185   0.704         
 0060   447  16.245   0.917         
 0061   447  16.833   2.271         
 0062   447  16.218   0.979         
 0063   447  16.129   1.025         
 0064   447  19.470   2.864         
 0066   447  16.134   0.597         
 0067   447  16.336   0.705         
 0068   447  16.883   1.678         
 0069   447  17.156   2.437         
 0070   447  16.374   0.916         
 0071   447  16.619   1.755         
 0072   447  16.284   0.738         
 0073   447  16.300   0.776         
 0074   447  16.342   1.029         
 0075   447  16.433   0.731         
 0076   447  16.459   1.075         
 0077   447  16.420   0.861         
 0078   447  16.469   0.913         
 0079   447  16.552   1.106         
 0080   447  16.560   0.984         
 0081   447  16.565   0.615         
 0082   447  16.916   1.905         
 0083   447  17.105   2.124         
 0084   447  16.948   2.079         
 0086   447  16.435   0.927         
 0087   447  16.573   0.718         
 0088   447  17.335   2.410         
 0089   447  17.219   2.334         
 0090   447  16.552   0.701         
 0091   447  16.596   1.092         
 0092   447  16.659   0.814         
 0093   447  16.642   0.736         
 0094   447  16.659   1.072         
 0095   447  16.553   1.218         
 0096   447  16.738   1.006         
 0097   447  16.786   0.791         
 0098   447  16.726   0.732         
 0099   447  18.744   2.644         
 0100   447  16.651   0.856         
 0101   447  16.922   1.003         
 0102   447  16.904   1.327         
 0103   447  17.679   2.727         
 0104   447  17.649   1.971         
 0105   447  17.037   1.189         
 0106   447  17.054   0.994         
 0107   447  17.063   0.924         
 0108   447  17.019   0.810         
 0109   447  17.134   1.083         
 0110   447  17.099   0.979         
 0111   447  17.116   0.911         
 0112   447  17.173   1.277         
 0113   447  17.102   1.033         
 0114   447  18.354   2.672         
 0115   447  17.561   1.447         
 0116   447  17.548   1.879         
 0117   447  17.225   1.101         
 0118   447  17.045   0.794         
 0119   447  17.028   0.750         
 0120   447  17.080   0.854         
 0121   447  16.978   0.789         
 0122   447  17.163   0.852         
 0123   447  18.626   2.901         
 0124   447  17.221   1.056         
 0125   447  17.725   2.099         
 0126   447  18.351   2.386         
 0127   447  17.237   1.056         
 0128   447  17.766   1.904         
 0129   447  17.986   2.311         
 0130   447  17.676   1.883         
 0131   447  17.322   1.084         
 0132   447  17.255   0.987         
 0133   447  17.446   1.269         
 0134   447  17.353   1.078         
 0135   447  17.819   2.178         
 0136   447  17.181   0.782         
 0137   447  17.292   1.115         
 0138   447  17.467   1.125         
 0139   447  17.892   1.960         
 0140   447  17.489   1.365         
 0141   447  17.424   1.000         
 0143   447  17.399   0.789         
 0144   447  17.444   0.960         
 0146   447  17.492   1.103         
 0147   447  17.593   1.129         
 0148   447  17.378   0.794         
 0150   447  17.587   1.068         
 0151   447  18.939   3.068         
 0152   447  17.573   0.984         
 0153   447  17.574   1.063         
 0154   447  18.706   2.583         
 0155   447  17.717   1.339         
 0156   447  17.486   0.798         
 0157   447  17.689   1.104         
 0158   447  17.844   1.382         
 0159   447  18.175   2.091         
 0160   447  17.633   0.921         
 0161   447  17.780   1.117         
 0162   447  18.673   2.526         
 0163   447  17.699   0.882         
 0164   447  17.340   1.041         
 0165   447  17.812   1.309         
 0167   447  17.553   0.864         
 0168   447  17.771   1.012         
 0169   447  18.387   2.006         
 0170   447  18.966   2.719         
 0171   447  17.860   1.246         
 0174   447  18.557   2.326         
 0175   447  17.798   0.907         
 0176   447  17.863   0.996         
 0177   447  18.293   2.237         
 0178   447  18.010   1.017         
 0179   447  17.940   1.077         
 0180   447  17.915   1.067         
 0181   447  17.819   1.137         
 0182   447  18.147   1.379         
 0183   447  18.053   1.369         
 0184   447  18.022   1.224         
 0185   447  17.945   0.956         
 0188   447  18.099   1.176         
 0189   447  18.035   0.991         
 0190   447  18.150   1.153         
 0191   447  18.276   1.504         
 0193   447  18.874   2.581         
 0194   447  18.097   1.061         
 0195   447  19.385   2.801         
 0196   447  17.974   1.991         
 0197   447  18.070   0.872         
 0198   447  18.149   1.142         
 0199   447  18.128   1.376         
 0200   447  18.352   1.190         
 0201   447  17.947   0.878         
 0203   447  18.278   1.324         
 0204   447  18.261   1.253         
 0205   447  18.233   1.162         
 0206   447  18.075   1.247         
 0207   447  18.271   1.289         
 0208   447  19.685   2.903         
 0210   447  18.258   1.235         
 0212   447  18.239   1.239         
 0213   447  18.262   1.054         
 0214   447  18.195   1.135         
 0215   447  18.989   2.113         
 0217   447  18.863   2.337         
 0218   447  18.185   1.286         
 0219   447  18.093   1.381         
 0220   447  18.354  -0.012         
 0221   447  18.372   1.552         
 0222   447  18.354   1.037         
 0224   447  19.390   2.242         
 0225   447  18.199   1.160         
 0226   447  18.326   1.323         
 0227   447  19.242   2.705         
 0228   447  19.353   2.485         
 0229   447  17.919   1.725         
 0230   447  18.403   1.266         
 0231   447  18.860   1.819         
 0233   447  18.382   1.077         
 0234   447  18.662   1.583         
 0235   447  18.727   1.649         
 0236   447  18.570   1.579         
 0239   447  18.538   1.917         
 0240   447  19.240   2.233         
 0241   447  19.470   1.623         
 0244   447  19.340   2.558         
 0245   447  18.305   1.212         
 0246   447  18.227   0.929         
 0247   447  18.345   0.991         
 0249   447  18.469   1.630         
 0250   447  19.156   1.959         
 0251   447  19.326   2.811         
 0252   447  19.405   2.396         
 0253   447  19.160   2.126         
 0254   447  18.678   1.282         
 0255   447  18.521   1.073         
 0256   447  19.403   2.534         
 0257   447  18.651   1.324         
 0258   447  18.587   1.402         
 0260   447  18.373   1.042         
 0262   447  19.471   2.768         
 0263   447  18.551   1.310         
 0264   447  18.515   1.078         
 0265   447  19.037   2.252         
 0266   447  18.685   1.340         
 0267   447  18.761   1.555         
 0268   447  18.805   1.649         
 0269   447  18.786   1.490         
 0270   447  18.782   2.297         
 0271   447  18.695   1.258         
 0272   447  18.591   1.228         
 0273   447  19.356   2.488         
 0274   447  18.903   1.637         
 0275   447  18.261   1.710         
 0276   447  18.524   0.979         
 0277   447  18.682   1.199         
 0278   447  18.608   1.123         
 0279   447  19.914   2.121         
 0280   447  19.463   1.170         
 0282   447  18.753   1.470         
 0283   447  18.578   1.441         
 0284   447  18.712   1.711         
 0286   447  18.717   1.208         
 0287   447  18.614   1.242         
 0288   447  19.132   1.684         
 0289   447  18.655   1.202         
 0290   447  18.821   1.298         
 0291   447  18.671   1.230         
 0293   447  18.708   1.225         
 0294   447  18.829   0.827         
 0295   447  18.766   1.627         
 0296   447  18.753   1.654         
 0297   447  19.697   2.360         
 0298   447  18.685   1.116         
 0299   447  18.662   1.504         
 0300   447  18.731   1.284         
 0301   447  18.816   1.397         
 0302   447  18.768   0.792         
 0303   447  18.802   1.276         
 0304   447  19.728   2.051         
 0306   447  18.729   1.165         
 0308   447  19.087   1.704         
 0310   447  18.802   1.291         
 0311   447  18.764   1.232         
 0314   447  18.758   1.225         
 0315   447  18.824   1.578         
 0316   447  18.861   1.464         
 0317   447  18.861   1.240         
 0318   447  18.875   1.247         
 0319   447  18.809   2.144         
 0320   447  18.779   1.125         
 0321   447  18.794   1.183         
 0322   447  18.832   1.393         
 0323   447  18.965   1.572         
 0324   447  18.872   1.332         
 0325   447  18.840   1.313         
 0326   447  18.920   1.857         
 0327   447  18.827   1.415         
 0328   447  18.861   1.294         
 0329   447  19.096   1.681         
 0330   447  18.823   1.356         
 0331   447  18.818   1.207         
 0334   447  18.673   1.129         
 0335   447  18.804   1.199         
 0336   447  19.459   1.057         
 0337   447  19.036   1.814         
 0338   447  18.851   1.141         
 0339   447  19.056   1.540         
 0340   447  18.897   1.209         
 0341   447  18.996   1.212         
 0342   447  19.025   1.225         
 0343   447  18.899   1.158         
 0344   447  19.253   1.672         
 0346   447  19.112   1.622         
 0347   447  18.895   1.472         
 0348   447  18.948   1.253         
 0350   447  18.917   1.713         
 0353   447  19.105   1.647         
 0355   447  19.127   1.416         
 0356   447  18.997   1.643         
 0357   447  19.727   1.993         
 0360   447  19.545   1.621         
 0362   447  19.179   1.876         
 0363   447  19.078   2.053         
 0364   447  19.062   1.254         
 0365   447  19.083   1.185         
 0367   447  19.098   1.384         
 0368   447  19.087   1.324         
 0369   447  19.031   1.102         
 0371   447  19.053   1.148         
 0373   447  19.309   1.813         
 0376   447  19.017   1.360         
 0378   447  19.222   1.545         
 0379   447  19.125   1.312         
 0380   447  19.285   2.323         
 0382   447  19.097   1.971         
 0384   447  19.368   1.556         
 0385   447  19.148   1.195         
 0386   447  19.195   1.297         
 0387   447  19.799   1.539         
 0388   447  19.322   1.856         
 0389   447  19.902   1.712         
 0390   447  19.132   1.241         
 0393   447  19.384   1.375         
 0395   447  19.379   1.344         
 0396   447  19.379   1.514         
 0398   447  19.668   1.394         
 0399   447  19.304   1.678         
 0402   447  19.138   1.348         
 0403   447  19.386   1.157         
 0404   447  19.441   1.581         
 0405   447  19.328   1.392         
 0408   447  19.363   1.485         
 0409   447  19.297   1.154         
 0410   447  20.372   1.654         
 0411   447  19.317   1.087         
 0412   447  19.340   1.307         
 0413   447  19.887   1.791         
 0415   447  19.449   1.408         
 0416   447  19.367   1.305         
 0417   447  19.302   1.172         
 0418   447  19.428   1.461         
 0419   447  19.420   1.507         
 0420   447  19.626   1.766         
 0423   447  19.392   1.188         
 0425   447  19.442   1.280         
 0426   447  19.639   1.771         
 0428   447  19.390   1.244         
 0429   447  19.524   1.419         
 0430   447  19.424   1.599         
 0431   447  19.394   1.300         
 0435   447  19.512   1.767         
 0436   447  19.432   1.398         
 0437   447  19.484   1.233         
 0438   447  19.880   2.061         
 0439   447  19.466   1.622         
 0442   447  19.933   1.692         
 0443   447  19.527   2.422         
 0445   447  19.536   2.441         
 0446   447  19.509   1.401         
 0447   447  20.077   1.717         
 0450   447  19.819   1.960         
 0451   447  19.808   1.534         
 0452   447  19.614   1.831         
 0454   447  19.684   1.494         
 0456   447  19.561   1.353         
 0457   447  19.530   1.212         
 0459   447  19.524   1.363         
 0460   447  20.235   1.413         
 0461   447  19.534   1.199         
 0463   447  19.514   1.244         
 0465   447  19.506   1.590         
 0466   447  19.550   1.383         
 0467   447  19.718   1.601         
 0468   447  19.716   1.565         
 0469   447  19.362   1.173         
 0470   447  19.677   1.476         
 0472   447  19.592   1.415         
 0473   447  19.349   1.284         
 0474   447  19.442   1.513         
 0476   447  20.131   1.788         
 0478   447  19.424   1.378         
 0479   447  19.714   1.503         
 0481   447  19.495   1.391         
 0482   447  19.428   1.322         
 0483   447  20.229   1.890         
 0484   447  19.524   1.219         
 0485   447  19.672   1.557         
 0486   447  19.537   1.076         
 0487   447  20.126   2.206         
 0488   447  19.849   1.911         
 0489   447  19.702   2.021         
 0490   447  19.910   1.330         
 0491   447  19.755   1.295         
 0492   447  19.743   1.743         
 0494   447  19.912   1.864         
 0495   447  20.372   1.682         
 0496   447  19.590   1.494         
 0499   447  19.848   1.629         
 0500   447  20.066   1.542         
 0502   447  19.765   1.467         
 0503   447  19.769   1.312         
 0505   447  19.959   1.368         
 0506   447  19.913   1.236         
 0508   447  19.562   1.160         
 0510   447  19.467   1.336         
 0512   447  20.149   1.546         
 0513   447  19.891   1.922         
 0514   447  19.711   1.633         
 0515   447  19.782   1.663         
 0518   447  19.638   1.391         
 0522   447  19.674   1.636         
 0523   447  20.053   2.388         
 0524   447  19.850   1.504         
 0526   447  20.005   2.041         
 0527   447  20.113   2.292         
 0528   447  19.729   1.463         
 0529   447  19.942   1.955         
 0530   447  19.681   1.519         
 0533   447  19.792   1.963         
 0534   447  20.055   2.064         
 0535   447  19.863   1.545         
 0537   447  19.929   1.407         
 0538   447  20.058   1.538         
 0539   447  19.923   1.896         
 0542   447  19.848   1.580         
 0543   447  19.702   1.626         
 0544   447  19.780   1.505         
 0545   447  19.815   1.952         
 0547   447  19.796   1.376         
 0548   447  19.875   1.638         
 0551   447  19.740   2.317         
 0555   447  19.801   1.714         
 0556   447  19.924   1.926         
 0558   447  20.237   1.616         
 0560   447  19.988   1.085         
 0561   447  20.024   1.668         
 0562   447  19.830   1.158         
 0563   447  19.789   1.189         
 0564   447  19.770   1.194         
 0566   447  19.814   1.572         
 0567   447  19.761   1.783         
 0568   447  19.980   1.919         
 0569   447  20.043   1.729         
 0571   447  19.835   1.721         
 0575   447  20.389   1.823         
 0577   447  19.960   1.678         
 0578   447  20.386   1.460         
 0579   447  20.091   1.654         
 0582   447  19.871   1.403         
 0585   447  19.746   1.230         
 0586   447  19.815   1.547         
 0591   447  19.991   1.606         
 0592   447  20.464   1.617         
 0595   447  19.976   1.609         
 0596   447  20.074   1.304         
 0597   447  19.975   1.919         
 0599   447  20.099   1.816         
 0600   447  19.996   0.912         
 0601   447  20.132   1.250         
 0602   447  19.956   1.394         
 0603   447  19.863   1.332         
 0604   447  21.744   1.240         
 0605   447  19.889   1.438         
 0606   447  20.638   1.632         
 0607   447  20.010   1.759         
 0612   447  20.187   1.501         
 0613   447  20.022   1.703         
 0617   447  19.967   1.556         
 0618   447  20.230   1.353         
 0619   447  20.177   2.147         
 0620   447  19.964   1.691         
 0621   447  19.921   1.680         
 0624   447  20.486   1.522         
 0625   447  19.916   1.295         
 0626   447  19.929   1.341         
 0627   447  19.961   1.192         
 0629   447  20.052   1.557         
 0631   447  19.997   1.373         
 0632   447  20.238   2.057         
 0635   447  19.950   1.284         
 0637   447  20.223   1.648         
 0641   447  20.070   1.347         
 0642   447  19.804   1.153         
 0644   447  20.510   1.772         
 0645   447  20.821   1.395         
 0646   447  20.191   1.308         
 0648   447  20.292   1.639         
 0649   447  20.198   1.354         
 0650   447  20.113   1.444         
 0651   447  20.560   1.715         
 0652   447  20.049   1.840         
 0656   447  20.181   2.481         
 0657   447  20.131   1.795         
 0662   447  20.482   1.774         
 0664   447  20.146   1.295         
 0666   447  20.359   1.358         
 0667   447  20.246   1.960         
 0668   447  20.141   1.314         
 0669   447  20.142   1.594         
 0673   447  20.442   1.896         
 0676   447  20.573   1.647         
 0677   447  20.201   1.575         
 0678   447  20.168   1.125         
 0681   447  20.141   1.540         
 0684   447  20.541   1.337         
 0690   447  20.268   1.540         
 0692   447  20.578   1.795         
 0699   447  20.321   1.812         
 0704   447  20.596   1.533         
 0706   447  20.223   2.247         
 0710   447  20.438   1.273         
 0712   447  20.218   1.185         
 0716   447  20.295   1.340         
 0717   447  20.189   1.673         
 0720   447  20.083   1.485         
 0722   447  20.152   1.863         
 0724   447  20.529   2.042         
 0729   447  20.490   1.455         
 0730   447  20.352   1.888         
 0731   447  20.241   0.973         
 0732   447  20.812   1.445         
 0733   447  20.515   1.051         
 0745   447  20.375   2.044         
 0746   447  20.499   1.756         
 0747   447  20.509   1.758         
 0757   447  20.402   1.844         
 0760   447  20.835   1.803         
 0764   447  20.715   1.587         
 0765   447  20.422   1.730         
 0766   447  20.503   1.792         
 0767   447  20.456   1.317         
 0768   447  20.313   1.161         
 0769   447  20.231   1.174         
 0770   447  20.832   1.322         
 0771   447  20.480   0.818         
 0774   447  20.624   1.501         
 0775   447  20.471   1.485         
 0777   447  20.457   1.525         
 0779   447  20.755   2.006         
 0781   447  20.421   1.585         
 0782   447  20.560   0.802         
 0783   447  20.603   1.753         
 0784   447  20.583   1.466         
 0787   447  20.398   1.426         
 0788   447  20.285   1.452         
 0789   447  20.539   2.403         
 0790   447  21.047   1.529         
 0791   447  20.433   1.729         
 0795   447  20.643   1.631         
 0796   447  20.725   1.319         
 0801   447  20.300   1.592         
 0806   447  21.411   0.979         
 0807   447  20.532   1.821         
 0812   447  20.462   1.468         
 0814   447  20.299   1.393         
 0816   447  20.430   1.287         
 0818   447  20.754   1.890         
 0821   447  20.804   1.709         
 0822   447  20.729   1.541         
 0825   447  20.307   1.424         
 0827   447  20.611   1.871         
 0829   447  20.858   1.734         
 0832   447  20.688   1.702         
 0835   447  20.723   1.997         
 0836   447  20.700   1.153         
 0839   447  20.689   1.175         
 0840   447  20.742   0.903         
 0841   447  20.517   1.448         
 0843   447  20.815   1.274         
 0844   447  20.449   1.802         
 0851   447  20.574   1.383         
 0852   447  20.958   1.754         
 0853   447  20.570   1.527         
 0854   447  21.216   1.999         
 0859   447  20.947   1.220         
 0865   447  20.466   1.343         
 0866   447  20.915   1.461         
 0867   447  20.548   1.919         
 0868   447  20.729   1.475         
 0871   447  20.936   1.273         
 0876   447  20.852   1.555         
 0879   447  20.927   1.523         
 0880   447  20.761   1.352         
 0884   447  20.835   1.503         
 0887   447  21.112   1.130         
 0891   447  20.723   1.893         
 0894   447  20.713   0.949         
 0896   447  20.586   1.585         
 0900   447  20.718   1.176         
 0903   447  21.213   1.333         
 0905   447  20.846   1.588         
 0908   447  21.150   0.884         
 0911   447  20.819   1.726         
 0914   447  20.874   1.021         
 0923   447  20.867   1.537         
 0926   447  20.774   1.612         
 0929   447  20.889   1.967         
 0930   447  21.069   1.521         
 0933   447  21.392   1.117         
 0934   447  21.034   1.816         
 0935   447  21.286   1.622         
 0936   447  20.931   1.244         
 0938   447  20.847   1.210         
 0941   447  21.105   1.483         
 0944   447  20.975   1.137         
 0949   447  20.716   1.333         
 0951   447  21.014   1.966         
 0953   447  20.794   1.327         
 0958   447  20.854   1.260         
 0962   447  20.918   1.500         
 0969   447  21.146   1.765         
 0972   447  20.900   1.384         
 0975   447  21.554   1.273         
 0988   447  21.276   1.142         
 0989   447  21.339   0.822         
 0993   447  21.082   1.741         
 1001   447  21.267   1.188         
 1003   447  20.785   1.166         
 1012   447  21.160   1.211         
 1024   447  21.469   1.293         
 1030   447  21.365   1.037         
 1031   447  21.224   1.667         
 1032   447  21.565   0.991         
 1041   447  21.045   1.229         
 1042   447  21.586   0.999         
 1044   447  20.699   1.630         
 1048   447  21.001   1.747         
 1050   447  20.963   1.348         
 1054   447  21.134   1.047         
 1057   447  21.179   1.123         
 1059   447  21.569   0.604         
 1060   447  21.486   1.422         
 1066   447  21.317   1.303         
 1072   447  21.124   1.211         
 1073   447  21.109   1.257         
 1074   447  21.193   1.648         
 1082   447  20.969   1.805         
 1087   447  21.061   1.059         
 1091   447  21.361   1.364         
 1104   447  21.952   0.748         
 1105   447  21.687   1.079         
 1120   447  21.724   1.339         
 1122   447  21.437   1.308         
 1126   447  21.136   1.551         
 1129   447  21.321   0.962         
 1130   447  21.089   1.557         
 1137   447  21.269   0.802         
 1144   447  21.006   1.583         
 1150   447  21.636   0.762         
 1156   447  21.036   1.568         
 1172   447  21.421   0.365         
 1189   447  21.578   0.863         
 1203   447  21.355   1.079         
 1213   447  22.084   0.429         
 1218   447  22.097   0.905         
 1225   447  21.600   0.837         
 1227   447  21.712   0.815         
 1235   447  21.524   1.051         
 1238   447  21.699   0.938         
 1247   447  21.557   1.228         
 1250   447  21.522   0.767         
 1252   447  22.205   0.354         
 1261   447  21.279   1.262         
 1262   447  21.706   0.958         
 1263   447  21.599   0.620         
 1272   447  21.500   1.135         
 1278   447  21.703   0.611         
 1296   447  21.826   0.657         
 1300   447  21.553   0.804         
 1319   447  21.069   1.569         
 1324   447  22.051   0.703         
 1330   447  21.616   0.921         
 1340   447  21.928   0.953         
 1345   447  22.078  -0.592         
 1353   447  21.636   1.089         
 1358   447  22.700   0.190         
 1375   447  21.686  -0.431         
 1383   447  21.914   0.945         
 1394   447  21.333   0.938         
 1409   447  22.386  -0.681         
 1430   447  22.005   0.447         
 1432   447  22.604  -0.372         
 1447   447  22.686   0.459         
 1462   447  22.058   0.526         
 1473   447  22.078   0.785         
 1476   447  21.688   1.217         
 1496   447  21.746   1.181         
 1509   447  21.958   0.266         
 1519   447  22.303   0.641         
 1524   447  22.609  -0.625         
 1537   447  22.024   0.525         
 1548   447  22.163   0.501         
 1554   447  22.368  -0.425         
 1561   447  22.131   0.722         
 1596   447  21.916   0.375         
 1604   447  21.993   0.600         
 1607   447  22.501   0.208         
 1613   447  22.144   0.374         
 1626   447  22.236   0.186         
 1634   447  22.533   0.105         
 1651   447  22.563   0.455         
 1664   447  23.103  -0.412         
 1670   447  22.303   0.381         
 1671   447  23.157  -0.164         
 1672   447  22.872   0.018         
 1680   447  22.484   0.034         
 1689   447  22.805   0.207         
 1692   447  22.839   0.267         
 1701   447  22.447   0.581         
 1706   447  22.404   0.772         
 1714   447  22.927  -0.074         
 1716   447  22.755   0.076         
 1718   447  23.156  -0.448         
 1719   447  22.549   0.248         
 1734   447  23.054  -0.190