2454750.6     9.4
2454754.99375     9.5
2454755.98681     9.4
2454757.3750     9.5
2454758.29     9.1
2454758.3000     9.3
2454758.43819     8.9
2454758.57     8.9
2454758.7743     8.5
2454759.3000     9.0
2454760.68056     8.9
2454761.4     9.2
2454762.49236     8.7
2454762.5     9.0
2454762.5     8.4
2454763.7     9.2
2454764.01111     8.6
2454765.0     8.5
2454765.00486     8.7
2454765.5     8.6
2454767.3     8.4
2454767.3000     8.2
2454767.3560     8.3
2454767.50347     8.2
2454767.59722     8.4
2454768.00347     8.4
2454768.98264     8.4
2454769.30     8.3
2454769.30     8.1
2454769.49028     7.8
2454769.6     8.0
2454769.99167     8.4
2454770.37361     8.1
2454770.55     7.7
2454771.27500     8.0
2454771.47569     7.6
2454772.6458     7.0
2454773.3000     8.0
2454773.4     7.5
2454773.95556     7.8
2454774.3390     7.8
2454774.50625     7.4
2454775.567     7.6
2454775.68403     7.4
2454776.33     7.7
2454777.50833     7.2
2454778.65     7.3
2454778.93125     7.4
2454781.93750     7.3
2454782.2000     7.3
2454782.92361     7.3
2454783.95208     7.0
2454784.4     6.8
2454784.95208     6.9
2454785.01389     6.9
2454785.93681     6.9
2454787.3194     6.5
2454788.23     7.1
2454788.23264     6.5
2454788.27     6.9
2454788.33     6.9
2454788.5     7.1
2454788.5     7.0
2454789.2000     6.5
2454789.7     6.5
2454789.95764     6.8
2454790.52431     6.3
2454790.59722     6.8
2454792.2     6.3
2454792.3333     6.3
2454792.5     6.8
2454793.20     6.7
2454793.2902     6.6
2454793.3     6.5
2454793.3     6.4
2454793.35     6.7
2454796.2708     6.1
2454796.30267     6.0
2454798.3     6.4
2454798.30417     6.1
2454798.5     6.5
2454798.53264     5.9
2454799.2000     6.5
2454799.26     6.4
2454799.5     6.6
2454800.3     5.9
2454800.3     6.0
2454800.58     6.0
2454800.6111     6.3
2454800.6868     5.6
2454801.5938     6.1
2454803.53819     6.1
2454803.93403     6.1
2454804.2     5.9
2454804.4903     6.4
2454804.53194     5.9
2454804.92778     5.7
2454808.2965     6.1
2454808.4     6.5
2454809.29     6.2
2454810.2278     5.8
2454810.3     6.0
2454810.3     5.9
2454810.33     6.0
2454811.2     5.8
2454812.00347     5.7
2454812.6     6.0
2454812.92431     5.7
2454813.92083     5.8
2454815.18     5.5
2454815.2000     6.7
2454816.2     6.0
2454816.54861     6.1
2454818.2     5.8
2454818.2     5.7
2454819.4     6.5
2454819.5     6.5
2454820.2431     5.7
2454821.3     6.1
2454821.93819     6.2
2454822.22     6.3
2454822.2299     5.9
2454822.24     5.9
2454822.2583     6.0
2454822.5000     6.4
2454823.2257     5.9
2454823.3     6.2
2454824.21     6.4
2454824.91597     6.1
2454824.92986     6.1
2454826.27     6.0
2454827.2     6.1
2454827.2     6.2
2454827.20     6.4
2454827.2986     6.4
2454827.4847     6.6
2454828.2778     6.5
2454829.2444     6.4
2454829.94     6.3
2454831.3     6.5
2454831.6681     6.0
2454832.4     6.6
2454832.5     6.6
2454833.2014     6.2
2454835.2000     6.8
2454835.21     6.6
2454835.21597     6.5
2454837.2083     6.3
2454837.22     6.5
2454837.5014     6.7
2454838.4     7.0
2454838.4688     6.8
2454838.51389     6.6
2454840.25     6.8
2454841.25     6.8
2454842.2     6.4
2454842.2424     6.4
2454843.2     6.9
2454845.5     7.1
2454846.4799     6.9
2454847.2153     6.8
2454848.4     7.1
2454851.2000     6.8
2454853.2187     6.9
2454856.5     7.2
2454856.5     7.0
2454856.6160     7.5
2454858.21     7.5
2454864.5     7.2
2454998.24083     10.576
2455001.8     10.5
2455017.8     10.7
2455027.8     10.8
2455032.7854     9.9
2455042.8     10.7
2455055.5424     10.3
2455056.6     10.3
2455062.4     10.1
2455062.4     10.2
2455062.63     10.3
2455062.8     10.7
2455063.39     10.5
2455065.50     10.3
2455065.5069     10.5
2455066.53172     10.632
2455066.53554     11.981
2455067.64     10.0
2455067.8     10.5
2455073.5771     10.8
2455074.77083     10.9
2455082.41     10.2
2455084.5     10.3
2455087.4     9.6
2455087.4     9.5
2455087.5299     10.4
2455087.6     10.5
2455088.65     10.6
2455088.6632     9.7
2455090.8     10.3
2455090.8     10.2
2455094.4535     10.5
2455095.4215     10.2
2455095.5     10.3
2455095.60     10.5
2455096.4424     10.0
2455097.42     9.4
2455099.4     9.5
2455099.4     9.6
2455099.56     9.9
2455099.6     10.2
2455100.4549     10.3
2455101.39     9.4
2455101.42     10.5
2455102.4243     10.1
2455102.52     9.6
2455111.3     9.4
2455113.4090     9.7
2455114.7     9.4
2455114.7     10.6
2455116.31     9.2
2455116.4465     9.5
2455116.5     9.9
2455116.65     10.1
2455118.97222     10.1
2455120.4     9.3
2455121.96181     10.1
2455122.4257     9.7
2455123.59     10.1
2455125.52431     9.8
2455126.00486     9.6
2455126.4     9.4
2455127.99861     9.6
2455128.98819     9.6
2455129.7104     9.7
2455129.99583     9.4
2455130.5     9.5
2455131.5     9.7
2455131.59     9.9
2455131.93681     10.0
2455132.4     9.1
2455135.70139     9.4
2455135.95694     9.2
2455138.57     9.2
2455138.6     9.2
2455139.01944     9.2
2455139.5     9.2
2455142.95694     9.1
2455143.4     9.5
2455143.62823     9.2
2455148.21     8.4
2455148.5     8.9
2455149.96736     9.2
2455150.3000     8.9
2455150.95278     9.1
2455150.97083     9.0
2455151.2483     8.4
2455151.3194     8.9
2455151.32     8.6
2455151.7     8.4
2455152.96042     9.0
2455153.2     8.2
2455153.6     9.1
2455153.61     8.3
2455153.95694     8.9
2455154.95347     8.3
2455155.3     8.3
2455155.32     8.0
2455155.3431     8.8
2455155.7125     9.1
2455155.93403     8.3
2455156.24     8.1
2455157.2813     8.0
2455158.3     8.0
2455158.92569     8.1
2455159.6     8.5
2455160.2986     8.0
2455162.92986     7.6
2455165.2062     7.5
2455165.92639     7.3
2455166.7     7.8
2455167.2396     7.5
2455167.4875     7.6
2455168.2188     7.0
2455168.91944     7.3
2455169.3     7.8
2455169.6     8.0
2455170.58     7.5
2455170.92778     7.1
2455172.300     7.4
2455172.5250     7.7
2455173.92986     7.2
2455174.91944     7.1
2455176.3     7.2
2455177.99444     7.1
2455178.3     7.3
2455178.94861     7.0
2455179.200     7.1
2455179.4771     7.4
2455179.6590     7.7
2455179.96667     6.9
2455181.4639     7.0
2455183.92361     6.8
2455184.3     6.4
2455184.3     6.5
2455184.92292     6.8
2455185.92083     6.8
2455186.23     6.6
2455187.23403     6.5
2455187.5     6.7
2455192.2     6.5
2455193.92292     6.3
2455194.19     6.1
2455194.2000     6.6
2455194.2396     6.0
2455194.6     6.5
2455195.20     6.1
2455196.2222     5.9
2455198.2715     6.3
2455199.2778     5.9
2455199.5     6.5
2455200.21     6.1
2455200.2500     5.8
2455203.6056     5.6
2455205.1979     5.8
2455206.25139     5.8
2455208.19     6.2
2455208.19     5.9
2455208.2389     6.0
2455208.2465     5.8
2455209.2     6.2
2455209.5     6.5
2455211.2361     5.8
2455211.27778     6.3
2455211.59861     6.8
2455211.6     5.7
2455216.5     6.3
2455218.5     6.6
2455220.21     6.1
2455221.2257     6.0
2455225.2049     6.1
2455230.4     6.6
2455236.5     7.0
2455365.8     10.3
2455387.8     10.7
2455387.9     10.5
2455388.53     11.0
2455393.49     10.9
2455398.8     10.8
2455415.8     10.9
2455417.5000     10.4
2455418.4160     11.1
2455420.55     11.3
2455423.21181      9.1
2455424.6     10.4
2455425.8     10.9
2455430.56     10.9
2455441.4     10.5
2455441.4     10.3
2455445.5     10.5
2455445.72569     9.9
2455448.177     11.06
2455448.8     10.5
2455448.8     10.9
2455450.4     10.3
2455450.4     10.5
2455453.4583     10.7
2455453.5785     10.6
2455469.4472     10.4
2455470.39     10.6
2455470.7     10.3
2455471.6     10.3
2455474.20417     11.0
2455475.5     10.3
2455476.3     9.7
2455476.3     9.8
2455477.55     10.6
2455478.63     10.5
2455479.342     10.9
2455480.40     10.3
2455481.4667     9.7
2455481.5     10.4
2455482.3958     10.5
2455482.40     10.0
2455483.4     9.6
2455483.4     9.7
2455484.35764     10.6
2455484.4257     10.2
2455486.59     10.5
2455490.31250     9.9
2455491.33     10.3
2455496.4     9.3
2455497.32      9.1
2455497.5     9.8
2455497.56     10.4
2455497.6     10.4
2455498.06458     10.1
2455499.368     10.2
2455500.00208     10.0
2455500.6194     9.8
2455501.27     10.2
2455501.6549     10.0
2455501.98542     10.0
2455502.8     8.9
2455503.7     9.5
2455504.3437     9.9
2455505.98264     9.6
2455506.66667     9.7
2455507.27     9.5
2455507.29     9.8
2455507.300     10.1
2455507.3090     9.7
2455507.5     9.6
2455509.96111     9.9
2455511.4     9.6
2455511.4     9.5
2455511.6438     10.0
2455511.67     9.9
2455512.31     9.0
2455513.5     9.6
2455514.6285     9.3
2455515.20000     9.4
2455515.27     9.6
2455515.94444     9.5
2455516.3194     9.6
2455521.5     9.3
2455527.6472     8.9
2455528.25     9.4
2455529.5     9.2
2455530.2604     9.2
2455530.5     9.1
2455530.60     8.7
2455530.6292     10.0
2455532.2396     9.1
2455533.97569     9.2
2455534.59375     8.8
2455534.93472     8.9
2455539.6     8.7
2455540.2292     8.6
2455540.95972     9.0
2455541.23     8.5
2455541.25     8.3
2455543.3125     8.3
2455544.2     8.2
2455544.2     8.3
2455545.2049     8.1
2455545.4701     8.2
2455551.5     8.0
2455552.55208     8.0
2455553.2604     7.6
2455555.4660     7.8
2455556.2     7.8
2455556.2     7.9
2455558.1736     7.4
2455558.23     7.6
2455560.94514     7.4
2455562.5014     7.5
2455566.5     7.1
2455566.5     7.0
2455567.3     6.9
2455567.5     7.0
2455570.52083     7.3
2455574.1840     6.5
2455574.21     6.5
2455577.200     6.6
2455578.2     6.7
2455578.2     6.9
2455578.22     6.5
2455578.6     6.7
2455582.1840     6.6
2455584.2     6.7
2455584.4     7.0
2455585.50347     7.0
2455586.21     6.5
2455588.1979     6.7
2455590.200     6.6
2455591.5     6.9
2455592.2167     6.9
2455593.6042     6.4
2455597.5     7.0
2455598.2187     6.7
2455599.200     6.9
2455599.22     7.1
2455655.60     7.8
2455660.600     7.9
2455739.8     9.9
2455768.77917     9.9
2455778.50000     11.2
2455789.40000     10.4
2455794.40000     10.6
