2454751.6111     9.6
2454751.64     9.9
2454751.863     9.7
2454751.9     9.7
2454752.6896     9.8
2454755.68     8.5
2454757.9722     9.6
2454758.7     9.1
2454763.9     9.0
2454765.6042     8.8
2454768.6     8.6
2454773.4000     8.3
2454774.58     8.4
2454777.86181     8.19
2454778.6444     8.5
2454780.49     8.3
2454782.6000     8.1
2454786.5     8.0
2454788.9     8.3
2454789.4000     7.2
2454789.8     7.9
2454791.4375     8.2
2454792.5     8.3
2454793.82847     8.3
2454796.7     7.8
2454797.4     8.1
2454800.4     8.0
2454800.9     8.2
2454802.46     8.3
2454803.38     8.0
2454807.5798     8.1
2454808.4     8.0
2454808.4549     7.8
2454808.66     8.0
2454813.4931     8.0
2454820.4     7.9
2454821.7     7.8
2454822.41     8.1
2454823.8549     7.9
2454824.4000     8.1
2454825.4444     7.9
2454827.4     7.6
2454827.41     7.6
2454828.427     6.9
2454828.5     7.6
2454830.42     7.9
2454830.838     7.9
2454831.2257     7.3
2454832.7     7.9
2454834.3     7.5
2454835.3000     7.9
2454835.60     7.9
2454837.4396     7.8
2454837.49306     7.4
2454837.54     7.6
2454837.6     8.2
2454839.50347     7.5
2454840.3     7.9
2454843.4     7.6
2454844.3     7.6
2454847.5     8.3
2454847.6826     7.4
2454848.4000     8.0
2454848.8     7.7
2454849.3     7.8
2454850.4965     7.8
2454851.3     7.5
2454851.4     7.8
2454853.4     7.9
2454853.48958     7.4
2454853.65972     7.7
2454854.3     7.6
2454856.6     8.2
2454857.3     7.6
2454858.3993     7.8
2454858.4639     7.8
2454859.5     8.3
2454861.4     7.5
2454862.30625     7.8
2454862.6840     7.7
2454865.6     8.2
2454866.33     7.7
2454866.46     7.7
2454868.26806     7.8
2454868.53     7.9
2454870.33     7.9
2454871.4     7.5
2454873.23056     7.7
2454873.35     7.7
2454874.3     8.4
2454874.3000     8.0
2454874.31     8.1
2454875.35479     7.7
2454876.2500     7.8
2454876.37     8.4
2454876.5     8.4
2454876.61     8.0
2454877.31875     8.3
2454877.5     8.3
2454877.7     8.1
2454878.28     8.3
2454878.3     7.9
2454878.31     8.0
2454878.42917     8.2
2454879.2813     7.9
2454879.31     8.0
2454880.23958     7.9
2454880.3     7.9
2454881.3000     8.4
2454881.32     8.3
2454881.3507     8.0
2454882.25     8.3
2454882.27     8.6
2454882.30     8.4
2454883.31     8.6
2454883.31     7.9
2454883.36     8.5
2454883.37153     8.1
2454883.63879     8.14
2454883.64514     8.2
2454884.24583     7.8
2454884.57     8.2
2454886.6     8.5
2454887.3000     8.2
2454888.36     8.3
2454888.5     8.4
2454889.4     8.1
2454890.24028     8.1
2454890.3     8.2
2454891.3     8.4
2454891.3021     8.8
2454891.3438     8.3
2454891.37     8.6
2454891.403     8.4
2454892.27     8.2
2454893.4     8.4
2454893.403     8.50
2454894.23472     8.3
2454895.32     8.5
2454895.362     8.50
2454895.5     8.8
2454895.60     8.5
2454897.6     8.5
2454899.3     8.3
2454899.37     8.6
2454899.5708     8.6
2454900.3160     8.4
2454901.24653     8.4
2454901.3000     8.7
2454902.54     8.8
2454903.32274     8.8
2454905.23611     8.9
2454905.34     9.0
2454905.35     8.9
2454905.5     9.1
2454906.4     8.8
2454906.404     8.75
2454906.5625     8.9
2454907.4     8.6
2454907.67222     9.1
2454907.7     8.7
2454907.7     9.2
2454908.3     8.9
2454908.300     8.9
2454908.3090     9.4
2454908.4549     9.4
2454908.57     8.9
2454908.6694     9.4
2454908.67292     9.0
2454908.7     9.1
2454909.32     9.5
2454909.351     8.90
2454910.3000     9.3
2454910.36     8.8
2454910.6111     9.7
2454912.3     9.4
2454912.4     9.2
2454912.56806     9.3
2454912.57842     9.07
2454913.372     8.90
2454913.60417     9.2
2454914.3611     9.1
2454914.39167     9.4
2454915.26250     8.9
2454915.3     9.4
2454915.3     9.4
2454915.4     8.9
2454915.56     8.8
2454915.58483     9.132
2454915.58583     9.233
2454916.39     9.6
2454916.63819     8.8
2454917.5     9.6
2454917.6     10.0
2454918.3194     9.1
2454919.26111     9.0
2454919.4027     9.9
2454920.3     9.9
2454920.3250     9.9
2454921.301     9.1
2454921.3785     9.6
2454921.5     9.6
2454922.3     9.5
2454924.4     9.7
2454925.1     9.0
2454925.2     9.0
2454925.32     9.6
2454926.25347     9.2
2454926.39     9.9
2454928.3     9.5
2454929.25556     9.2
2454930.2917     9.6
2454930.34     10.8
2454930.3965     9.7
2454930.6111     10.1
2454931.3500     10.1
2454931.6     9.7
2454933.53     10.3
2454934.37     10.0
2454935.36     10.8
2454935.6514     10.2
2454936.5     10.0
2454936.6     10.0
2454937.27222     9.7
2454937.6181     10.3
2454937.6778     10.2
2454938.6     10.0
2454939.55     10.5
2454940.24653     9.9
2454940.3     10.4
2454941.3542     10.6
2454942.39     10.2
2454945.6     10.5
2454946.5     10.1
2454947.2569     10.5
2454947.29444     9.8
2454947.33     10.4
2454948.30     10.2
2454949.3681     9.7
2454949.55     10.7
2454950.28819     10.1
2454950.36     10.3
2454954.30486     10.4
2454955.32     10.3
2454956.6     10.6
2454957.30208     10.4
2454958.2639     10.5
2454961.30     10.8
2454962.31111     10.7
2454963.57     10.9
2454965.2847     10.5
2454965.5     11.2
2454966.6     10.6
2454970.59     11.0
2454970.6     11.2
2454970.60000     11.3
2454976.2778     10.8
2454980.60278     11.1
2455062.9     10.8
2455090.9     9.6
2455095.79931     9.3
2455100.9     9.3
2455101.57     9.0
2455101.6000     9.3
2455101.64     9.1
2455101.87500     9.3
2455103.6     9.5
2455104.6     8.9
2455110.9     9.1
2455117.6     8.7
2455118.6382     8.6
2455118.65     8.7
2455122.7     8.4
2455129.9     8.5
2455130.0     8.3
2455135.66     8.3
2455141.9     8.4
2455142.5     8.0
2455142.70     8.6
2455144.7819     8.0
2455147.6     8.2
2455149.9     8.0
2455151.8     7.6
2455152.7     8.0
2455154.90561     7.727
2455155.59     7.8
2455155.6     8.0
2455158.6     8.2
2455160.56     7.7
2455161.62     7.8
2455164.8     8.0
2455167.12222     7.8
2455167.3403     7.6
2455172.400     7.9
2455172.66     7.7
2455173.40972     7.6
2455173.9     7.9
2455174.4     7.3
2455178.4     7.7
2455179.400     8.0
2455183.6     7.8
2455183.66     8.1
2455184.42     7.8
2455186.45     7.8
2455186.6514     7.2
2455188.4     7.1
2455189.5215     7.7
2455189.7     7.4
2455191.6611     7.9
2455191.68     7.7
2455192.50347     7.7
2455194.36     7.7
2455194.38     7.5
2455194.4000     7.8
2455194.9     8.1
2455198.4931     7.8
2455200.47     7.4
2455202.4     7.5
2455204.4     7.6
2455205.45     7.6
2455207.3     7.6
2455208.30     7.9
2455208.34     8.0
2455210.59     8.0
2455211.7     7.8
2455212.49     8.0
2455213.3     7.8
2455213.6     8.3
2455214.4     8.1
2455217.40     7.7
2455219.58     8.1
2455220.3000     8.8
2455222.52083     8.2
2455223.4771     8.7
2455225.5     8.5
2455226.23958     8.1
2455227.39     8.6
2455227.4     8.4
2455228.3     8.3
2455229.30     8.5
2455230.21181     8.2
2455231.2632     8.8
2455232.32153     8.4
2455233.23889     8.5
2455233.41319     8.6
2455234.5     8.3
2455235.3     8.7
2455235.5     8.9
2455236.56     8.4
2455238.30     9.0
2455238.7     8.6
2455240.4     8.8
2455240.4     9.0
2455240.64097     9.0
2455240.7     9.1
2455241.22083     8.8
2455244.38542     8.9
2455245.6597     9.4
2455246.5     9.5
2455247.62222     9.0
2455248.3     9.0
2455249.33     9.6
2455249.60     9.7
2455250.4     9.6
2455250.7     9.2
2455251.4     9.3
2455255.21875     9.1
2455256.7     9.5
2455257.4632     10.3
2455258.24306     9.8
2455258.375     10.0
2455258.6     9.7
2455260.3     9.9
2455260.31     9.7
2455260.3451     9.5
2455260.40625      9.0
2455261.5     10.1
2455261.5597     10.0
2455261.63264     9.8
2455262.3     10.1
2455262.35139     9.6
2455262.56875     10.4
2455262.60     10.1
2455262.61806     9.9
2455264.29     9.9
2455264.33333     10.4
2455264.38     10.0
2455264.3979     10.5
2455264.4     9.7
2455264.6007     10.0
2455265.24     10.4
2455266.25     10.1
2455267.6     10.0
2455267.7     10.0
2455268.31250      9.0
2455268.37222     10.4
2455268.61250     10.0
2455269.29167     10.5
2455269.3     9.8
2455269.6750     10.2
2455271.32     10.3
2455271.4     9.9
2455271.6     10.0
2455272.30000     10.4
2455272.5     10.2
2455272.61     10.1
2455273.3638     10.20
2455273.5     10.0
2455273.71389     10.0
2455274.6194     10.3
2455275.73264     10.1
2455276.23958     10.3
2455276.5688     10.3
2455277.4     10.6
2455278.3181     10.1
2455278.5625     10.0
2455281.22639     10.3
2455281.314     10.4
2455282.57     10.5
2455283.5     10.3
2455283.60681     10.447
2455283.72361     10.5
2455286.4     10.4
2455287.6     11.0
2455288.38819     11.2
2455288.55556     10.8
2455288.62     10.7
2455289.27431     11.0
2455290.32     10.8
2455290.7042     10.7
2455292.3     10.5
2455292.3326     10.5
2455292.36319     11.0
2455294.38     11.5
2455294.57     10.9
2455294.6993     10.3
2455295.3     10.9
2455295.33     10.8
2455295.3563     11.2
2455295.38542     11.5
2455295.5     11.1
2455295.58333     10.6
2455296.26250     11.1
2455297.4     11.1
2455297.41     11.3
2455298.6     11.4
2455300.37361     11.7
2455300.5757     10.93
2455301.3757     11.4
2455301.53     11.0
2455301.6222     11.0
2455302.5972     11.0
2455303.4     11.3
2455304.3     11.5
2455304.31     11.0
2455306.37     11.1
2455307.6     11.6
2455309.3     11.4
2455311.26042     11.0
2455311.3736     11.7
2455313.37     11.5
2455317.3     11.6
2455317.32     11.8
2455317.56     11.5
2455318.25833     10.9
2455318.35     11.5
2455320.03318     11.5
2455321.6     11.7
2455322.3715     11.8
2455322.5     11.5
2455324.3     11.9
2455331.3     11.8
2455333.6     12.1
2455436.9     9.4
2455444.58     9.5
2455448.9     9.3
2455459.02083     8.7
2455460.9     8.9
2455461.64     8.8
2455470.9     8.7
2455476.583     8.4
2455476.62     7.0
2455476.6701     8.1
2455479.64931     8.6
2455479.65     8.6
2455479.66     8.4
2455480.00000     8.4
2455481.600     8.3
2455481.60000     8.5
2455481.63     8.6
2455481.64583     8.3
2455481.65     8.3
2455482.9     8.5
2455484.64931     8.2
2455484.65     8.2
2455485.59     8.1
2455487.5882     7.8
2455488.6     8.1
2455490.66     8.0
2455490.700     8.2
2455491.66806     8.4
2455491.67     8.4
2455491.9     8.4
2455498.60     7.8
2455498.60208     7.8
2455498.7     7.8
2455499.00000     7.8
2455500.6236     7.7
2455501.9     8.2
2455503.90347     7.9
2455505.66     7.4
2455507.5819     7.5
2455510.60069     7.6
2455510.62     7.6
2455510.89236     7.8
2455511.600     7.8
2455511.9     7.8
2455512.40000     9.0
2455514.50     7.8
2455515.5556     7.8
2455515.6     8.3
2455515.722     7.7
2455515.7979     7.5
2455517.52     7.9
2455518.6     7.3
2455527.0     8.2
2455528.89860     8.197
2455530.3090     7.3
2455534.2569     7.9
2455535.674     8.0
2455538.7     8.2
2455539.60     8.1
2455540.4     7.8
2455540.4514     8.0
2455542.40139     8.0
2455542.684     8.1
2455543.3819     8.0
2455545.3472     8.0
2455546.6961     8.0
2455547.5     8.3
2455547.6     8.4
2455549.4     8.1
2455555.84322     8.422
2455557.7     8.7
2455558.3125     8.5
2455558.62     8.8
2455559.36     9.2
2455559.81554     8.611
2455561.65     8.6
2455563.38958     9.1
2455563.6474     8.5
2455565.4     8.6
2455566.8     8.9
2455566.9     9.0
2455567.5     9.2
2455567.64     8.4
2455570.28333     8.7
2455572.4917     8.9
2455576.24444     8.9
2455577.45     9.2
2455577.9     9.3
2455582.3854     9.5
2455582.6884     9.2
2455584.28264     9.3
2455584.3     9.5
2455585.4965     9.5
2455586.37     9.7
2455587.5750     9.6
2455587.7     9.5
2455588.3542     9.6
2455588.7     9.8
2455591.23472     9.6
2455591.35     9.8
2455591.65833     9.8
2455592.5     9.9
2455595.4     9.9
2455596.58     10.4
2455597.5674     10.1
2455597.6840     10.5
2455598.13264     10.0
2455598.23750     9.9
2455599.46     10.2
2455599.7     10.2
2455600.3     9.9
2455600.30     10.5
2455601.3403     10.3
2455601.35972     10.2
2455601.3854     10.30
2455601.3924     10.8
2455601.6     10.1
2455602.36042     11.1
2455602.4     10.2
2455602.6583     10.6
2455604.23958     10.4
2455604.5880     10.3
2455605.4     10.6
2455606.62     10.4
2455611.37847     10.9
2455611.6014     10.4
2455612.2986     10.6
2455612.30208     10.8
2455612.45      11.5
2455615.271     11.5
2455616.3021     10.7
2455616.69     10.7
2455617.37361     11.5
2455618.6583     11.2
2455619.5     11.1
2455620.31     11.1
2455620.5     10.7
2455621.6     11.2
2455621.60069     11.3
2455622.38     11.6
2455622.6215     11.1
2455624.3     11.4
2455625.270     10.8
2455626.24375     10.9
2455626.4     11.8
2455626.5944     11.3
2455627.3     10.8
2455627.3     11.5
2455627.443     11.6
2455627.625     11.3
2455628.4076     11.00
2455628.57     11.6
2455629.3     11.6
2455629.36806     11.8
2455629.66042     11.3
2455630.3055     11.05
2455631.6590     11.9
2455632.269     11.8
2455632.27431     11.7
2455632.28333     11.8
2455633.4     12.0
2455638.60     12.0
2455640.300     12.1
2455640.3889     12.2
2455641.22083     11.9
2455641.3      11.3
2455641.5     11.5
2455642.35833     12.2
2455643.21319     11.7
2455644.3618     12.2
2455645.3     12.0
2455645.30     11.8
2455645.6     12.2
2455646.58     12.0
2455646.64375     12.2
2455647.302     12.2
2455648.5903     12.0
2455649.56924     11.674
