%UBV CCD observations
%
% No    Ref    V       B-V     U-B
%
 0001   512  14.810   0.743         
 0002   512  16.242   1.252         
 0003   512  16.543   1.194         
 0004   512  16.850   1.196         
 0005   512  15.744   2.027         
 0006   512  17.379   1.442         
 0007   512  17.003   1.556         
 0008   512  17.844   1.295         
 0009   512  17.694   1.385         
 0010   512  17.676   1.352         
 0011   512  14.625   0.868         
 0012   512  17.716   1.622         
 0013   512  17.383   1.639         
 0014   512  17.561   1.369         
 0015   512  17.970   1.561         
 0016   512  18.435   1.357         
 0017   512  18.073   1.464         
 0018   512  18.203   1.612         
 0019   512  18.680   1.434         
 0020   512  18.820   1.484         
 0021   512  15.142   0.930         
 0022   512  16.654   1.338         
 0023   512  17.535   1.423         
 0024   512  17.711   1.406         
 0025   512  17.935   1.274         
 0026   512  17.812   1.415         
 0027   512  17.776   1.506         
 0028   512  18.017   1.921         
 0029   512  15.327   0.860         
 0030   512  18.606   1.430         
 0031   512  18.551   1.671         
 0032   512  18.765   1.520         
 0033   512  18.605   1.756         
 0034   512  18.949   1.507         
 0035   512  18.734   1.825         
 0036   512  18.868   1.784         
 0037   512  18.651   2.059         
 0038   512  18.941   1.854         
 0039   512  19.223   1.699         
 0040   512  15.384   0.873         
 0041   512  19.560   1.513         
 0042   512  19.556   2.045         
 0043   512  13.415   1.795         
 0044   512  15.429   1.113         
 0045   512  15.953   1.018         
 0046   512  15.834   1.195         
 0047   512  13.259   1.204         
 0048   512  16.312   1.658         
 0049   512  17.180   1.442         
 0050   512  17.346   1.506         
 0051   512  17.646   1.671         
 0052   512  15.948   2.372         
 0053   512  18.060   1.708         
 0054   512  18.351   1.504         
 0055   512  14.419   1.247         
 0056   512  17.754   1.559         
 0057   512  18.081   1.621         
 0058   512  17.905   1.799         
 0059   512  18.163   1.647         
 0060   512  18.503   1.464         
 0061   512  18.840   1.748         
 0062   512  15.130   1.222         
 0063   512  19.058   1.736         
 0064   512  18.989   1.741         
 0065   512  19.026   1.853         
 0066   512  18.402   2.356         
 0067   512  14.892   1.505         
 0068   512  16.478   1.032         
 0069   512  16.275   1.373         
 0070   512  16.284   1.373         
 0071   512  16.974   1.148         
 0072   512  17.691   1.321         
 0073   512  18.086   1.567         
 0074   512  18.048   1.475         
 0075   512  18.308   1.581         
 0076   512  18.363   1.520         
 0077   512  18.739   1.542         
 0078   512  19.073   1.615         
 0079   512  18.764   1.642         
 0080   512  19.446   1.552         
 0081   512  19.041   1.461         
 0082   512  19.114   1.682         
 0083   512  19.805   1.671         
 0084   512  18.530   1.741         
 0085   512  18.683   1.628         
 0086   512  19.225   1.646         
 0087   512  19.586   1.504         
 0088   512  19.585   1.776         
 0089   512  19.998   1.474         
 0090   512  19.947   1.552         
 0091   512  20.125   1.553         
 0092   512  19.978   1.715         
 0093   512  17.886   1.933         
 0094   512  17.131   1.430         
 0095   512  16.637   2.267         
 0096   512  18.460   1.583         
 0097   512  18.422   1.884         
 0098   512  18.950   1.597         
 0099   512  18.867   1.744         
 0100   512  18.557   2.249         
 0101   512  19.075   1.777         
 0102   512  19.189   1.697         
 0103   512  19.205   1.727         
 0104   512  19.546   1.611         
 0105   512  19.709   1.782