UBV CCD observations

  No    Ref    V       B-V     U-B

 0001   366  18.541   0.912  -0.450
 0002   366  20.157   1.014         
 0003   366  19.167   0.885         
 0004   366  20.682   0.927         
 0005   366  17.391   0.787   0.190
 0006   366  19.885   1.081         
 0008   366  18.777   0.987         
 0009   366  21.195   0.800         
 0011   366  14.563   0.443   0.288
 0012   366  20.156   1.110         
 0014   366  21.053   0.890         
 0015   366  18.781   0.974   0.190
 0016   366  18.127   0.953  -0.571
 0017   366  20.954   1.197         
 0018   366  21.019   1.100         
 0019   366  19.468   1.153         
 0021   366  21.480   0.855         
 0023   366  20.325   1.681         
 0024   366  20.459   1.185         
 0025   366  20.690   1.076         
 0026   366  17.621   0.822  -0.026
 0027   366  19.521   1.027   0.279
 0029   366  21.421   0.950         
 0030   366  15.079   0.692   0.132
 0032   366  17.171   0.959   0.276
 0033   366  17.034   0.874   0.200
 0034   366  20.131   1.095         
 0035   366  18.681   1.058   0.232
 0038   366  20.941   1.091         
 0039   366  15.789   0.734   0.203
 0040   366  16.870   0.874   0.167
 0043   366  16.355   1.725   1.252
 0044   366  20.994   1.440         
 0045   366  20.884   1.523         
 0047   366  20.611   1.458         
 0048   366  17.624   1.285   1.037
 0049   366  18.533   1.049   0.172
 0050   366  15.916   0.731   0.197
 0051   366  18.657   0.999  -0.166
 0054   366  20.675   1.363         
 0055   366  21.487   1.162         
 0057   366  20.255   1.214         
 0058   366  19.238   1.200         
 0059   366  21.062   1.554         
 0060   366  18.875   1.031   0.397
 0061   366  21.034   1.613         
 0063   366  20.248   1.078         
 0064   366  20.134   1.432  -0.343
 0065   366  18.500   0.950   0.298
 0066   366  20.654   1.528         
 0067   366  20.193   1.262         
 0068   366  21.182   1.104         
 0069   366  21.240   1.159         
 0070   366  19.088   1.620         
 0072   366  20.318   1.090         
 0074   366  20.579   1.563         
 0076   366  20.854   1.308         
 0078   366  20.995   1.294         
 0079   366  19.340   1.075   0.354
 0080   366  20.534   1.355         
 0082   366  19.616   1.170         
 0083   366  21.579   1.057         
 0084   366  19.879   1.030         
 0087   366  16.955   1.498   0.702
 0089   366  20.095   1.172         
 0090   366  21.609   1.069         
 0091   366  21.686   1.282         
 0092   366  18.082   1.183   0.434
 0094   366  20.934   1.448         
 0095   366  21.360   1.397         
 0098   366  15.902   0.868   0.275
 0099   366  20.287   1.647         
 0100   366  16.119   0.858   0.325
 0101   366  19.939   1.314         
 0102   366  20.732   1.438         
 0103   366  20.355   1.337         
 0105   366  18.180   0.913   0.211
 0107   366  18.672   1.119   0.475
 0108   366  21.030   1.321         
 0109   366  20.121   1.876         
 0112   366  20.008   1.195         
 0113   366  19.091   1.051   0.376
 0114   366  20.584   1.407         
 0115   366  20.731   1.312         
 0116   366  19.348   1.080   0.515
 0117   366  19.419   1.454         
 0118   366  19.919   1.142  -0.289
 0119   366  20.152   1.216         
 0120   366  21.805   1.291         
 0121   366  19.845   1.209         
 0122   366  20.919   1.461         
 0123   366  18.805   1.076   0.425
 0124   366  19.732   1.188         
 0127   366  17.029   1.436   1.354
 0128   366  17.866   0.956   0.230
 0130   366  18.436   1.006   0.389
 0131   366  20.890   1.067         
 0133   366  18.039   0.964   0.266
 0134   366  16.258   0.834   0.174
 0136   366  21.569   1.414         
 0138   366  17.182   0.859   0.230
 0139   366  15.375   0.816   0.206
 0140   366  17.893   1.123   0.704
 0141   366  20.704   1.385         
 0142   366  18.471   1.026   0.367
 0143   366  20.101   1.582         
 0145   366  16.245   0.771   0.442
 0146   366  17.841   1.083   0.657
 0147   366  18.866   1.042   0.323
 0148   366  19.355   1.134   0.552
 0149   366  19.775   1.141         
 0150   366  18.531   1.076   0.320
 0151   366  16.448   0.840   0.184
 0152   366  21.017   1.259         
 0153   366  20.216   1.234         
 0154   366  20.331   1.663         
 0155   366  17.158   0.912   0.238
 0157   366  20.999   1.428         
 0159   366  18.288   0.874   0.231
 0161   366  18.232   0.891   0.222
 0162   366  18.823   1.125   0.358
 0165   366  21.241   1.510         
 0166   366  21.172   1.086         
 0167   366  19.969   1.133   0.142
 0169   366  21.016   1.290         
 0170   366  21.298   1.463         
 0171   366  14.356   1.350   0.949
 0172   366  20.654   1.303         
 0173   366  18.639   1.095   0.483
 0175   366  19.866   1.095   0.413
 0176   366  19.395   1.205         
 0177   366  16.623   0.686   0.367
 0178   366  19.523   1.136   0.219
 0179   366  20.819   0.705         
 0180   366  19.751   1.330         
 0181   366  19.936   1.395         
 0182   366  20.998   1.380         
 0183   366  20.400   1.062         
 0184   366  19.073   1.047   0.222
 0185   366  20.146   1.229         
 0186   366  20.381   1.195         
 0187   366  20.786   1.684         
 0188   366  19.827   1.172         
 0189   366  20.275   1.141         
 0190   366  20.063   1.243         
 0191   366  20.582   1.419         
 0192   366  16.789   0.971   0.409
 0194   366  16.511   1.520         
 0195   366  20.175   1.606         
 0196   366  17.565   0.878   0.245
 0198   366  19.995   1.474         
 0199   366  17.791   0.893   0.237
 0200   366  20.451   1.165         
 0201   366  14.111   0.676   0.129
 0202   366  21.520   1.289         
 0206   366  17.367   1.029         
 0208   366  15.462   0.656   0.255
 0209   366  21.012   1.280         
 0210   366  20.116   1.177         
 0211   366  16.804   1.716   1.334
 0212   366  21.727   1.849         
 0213   366  19.756   0.991   0.337
 0214   366  18.652   1.424         
 0215   366  16.475   0.929   0.266
 0216   366  16.056   0.780   0.113
 0218   366  20.605   1.557         
 0219   366  16.961   0.748   0.313
 0220   366  20.218   1.127         
 0221   366  17.876   0.938   0.086
 0222   366  21.280   1.245         
 0223   366  21.067   1.545         
 0224   366  17.839   0.920   0.184
 0226   366  17.032   0.847   0.222
 0227   366  19.457   1.136   0.377
 0228   366  20.816   1.771         
 0229   366  16.634   0.837   0.171
 0230   366  18.665   1.132   0.320
 0232   366  19.012   1.312         
 0233   366  19.429   1.094   0.347
 0234   366  20.099   1.179         
 0235   366  20.508   1.220         
 0237   366  16.907   1.325   1.213
 0238   366  19.667   1.204   0.180
 0239   366  20.049   1.683         
 0240   366  21.667   1.238         
 0241   366  16.266   0.792   0.200
 0242   366  21.816   1.096         
 0244   366  18.454   1.038   0.435
 0245   366  12.972   0.560   0.078
 0247   366  17.685   1.488   1.306
 0248   366  20.765   1.369         
 0249   366  18.735   1.048   0.427
 0250   366  19.003   1.063   0.343
 0251   366  20.289   1.614         
 0252   366  20.651   1.403         
 0253   366  18.916   0.984   0.358
 0254   366  19.343   1.099   0.510
 0256   366  22.073   1.360         
 0257   366  15.013   0.938   0.582
 0259   366  19.151   1.014   0.329
 0260   366  18.823   1.169   0.448
 0262   366  18.465   1.353         
 0266   366  19.700   1.344         
 0267   366  18.207   1.007   0.353
 0268   366  19.818   1.175   0.076
 0269   366  18.745   1.119   0.532
 0270   366  19.793   1.610         
 0271   366  17.971   0.887   0.209
 0273   366  18.077   1.095   0.350
 0274   366  13.992   0.726   0.304
 0275   366  17.593   1.090   0.454
 0276   366  21.199   1.018         
 0279   366  17.678   0.941   0.559
 0280   366  17.205   0.846   0.414
 0281   366  17.264   1.428   1.092
 0282   366  18.938   1.093   0.356
 0283   366  21.679   0.865         
 0284   366  21.053   1.472         
 0285   366  18.240   1.112   0.608
 0286   366  19.404   1.434         
 0287   366  20.602   1.041         
 0289   366  20.951   1.381         
 0290   366  21.323   1.630         
 0291   366  21.187   1.927         
 0292   366  19.969   1.319         
 0293   366  19.137   1.269   0.873
 0294   366  20.140   1.272         
 0297   366  20.805   1.406         
 0298   366  19.861   1.263         
 0299   366  20.151   1.319         
 0300   366  18.881   1.207   0.708
 0301   366  19.488   1.466         
 0302   366  21.060   1.682         
 0303   366  20.764   1.605         
 0304   366  17.625   1.265   0.521
 0306   366  21.001   1.219         
 0307   366  19.688   1.044  -0.040
 0308   366  19.593   1.269   1.031
 0309   366  13.124   0.653   0.156
 0310   366  21.033   1.215         
 0311   366  20.438   1.248         
 0312   366  21.681   1.260         
 0314   366  20.628   1.342         
 0315   366  17.241   1.160   0.883
 0316   366  17.923   1.072   0.273
 0318   366  17.835   1.064   0.431
 0320   366  21.791   1.330         
 0321   366  17.909   1.027   0.347
 0322   366  20.352   1.375         
 0323   366  18.265   1.375   0.880
 0324   366  19.765   1.270         
 0327   366  20.458   1.216         
 0329   366  18.334   1.145   0.678
 0330   366  20.901   1.424         
 0331   366  20.672   1.224         
 0332   366  19.120   1.293         
 0337   366  20.817   0.979         
 0338   366  20.698   1.252         
 0339   366  17.367   0.861   0.308
 0342   366  20.074   1.317         
 0344   366  20.775   1.426         
 0345   366  16.480   0.866   0.188
 0346   366  21.553   1.649         
 0347   366  18.300   1.216   0.565
 0348   366  18.207   1.013   0.241
 0349   366  21.121   1.649         
 0352   366  19.396   1.100   0.162
 0353   366  17.961   0.831   0.192
 0354   366  20.250   1.164         
 0355   366  16.599   1.267   0.718
 0357   366  19.593   1.658         
 0358   366  18.472   1.073   0.320
 0360   366  21.324   1.407         
 0361   366  17.179   0.945         
 0362   366  20.055   1.362         
 0363   366  16.304   1.705   1.149
 0364   366  18.879   1.164   0.253
 0367   366  21.410   1.524         
 0369   366  17.290   1.031   0.333
 0371   366  19.235   1.577         
 0372   366  17.494   0.790   0.195
 0373   366  20.988   1.205         
 0374   366  19.713   1.110   0.267
 0375   366  16.428   0.862   0.089
 0376   366  19.113   1.259   0.751
 0377   366  14.043   0.692   0.110
 0378   366  20.375   1.315         
 0381   366  20.080   1.337         
 0382   366  19.480   1.065   0.221
 0385   366  19.135   1.106   0.378
 0386   366  20.544   1.166         
 0388   366  18.037   1.118   0.423
 0389   366  16.532   1.051   0.517
 0390   366  17.032   0.789   0.502
 0391   366  17.973   0.927   0.255
 0392   366  17.939   0.965   0.279
 0393   366  18.858   1.611         
 0394   366  17.449   0.890   0.223
 0395   366  19.137   1.046   0.292
 0396   366  20.545   1.428         
 0398   366  20.610   1.283         
 0399   366  19.315   1.344   0.739
 0400   366  19.124   1.049   0.341
 0401   366  17.149   1.401   0.686
 0402   366  18.364   1.286   0.798
 0403   366  20.389   1.663         
 0404   366  21.271   1.242         
 0405   366  16.273   1.043   0.575
 0406   366  21.246   1.390         
 0409   366  18.459   1.277   1.183
 0411   366  17.433   0.897   0.136
 0412   366  21.256   1.510         
 0413   366  20.738   1.184         
 0414   366  20.067   1.308         
 0415   366  17.705   1.105   0.336
 0416   366  16.195   0.904   0.278
 0417   366  20.565   1.168         
 0418   366  19.311   1.134   0.217
 0419   366  17.160   0.883         
 0420   366  18.404   0.865   0.200
 0422   366  20.189   1.125         
 0423   366  20.789   1.776         
 0425   366  19.358   1.255         
 0426   366  20.931   1.434         
 0427   366  20.514   1.052         
 0428   366  16.296   0.783   0.078
 0429   366  20.790   1.083         
 0430   366  17.005   0.786   0.455
 0431   366  21.106   1.307         
 0432   366  18.136   1.255         
 0433   366  18.917   1.222   0.355
 0434   366  20.097   1.155         
 0435   366  17.543   0.990   0.279
 0437   366  18.908   0.975   0.364
 0438   366  17.808   1.606   0.920
 0440   366  21.184   1.091         
 0441   366  17.965   1.217         
 0442   366  20.012   1.137         
 0444   366  20.345   1.829         
 0446   366  21.866   1.344         
 0447   366  16.608   0.959   0.464
 0448   366  15.725   0.488   0.250
 0449   366  20.067   1.062         
 0451   366  19.209   1.255         
 0452   366  19.084   1.083   0.317
 0454   366  20.917   1.700         
 0456   366  17.650   0.872   0.294
 0459   366  17.232   0.999   0.501
 0460   366  17.112   0.713         
 0462   366  18.263   1.037   0.343
 0463   366  19.368   1.154         
 0464   366  20.018   1.389         
 0467   366  20.821   1.142         
 0468   366  18.984   1.034   0.176
 0469   366  19.045   1.144   0.332
 0470   366  19.302   1.110   0.402
 0471   366  19.663   1.087   0.369
 0472   366  19.676   1.050   0.341
 0473   366  19.898   1.505         
 0475   366  19.244   1.153   0.366
 0476   366  20.879   1.560         
 0477   366  15.601   0.638   0.088
 0478   366  16.548   1.564         
 0479   366  18.753   1.403   1.050
 0481   366  18.359   0.988   0.167
 0482   366  20.037   1.270         
 0483   366  18.544   1.020   0.401
 0484   366  19.348   1.165   0.317
 0485   366  20.904   1.336         
 0487   366  20.541   1.241         
 0488   366  19.309   1.599         
 0489   366  20.182   1.066  -0.070
 0490   366  15.497   1.340   0.714
 0491   366  18.964   1.087   0.475
 0492   366  16.618   0.888   0.310
 0493   366  19.615   1.130   0.324
 0496   366  21.029   1.296         
 0497   366  21.481   1.170         
 0498   366  17.225   1.097   0.712
 0499   366  17.470   1.022   0.373
 0500   366  17.203   0.740   0.223
 0501   366  17.938   0.916   0.199
 0504   366  20.399   1.133         
 0505   366  20.622   1.274         
 0506   366  17.578   1.031   0.356
 0507   366  19.547   1.167         
 0508   366  20.746   1.595         
 0509   366  19.894   1.206         
 0511   366  17.611   0.899   0.258
 0512   366  20.502   1.170         
 0513   366  20.143   1.307         
 0516   366  19.712   1.156         
 0517   366  16.714   1.432   1.198
 0518   366  18.930   1.006   0.255
 0520   366  20.892   1.327         
 0521   366  20.891   1.337         
 0522   366  21.383   0.808         
 0523   366  18.708   1.095   0.551
 0524   366  19.417   1.517         
 0526   366  18.204   0.992   0.333
 0529   366  18.877   1.211   0.468
 0530   366  19.274   1.264   0.605
 0531   366  18.430   1.232   0.746
 0532   366  20.274   1.348         
 0533   366  19.533   1.096         
 0534   366  20.790   1.075         
 0535   366  18.971   1.404   0.975
 0536   366  20.952   1.480         
 0538   366  18.517   1.076   0.357
 0539   366  19.351   1.115   0.515
 0540   366  18.556   1.140   0.578
 0541   366  20.316   1.452         
 0543   366  19.501   1.540         
 0544   366  18.117   1.039   0.350
 0547   366  20.706   1.588         
 0548   366  20.137   1.185         
 0550   366  20.539   1.215         
 0551   366  21.483   1.852         
 0552   366  19.713   1.653         
 0555   366  21.017   2.055         
 0556   366  19.808   1.332         
 0557   366  18.626   0.550   0.100
 0558   366  19.854   1.301         
 0559   366  18.396   1.129   0.487
 0560   366  21.216   1.375         
 0561   366  17.762   0.824   0.432
 0562   366  15.060   0.681   0.089
 0563   366  18.465   1.018   0.321
 0564   366  20.631   1.565         
 0565   366  20.243   1.051         
 0566   366  19.343   1.399         
 0568   366  18.207   0.976   0.397
 0569   366  17.667   0.828   0.448
 0570   366  19.890   1.769         
 0572   366  19.147   1.144   0.268
 0573   366  21.330   1.197         
 0574   366  21.218   1.209         
 0575   366  19.584   1.509         
 0577   366  16.361   1.125   0.617
 0578   366  19.149   1.331   0.344
 0579   366  20.475   1.444         
 0581   366  21.205   1.550         
 0582   366  18.311   1.035   0.313
 0584   366  19.680   1.312         
 0585   366  21.132   1.194         
 0588   366  17.665   0.881   0.260
 0590   366  19.797   1.149         
 0593   366  21.456   1.394         
 0594   366  21.000   1.413         
 0595   366  18.922   1.120   0.605
 0597   366  16.422   0.844   0.171
 0598   366  19.093   1.162   0.506
 0599   366  17.761   0.973   0.290
 0601   366  17.951   1.152   0.406
 0602   366  20.714   1.582         
 0603   366  17.841   0.931   0.190
 0606   366  21.041   1.123         
 0607   366  20.131   1.249         
 0608   366  19.239   1.110         
 0609   366  16.789   0.870   0.165
 0610   366  20.770   1.632         
 0611   366  20.615   1.416         
 0612   366  21.178   1.074         
 0613   366  16.310   0.779   0.174
 0614   366  17.524   1.031   0.362
 0615   366  21.076   1.589         
 0616   366  20.115   1.270         
 0617   366  21.112   1.115         
 0618   366  20.596   1.219         
 0621   366  16.502   0.798   0.198
 0622   366  19.203   1.022   0.473
 0623   366  19.036   1.208   0.389
 0624   366  20.596   1.603         
 0625   366  12.271   1.218   1.071
 0626   366  19.527   1.322         
 0627   366  19.603   1.091   0.522
 0628   366  20.327   1.210         
 0629   366  20.262   0.978         
 0630   366  21.282   1.100         
 0632   366  18.900   1.192   0.525
 0633   366  19.390   1.534         
 0634   366  15.300   0.597   0.260
 0637   366  16.060   0.580   0.430
 0638   366  17.749   1.654   1.236
 0639   366  19.853   1.040   0.216
 0640   366  17.959   1.340   0.801
 0641   366  21.596   0.448         
 0642   366  18.252   1.128   0.658
 0643   366  19.823   1.200         
 0644   366  19.551   1.102   0.314
 0647   366  20.816   1.542         
 0650   366  19.438   1.107  -0.076
 0652   366  20.881   0.943         
 0653   366  17.701   1.151   0.456
 0654   366  15.941   0.522   0.373
 0655   366  18.882   0.551         
 0656   366  20.295   0.187         
 0657   366  21.202   0.785         
 0658   366  16.355   0.659   0.154
 0661   366  19.198   1.275         
 0662   366  20.720  -1.415         
 0663   366  19.216   1.546         
 0665   366  17.452   0.961   0.381
 0666   366  20.478   1.358         
 0667   366  20.251   1.071         
 0668   366  17.445   0.810   0.206
 0669   366  17.462   0.939   0.306
 0672   366  21.350   1.249         
 0673   366  17.718   0.998   0.381
 0674   366  20.656   1.216         
 0675   366  20.916   1.389         
 0676   366  21.198   1.044         
 0677   366  19.640   1.726         
 0678   366  20.040   1.276         
 0680   366  15.488   0.588   0.333
 0681   366  16.517   0.903   0.406
 0682   366  21.203   0.944         
 0683   366  18.004   1.130   0.776
 0684   366  20.678   1.332         
 0687   366  19.807   1.030   0.198
 0688   366  21.628   1.693         
 0690   366  16.782   1.125   0.576
 0691   366  20.229   1.261         
 0692   366  20.766   1.304         
 0694   366  14.495   0.707   0.060
 0695   366  19.252   1.678         
 0696   366  18.436   1.156   1.014
 0697   366  18.911   1.013   0.240
 0698   366  15.546   1.561   0.862
 0699   366  18.872   1.104   0.352
 0700   366  20.062   1.219   0.201
 0701   366  17.920   1.073   0.394
 0702   366  20.036   1.141   0.456
 0704   366  20.732   1.261         
 0705   366  21.106   1.303         
 0706   366  21.289   1.804         
 0707   366  19.098   1.051   0.261
 0708   366  18.436   1.084   0.243
 0710   366  18.398   1.234   0.339
 0711   366  16.808   0.823   0.181
 0712   366  19.483   1.297   0.500
 0713   366  19.948   1.101         
 0716   366  20.835   1.434         
 0719   366  17.336   0.955   0.214
 0720   366  21.621   1.650         
 0723   366  22.188   1.002         
 0725   366  20.460   1.374         
 0726   366  19.487   1.345         
 0727   366  21.403   0.966         
 0728   366  16.098   0.756         
 0729   366  21.139   1.333         
 0730   366  20.042   1.404         
 0732   366  18.943   1.212   0.432
 0733   366  20.016   1.080         
 0734   366  20.004   1.220         
 0735   366  15.143   0.718   0.156
 0736   366  20.227   1.278         
 0737   366  16.671   0.875   0.186
 0738   366  17.999   0.955   0.318
 0741   366  16.953   0.632   0.190
 0742   366  20.369   1.318         
 0744   366  14.780   0.811   0.360
 0746   366  20.278   1.329         
 0747   366  17.933   1.027   0.495
 0748   366  17.354   1.483   0.801
 0749   366  17.573   1.019   0.183
 0752   366  15.019   0.463   0.223
 0753   366  18.471   1.085   0.258
 0754   366  20.020   1.216         
 0755   366  17.819   1.076   0.310
 0756   366  20.427   1.109         
 0758   366  21.367   1.320         
 0760   366  15.589   0.749   0.222
 0762   366  20.463   1.401         
 0763   366  19.698   1.354         
 0764   366  18.551   1.100   0.184
 0765   366  16.465   1.328   1.178
 0766   366  18.048   1.309   1.321
 0767   366  18.774   1.341   0.913
 0768   366  16.473   0.884   0.287
 0769   366  20.095   1.345         
 0770   366  18.461   0.935   0.433
 0772   366  17.523   1.182   0.830
 0773   366  17.883   0.976   0.288
 0774   366  19.750   1.271   0.162
 0776   366  19.918   1.214   0.496
 0777   366  18.344   1.085   0.431
 0778   366  20.186   1.248         
 0779   366  18.824   1.133   0.480
 0780   366  19.399   1.073   0.280
 0781   366  17.592   1.139   0.689
 0784   366  21.210   1.350         
 0786   366  20.037   1.476         
 0787   366  18.906   1.374         
 0788   366  20.368   1.321         
 0789   366  18.573   1.543   0.829
 0790   366  18.180   0.971   0.255
 0792   366  20.689   1.293         
 0793   366  20.568   1.198         
 0794   366  21.030   0.965         
 0795   366  20.814   1.198         
 0797   366  17.654   1.466   1.328
 0798   366  16.866   0.734   0.236
 0799   366  17.948   1.062   0.657
 0800   366  18.357   0.997   0.324
 0801   366  17.392   0.827   0.292
 0802   366  20.183   1.665         
 0803   366  20.970   1.423         
 0804   366  16.061   0.695   0.165
 0806   366  19.547   1.172         
 0807   366  15.522   0.794   0.195
 0808   366  19.647   1.666         
 0809   366  18.373   0.931   0.201
 0810   366  18.563   1.109   0.450
 0811   366  18.718   1.001   0.517
 0812   366  20.424   1.397         
 0813   366  20.903   1.455         
 0814   366  15.236   0.433   0.368
 0815   366  18.634   1.208   1.075
 0816   366  20.311   1.587         
 0818   366  20.115   1.130         
 0819   366  18.044   1.000   0.225
 0820   366  18.632   1.064   0.348
 0821   366  20.692   1.462         
 0822   366  20.801   1.441         
 0823   366  15.071   0.936   0.616
 0824   366  20.237   1.344         
 0825   366  20.015   1.082         
 0826   366  21.506   1.239         
 0827   366  19.286   1.081   0.354
 0829   366  15.583   0.772   0.160
 0830   366  19.041   0.983   0.248
 0832   366  19.002   1.090   0.417
 0834   366  17.517   1.327   1.133
 0836   366  19.807   1.267   0.266
 0837   366  17.652   0.988   0.229
 0838   366  19.765   1.157         
 0839   366  21.051   1.147         
 0840   366  15.328   0.651   0.703
 0841   366  18.979   1.133   0.195
 0843   366  18.341   0.891   0.289
 0844   366  19.490   1.420         
 0845   366  18.853   1.149   0.565
 0846   366  21.068   1.736         
 0847   366  19.882   1.096         
 0848   366  20.741   1.187         
 0851   366  15.559   1.469   1.185
 0852   366  20.184   1.012         
 0853   366  19.927   1.230         
 0854   366  14.313   0.673   0.188
 0855   366  19.396   1.052         
 0856   366  20.401   1.731         
 0857   366  14.539   0.368   0.171
 0858   366  20.246   1.439         
 0859   366  18.673   1.045   0.425
 0860   366  20.078   1.577         
 0861   366  19.615   1.295   0.099
 0862   366  20.500   1.666         
 0864   366  19.102   1.250   0.348
 0865   366  19.497   1.256         
 0867   366  17.703   1.535         
 0869   366  20.660   1.179         
 0871   366  18.720   1.226   0.950
 0872   366  20.815   1.585         
 0873   366  20.575   1.169         
 0874   366  19.900   1.246         
 0875   366  18.947   1.242         
 0876   366  17.105   1.502   1.375
 0877   366  20.454   1.263         
 0878   366  18.724   1.506   1.111
 0879   366  17.960   0.874   0.270
 0880   366  19.761   1.279   0.693
 0881   366  21.348   1.146         
 0882   366  20.428   1.178         
 0883   366  17.294   0.855   0.166
 0884   366  21.281   1.462         
 0885   366  19.220   1.321         
 0886   366  21.041   1.332         
 0888   366  18.823   1.536   0.756
 0889   366  15.688   0.453   0.391
 0890   366  16.946   1.071   0.775
 0892   366  19.636   1.084   0.046
 0893   366  21.691   0.939         
 0894   366  19.387   1.362         
 0895   366  16.698   0.713   0.327
 0896   366  20.678   1.181         
 0898   366  17.516   1.076   0.747
 0899   366  20.836   1.239         
 0900   366  18.987   1.017   0.392
 0901   366  20.394   1.806         
 0902   366  20.472   1.631         
 0903   366  20.224   1.299         
 0904   366  21.258   1.141         
 0905   366  16.424   0.661   0.349
 0906   366  18.585   1.093   0.170
 0909   366  18.886   1.552   1.105
 0910   366  19.611   1.118         
 0911   366  19.094   0.998   0.294
 0912   366  20.572   1.321         
 0913   366  15.926   0.851   0.237
 0914   366  18.944   1.133   0.431
 0915   366  17.041   1.197   1.054
 0916   366  19.061   1.619         
 0917   366  20.308   1.465         
 0919   366  21.302   1.490         
 0921   366  19.479   1.343         
 0922   366  16.655   0.696   0.263
 0925   366  21.697   1.503         
 0926   366  18.113   1.048   0.262
 0927   366  19.350   1.585         
 0928   366  19.613   1.173         
 0929   366  19.200   1.272         
 0930   366  19.235   1.042   0.557
 0932   366  20.857   1.183         
 0933   366  17.809   1.130   0.831
 0934   366  19.602   1.184         
 0935   366  15.333   0.701   0.058
 0936   366  21.103   1.312         
 0938   366  18.677   1.155   0.221
 0939   366  19.478   1.283   0.325
 0940   366  19.718   1.107   0.125
 0941   366  19.960   1.350         
 0943   366  20.775   1.418         
 0944   366  16.909   1.357   0.773
 0947   366  18.106   0.827   0.199
 0948   366  20.915   1.394         
 0949   366  20.052   1.119         
 0950   366  16.198   0.608   0.032
 0952   366  18.492   1.130   0.525
 0954   366  16.991   0.699   0.396
 0955   366  20.447   1.656         
 0956   366  17.818   0.919   0.258
 0957   366  18.951   1.092   0.302
 0960   366  18.577   1.069   0.298
 0961   366  17.365   0.910   0.251
 0962   366  20.672   1.254         
 0963   366  19.686   1.368   0.867
 0964   366  20.125   1.144         
 0965   366  19.880   1.181   0.184
 0966   366  15.368   0.824   0.148
 0968   366  20.919   1.876         
 0971   366  19.526   1.186         
 0972   366  16.267   0.780   0.180
 0973   366  19.434   1.131   0.319
 0974   366  16.545   0.948   0.274
 0975   366  17.766   0.922   0.233
 0976   366  19.277   1.383         
 0977   366  21.138   1.645         
 0978   366  20.035   1.211         
 0979   366  21.034   1.583         
 0981   366  19.240   1.428         
 0983   366  19.534   1.353         
 0984   366  21.175   1.236         
 0986   366  19.070   0.982   0.498
 0987   366  19.414   1.121   0.332
 0988   366  20.258   1.541         
 0989   366  17.049   0.825   0.228
 0990   366  20.082   1.383         
 0994   366  19.021   1.438         
 0995   366  18.203   1.050   0.280
 0996   366  21.153   1.599         
 0997   366  16.225   0.819   0.450
 1000   366  18.764   1.050   0.375
 1001   366  20.428   1.318         
 1002   366  20.418   1.431         
 1003   366  16.461   0.802   0.563
 1004   366  21.262   1.324         
 1005   366  20.771   1.223         
 1008   366  16.880   0.936   0.305
 1009   366  17.156   0.636   0.415
 1010   366  20.140   1.727         
 1012   366  17.055   1.170   0.944
 1013   366  21.155   1.432         
 1015   366  20.359   1.593         
 1016   366  19.653   1.669         
 1017   366  17.719   1.367   1.032
 1018   366  19.228   1.044         
 1020   366  21.203   1.355         
 1022   366  20.853   1.663         
 1024   366  20.671   1.756         
 1025   366  18.287   1.175   0.360
 1026   366  14.631   0.639   0.361
 1027   366  18.057   1.027   0.285
 1032   366  21.076   1.239         
 1034   366  20.659   1.747         
 1036   366  19.242   1.183   0.567
 1038   366  19.802   1.288         
 1039   366  18.387   1.094         
 1040   366  18.825   1.657         
 1042   366  18.556   1.144   0.319
 1043   366  17.996   1.096   0.359
 1044   366  20.829   1.369         
 1045   366  19.215   1.321   0.724
 1047   366  14.179   0.572   0.496
 1048   366  19.307   1.153   0.253
 1049   366  20.717   1.490         
 1052   366  19.241   1.344   0.275
 1054   366  19.878   1.148   0.261
 1055   366  17.334   0.858   0.197
 1056   366  21.313   1.098         
 1057   366  17.791   0.867   0.193
 1058   366  19.066   1.243   0.695
 1059   366  19.660   1.228         
 1060   366  20.169   1.170         
 1061   366  20.712   1.169         
 1062   366  20.917   1.428         
 1063   366  20.106   1.197         
 1064   366  20.309   1.128         
 1065   366  18.357   1.075   0.328
 1067   366  20.379   1.161         
 1068   366  16.341   0.720   0.152
 1069   366  20.437   1.363         
 1070   366  21.174   1.576         
 1073   366  20.670   1.237         
 1075   366  20.975   1.551         
 1076   366  15.562   0.501   0.317
 1078   366  17.990   1.043   0.249
 1079   366  17.738   1.003   0.467
 1080   366  20.725   2.011         
 1081   366  18.680   1.596         
 1083   366  19.913   1.349         
 1084   366  20.749   1.124         
 1087   366  19.136   1.083   0.183
 1088   366  16.333   0.909   0.329
 1089   366  15.214   0.574   0.313
 1090   366  19.229   1.534         
 1092   366  20.452   1.419         
 1093   366  13.504   0.235   0.188
 1095   366  16.198   1.055   0.665
 1096   366  18.177   1.595         
 1097   366  17.557   0.791   0.261
 1098   366  21.114   1.283         
 1099   366  19.331   1.245   0.900
 1100   366  19.404   1.200   0.425
 1101   366  20.282   1.025         
 1103   366  18.536   1.172   0.917
 1104   366  18.152   1.093   0.382
 1105   366  20.465   1.147         
 1106   366  20.858   1.301         
 1107   366  20.378   1.506         
 1108   366  20.876   1.683         
 1109   366  19.339   1.159   0.383
 1110   366  20.137   1.135         
 1111   366  18.318   1.100   0.538
 1112   366  21.315   1.174         
 1113   366  20.911   1.139         
 1114   366  20.383   1.132         
 1115   366  20.809   1.531         
 1116   366  19.727   1.262         
 1117   366  18.609   0.956   0.166
 1118   366  15.196   1.536   0.917
 1121   366  17.077   0.909   0.234
 1123   366  18.654   1.027         
 1125   366  19.082   1.006   0.349
 1126   366  18.073   1.418   1.369
 1127   366  21.480   0.964         
 1128   366  20.891   1.530         
 1130   366  17.224   0.882   0.390
 1131   366  19.010   1.727         
 1132   366  17.987   0.873   0.485
 1133   366  20.906   1.679         
 1134   366  20.267   1.241         
 1135   366  16.121   1.298   0.838
 1136   366  20.462   0.988         
 1138   366  21.241   1.404         
 1139   366  18.937   0.949   0.251
 1141   366  20.002   1.284         
 1142   366  20.591   1.073         
 1143   366  18.338   0.952   0.246
 1144   366  20.394   1.287         
 1145   366  16.184   1.638   1.099
 1146   366  20.874   1.146         
 1149   366  17.062   0.899         
 1151   366  18.091   1.069   0.409
 1152   366  19.817   1.234   0.466
 1156   366  20.398   1.437         
 1157   366  21.087   1.475         
 1158   366  21.582   1.033         
 1161   366  19.955   1.344         
 1162   366  14.241   1.605   1.243
 1165   366  17.660   1.628   1.108
 1166   366  20.223   1.277         
 1167   366  18.842   1.182   0.379
 1168   366  20.254   1.134         
 1169   366  19.708   1.576         
 1171   366  18.339   1.047   0.519
 1173   366  16.649   0.901   0.533
 1174   366  20.936   1.262         
 1175   366  21.138   1.349         
 1176   366  18.905   1.139   0.332
 1177   366  17.733   0.923   0.246
 1178   366  20.419   1.516         
 1179   366  20.410   1.199         
 1180   366  17.127   0.801   0.172
 1181   366  20.790   1.414         
 1182   366  17.871   1.171   0.887
 1184   366  18.903   1.270   1.027
 1186   366  20.290   1.211         
 1189   366  18.516   0.909   0.440
 1190   366  18.656   1.126   0.438
 1191   366  18.895   1.317   0.324
 1192   366  20.713   1.358         
 1193   366  17.466   0.939   0.225
 1194   366  21.686   1.008         
 1196   366  21.702   1.275         
 1198   366  19.822   1.300         
 1199   366  20.456   1.202         
 1200   366  19.559   1.062         
 1201   366  18.521   1.194   0.759
 1203   366  19.763   1.074         
 1204   366  21.605   0.937         
 1205   366  16.793   0.898   0.315
 1206   366  21.449   0.786         
 1209   366  20.234   1.458         
 1210   366  19.375   1.086   0.218
 1212   366  21.463   1.823         
 1213   366  20.589   1.582         
 1214   366  15.829   0.749   0.276
 1215   366  20.218   1.273         
 1217   366  16.010   0.655   0.263
 1218   366  15.352   0.401   0.361
 1219   366  20.541   1.338         
 1220   366  21.248   1.236         
 1221   366  19.526   1.151   0.414
 1222   366  20.715   1.573         
 1224   366  18.704   1.045   0.299
 1225   366  19.368   1.164         
 1226   366  21.453   1.517         
 1228   366  20.167   1.619         
 1229   366  20.258   1.140         
 1230   366  18.213   0.947   0.247
 1231   366  20.611   1.637         
 1232   366  14.827   1.052   0.587
 1233   366  17.265   0.934   0.276
 1234   366  20.594   1.379         
 1236   366  21.331   1.086         
 1237   366  19.419   1.090   0.321
 1238   366  17.624   1.212   0.832
 1239   366  17.946   0.965   0.201
 1240   366  20.204   1.278         
 1241   366  20.806   1.414         
 1242   366  20.886   1.135         
 1243   366  17.884   1.110   0.312
 1244   366  17.830   1.026   0.388
 1246   366  18.655   1.111   0.506
 1247   366  18.232   0.999   0.313
 1249   366  14.706   0.753   0.043
 1250   366  18.832   1.505         
 1252   366  17.181   0.709   0.275
 1253   366  18.567   1.014   0.430
 1254   366  20.131   1.251         
 1255   366  20.510   1.424         
 1256   366  19.365   1.649         
 1257   366  19.081   1.192   0.638
 1259   366  17.819   1.376   1.180
 1260   366  18.974   1.030   0.090
 1261   366  18.274   0.938   0.289
 1262   366  15.784   0.494   0.338
 1264   366  20.452   1.165         
 1265   366  18.870   1.089   0.349
 1267   366  17.771   0.971   0.578
 1268   366  19.985   1.427         
 1269   366  20.366   1.228         
 1270   366  17.690   1.041   0.327
 1271   366  18.448   0.949   0.348
 1272   366  17.716   1.055   0.570
 1273   366  20.479   1.413         
 1274   366  12.810   0.300   0.207
 1275   366  19.271   1.219   0.522
 1276   366  20.807   1.774         
 1277   366  17.772   0.937   0.373
 1278   366  18.863   1.005   0.405
 1279   366  19.424   1.220   0.528
 1280   366  21.308   1.139         
 1281   366  20.712   1.354         
 1282   366  19.450   1.455         
 1283   366  20.724   1.230         
 1284   366  21.229   1.477         
 1286   366  20.389   0.963         
 1287   366  20.935   1.246         
 1288   366  17.311   0.758   0.160
 1290   366  20.596   1.835         
 1292   366  18.501   0.926   0.211
 1293   366  19.693   1.263         
 1294   366  21.009   1.399         
 1295   366  21.388   1.298         
 1297   366  20.274   1.358         
 1299   366  17.337   0.943   0.252
 1301   366  21.934   0.981         
 1302   366  18.748   1.090   0.488
 1303   366  18.246   0.956   0.168
 1304   366  20.080   1.275         
 1305   366  19.747   1.331         
 1306   366  15.279   0.535   0.412
 1307   366  15.784   0.730   0.208
 1308   366  19.686   1.104   0.370
 1310   366  20.115   1.296         
 1311   366  18.119   1.177   0.446
 1312   366  15.596   0.852   0.435
 1313   366  21.175   1.156         
 1314   366  18.774   1.196   0.375
 1317   366  20.388   1.418         
 1318   366  19.662   1.215   0.317
 1319   366  18.397   1.155   0.463
 1321   366  20.719   1.356         
 1322   366  17.331   1.479   0.796
 1323   366  16.910   0.818   0.155
 1324   366  15.795   0.776   0.413
 1326   366  19.488   1.061         
 1327   366  18.599   1.044   0.323
 1328   366  16.057   1.276   1.170
 1329   366  20.356   1.464         
 1331   366  20.412   1.315         
 1332   366  16.840   0.766   0.316
 1334   366  20.589   1.341         
 1336   366  17.223   0.859   0.284
 1337   366  21.072   1.822         
 1338   366  21.007   1.460         
 1339   366  18.683   1.048   0.308
 1341   366  20.250   1.186         
 1342   366  20.247   0.919  -0.344
 1343   366  14.582   0.354   0.156
 1344   366  19.545   1.745         
 1345   366  14.451   1.407   0.926
 1347   366  20.321   1.010         
 1348   366  17.343   0.897   0.269
 1349   366  17.934   0.906   0.381
 1350   366  20.822   1.829         
 1351   366  19.015   1.151   0.321
 1352   366  16.891   0.953   0.444
 1354   366  19.758   1.279         
 1355   366  21.300   1.363         
 1356   366  20.951   1.724         
 1357   366  12.810   0.230   0.303
 1358   366  16.557   0.833   0.255
 1359   366  20.859   1.373         
 1360   366  19.386   1.645         
 1361   366  17.371   1.376   1.319
 1363   366  17.047   0.999   0.328
 1364   366  18.369   1.046   0.491
 1365   366  17.689   0.828   0.165
 1366   366  17.207   0.950   0.416
 1367   366  18.941   1.501         
 1368   366  14.347   0.417   0.358
 1370   366  17.416   0.882   0.213
 1371   366  21.341   2.142         
 1372   366  18.415   1.047   0.478
 1373   366  20.671   1.248         
 1374   366  20.065   1.216   0.418
 1375   366  16.288   0.838   0.375
 1376   366  14.637   0.331   0.170
 1377   366  20.905   1.327         
 1378   366  12.456   0.672   0.042
 1379   366  20.560   1.606         
 1381   366  18.787   1.429   0.943
 1382   366  17.425   0.845   0.156
 1383   366  17.770   0.905   0.562
 1385   366  18.890   1.109   0.454
 1386   366  18.559   1.050   0.362
 1387   366  19.044   1.609         
 1388   366  17.056   0.925   0.312
 1389   366  20.529   1.285         
 1391   366  19.315   1.452         
 1392   366  17.965   0.938   0.185
 1393   366  20.247   1.338         
 1395   366  19.425   1.065   0.308
 1396   366  20.628   1.400         
 1397   366  20.861   1.663         
 1400   366  17.728   0.957   0.431
 1401   366  18.649   0.962   0.277
 1402   366  18.869   0.949   0.321
 1403   366  17.149   0.728   0.449
 1405   366  18.419   1.017   0.495
 1406   366  20.101   1.436         
 1407   366  21.141   1.564         
 1408   366  20.101   1.185   0.527
 1410   366  20.149   1.177         
 1412   366  20.148   1.627         
 1413   366  18.510   0.979   0.283
 1414   366  20.985   1.675         
 1415   366  19.960   1.730         
 1416   366  20.287   1.204         
 1417   366  19.579   1.093         
 1418   366  15.556   0.487   0.343
 1421   366  20.718   1.570         
 1422   366  18.744   1.071   0.528
 1424   366  18.300   0.663   0.435
 1425   366  20.118   1.526         
 1426   366  21.190   1.345         
 1427   366  21.479   1.681         
 1429   366  15.625   0.923   0.381
 1430   366  15.515   1.504   0.969
 1431   366  18.589   1.435         
 1432   366  21.214   1.558         
 1433   366  19.882   1.358         
 1434   366  18.720   1.161   0.793
 1436   366  18.547   1.643         
 1438   366  20.863   1.601         
 1440   366  18.516   1.373         
 1441   366  18.197   1.044         
 1442   366  19.486   1.142   0.297
 1443   366  19.625   1.168   0.200
 1444   366  19.590   1.170   0.341
 1445   366  18.993   1.038   0.210
 1446   366  21.062   1.531         
 1447   366  21.715   1.038         
 1448   366  12.143   0.543  -0.255
 1449   366  17.169   0.928   0.250
 1450   366  20.446   1.249         
 1451   366  20.366   1.395         
 1452   366  16.121   1.316   1.181
 1453   366  19.462   1.072   0.352
 1455   366  19.265   1.080   0.531
 1456   366  19.596   1.519         
 1457   366  20.748   1.639         
 1459   366  20.154   1.123         
 1460   366  12.147   0.143   0.042
 1462   366  13.705   1.454   1.239
 1463   366  21.232   1.417         
 1465   366  18.787   1.034   0.231
 1466   366  18.896   1.130   0.526
 1467   366  14.126   1.470   1.248
 1468   366  19.802   0.734         
 1469   366  14.592   0.740   0.293
 1470   366  21.650   1.275         
 1471   366  19.903   1.200         
 1472   366  17.130   0.581   0.301
 1473   366  17.225   0.958   0.309
 1474   366  20.730   1.504         
 1476   366  20.405   1.544         
 1477   366  18.826   1.177   0.366
 1478   366  21.017   1.301         
 1479   366  18.816   1.282   0.591
 1480   366  21.052   1.475         
 1481   366  20.133   1.183   0.310
 1482   366  20.587   1.222         
 1483   366  17.336   1.123   0.632
 1484   366  16.446   0.980   0.258
 1486   366  19.772   1.695         
 1487   366  20.959   1.278         
 1488   366  20.924   1.642         
 1489   366  21.686   0.614         
 1490   366  17.784   0.909   0.281
 1493   366  18.389   1.053   0.337
 1494   366  15.222   0.514   0.362
 1495   366  16.600   1.474   0.862
 1496   366  17.056   1.200   0.306
 1497   366  18.247   0.937   0.226
 1498   366  21.118   1.652         
 1499   366  20.918   1.336         
 1500   366  19.639   1.178   0.066
 1501   366  20.048   0.935   0.297
 1502   366  15.573   0.492   0.371
 1504   366  20.255   1.237         
 1505   366  18.978   1.203   0.579
 1506   366  21.310   1.268         
 1508   366  19.361   1.098   0.226
 1509   366  19.758   1.127   0.138
 1510   366  18.041   0.949   0.314
 1511   366  18.372   1.161   0.751
 1512   366  21.003   1.594         
 1514   366  20.746   1.252         
 1515   366  19.844   1.168  -0.049
 1516   366  19.448   1.565         
 1517   366  18.406   0.893   0.221
 1518   366  19.049   1.098         
 1519   366  21.542   1.253         
 1520   366  19.353   1.288         
 1521   366  21.149   1.499         
 1522   366  19.569   1.346         
 1523   366  20.414   1.081         
 1524   366  18.075   1.015   0.321
 1526   366  19.903   1.204         
 1527   366  21.870   0.160         
 1528   366  18.878   1.460   0.472
 1529   366  17.353   1.060   0.444
 1530   366  22.269   0.857         
 1533   366  20.922   1.210         
 1534   366  20.886   1.892         
 1535   366  17.889   1.117   0.349
 1536   366  20.469   1.410         
 1537   366  21.209   1.429         
 1538   366  20.038   1.170         
 1539   366  20.341   1.358         
 1540   366  18.288   0.977   0.296
 1541   366  20.074   1.313         
 1542   366  18.678   1.011   0.368
 1544   366  16.742   0.945   0.339
 1545   366  18.941   1.478         
 1546   366  20.534   1.122         
 1547   366  19.209   1.144   0.486
 1548   366  19.636   1.190   0.195
 1549   366  20.490   1.829         
 1550   366  20.629   2.146         
 1551   366  19.142   1.091   0.251
 1552   366  16.022   0.739   0.162
 1553   366  19.838   1.063         
 1554   366  20.981   1.328         
 1555   366  17.763   0.931   0.228
 1556   366  19.900   1.241   0.321
 1557   366  19.722   1.141         
 1558   366  19.832   1.235         
 1559   366  20.382   1.141         
 1560   366  18.261   1.606   0.996
 1561   366  18.589   1.017   0.368
 1562   366  19.947   1.787         
 1563   366  20.319   1.185         
 1564   366  18.866   1.004   0.187
 1565   366  16.639   1.425   0.723
 1566   366  19.379   1.738         
 1568   366  17.710   0.918   0.252
 1569   366  17.763   1.031   0.354
 1570   366  20.273   1.128  -0.059
 1571   366  20.703   1.306         
 1572   366  15.154   0.454   0.329
 1573   366  20.241   1.396         
 1574   366  17.755   0.925   0.230
 1575   366  17.957   1.220   0.486
 1576   366  19.807   1.061         
 1577   366  16.508   1.177   1.021
 1578   366  21.060   1.341         
 1581   366  17.799   0.994   0.314
 1582   366  19.697   1.397         
 1583   366  18.203   1.017   0.240
 1586   366  21.044   1.600         
 1588   366  21.303   1.567         
 1589   366  17.277   1.217   0.937
 1590   366  15.712   0.479   0.378
 1591   366  17.113   0.846   0.222
 1592   366  20.436   1.255         
 1593   366  16.030   0.682   0.463
 1594   366  14.535   1.543   1.151
 1595   366  17.166   1.075   0.363
 1596   366  21.394   1.442         
 1597   366  19.306   1.182   0.348
 1600   366  19.835   1.272         
 1601   366  21.852   1.369         
 1602   366  21.756   1.106         
 1603   366  20.977   1.464         
 1604   366  17.868   1.002   0.352
 1605   366  18.446   0.950   0.240
 1606   366  20.244   1.402         
 1607   366  18.640   1.056   0.245
 1608   366  21.099   1.313         
 1609   366  17.007   0.860   0.214
 1610   366  18.626   1.056   0.358
 1611   366  16.493   0.851   0.200
 1612   366  20.616   1.825         
 1614   366  20.272   1.267   0.520
 1615   366  15.912   0.887   0.306
 1616   366  18.930   0.965   0.318
 1617   366  16.453   0.940   0.279
 1618   366  17.836   1.026   0.246
 1619   366  17.253   1.603   0.856
 1620   366  21.153   1.503         
 1622   366  18.502   1.042         
 1623   366  20.595   1.133         
 1624   366  17.201   0.791   0.128
 1626   366  14.807   0.407   0.226
 1628   366  18.568   0.873   0.189
 1630   366  21.318   1.389         
 1631   366  19.376   1.166         
 1632   366  20.926   1.115         
 1633   366  14.921   0.669   0.072
 1634   366  18.589   1.317         
 1636   366  18.349   1.183   0.336
 1639   366  20.742   1.293         
 1640   366  15.805   0.514   0.361
 1641   366  15.151   0.516   0.306
 1643   366  21.199   1.337         
 1644   366  16.713   0.837   0.222
 1645   366  19.617   0.989         
 1646   366  20.583   1.232         
 1649   366  21.126   1.199         
 1650   366  20.870   1.461         
 1651   366  20.614   1.090         
 1653   366  19.223   1.054   0.275
 1654   366  19.623   1.591         
 1656   366  21.306   1.434         
 1658   366  19.066   1.189   0.706
 1659   366  19.484   0.997   0.113
 1660   366  21.730   1.194         
 1662   366  20.731   1.204         
 1666   366  15.847   0.874   0.223
 1667   366  18.565   1.037   0.448
 1668   366  19.685   1.150   0.402
 1669   366  21.497   1.361         
 1670   366  20.529   1.335         
 1671   366  17.827   0.961   0.308
 1672   366  20.855   1.576         
 1673   366  17.614   0.908   0.338
 1675   366  18.502   1.044   0.255
 1676   366  21.725   1.086         
 1677   366  20.588   1.455         
 1678   366  20.514   1.291         
 1679   366  19.293   1.101   0.217
 1681   366  14.505   0.672   0.102
 1682   366  16.951   1.046   0.596
 1683   366  20.860   1.418         
 1684   366  18.604   0.845   0.415
 1685   366  18.913   1.368   0.538
 1686   366  16.543   0.641   0.363
 1687   366  21.126   1.452         
 1688   366  16.093   0.967   0.516
 1689   366  16.126   0.771   0.176
 1690   366  19.532   1.273         
 1691   366  18.929   1.207   0.371
 1693   366  19.299   1.560         
 1694   366  17.606   1.010   0.351
 1695   366  19.927   1.187   0.195
 1696   366  20.260   1.095         
 1698   366  20.971   1.574         
 1699   366  19.968   1.312         
 1700   366  19.174   1.530         
 1701   366  20.320   1.412         
 1702   366  20.741   1.038         
 1703   366  20.792   1.265         
 1704   366  17.899   0.869   0.252
 1705   366  16.116   0.610   0.264
 1706   366  13.870   1.577   1.294
 1707   366  19.870   1.284         
 1708   366  18.414   1.271   0.515
 1709   366  20.670   1.664         
 1710   366  18.717   1.159   0.641
 1711   366  21.179   1.094         
 1713   366  17.471   0.778   0.403
 1714   366  20.066   1.513         
 1715   366  20.995   1.615         
 1716   366  20.782   1.390         
 1718   366  18.275   1.027   0.347
 1721   366  20.340   1.734         
 1722   366  20.129   1.192         
 1724   366  19.872   1.156   0.255
 1726   366  18.131   0.898   0.271
 1727   366  19.020   1.047   0.249
 1728   366  18.965   1.201   0.222
 1729   366  20.741   1.333         
 1730   366  17.710   1.128   0.558
 1731   366  21.536   1.795         
 1732   366  21.440   1.395         
 1734   366  18.612   1.617         
 1735   366  18.797   1.273   0.686
 1736   366  20.168   1.240         
 1737   366  16.215   0.819   0.198
 1739   366  20.529   1.622         
 1740   366  19.436   1.330         
 1741   366  18.968   1.089   0.233
 1742   366  20.109   1.308         
 1743   366  19.841   1.425         
 1744   366  20.693   1.469         
 1745   366  21.131   1.287         
 1747   366  19.285   1.110   0.198
 1748   366  18.638   1.067   0.381
 1749   366  19.675   1.799         
 1751   366  19.251   1.013   0.408
 1752   366  20.633   1.584         
 1753   366  19.338   1.186   0.568
 1754   366  18.339   0.840   0.511
 1755   366  21.034   1.300         
 1756   366  16.141   0.793   0.132
 1757   366  21.353   1.141         
 1758   366  20.916   1.536         
 1759   366  15.556   1.638   1.107
 1760   366  20.462   1.792         
 1761   366  19.336   1.289         
 1762   366  20.430   1.179         
 1763   366  21.302   1.248         
 1764   366  21.435   1.050         
 1765   366  17.681   1.610   1.349
 1766   366  18.460   1.002   0.412
 1768   366  16.689   0.771   0.333
 1769   366  20.106   1.757         
 1770   366  21.439   1.058         
 1771   366  17.287   0.945   0.260
 1774   366  21.173   1.225         
 1776   366  13.790   1.172   0.601
 1777   366  19.442   1.111   0.085
 1778   366  21.195   0.985         
 1780   366  19.585   1.157         
 1781   366  20.749   1.447         
 1782   366  19.376   1.220         
 1783   366  19.387   1.327         
 1785   366  16.740   0.709   0.134
 1786   366  11.915   1.159   1.087
 1787   366  19.905   1.274   0.176
 1788   366  14.357   0.587   0.064
 1790   366  19.402   1.100   0.381
 1791   366  14.256   0.602   0.056
 1792   366  21.315   1.199         
 1793   366  21.124   1.084         
 1794   366  18.193   1.021   0.250
 1795   366  20.700   1.405         
 1797   366  15.867   0.819   0.269
 1798   366  20.192   1.191         
 1801   366  20.857   1.129         
 1802   366  20.513   1.042         
 1804   366  20.415   1.357         
 1805   366  19.211   1.006   0.331
 1806   366  15.926   0.573   0.361
 1807   366  19.742   1.115         
 1810   366  15.766   0.932   0.387
 1811   366  21.300   1.226         
 1812   366  21.049   1.647         
 1814   366  20.134   1.727         
 1815   366  20.366   1.461         
 1816   366  20.748   1.391         
 1817   366  15.426   0.518   0.303
 1819   366  20.263   1.244         
 1820   366  14.544   0.470   0.158
 1822   366  19.183   1.214   0.399
 1823   366  19.181   1.075         
 1824   366  16.677   1.433   0.937
 1825   366  19.766   1.128   0.325
 1826   366  15.866   0.492   0.353
 1828   366  13.905   0.350   0.150
 1830   366  20.076   1.211         
 1832   366  17.475   0.860   0.220
 1833   366  13.546   1.297   0.862
 1834   366  16.387   0.756   0.373
 1835   366  20.894   1.271         
 1836   366  19.425   1.242         
 1837   366  20.737   1.310         
 1838   366  19.563   1.382         
 1839   366  20.956   0.937         
 1840   366  18.887   1.254         
 1841   366  20.015   1.351         
 1843   366  17.744   0.923   0.227
 1844   366  17.613   0.949   0.211
 1846   366  21.325   1.699         
 1848   366  15.188   0.459   0.242
 1851   366  19.046   1.157   0.377
 1852   366  13.952   0.750   0.256
 1856   366  17.785   1.087   0.354
 1857   366  21.158   1.267         
 1858   366  17.923   0.946   0.267
 1859   366  17.149   0.812   0.227
 1861   366  17.394   1.205   0.849
 1862   366  20.933   1.255         
 1863   366  20.113   1.274         
 1865   366  19.582   1.293   0.302
 1866   366  18.644   1.418   0.952
 1867   366  17.878   0.958   0.243
 1869   366  21.428   1.645         
 1870   366  18.674   1.059   0.317
 1872   366  18.073   1.065   0.459
 1873   366  21.201   1.411         
 1875   366  19.330   1.190         
 1876   366  19.606   1.099   0.436
 1877   366  16.415   1.614   1.094
 1878   366  19.004   1.244   0.594
 1879   366  19.458   1.171   0.386
 1880   366  21.343   0.945         
 1881   366  21.428   0.664         
 1882   366  19.902   1.420         
 1883   366  19.117   1.484         
 1884   366  18.676   1.036   0.231
 1885   366  18.974   1.254   0.534
 1888   366  21.043   1.280         
 1890   366  20.497   1.586         
 1891   366  17.878   1.083   0.367
 1892   366  20.251   1.683         
 1894   366  21.266   1.351         
 1895   366  20.230   1.253         
 1896   366  19.514   1.169   0.189
 1897   366  18.840   1.507         
 1898   366  19.218   1.206   0.472
 1899   366  16.703   1.008   0.261
 1900   366  16.583   0.830   0.208
 1902   366  21.506   1.713         
 1904   366  18.513   1.032   0.262
 1905   366  17.883   0.869   0.227
 1906   366  19.405   1.257   0.420
 1907   366  17.791   0.916   0.284
 1908   366  19.067   1.226   0.857
 1909   366  16.168   0.602   0.402
 1911   366  20.966   1.512         
 1912   366  19.712   1.056   0.180
 1915   366  16.400   0.620   0.337
 1916   366  17.840   1.225   0.379
 1917   366  18.238   1.100   0.513
 1919   366  16.740   0.728   0.341
 1920   366  16.439   0.754   0.482
 1921   366  21.618   1.514         
 1922   366  20.381   1.260         
 1923   366  17.590   0.869   0.201
 1924   366  20.560   1.491         
 1925   366  20.498   1.142         
 1926   366  16.970   0.866   0.266
 1927   366  20.247   1.568         
 1928   366  17.058   0.802   0.252
 1930   366  17.114   0.762   0.318
 1933   366  17.298   1.048   0.346
 1935   366  20.589   1.394         
 1936   366  19.806   1.138   0.361
 1937   366  19.818   1.145         
 1938   366  21.222   1.617         
 1939   366  21.406   1.484         
 1940   366  19.251   1.160   0.525
 1942   366  13.744   1.283   0.657
 1943   366  16.725   1.724   1.228
 1945   366  17.203   0.830   0.243
 1946   366  20.844   1.442         
 1947   366  20.460   1.244         
 1948   366  16.934   1.137   0.469
 1949   366  19.960   1.281         
 1950   366  19.494   1.360         
 1953   366  14.066   0.574   0.050
 1954   366  22.285   1.066         
 1955   366  18.645   1.251   0.810
 1958   366  19.275   1.106   0.343
 1959   366  18.567   0.990   0.249
 1961   366  21.513   1.038         
 1962   366  18.408   1.793         
 1963   366  16.354   0.619   0.234
 1964   366  20.315   1.317         
 1965   366  19.883   1.155   0.743
 1966   366  18.074   1.121   0.594
 1967   366  20.651   1.444         
 1968   366  17.956   0.927   0.214
 1969   366  19.139   1.294         
 1970   366  16.921   0.901   0.223
 1971   366  19.618   1.157   0.172
 1972   366  18.315   0.936   0.332
 1973   366  21.304   1.185         
 1974   366  16.769   1.022   0.173
 1975   366  17.251   1.584   0.861
 1976   366  21.794   1.211         
 1977   366  16.886   0.688   0.337
 1978   366  20.293   1.342         
 1979   366  18.007   0.909   0.200
 1980   366  20.884   1.503         
 1981   366  19.364   1.118   0.373
 1982   366  17.722   0.973   0.200
 1983   366  18.819   1.123   0.402
 1984   366  18.973   1.155   0.291
 1985   366  17.869   0.817   0.174
 1986   366  13.434   0.300   0.048
 1987   366  20.068   1.301         
 1989   366  19.124   1.200   0.173
 1990   366  21.213   1.175         
 1991   366  20.644   1.499         
 1992   366  21.369   1.210         
 1993   366  12.567   0.379   0.085
 1994   366  19.425   1.163   0.541
 1996   366  17.828   1.116   0.442
 1997   366  21.419   1.198         
 1998   366  18.951   1.321   0.843
 1999   366  20.465   1.135         
 2000   366  18.270   0.878   0.160
 2002   366  19.829   1.112   0.269
 2003   366  19.269   1.147   0.181
 2004   366  16.274   0.918   0.272
 2005   366  21.100   1.726         
 2006   366  19.715   1.317   0.237
 2007   366  18.114   1.022   0.279
 2009   366  19.486   1.281         
 2011   366  20.745   1.664         
 2012   366  19.960   1.387         
 2014   366  20.012   1.760         
 2015   366  16.358   0.590   0.365
 2016   366  18.455   1.179   0.455
 2017   366  20.822   1.240         
 2018   366  17.692   0.911   0.199
 2019   366  19.459   1.113  -0.031
 2020   366  20.602   1.498         
 2021   366  18.035   0.940   0.232
 2022   366  20.431   1.479         
 2023   366  15.982   1.526   1.366
 2024   366  15.997   0.849   0.302
 2026   366  15.988   0.599   0.323
 2027   366  18.418   1.635   1.108
 2029   366  17.204   0.940   0.217
 2030   366  16.847   1.107   0.394
 2032   366  20.388   1.700         
 2033   366  20.659   1.272         
 2034   366  18.649   0.967   0.365
 2035   366  15.780   0.427   0.294
 2036   366  20.699   1.631         
 2038   366  18.741   1.166   0.903
 2039   366  19.339   0.983  -0.205
 2040   366  19.742   1.114   0.257
 2041   366  15.658   0.647   0.073
 2042   366  20.455   1.155         
 2043   366  21.864   1.055         
 2045   366  19.184   1.065         
 2047   366  16.095   0.886   0.272
 2049   366  21.478   1.076         
 2050   366  20.614   1.334         
 2051   366  19.753   1.131   0.246
 2052   366  15.650   0.658   0.436
 2053   366  17.550   1.464   1.274
 2054   366  17.520   0.920   0.117
 2055   366  18.011   1.423   0.658
 2056   366  19.387   1.267         
 2057   366  17.698   0.990   0.298
 2058   366  14.941   0.349   0.036
 2061   366  19.746   1.198         
 2063   366  18.442   0.959   0.262
 2064   366  21.660   1.526         
 2066   366  19.222   1.139   0.418
 2068   366  19.243   1.169   0.299
 2070   366  20.234   1.369         
 2071   366  20.923   1.708         
 2072   366  20.726   1.250         
 2073   366  15.597   0.524   0.262
 2075   366  19.198   1.141   0.342
 2076   366  20.105   1.083         
 2078   366  20.685   1.099         
 2079   366  13.766   0.384   0.160
 2080   366  15.690   0.715   0.129
 2081   366  21.611   1.175         
 2083   366  20.087   1.408         
 2084   366  12.904   0.388   0.103
 2085   366  16.289   0.549   0.307
 2086   366  20.914   1.484         
 2088   366  19.392   1.231         
 2090   366  17.861   0.929   0.251
 2091   366  16.263   0.596   0.412
 2092   366  13.928   0.442   0.224
 2094   366  17.018   0.853   0.293
 2095   366  21.402   1.493         
 2096   366  19.809   1.699         
 2097   366  16.585   0.878   0.191
 2098   366  20.992   1.363         
 2099   366  18.201   1.068   0.354
 2100   366  18.924   1.102   0.436
 2101   366  20.249   1.240         
 2102   366  16.645   0.772   0.288
 2103   366  14.845   1.486   1.033
 2104   366  15.317   0.471   0.274
 2105   366  18.479   0.985   0.240
 2106   366  18.490   1.076   0.163
 2107   366  21.092   1.520         
 2108   366  18.254   1.097   0.469
 2109   366  17.543   0.922   0.251
 2110   366  19.103   1.149   0.353
 2111   366  20.137   1.456         
 2112   366  20.083   1.216         
 2113   366  19.356   1.119   0.301
 2115   366  21.221   1.489         
 2116   366  19.628   1.272         
 2117   366  21.697   1.667         
 2121   366  18.362   0.814   0.160
 2122   366  20.502   1.328         
 2123   366  19.372   1.172   0.468
 2124   366  19.903   1.121         
 2125   366  14.938   0.757   0.046
 2126   366  17.146   1.661   1.006
 2127   366  21.100   1.232         
 2128   366  13.762   0.423   0.332
 2130   366  20.373   1.647         
 2134   366  18.667   0.950   0.209
 2135   366  21.188   1.483         
 2136   366  18.090   0.943   0.172
 2137   366  17.843   1.086   0.262
 2138   366  17.572   0.859   0.223
 2139   366  21.104   1.570         
 2140   366  14.647   0.512   0.244
 2143   366  17.319   0.937   0.232
 2145   366  17.416   0.849   0.214
 2146   366  15.484   0.564   0.306
 2147   366  19.048   1.157   0.460
 2148   366  18.599   0.844   0.480
 2149   366  20.400   1.349         
 2150   366  19.531   1.191         
 2152   366  20.192   1.231         
 2154   366  19.553   1.141         
 2155   366  16.448   0.867   0.217
 2156   366  16.832   0.815   0.165
 2158   366  18.078   1.247   1.008
 2160   366  20.352   1.288         
 2162   366  19.704   1.077   0.184
 2163   366  15.687   1.045   0.862
 2164   366  17.473   0.978   0.219
 2165   366  21.076   1.280         
 2167   366  15.535   0.505   0.269
 2168   366  21.123   1.538         
 2169   366  20.353   1.249         
 2171   366  17.771   0.872   0.103
 2173   366  13.639   0.325   0.138
 2174   366  19.460   1.163   0.218
 2175   366  19.589   1.164   0.399
 2178   366  19.191   1.115   0.105
 2179   366  20.564   1.258         
 2180   366  16.654   1.336   0.778
 2181   366  20.578   1.572         
 2182   366  15.264   0.434   0.179
 2183   366  19.458   1.185         
 2184   366  17.154   0.920   0.473
 2186   366  18.995   1.197   0.543
 2187   366  21.765   1.411         
 2188   366  19.700   0.988         
 2189   366  20.177   1.100         
 2191   366  20.949   1.313         
 2194   366  20.608   1.537         
 2197   366  13.809   0.381   0.051
 2198   366  19.529   1.329         
 2200   366  14.573   1.209   0.857
 2201   366  18.634   1.029   0.312
 2203   366  16.927   0.907   0.304
 2204   366  17.756   1.476   1.352
 2205   366  18.239   1.019   0.257
 2206   366  18.826   0.919   0.347
 2208   366  18.918   1.108   0.295
 2209   366  14.304   0.354   0.031
 2210   366  20.317   1.344         
 2211   366  20.249   1.354         
 2213   366  17.065   1.198   0.812
 2214   366  21.165   1.308         
 2215   366  18.226   1.419   1.168
 2216   366  16.563   0.592   0.399
 2217   366  15.329   0.510   0.344
 2218   366  21.062   1.467         
 2219   366  21.340   1.339         
 2220   366  21.121   1.204         
 2221   366  15.318   0.443   0.264
 2222   366  18.108   0.937   0.280
 2223   366  20.995   1.518         
 2224   366  19.868   1.269         
 2225   366  20.642   1.288         
 2226   366  19.568   1.215   0.110
 2227   366  17.787   0.937   0.221
 2228   366  17.448   0.713   0.077
 2231   366  20.850   1.606         
 2232   366  19.876   1.115   0.720
 2233   366  14.978   0.379   0.120
 2234   366  19.979   1.113         
 2237   366  18.183   0.841   0.327
 2238   366  20.310   1.215  -0.167
 2239   366  18.762   0.992   0.165
 2241   366  18.986   1.034   0.332
 2242   366  20.338   1.203         
 2243   366  19.084   1.117   0.356
 2244   366  20.265   0.915         
 2245   366  16.587   0.656   0.319
 2246   366  18.951   1.123   0.424
 2247   366  18.062   0.861   0.163
 2249   366  16.099   1.445   0.787
 2250   366  14.876   0.631   0.293
 2252   366  19.885   1.373         
 2253   366  21.030   1.386         
 2255   366  17.133   1.444   0.834
 2256   366  17.289   0.899   0.242
 2257   366  20.719   1.246         
 2259   366  21.175   1.359         
 2260   366  20.439   1.152         
 2263   366  21.334   1.240         
 2264   366  17.145   0.862   0.270
 2265   366  20.581   1.200         
 2266   366  18.237   1.514   0.662
 2268   366  20.082   1.102         
 2269   366  17.888   0.993   0.264
 2272   366  18.227   1.014   0.265
 2275   366  18.283   0.961   0.388
 2276   366  19.225   1.262   0.361
 2277   366  21.205   1.090         
 2278   366  19.301   1.270         
 2279   366  19.779   1.283         
 2280   366  19.898   1.258         
 2281   366  19.991   1.123         
 2282   366  21.006   2.050         
 2283   366  19.695   1.397         
 2284   366  19.328   1.196         
 2285   366  19.009   1.037   0.353
 2286   366  21.674   1.778         
 2287   366  17.334   0.986   0.256
 2288   366  19.294   1.362         
 2289   366  21.751   1.332         
 2290   366  20.068   1.389         
 2291   366  21.442   1.161         
 2292   366  14.209   0.712   0.011
 2294   366  18.697   1.324   0.473
 2295   366  20.935   1.381         
 2296   366  16.882   0.764   0.351
 2297   366  19.613   1.805         
 2299   366  21.085   1.195         
 2300   366  16.898   0.761   0.201
 2301   366  20.781   1.663         
 2302   366  14.770   0.715   0.159
 2303   366  19.481   1.306         
 2304   366  16.161   0.512   0.394
 2305   366  19.435   1.121   0.245
 2306   366  21.836   1.471         
 2308   366  20.345   1.362         
 2309   366  15.915   0.979   0.577
 2310   366  16.523   0.775   0.238
 2311   366  16.786   1.199   0.497
 2314   366  20.486   1.560         
 2315   366  17.507   0.921   0.218
 2316   366  14.940   0.473   0.296
 2318   366  15.206   0.354   0.236
 2319   366  15.170   0.437   0.203
 2320   366  18.952   1.128   0.432
 2321   366  14.119   0.344   0.060
 2322   366  20.068   1.345         
 2323   366  18.205   1.121   0.280
 2324   366  20.364   1.738         
 2325   366  18.421   1.044   0.329
 2326   366  19.677   1.069         
 2327   366  19.544   1.328   0.741
 2328   366  21.000   1.438         
 2330   366  21.987   0.937         
 2331   366  19.097   1.225   0.824
 2332   366  19.445   1.159         
 2333   366  19.561   1.214         
 2336   366  21.012   1.098         
 2337   366  18.728   1.093   0.229
 2338   366  17.419   0.970   0.229
 2339   366  16.939   0.714   0.362
 2341   366  17.416   1.151   0.399
 2342   366  17.667   1.181   0.706
 2344   366  20.852   1.879         
 2345   366  18.827   1.002   0.399
 2346   366  21.438   1.079         
 2347   366  18.405   1.062   0.329
 2348   366  21.209   1.148         
 2349   366  20.633   1.743         
 2351   366  20.047   1.500         
 2352   366  19.958   1.344         
 2353   366  19.519   1.213   0.531
 2354   366  16.151   0.514   0.378
 2356   366  21.156   1.017         
 2359   366  16.172   0.900   0.317
 2360   366  17.816   0.937   0.241
 2361   366  21.336   1.410         
 2363   366  14.016   1.221   0.640
 2364   366  19.766   1.135   0.269
 2365   366  18.448   1.143   0.464
 2366   366  18.027   1.014   0.297
 2367   366  19.841   1.637         
 2368   366  16.479   0.710   0.462
 2369   366  21.405   1.148         
 2370   366  17.979   0.883   0.167
 2371   366  20.310   1.379         
 2372   366  20.266   1.210   0.184
 2373   366  17.513   0.871   0.207
 2375   366  19.427   1.285         
 2376   366  16.495   1.350   1.247
 2377   366  14.438   2.261   2.410
 2379   366  21.181   1.180         
 2381   366  17.384   0.964   0.241
 2382   366  19.514   1.308   0.396
 2383   366  17.229   1.162   0.870
 2384   366  20.607   1.353         
 2385   366  20.435   1.434         
 2387   366  18.161   1.123   0.400
 2388   366  21.024   1.274         
 2389   366  19.230   1.141   0.484
 2390   366  21.423   1.791         
 2391   366  20.480   1.708         
 2392   366  20.527   1.244         
 2393   366  21.576   1.057         
 2394   366  15.261   0.721  -0.005
 2395   366  17.039   0.758   0.279
 2397   366  20.745   1.337         
 2398   366  18.033   1.012   0.264
 2400   366  17.910   1.144   0.841
 2403   366  20.714   1.659         
 2404   366  15.101   0.398   0.261
 2405   366  15.459   0.986   0.604
 2406   366  19.684   1.184   0.388
 2407   366  19.555   1.137   0.206
 2408   366  19.274   1.170         
 2409   366  15.576   0.521   0.346
 2410   366  21.887   1.129         
 2411   366  20.048   1.150         
 2412   366  15.070   0.424   0.221
 2413   366  17.764   1.150         
 2414   366  19.428   1.275         
 2415   366  17.506   0.848   0.172
 2416   366  19.947   1.258         
 2417   366  20.252   1.090         
 2418   366  18.302   0.927   0.242
 2419   366  17.080   1.018   0.327
 2420   366  17.150   0.797   0.390
 2421   366  17.981   0.942   0.116
 2422   366  21.024   1.534         
 2423   366  20.450   1.300         
 2424   366  21.231   1.106         
 2425   366  17.948   1.389   1.065
 2426   366  18.463   1.364         
 2427   366  21.381   1.202         
 2428   366  20.986   1.628         
 2430   366  15.616   0.853   0.208
 2431   366  18.668   1.131   0.566
 2432   366  20.829   1.753         
 2433   366  13.375   1.159   0.678
 2434   366  14.565   0.359   0.140
 2435   366  20.205   1.286         
 2436   366  20.149   1.548         
 2437   366  18.780   1.066   0.306
 2438   366  18.882   1.160   0.694
 2439   366  19.066   1.121   0.462
 2440   366  20.864   1.859         
 2441   366  19.630   1.241   0.608
 2442   366  17.686   0.909   0.260
 2443   366  20.084   1.445         
 2444   366  16.533   0.644   0.364
 2446   366  19.049   1.180   0.858
 2447   366  21.131   1.521         
 2448   366  18.325   1.061   0.247
 2449   366  17.527   0.840   0.133
 2451   366  21.085   1.166         
 2453   366  19.895   1.201         
 2454   366  20.552   1.696         
 2455   366  21.356   1.469         
 2456   366  20.040   1.463         
 2457   366  16.020   0.812   0.070
 2458   366  19.868   1.262         
 2459   366  16.977   0.643   0.392
 2460   366  20.245   1.349         
 2461   366  18.517   1.192   0.513
 2464   366  19.082   1.158   0.467
 2467   366  14.706   0.682   0.106
 2468   366  21.338   1.221         
 2469   366  17.753   0.867   0.177
 2470   366  19.742   1.095         
 2471   366  19.969   1.136         
 2472   366  20.029   1.703         
 2473   366  15.630   1.260   0.718
 2474   366  16.828   0.822   0.200
 2475   366  18.090   0.978   0.306
 2476   366  17.915   1.051   0.296
 2477   366  20.529   1.869         
 2478   366  19.425   1.138         
 2479   366  19.948   1.131         
 2481   366  17.478   1.047  -0.034
 2482   366  20.865   1.243         
 2483   366  17.292   0.937   0.225
 2484   366  20.219   1.407   0.253
 2485   366  20.847   1.311         
 2486   366  15.553   0.477   0.307
 2487   366  20.270   1.233         
 2488   366  19.933   1.345         
 2489   366  16.540   0.953   0.398
 2490   366  19.402   1.451         
 2491   366  20.416   1.457         
 2492   366  11.799   1.460   1.170
 2494   366  17.359   0.982   0.001
 2495   366  20.926   1.699         
 2496   366  13.704   0.471   0.175
 2498   366  15.449   0.487   0.283
 2499   366  20.469   1.644         
 2500   366  20.586   1.500         
 2501   366  18.157   0.928         
 2502   366  20.819   1.328         
 2503   366  19.161   1.008   0.452
 2504   366  17.594   0.913   0.004
 2505   366  20.272   1.612         
 2506   366  15.777   0.492   0.302
 2507   366  13.923   0.283   0.049
 2508   366  21.143   1.390         
 2509   366  19.259   1.230   0.632
 2510   366  20.500   1.510         
 2512   366  17.799   1.061         
 2513   366  20.262   1.302         
 2514   366  20.453   1.718         
 2515   366  20.534   1.372         
 2516   366  17.213   0.747   0.213
 2517   366  20.408   0.962         
 2518   366  19.178   1.150   0.479
 2519   366  19.915   1.323         
 2520   366  16.566   0.645   0.339
 2522   366  18.282   0.999   0.291
 2524   366  19.917   1.267         
 2526   366  21.061   1.407         
 2527   366  17.581   0.828   0.213
 2528   366  20.175   1.227         
 2529   366  20.061   1.163         
 2531   366  17.424   1.396         
 2532   366  18.308   1.086   0.477
 2533   366  19.313   1.108   0.423
 2536   366  18.882   1.146   0.431
 2537   366  20.820   1.200         
 2538   366  20.498   1.287         
 2539   366  17.026   0.729   0.254
 2540   366  21.706   1.323         
 2541   366  18.935   1.112   0.813
 2542   366  20.320   1.131         
 2543   366  20.628   1.093         
 2545   366  21.313   1.242         
 2546   366  19.198   1.556         
 2547   366  20.410   1.186         
 2548   366  17.537   0.893   0.173
 2549   366  17.955   0.951   0.273
 2550   366  21.253   1.544         
 2551   366  21.071   1.625         
 2552   366  21.555   1.908         
 2553   366  20.215   1.270         
 2554   366  21.390   1.525         
 2555   366  20.617   1.164         
 2556   366  18.349   3.030         
 2557   366  19.428   1.221   0.373
 2558   366  20.119   1.226         
 2559   366  17.699   0.845   0.144
 2560   366  17.091   0.843   0.178
 2561   366  19.548   1.307         
 2562   366  16.564   0.844   0.114
 2563   366  20.750   1.451         
 2565   366  19.216   2.090         
 2566   366  21.058   1.115         
 2567   366  21.742   0.955         
 2569   366  19.322   0.904   0.198
 2570   366  20.556   1.268         
 2571   366  21.238   1.562         
 2572   366  18.866   1.260   0.389
 2573   366  15.298   1.068   0.867
 2575   366  18.761   1.228   0.419
 2576   366  19.813   1.452         
 2577   366  19.954   1.203         
 2578   366  20.975   1.734         
 2579   366  17.850   0.985   0.301
 2580   366  15.981   0.667   0.197
 2581   366  18.680   1.239   0.172
 2583   366  20.707   1.616         
 2584   366  15.613   0.420   0.299
 2586   366  18.974   1.627   1.545
 2587   366  13.230   1.020         
 2588   366  14.630   0.440   0.097
 2589   366  17.828   0.958   0.152
 2590   366  19.493   1.700         
 2592   366  20.381   1.259         
 2593   366  21.108   1.443         
 2594   366  19.506   1.034         
 2595   366  19.074   2.355         
 2596   366  20.898   1.627         
 2597   366  13.289   0.579  -0.139
 2598   366  20.992   1.083         
 2599   366  20.635   1.572         
 2600   366  20.157   1.010  -0.117
 2601   366  21.271   1.345         
 2603   366  14.089   0.664   0.067
 2604   366  18.831   0.723  -0.274
 2608   366  20.361   1.512         
 2609   366  20.045   0.918         
 2610   366  14.806   0.467   0.334
 2613   366  20.792   1.353         
 2614   366  20.862   1.113         
 2615   366  16.841   0.838   0.097
 2617   366  20.038   1.182         
 2618   366  18.272   1.084   0.370
 2619   366  16.404   1.553   0.994
 2620   366  15.237   4.028   0.817
 2621   366  20.464   1.520         
 2622   366  19.756   1.067         
 2624   366  19.359   1.135   0.157
 2625   366  15.526   3.138   0.618
 2627   366  16.914   1.007   0.454
 2628   366  19.810   1.234         
 2629   366  19.166   1.377         
 2630   366  17.444   1.034   0.442
 2631   366  18.165   2.181  -0.163
 2632   366  19.217   0.937   0.350
 2633   366  19.915   1.402         
 2634   366  18.116   1.017   0.166
 2635   366  16.551   0.780   0.316