UBV CCD observations

  No    Ref    V       B-V     U-B

 0001   389  13.580   1.240         
 0002   389  13.700   1.170         
 0003   389  14.060   2.370         
 0004   389  14.640   2.070         
 0005   389  14.920   1.580         
 0006   389  15.080   2.050         
 0007   389  15.130   1.710         
 0008   389  15.130   1.580         
 0009   389  15.170   1.910         
 0010   389  15.410   1.270         
 0011   389  15.510   1.150         
 0012   389  15.610   1.790         
 0013   389  15.720   1.810         
 0014   389  15.810   1.940         
 0015   389  15.840   0.980         
 0016   389  15.990   1.190         
 0017   389  16.020   1.680         
 0018   389  16.030   1.740         
 0019   389  16.190   1.570         
 0020   389  16.250   1.810         
 0021   389  16.270   1.050         
 0022   389  16.490   1.780         
 0023   389  16.510   1.750         
 0024   389  16.710   1.060         
 0025   389  16.770   1.600         
 0026   389  16.810   1.590         
 0027   389  16.810   1.170         
 0028   389  16.840   1.150         
 0029   389  16.910   1.410         
 0030   389  16.960   1.320         
 0031   389  17.040   1.440         
 0032   389  17.090   1.650         
 0033   389  17.160   1.630         
 0034   389  17.280   1.400         
 0035   389  17.300   1.240         
 0036   389  17.300   1.260         
 0037   389  17.310   1.370         
 0038   389  17.310   1.230         
 0039   389  17.350   1.220         
 0040   389  17.360   1.280         
 0041   389  17.370   1.140         
 0042   389  17.380   1.580         
 0043   389  17.410   1.290         
 0044   389  17.410   1.180         
 0045   389  17.460   1.670         
 0046   389  17.490   1.140         
 0047   389  17.500   1.180         
 0048   389  17.510   1.380         
 0049   389  17.540   1.550         
 0050   389  17.590   1.280         
 0051   389  17.610   1.200         
 0052   389  17.610   1.400         
 0053   389  17.650   1.600         
 0054   389  17.650   1.590         
 0055   389  17.650   1.340         
 0056   389  17.650   1.310         
 0057   389  17.670   1.640         
 0058   389  17.680   1.290         
 0059   389  17.690   1.770         
 0060   389  17.690   1.280         
 0061   389  17.710   1.370         
 0062   389  17.710   1.250         
 0063   389  17.720   1.320         
 0064   389  17.730   1.600         
 0065   389  17.740   1.350         
 0066   389  17.740   1.350         
 0067   389  17.800   1.380         
 0068   389  17.830   1.290         
 0069   389  17.890   1.250         
 0070   389  17.900   1.500         
 0071   389  17.910   1.330         
 0072   389  17.930   1.840         
 0073   389  17.940   1.350         
 0074   389  17.960   1.420         
 0075   389  17.970   1.770         
 0076   389  17.970   1.160         
 0077   389  17.990   1.350         
 0078   389  17.990   1.180         
 0079   389  18.000   1.460         
 0080   389  18.000   1.380