UBV CCD observations

  No    Ref    V       B-V     U-B

 0003   303  19.155   1.188         
 0004   303  18.803   1.096         
 0006   303  17.582   0.906   0.481
 0008   303  18.179   1.044         
 0009   303  19.522   1.282         
 0010   303  15.345   1.024   0.493
 0011   303  19.957   1.407         
 0012   303  19.958   1.019         
 0013   303  19.201   1.039         
 0014   303  17.012   0.849   0.336
 0015   303  16.151   0.674   0.302
 0016   303  20.051   1.262         
 0017   303  14.388   0.297  -0.178
 0018   303  18.408   1.255         
 0020   303  18.583   1.372         
 0021   303  19.659   1.194         
 0022   303  19.132   1.097         
 0023   303  18.840   1.162         
 0026   303  17.130   1.188   1.064
 0028   303  18.460   0.986         
 0029   303  20.553   1.114         
 0030   303  18.799   1.115         
 0031   303  16.456   0.774   0.227
 0032   303  19.560   1.111         
 0034   303  18.736   1.167         
 0036   303  17.159   0.982   0.412
 0038   303  20.477   1.282         
 0039   303  20.426   1.136         
 0040   303  17.375   1.023   0.559
 0041   303  18.310   0.838         
 0042   303  14.281   1.344   1.016
 0043   303  18.198   1.574         
 0045   303  14.697   0.920   0.671
 0047   303  18.040   1.044         
 0051   303  17.727   0.963   0.166
 0052   303  17.871   0.878   0.180
 0053   303  17.324   0.808   0.258
 0054   303  19.111   1.033         
 0055   303  20.441   0.988         
 0059   303  19.879   0.928         
 0060   303  18.630   1.125         
 0062   303  18.629   1.180         
 0064   303  18.743   1.018         
 0065   303  20.406   1.270         
 0066   303  17.722   1.049   0.590
 0067   303  16.714   0.633   0.233
 0068   303  16.311   0.936   0.474
 0069   303  17.173   1.067   0.609
 0070   303  18.506   1.004         
 0071   303  20.527   1.248         
 0072   303  17.893   1.014   0.334
 0073   303  17.497   1.029   0.614
 0077   303  19.914   1.105         
 0078   303  19.633   1.141         
 0079   303  19.158   1.275         
 0081   303  18.926   1.335         
 0086   303  19.694   1.197         
 0087   303  20.220   1.223         
 0089   303  19.853   1.030         
 0090   303  18.844   1.139         
 0091   303  15.550   0.909   0.378
 0092   303  16.887   0.757   0.290
 0093   303  19.477   1.061         
 0094   303  19.535   1.194         
 0097   303  19.549   1.400         
 0098   303  18.889   1.085         
 0099   303  17.489   0.851   0.265
 0100   303  19.511   1.581         
 0102   303  19.951   0.970         
 0103   303  17.934   0.863   0.099
 0104   303  15.741   0.459   0.213
 0105   303  15.624   1.267   0.892
 0106   303  17.147   1.417   1.202
 0108   303  16.939   1.175   0.852
 0111   303  19.188   0.924         
 0114   303  18.668   1.076         
 0117   303  19.658   1.283         
 0118   303  16.925   0.877   0.290
 0121   303  20.011   0.924         
 0122   303  18.799   1.154         
 0123   303  18.411   0.966         
 0125   303  19.201   0.881         
 0126   303  20.147   1.119         
 0127   303  19.608   1.037         
 0128   303  17.253   0.976   0.527
 0129   303  16.398   0.595         
 0130   303  16.398   0.595         
 0131   303  20.527   1.248         
 0132   303  16.398   0.595   0.551
 0133   303  18.016   1.027   0.498
 0134   303  20.589   1.241         
 0136   303  20.079   0.628         
 0137   303  14.824   1.324   1.192
 0138   303  19.296   0.989         
 0139   303  20.385   1.024         
 0141   303  19.710   1.133         
 0142   303  18.767   1.074         
 0143   303  19.400   1.225         
 0145   303  20.329   1.018         
 0146   303  15.537   0.518   0.502
 0147   303  19.607   1.134         
 0148   303  17.391   0.740   0.600
 0149   303  20.349   0.949         
 0150   303  15.228   1.157   1.621
 0151   303  15.228   1.157         
 0152   303  17.878   0.486         
 0153   303  19.812   1.076         
 0154   303  17.878   0.486         
 0155   303  19.715   1.353         
 0156   303  20.542   0.886         
 0157   303  17.265   1.178   0.609
 0158   303  18.560   0.639   0.101
 0159   303  18.560   0.639         
 0160   303  14.541   1.369   0.985
 0161   303  19.885   1.133         
 0164   303  18.258   1.046         
 0167   303  16.799   1.631   1.230
 0168   303  18.962   0.944         
 0169   303  18.414   1.140         
 0170   303  17.320   0.893         
 0171   303  17.320   0.893   0.313
 0174   303  18.614   1.092         
 0177   303  19.770   0.904         
 0179   303  18.620   0.895         
 0180   303  19.008   1.068         
 0182   303  19.572   1.096         
 0183   303  20.307   1.019         
 0184   303  16.636   0.642   0.366
 0185   303  18.608   0.826         
 0187   303  18.760   1.056         
 0188   303  14.922   0.377   0.271
 0189   303  17.555   1.433         
 0190   303  18.168   0.901   0.448
 0191   303  15.201   1.282   0.964
 0192   303  17.778   0.972         
 0193   303  17.134   1.446   1.195
 0195   303  16.387   0.580   0.273
 0199   303  16.225   0.608   0.405
 0201   303  19.511   1.629         
 0202   303  19.013   1.010         
 0205   303  20.049   1.249         
 0206   303  19.920   1.177         
 0207   303  18.196   0.893         
 0208   303  19.594   1.094         
 0209   303  19.604   1.229         
 0210   303  19.271   1.409         
 0211   303  17.809   0.966   0.267
 0213   303  20.436   1.222         
 0214   303  16.258   0.921   0.388
 0215   303  18.784   1.152         
 0216   303  18.760   1.092         
 0217   303  20.629   0.968         
 0218   303  19.235   0.859         
 0219   303  18.346   0.978         
 0221   303  19.160   1.241         
 0222   303  12.882   1.516   1.202
 0224   303  18.101   1.064         
 0225   303  16.458   0.880   0.220
 0227   303  17.624   0.838   0.193
 0228   303  20.074   0.982         
 0229   303  18.007   1.113         
 0230   303  20.062   1.499         
 0231   303  17.069   1.314         
 0234   303  19.056   1.235         
 0237   303  17.595   1.209   0.566
 0238   303  17.560   0.960   0.421
 0239   303  18.547   0.954         
 0240   303  18.031   0.900         
 0241   303  15.669   0.921   0.347
 0242   303  18.047   0.813   0.040
 0243   303  18.123   1.022         
 0244   303  17.720   1.400         
 0245   303  20.114   1.486         
 0247   303  19.892   0.877         
 0248   303  14.253   0.299   0.029
 0249   303  18.838   1.602         
 0250   303  19.648   1.063         
 0251   303  18.276   1.132   0.533
 0253   303  13.895   1.882   1.378
 0254   303  19.511   0.987         
 0255   303  18.049   1.098   0.561
 0256   303  20.203   1.284         
 0257   303  17.276   1.628         
 0258   303  18.831   0.841         
 0259   303  17.611   0.868   0.353
 0260   303  16.458   0.999   0.491
 0261   303  20.256   1.189         
 0263   303  18.682   0.917         
 0264   303  15.318   1.459   1.224
 0265   303  17.364   0.770   0.457
 0266   303  18.832   1.531         
 0267   303  18.662   0.808         
 0268   303  18.897   1.175         
 0269   303  18.301   1.200         
 0270   303  18.301   1.200         
 0271   303  19.656   1.065         
 0272   303  19.715   1.353         
 0273   303  19.520   1.301         
 0274   303  20.724   1.091         
 0275   303  19.794   0.964         
 0277   303  18.733   1.495         
 0278   303  16.608   0.794   0.226
 0280   303  18.468   1.314         
 0281   303  19.766   1.096         
 0282   303  20.250   1.567         
 0283   303  19.686   1.051         
 0284   303  17.987   0.924         
 0285   303  19.334   1.068         
 0286   303  18.674   1.131         
 0289   303  18.862   1.091         
 0291   303  17.826   0.814   0.228
 0292   303  18.212   1.151         
 0293   303  19.139   0.911         
 0294   303  20.791   0.900         
 0296   303  18.029   1.391         
 0297   303  17.107   1.109   0.473
 0298   303  15.704   0.591   0.369
 0299   303  19.058   1.013         
 0300   303  18.744   0.973         
 0301   303  18.528   0.933         
 0302   303  19.922   1.152         
 0304   303  18.392   0.890         
 0305   303  19.331   1.159         
 0307   303  19.149   1.141         
 0308   303  19.082   1.110         
 0310   303  20.629   1.113         
 0312   303  20.435   1.247         
 0313   303  18.903   1.137         
 0314   303  18.026   0.867         
 0315   303  16.511   1.077   0.828
 0320   303  16.873   1.312   0.938
 0321   303  19.233   1.096         
 0322   303  18.251   1.038         
 0323   303  16.789   0.923   0.249
 0324   303  16.035   0.798   0.428
 0325   303  16.018   0.643   0.407
 0326   303  18.696   0.955         
 0327   303  13.823   0.339   0.014
 0328   303  19.032   0.997         
 0330   303  18.883   0.969         
 0331   303  16.308   0.602   0.217
 0333   303  19.572   0.873         
 0334   303  17.861   0.902   0.311
 0336   303  19.762   1.196         
 0338   303  15.775   1.085   0.789
 0339   303  20.664   1.228         
 0340   303  18.524   0.976         
 0343   303  18.889   1.085         
 0344   303  17.760   0.945   0.397
 0345   303  19.321   1.094         
 0346   303  16.601   0.716   0.222
 0347   303  19.219   1.115         
 0348   303  20.588   1.315         
 0349   303  19.157   1.150         
 0352   303  18.946   1.530         
 0354   303  16.328   0.894   0.404
 0355   303  16.795   0.787   0.214
 0357   303  20.014   1.193         
 0358   303  20.067   1.100         
 0359   303  14.396   0.428   0.267
 0360   303  19.811   1.318         
 0361   303  19.126   1.149         
 0363   303  11.956   0.529   0.343
 0365   303  19.915   1.366         
 0366   303  18.327   1.182         
 0367   303  15.575   0.553   0.411
 0369   303  18.839   1.120         
 0370   303  19.708   1.512         
 0371   303  19.889   1.142         
 0372   303  18.855   1.051         
 0373   303  20.572   1.088         
 0374   303  20.074   0.982         
 0375   303  20.124   1.482         
 0376   303  17.191   0.958   0.500
 0377   303  20.192   1.447         
 0378   303  16.490   0.878   0.337
 0379   303  16.332   1.903   1.270
 0380   303  19.992   1.080         
 0381   303  20.089   1.486         
 0382   303  18.384   0.850         
 0383   303  20.012   1.208         
 0385   303  16.705   0.710   0.305
 0388   303  17.881   0.884   0.344
 0389   303  18.802   1.251         
 0391   303  19.990   1.273         
 0393   303  19.275   1.411         
 0394   303  17.060   0.850   0.251
 0395   303  19.076   0.895         
 0397   303  19.675   1.286         
 0398   303  20.336   1.153         
 0399   303  18.959   1.067         
 0401   303  18.391   1.107         
 0402   303  20.077   1.085         
 0403   303  19.729   1.006         
 0404   303  20.276   1.208         
 0409   303  17.863   1.131   0.526
 0410   303  18.030   0.962         
 0411   303  20.293   1.029         
 0412   303  17.944   1.046   0.506
 0413   303  15.196   0.796   0.097
 0417   303  16.993   1.405         
 0421   303  20.269   1.067         
 0422   303  16.061   0.966   0.493
 0424   303  19.931   1.309         
 0425   303  16.969   0.925   0.407
 0428   303  17.837   0.982   0.541
 0430   303  19.331   1.096         
 0431   303  19.431   1.056         
 0432   303  19.882   1.146         
 0433   303  15.959   1.206   0.839
 0434   303  17.072   0.916   0.241
 0436   303  19.882   1.146         
 0437   303  17.461   0.941   0.350
 0440   303  19.653   1.119         
 0441   303  19.961   1.477         
 0442   303  17.878   1.127   0.785
 0443   303  19.092   1.072         
 0444   303  16.633   0.838   0.210
 0446   303  16.640   0.664   0.234
 0450   303  20.174   1.220         
 0452   303  19.126   0.950         
 0453   303  19.811   1.088         
 0455   303  20.089   1.381         
 0456   303  18.397   1.006         
 0457   303  17.748   1.386         
 0459   303  18.454   1.201         
 0461   303  19.628   1.110         
 0462   303  17.228   1.134   0.868
 0463   303  19.276   1.061         
 0464   303  16.616   0.846   0.245
 0465   303  18.985   1.131         
 0466   303  18.507   1.230         
 0467   303  18.785   1.113         
 0469   303  18.713   1.016         
 0470   303  20.240   1.188         
 0471   303  20.205   1.278         
 0472   303  17.469   1.059   0.315
 0473   303  15.531   0.711   0.407
 0474   303  20.127   1.249         
 0479   303  16.204   0.701   0.176
 0480   303  15.585   1.436   1.098
 0483   303  18.849   1.066         
 0484   303  20.361   1.105         
 0485   303  18.482   0.966         
 0487   303  17.182   0.799   0.086
 0488   303  16.603   1.063   0.761
 0489   303  17.979   1.006   0.535
 0490   303  18.962   0.949   0.319
 0491   303  19.106   1.258         
 0492   303  16.019   1.214   0.969
 0493   303  17.539   0.876         
 0494   303  18.713   1.016         
 0495   303  19.106   1.258         
 0496   303  19.870   0.992         
 0497   303  18.828   0.894         
 0498   303  19.111   1.139         
 0499   303  18.321   0.996   0.246
 0500   303  17.002   0.813   0.197
 0501   303  17.226   0.794   0.238
 0502   303  20.100   1.383         
 0503   303  17.998   0.906         
 0505   303  18.316   1.122   0.612
 0506   303  16.963   0.903   0.371
 0507   303  18.718   1.087         
 0508   303  14.630   0.282  -0.027
 0510   303  20.295   1.689         
 0511   303  15.040   1.265   0.919
 0512   303  19.148   1.103         
 0514   303  20.332   1.080         
 0515   303  19.930   1.140         
 0516   303  17.579   0.997   0.510
 0518   303  15.520   0.522   0.410
 0519   303  16.461   0.961   0.437
 0520   303  18.501   0.854         
 0523   303  19.812   1.076         
 0524   303  17.962   1.051         
 0526   303  17.153   0.962   0.477
 0527   303  18.734   0.789         
 0528   303  18.134   0.820         
 0529   303  17.590   0.849   0.175
 0530   303  19.313   0.938         
 0532   303  16.527   0.897   0.363
 0534   303  18.530   1.030         
 0535   303  14.211   0.781   0.266
 0536   303  11.992   0.640   0.144
 0537   303  19.913   0.915         
 0538   303  20.603   1.093         
 0540   303  16.061   0.381   0.251
 0544   303  15.679   0.477   0.245
 0545   303  16.489   1.556   0.986
 0547   303  19.980   0.883         
 0548   303  18.258   1.058         
 0549   303  16.351   0.956   0.471
 0551   303  14.923   0.321   0.018
 0553   303  15.170   0.812   0.275
 0554   303  20.217   1.088         
 0555   303  14.717   0.446   0.253
 0556   303  14.684   0.538   0.425
 0557   303  19.509   1.353         
 0558   303  18.486   1.097         
 0560   303  20.581   1.264         
 0562   303  18.979   1.005         
 0563   303  17.931   0.805   0.072
 0565   303  18.849   1.066         
 0567   303  20.182   1.146         
 0570   303  16.042   1.387   0.930
 0573   303  19.542   1.136         
 0574   303  18.668   1.091         
 0576   303  20.134   1.246         
 0580   303  15.196   0.316   0.153
 0581   303  19.766   0.657         
 0582   303  19.505   1.434         
 0583   303  19.773   1.418         
 0586   303  17.493   0.830   0.134
 0587   303  19.706   1.218         
 0588   303  16.617   0.710   0.259
 0590   303  18.585   1.359         
 0591   303  15.374   0.583   0.402
 0592   303  14.670   0.513   0.447
 0593   303  18.050   1.008   0.290
 0594   303  18.169   1.010         
 0598   303  20.425   1.067         
 0599   303  16.909   0.580   0.357
 0601   303  18.798   1.160         
 0602   303  20.097   1.119         
 0603   303  20.520   1.413         
 0604   303  19.695   0.969         
 0605   303  17.978   0.995         
 0606   303  15.835   0.837   0.167
 0607   303  18.423   1.088         
 0608   303  14.694   0.460   0.304
 0609   303  18.542   1.314         
 0611   303  19.540   1.566         
 0613   303  18.595   1.049         
 0614   303  18.273   0.962   0.190
 0615   303  15.301   0.575   0.370
 0616   303  18.949   1.179         
 0617   303  19.290   1.103         
 0618   303  17.310   0.936   0.472
 0619   303  19.735   1.033         
 0620   303  19.013   1.010         
 0621   303  19.495   1.098         
 0622   303  19.613   1.132         
 0623   303  17.396   0.959   0.578
 0625   303  17.254   0.999   0.487
 0626   303  17.595   0.702   0.379
 0627   303  19.762   1.143         
 0628   303  19.943   0.708         
 0629   303  19.502   1.142         
 0630   303  18.055   0.796         
 0631   303  18.167   1.133         
 0632   303  16.874   0.652   0.372
 0633   303  19.409   1.085         
 0635   303  16.902   0.622   0.527
 0636   303  19.762   1.143         
 0639   303  17.734   1.088   0.412
 0640   303  16.990   0.642   0.288
 0641   303  18.179   0.985   0.358
 0642   303  18.065   1.030   0.510
 0644   303  18.728   1.140         
 0645   303  17.436   0.743   0.019
 0646   303  19.921   1.412         
 0647   303  17.747   1.679         
 0649   303  15.921   0.875   0.387
 0650   303  14.967   1.010   0.829
 0651   303  18.809   1.063         
 0652   303  18.200   1.004   0.556
 0654   303  17.724   1.713         
 0655   303  18.178   1.029         
 0657   303  16.824   0.783   0.274
 0658   303  18.073   0.893   0.265
 0659   303  19.162   1.037         
 0660   303  19.072   0.984         
 0661   303  15.539   0.701   0.265
 0662   303  19.684   1.236         
 0663   303  17.248   0.774   0.294
 0664   303  16.434   0.566   0.428
 0665   303  18.204   0.898         
 0667   303  19.776   1.390         
 0668   303  19.315   0.712         
 0670   303  18.651   1.065         
 0671   303  18.771   1.165         
 0672   303  17.417   0.727   0.260
 0673   303  20.659   1.297         
 0674   303  17.206   0.825   0.222
 0675   303  17.274   0.679   0.312
 0676   303  20.047   1.301         
 0677   303  15.855   0.364   0.077
 0678   303  21.123   0.833         
 0679   303  15.439   0.902   0.327
 0681   303  20.695   1.422         
 0682   303  16.452   1.045   0.625
 0683   303  20.222   1.318         
 0684   303  20.373   1.327         
 0685   303  18.559   1.015         
 0686   303  18.268   0.997         
 0687   303  21.189   0.874         
 0688   303  17.847   0.998   0.716
 0689   303  20.766   0.806         
 0690   303  16.665   1.041   0.687
 0691   303  19.077   0.771         
 0693   303  18.959   0.969         
 0694   303  19.860   1.200         
 0695   303  19.573   0.988         
 0697   303  18.630   1.125         
 0698   303  18.832   0.944         
 0699   303  19.670   1.330         
 0701   303  19.560   1.111         
 0702   303  18.103   0.716         
 0703   303  18.103   0.716  -0.023
 0704   303  18.809   1.063         
 0706   303  18.720   1.317         
 0707   303  19.775   1.320         
 0708   303  17.587   1.323   0.680
 0710   303  18.545   1.092         
 0711   303  16.420   0.721   0.228
 0712   303  18.085   0.978         
 0713   303  17.285   1.019   0.421
 0716   303  20.740   0.920         
 0717   303  20.244   1.461         
 0718   303  19.616   0.714         
 0719   303  20.081   1.097         
 0720   303  20.100   0.828         
 0722   303  18.440   1.012         
 0723   303  19.753   1.382         
 0724   303  17.595   0.869   0.465
 0726   303  19.275   1.411         
 0727   303  19.259   1.182         
 0728   303  19.238   1.061         
 0731   303  18.418   0.968         
 0732   303  20.028   0.690         
 0733   303  17.187   0.762   0.140
 0734   303  19.891   1.053         
 0735   303  20.703   0.450         
 0736   303  18.292   0.941   0.080
 0737   303  14.945   1.150   1.119
 0739   303  17.833   1.073         
 0740   303  18.887   0.904         
 0741   303  19.861   1.137         
 0742   303  17.488   0.770   0.496
 0743   303  14.120   0.690   0.267
 0744   303  19.973   1.229         
 0745   303  19.659   1.196         
 0746   303  17.758   0.769   0.068
 0748   303  16.048   0.449   0.330
 0749   303  19.377   0.769         
 0752   303  19.790   1.304         
 0753   303  16.060   0.642   0.346
 0754   303  19.239   0.906         
 0755   303  20.296   0.992         
 0756   303  17.288   0.984   0.712
 0759   303  18.517   1.064         
 0760   303  19.000   1.083         
 0761   303  18.966   0.956         
 0762   303  19.846   1.082         
 0763   303  14.892   0.710   0.219
 0764   303  18.447   0.915         
 0766   303  15.661   0.880   0.244
 0767   303  19.683   1.513         
 0769   303  15.321   0.945   0.581
 0772   303  19.522   1.315         
 0774   303  17.276   1.628         
 0775   303  19.662   0.998         
 0776   303  19.792   1.114         
 0777   303  20.272   1.201         
 0779   303  21.085   0.125         
 0780   303  18.411   0.990         
 0783   303  13.970   0.632  -0.322
 0784   303  19.507   1.265         
 0785   303  20.092   1.284         
 0786   303  17.013   0.726   0.360
 0787   303  19.917   0.520         
 0789   303  18.179   1.044         
 0790   303  18.588   1.049         
 0791   303  19.445   1.083         
 0792   303  18.760   1.056         
 0793   303  18.722   0.746         
 0796   303  18.464   1.927         
 0797   303  17.216   0.797   0.387
 0799   303  17.298   0.613   0.356
 0800   303  19.887   1.563         
 0801   303  16.844   0.658   0.404
 0802   303  18.647   0.893         
 0804   303  17.550   0.996   0.240
 0806   303  19.233   0.932         
 0808   303  18.819   0.693         
 0809   303  18.468   1.314         
 0812   303  17.536   1.025   0.672
 0813   303  16.235   0.562   0.439
 0814   303  19.612   1.106         
 0815   303  19.612   1.106  -0.893
 0816   303  17.878   0.486         
 0817   303  19.741   1.196         
 0818   303  19.208   1.044         
 0819   303  16.972   0.917   0.271
 0820   303  17.184   0.949   0.356
 0821   303  20.291   1.474         
 0822   303  15.513   0.927   0.420
 0824   303  19.290   0.944         
 0825   303  16.898   1.172   0.812
 0826   303  18.415   1.732         
 0827   303  18.124   0.996   0.462
 0828   303  17.575   0.771  -0.116
 0829   303  19.206   1.929         
 0830   303  20.300   1.193         
 0831   303  15.199   1.298   1.013
 0832   303  16.527   0.803   0.200
 0833   303  20.240   1.188         
 0834   303  15.308   0.517   0.444
 0835   303  18.808   0.958         
 0838   303  20.110   1.143         
 0839   303  19.290   1.013         
 0840   303  16.838   0.607   0.397
 0841   303  17.167   0.733   0.034
 0842   303  17.853   1.339         
 0843   303  18.899   1.117         
 0844   303  17.846   0.867   0.519
 0846   303  16.443   0.875   0.512
 0847   303  16.443   0.875         
 0849   303  14.313   1.658   1.234
 0850   303  17.666   1.032   0.422
 0851   303  18.491   0.959         
 0852   303  19.240   1.546         
 0853   303  18.472   1.262         
 0856   303  14.962   0.876   0.335
 0857   303  18.177   0.955         
 0858   303  18.867   1.056         
 0859   303  18.207   0.968         
 0860   303  14.664   0.792   0.296
 0862   303  16.120   0.634   0.275
 0863   303  18.343   0.889   0.192
 0864   303  17.147   0.992  -0.157
 0865   303  16.672   0.727   0.199
 0866   303  20.129   1.299         
 0867   303  18.373   1.370         
 0868   303  18.902   0.907         
 0871   303  18.698   0.825  -0.341
 0873   303  17.275   0.803   0.370
 0874   303  19.758   1.096         
 0875   303  19.201   1.225         
 0876   303  19.043   1.193         
 0877   303  17.653   1.168         
 0878   303  18.930   0.992         
 0879   303  18.356   0.945         
 0880   303  14.772   0.675   0.263
 0881   303  19.651   1.016         
 0882   303  20.178   1.206         
 0883   303  18.461   0.825   0.255
 0884   303  16.381   0.561   0.410
 0885   303  17.227   0.778  -0.177
 0886   303  17.277   0.815   0.281
 0887   303  17.944   0.649   0.254
 0890   303  20.525   1.225         
 0891   303  17.360   0.795   0.307
 0892   303  18.596   0.933   0.310
 0893   303  19.889   0.281         
 0894   303  18.076   0.955         
 0895   303  19.219   1.073         
 0896   303  20.269   0.633         
 0897   303  16.259   0.645   0.444
 0898   303  17.720   1.400         
 0902   303  20.348   1.032         
 0905   303  18.953   1.131         
 0906   303  19.424   0.772         
 0907   303  18.936   1.053         
 0908   303  18.311   0.941   0.188
 0909   303  18.806   1.028         
 0910   303  14.178   0.486   0.316
 0911   303  15.891   0.800   0.252
 0914   303  19.875   1.151         
 0916   303  18.498   0.877   0.151
 0917   303  19.238   1.061         
 0918   303  19.990   1.082         
 0919   303  18.765   1.170         
 0921   303  17.463   0.612   0.295
 0922   303  19.428   1.153         
 0923   303  15.690   0.635   0.403
 0925   303  18.253   0.908         
 0926   303  18.352   0.821         
 0928   303  19.072   0.984         
 0929   303  17.322   0.857   0.321
 0930   303  16.965   0.950   0.355
 0931   303  19.574   1.046         
 0933   303  18.722   0.746         
 0934   303  18.121   1.228         
 0935   303  19.490   0.293         
 0936   303  19.090   1.485         
 0938   303  18.728   1.140         
 0940   303  18.340   1.117         
 0941   303  17.525   0.739   0.325
 0942   303  16.465   1.327   1.140
 0943   303  18.695   0.756         
 0944   303  19.909   1.106         
 0945   303  15.158   0.877   0.258
 0946   303  17.764   1.490         
 0947   303  17.070   1.263   0.669
 0948   303  15.857   1.308   0.898
 0949   303  18.960   1.635         
 0950   303  18.046   1.232         
 0951   303  14.356   1.534   1.221
 0953   303  18.937   0.937         
 0954   303  19.839   1.275         
 0955   303  17.231   1.249  -0.315
 0956   303  20.088   1.094         
 0957   303  18.136   0.852         
 0958   303  19.458   1.148         
 0959   303  18.968   0.995         
 0960   303  17.466   0.789  -0.522
 0961   303  19.825   1.103         
 0962   303  18.801   1.039         
 0963   303  14.122   0.674   0.346
 0964   303  19.157   0.988         
 0965   303  18.768   1.227         
 0967   303  18.684   0.960         
 0968   303  18.798   1.127         
 0969   303  15.913   0.711         
 0971   303  15.913   0.711   0.226
 0972   303  19.379   1.038         
 0973   303  18.030   0.962         
 0976   303  16.077   1.159   0.702
 0978   303  18.805   1.151         
 0980   303  18.971   1.170         
 0981   303  18.211   1.050   0.650
 0982   303  17.404   1.770         
 0984   303  15.247   0.665   0.378
 0985   303  18.751   0.811         
 0987   303  19.646   1.201         
 0988   303  17.186   0.946   0.401
 0989   303  17.854   0.639   0.191
 0990   303  15.364   0.897   0.434
 0991   303  18.756   0.999  -0.868
 0993   303  17.812   0.756   0.441
 0994   303  16.788   0.645         
 0995   303  18.490   0.999         
 0998   303  20.241   1.014         
 1000   303  18.241   0.903         
 1001   303  13.770   0.583   0.429
 1002   303  14.930   1.317   1.013
 1003   303  20.052   1.072         
 1004   303  19.820   1.279         
 1005   303  16.479   0.712   0.396
 1006   303  14.864   0.356  -0.146
 1007   303  18.120   1.536         
 1008   303  19.390   1.183         
 1010   303  20.209   0.783         
 1012   303  17.518   0.913   0.416
 1013   303  20.123   1.151         
 1014   303  13.551   0.299  -0.030
 1015   303  19.106   1.077         
 1016   303  17.972   0.898   0.290
 1018   303  15.029   0.840   0.268
 1019   303  20.130   1.015         
 1020   303  15.840   0.834   0.253
 1021   303  19.225   0.716         
 1023   303  20.259   1.472         
 1025   303  18.543   0.936         
 1026   303  14.190   1.343   1.021
 1028   303  18.121   1.051   0.466
 1029   303  15.378   1.322   1.020
 1033   303  19.460   1.032         
 1034   303  14.979   0.789         
 1035   303  19.115   1.149         
 1036   303  18.212   1.076         
 1037   303  19.300   1.310         
 1038   303  18.174   0.942         
 1039   303  20.376   1.202         
 1040   303  19.585   1.111         
 1042   303  18.410   1.128         
 1043   303  19.313   0.938         
 1045   303  17.767   1.209         
 1046   303  16.948   1.015   0.492
 1047   303  17.033   1.584   1.061
 1048   303  15.028   0.448   0.241
 1050   303  18.256   0.959   0.206
 1051   303  15.748   0.647         
 1052   303  15.748   0.647  -2.660
 1053   303  19.528   0.973         
 1054   303  17.990   1.231         
 1055   303  19.692   1.151         
 1056   303  18.641   1.118         
 1057   303  19.576   1.187         
 1058   303  18.805   1.136         
 1059   303  20.409   1.027         
 1060   303  17.554   1.049   0.397
 1062   303  19.326   1.003         
 1065   303  17.308   0.803   0.248
 1066   303  16.471   0.707   0.286
 1067   303  17.713   0.821         
 1068   303  15.696   0.675   0.414
 1069   303  18.802   1.249         
 1072   303  15.585   0.955   0.450
 1073   303  20.029   1.151         
 1075   303  18.270   0.997         
 1078   303  19.332   1.279         
 1079   303  17.409   0.910   0.626
 1080   303  17.346   0.950   0.307
 1081   303  19.499   0.876         
 1083   303  14.567   1.721         
 1084   303  17.976   1.023   0.742
 1085   303  19.092   1.283         
 1086   303  17.406   1.039         
 1087   303  18.918   1.096         
 1088   303  20.517   0.933         
 1089   303  19.415   1.314         
 1090   303  17.251  -0.620  -2.691
 1092   303  17.251  -0.620         
 1093   303  19.845   1.061         
 1094   303  18.759   0.861         
 1095   303  19.485   1.506         
 1096   303  18.986   1.281         
 1097   303  20.065   1.166         
 1098   303  15.977   0.696   0.444
 1099   303  18.844   1.139         
 1101   303  17.153   0.778   0.408
 1102   303  15.812   0.924   0.293
 1104   303  16.820   0.701   0.325
 1105   303  19.677   1.355         
 1106   303  19.557   0.925         
 1108   303  17.776   0.998         
 1110   303  20.014   1.128         
 1111   303  19.473   1.208         
 1113   303  16.087   0.584   0.420
 1114   303  18.938   1.070         
 1115   303  19.346   0.813         
 1117   303  19.346   0.813         
 1118   303  19.063   1.241         
 1123   303  17.192   0.823   0.230
 1124   303  15.344   0.820   0.255
 1127   303  18.553   0.892         
 1128   303  12.576   0.727   0.197
 1129   303  16.767   0.661   0.429
 1130   303  18.551   1.053         
 1131   303  19.058   1.289         
 1132   303  18.586   0.947         
 1134   303  17.866   0.944   0.256
 1135   303  10.555   0.519   2.974
 1136   303  19.836   1.219         
 1137   303  15.253   0.787   0.260
 1138   303  12.624   0.371   0.271
 1139   303  17.049   0.760   0.345
 1140   303  14.157   0.729   0.207
 1142   303  19.896   1.355         
 1144   303  19.566   1.143         
 1146   303  19.665   0.962         
 1148   303  19.836   1.137         
 1149   303  18.211   0.920         
 1150   303  19.257   1.187         
 1153   303  10.785   0.243  -2.328
 1154   303  20.317   1.143         
 1155   303  20.211   0.021         
 1156   303  19.176   1.141         
 1157   303   9.783   1.041  -3.162
 1159   303  18.620   0.895         
 1160   303   9.670   1.563   7.802
 1161   303  20.609   0.868         
 1162   303  19.974   1.309         
 1163   303  18.952   1.022         
 1164   303  18.952   1.022         
 1166   303  20.282   1.306         
 1167   303  19.482   1.278         
 1169   303  18.204   0.876   0.485
 1170   303  16.406   0.567   0.402
 1171   303  19.989   1.176         
 1172   303  17.940   0.780         
 1174   303  19.822   1.340         
 1175   303  18.720   1.317         
 1176   303  15.368   0.590   0.445
 1179   303  19.893   1.168         
 1180   303  19.977   1.219         
 1181   303  17.942   0.941         
 1182   303  20.582   0.133         
 1183   303  15.960   0.598   0.426
 1184   303  17.883   0.990  -0.351
 1185   303  19.308   1.331         
 1186   303  18.277   1.357         
 1187   303  18.174   1.038         
 1188   303  19.165   0.988         
 1189   303  20.119   0.714         
 1190   303  21.120   0.723         
 1191   303  18.180   1.033         
 1192   303  18.134   1.076         
 1193   303  20.054   1.219         
 1195   303  17.848   1.054   0.329
 1196   303  17.443  -0.568         
 1197   303  20.710   1.122         
 1199   303  19.290   1.013         
 1200   303  15.922   0.954   0.432
 1201   303  20.070   1.081         
 1203   303  16.662   0.726   0.035
 1204   303  19.875   0.539         
 1205   303  18.341   1.539         
 1206   303  16.021   0.821   0.243
 1207   303  18.491   1.068         
 1209   303  19.162   1.696         
 1210   303  18.248   1.051         
 1211   303  19.713   1.238         
 1212   303  18.248   1.051         
 1214   303  18.139   0.847   0.907
 1215   303  19.768   1.407         
 1216   303  19.506   1.135         
 1217   303  18.448   1.067         
 1218   303  16.450   0.972   0.410
 1219   303  18.029   1.391         
 1220   303  18.819   0.892         
 1221   303  16.615   0.710   0.339
 1225   303  17.486   1.187         
 1226   303  15.730   0.878   0.268
 1227   303  19.834   1.179         
 1229   303  17.652   0.874   0.295
 1231   303  17.557   1.548         
 1232   303  17.924   0.765   0.134
 1235   303  20.416   1.241         
 1236   303  17.632   0.786   0.358
 1237   303  14.721   0.815   0.280
 1239   303  19.644   1.219         
 1241   303  16.935   0.949   0.320
 1242   303  14.975   1.446   0.603
 1243   303  19.473   1.088         
 1244   303  16.529   0.679   0.299
 1246   303  19.274   0.917         
 1247   303  17.478   0.839   0.148
 1248   303  18.879   1.124         
 1249   303  20.008   1.525         
 1251   303  20.003   1.192         
 1253   303  17.653   1.010   0.691
 1256   303  19.752   0.812         
 1257   303  20.624   0.602         
 1258   303  18.468   0.945         
 1259   303  18.855   0.942         
 1260   303  17.001   0.731   0.443
 1261   303  18.166   0.895         
 1263   303  15.383   0.461   0.294
 1264   303  17.491   0.826   0.259
 1265   303  19.100   1.025         
 1266   303  20.240   1.046         
 1267   303  19.780   1.080         
 1268   303  18.712   0.971         
 1269   303  17.487   1.431         
 1270   303  17.487   1.431         
 1271   303  16.668   0.691   0.328
 1272   303  20.303   1.312         
 1273   303  19.710   1.329         
 1276   303  15.849   0.586   0.462
 1277   303  17.690   0.778   0.459
 1278   303  16.045   0.558   0.330
 1279   303  18.435   0.935   0.261
 1280   303  20.118   0.992         
 1281   303  16.156   0.401   0.287
 1282   303  18.946   1.051         
 1283   303  18.134   1.549         
 1284   303  20.384   1.314         
 1285   303  20.079   1.128         
 1286   303  18.166   0.883         
 1287   303  17.388   0.840   0.339
 1288   303  17.845   0.935   0.208
 1289   303  18.336   1.023         
 1291   303  20.517   0.933         
 1293   303  20.308   1.036         
 1294   303  17.885   0.978         
 1295   303  18.805   1.284         
 1296   303  17.058   1.506   0.854
 1297   303  20.657   0.959         
 1298   303  17.737   0.868   0.219
 1299   303  17.089   0.829   0.434
 1300   303  17.204   0.713   0.231
 1301   303  19.467   1.876         
 1302   303  18.230   0.962         
 1304   303  17.415   0.910   0.329
 1305   303  18.055   1.434         
 1306   303  20.464   1.143         
 1307   303  17.777   0.792   0.508
 1308   303  19.088   0.992         
 1309   303  20.244   1.228         
 1310   303  19.117   1.174         
 1311   303  14.834   0.647   0.308
 1313   303  19.950   1.183         
 1314   303  20.643   1.379         
 1315   303  17.496   1.263         
 1317   303  18.033   1.399         
 1318   303  19.016   1.366         
 1319   303  17.229   1.669         
 1320   303  13.798   0.697   0.313
 1322   303  20.487   1.118         
 1323   303  16.479   0.868   0.314
 1324   303  19.226   0.712         
 1325   303  20.180   1.692         
 1328   303  18.513   1.616         
 1329   303  17.600   1.243         
 1331   303  19.998   0.942         
 1332   303  19.452   1.056         
 1333   303  16.328   0.705   0.352
 1335   303  19.162   1.113         
 1337   303  18.904   1.044         
 1340   303  19.389   1.341         
 1342   303  19.916   1.064         
 1343   303  19.962   0.118         
 1345   303  19.744   1.810         
 1346   303  17.999   0.981         
 1347   303  18.747   1.011         
 1348   303  17.645   1.041         
 1349   303  15.790   0.757   0.273
 1350   303  16.746   0.755   0.446
 1352   303  15.696   0.976   0.432
 1354   303  19.191   1.033         
 1355   303  19.548   0.962         
 1356   303  15.930   0.785   0.188
 1357   303  19.614   1.126         
 1358   303  20.422   1.205         
 1359   303  17.367   1.632   1.174
 1360   303  17.899   1.020         
 1361   303  19.651   1.016         
 1362   303  16.800   0.809   0.198
 1364   303  17.606   1.386         
 1365   303  18.818   1.184         
 1366   303  16.192   0.617   0.301
 1367   303  18.931   0.921         
 1368   303  18.211   0.920         
 1369   303  18.289   0.975   0.068
 1372   303  19.839   1.816         
 1373   303  18.941   0.797         
 1374   303  17.004   1.088   0.442
 1376   303  19.654   1.206         
 1378   303  17.769   0.923   0.275
 1379   303  20.348   1.032         
 1380   303  15.118   1.177   0.807
 1382   303  18.900   1.152         
 1383   303  17.759   0.916   0.404
 1384   303  20.280   1.351         
 1385   303  19.214   1.392         
 1387   303  15.700   0.716   0.361
 1390   303  18.363   0.986         
 1391   303  17.811   1.098         
 1392   303  20.242   1.468         
 1393   303  19.357   1.574         
 1394   303  19.357   1.574  -0.808
 1395   303  19.612   1.042         
 1398   303  18.944   1.114         
 1400   303  19.670   1.244         
 1401   303  18.728   1.061         
 1402   303  18.025   1.150         
 1403   303  20.077   0.616         
 1404   303  18.537   0.649         
 1405   303  20.438   1.368         
 1406   303  20.326   1.186         
 1407   303  20.528   1.486         
 1409   303  20.089   0.982         
 1410   303  15.421   1.316   1.008
 1412   303  19.250   1.032         
 1413   303  18.829   0.745         
 1414   303  20.740   0.963         
 1418   303  17.880   0.857   0.200
 1420   303  18.936   1.053         
 1421   303  20.044   0.703         
 1424   303  19.930   1.140         
 1426   303  16.972   0.650   0.437
 1428   303  14.732   0.842   0.221
 1429   303  16.690   1.039   0.596
 1430   303  19.778   1.071         
 1431   303  17.335   1.299   0.767
 1434   303  13.909   0.931   0.422
 1435   303  13.995   0.373  -0.009
 1436   303  15.584   0.438   0.239
 1437   303  16.664   0.814   0.285
 1438   303  18.680   1.066         
 1440   303  17.676   0.990   0.394
 1441   303  17.742   0.789   0.470
 1442   303  17.913   0.909   0.236
 1443   303  20.204   0.958         
 1444   303  18.488   1.162         
 1446   303  16.522   0.878   0.278
 1448   303  19.625   1.215         
 1451   303  18.015   1.282         
 1452   303  19.716   0.446         
 1454   303  18.473   0.894         
 1455   303  15.896   0.984   0.444
 1456   303  17.899   0.956         
 1457   303  18.257   0.900   0.275
 1458   303  19.278   1.063         
 1460   303  20.081   1.097         
 1462   303  15.880   0.990   0.596
 1464   303  16.848   0.825   0.430
 1465   303  16.593   0.712   0.406
 1467   303  15.040   1.133   0.708
 1468   303  15.295   1.281   0.894
 1469   303  15.295   1.281         
 1470   303  18.064   1.541         
 1471   303  10.869   0.724  -1.971
 1472   303  19.393   1.093         
 1473   303  18.573   1.030         
 1474   303  13.909   1.630   1.137
 1475   303  18.760   1.169         
 1477   303  17.877   0.678   0.360
 1478   303  17.300   0.934   0.417
 1480   303  17.998   0.906         
 1482   303  16.955   0.864   0.306
 1483   303  17.080   0.740   0.578
 1484   303  15.895   0.866   0.360
 1485   303  20.041   1.343         
 1487   303  11.697   0.574  -0.009
 1488   303  19.787   1.046         
 1489   303  18.547   1.245         
 1490   303  18.674   0.988         
 1493   303  19.316   0.903         
 1494   303  18.233   0.999         
 1495   303  18.626   1.096         
 1497   303  18.360   0.864   0.141
 1498   303  19.390   1.182         
 1500   303  16.853   1.688   1.039
 1501   303  19.443   1.170         
 1502   303  18.960   1.635         
 1503   303  20.215   1.273         
 1504   303  20.344   0.768         
 1506   303  19.156   1.279         
 1507   303  20.613   1.140         
 1508   303  19.789   1.134         
 1511   303  16.589   0.719   0.301
 1512   303  18.055   0.773   0.001
 1513   303  14.796   0.353   0.006
 1514   303  18.316   0.902         
 1516   303  19.415   1.314         
 1517   303  19.298   1.265         
 1518   303  19.676   1.697         
 1519   303  18.129   1.107         
 1521   303  18.661   1.041         
 1522   303  18.222   0.835         
 1523   303  17.894   0.959   0.378
 1524   303  18.827   1.092         
 1525   303  16.219   1.628   1.052
 1526   303  19.619   1.335         
 1528   303  18.828   0.907         
 1529   303  19.935   1.308         
 1530   303  20.062   1.292         
 1531   303  17.912   0.875   0.219
 1532   303  18.528   1.083         
 1533   303  16.354   0.626   0.370
 1534   303  19.076   0.895         
 1536   303  19.249   1.004         
 1539   303  19.462   1.261         
 1540   303  15.920   0.949   0.322
 1541   303  20.307   1.278         
 1542   303  19.097   1.079         
 1543   303  18.310   1.044         
 1544   303  18.950   0.920         
 1545   303  15.840   0.520   0.354
 1546   303  19.114   1.020         
 1547   303  19.839   1.301         
 1548   303  19.929   1.204         
 1549   303  13.055   2.050   1.109
 1552   303  19.839   1.301         
 1553   303  16.815   1.213   0.628
 1554   303  18.879   1.124         
 1555   303  19.118   1.261         
 1556   303  13.688   0.664   0.211
 1559   303  18.412   1.897         
 1560   303  19.608   1.232         
 1561   303  17.318   0.883   0.260
 1562   303  17.651   0.782   0.214
 1563   303  18.802   1.249         
 1564   303  18.498   0.992         
 1565   303  17.889   1.083         
 1566   303  20.111   1.014         
 1567   303  18.806   1.005         
 1568   303  18.089   0.990         
 1569   303  17.821   1.611         
 1570   303  18.067   1.372         
 1571   303  18.810   0.733         
 1573   303  20.217   1.283         
 1574   303  17.078   1.681   1.017
 1575   303  20.086   1.027         
 1577   303  19.097   1.079         
 1578   303  18.900   1.152         
 1579   303  19.513   1.192         
 1580   303  20.229   1.195         
 1581   303  19.839   1.275         
 1582   303  20.325  -0.009         
 1583   303  17.803   0.785         
 1584   303  17.573   0.902   0.444
 1585   303  17.494   0.928   0.473
 1587   303  18.302   1.235         
 1588   303  20.405   1.292         
 1591   303  20.049   0.806         
 1592   303  17.190   0.830   0.232
 1593   303  18.233   0.999         
 1594   303  19.646   1.201         
 1595   303  17.567   0.837   0.445
 1596   303  20.835   1.162         
 1597   303  17.931   0.835   0.343
 1598   303  14.271   1.347   1.013
 1599   303  18.544   0.978         
 1600   303  18.119   1.011         
 1601   303  16.846   0.705   0.398
 1602   303  19.741   0.873         
 1603   303  18.161   1.024         
 1604   303  19.584   1.557         
 1605   303  16.920   0.864   0.188
 1607   303  18.144   1.097         
 1608   303  18.687   1.015         
 1610   303  19.907   1.118         
 1613   303  20.268   1.153         
 1614   303  19.861   1.274         
 1615   303  18.983   0.959         
 1617   303  14.928   0.656   0.250
 1618   303  15.760   0.815   0.251
 1619   303  20.376   1.299         
 1622   303  17.080   1.029   0.421
 1623   303  15.143   0.867   0.284
 1624   303  19.761   1.125         
 1625   303  17.847   1.143   0.783
 1626   303  18.924   1.719         
 1627   303  19.152   1.073         
 1628   303  17.666   0.687   0.284
 1629   303  18.848   0.978         
 1631   303  19.963   1.073         
 1632   303  16.308   1.819   1.168
 1634   303  17.567   0.751   0.353
 1635   303  17.217   0.903   0.285
 1636   303  19.155   1.188         
 1637   303  19.710   0.946         
 1639   303  16.636   1.072   0.591
 1640   303  17.361   1.097   0.638
 1641   303  17.161   1.730   1.033
 1643   303  16.568   0.898   0.258
 1644   303  17.412   1.028   0.418
 1645   303  20.291   1.474         
 1646   303  13.683   0.619   0.165
 1647   303  20.417   1.420         
 1650   303  18.832   0.944         
 1654   303  18.312   1.296         
 1655   303  19.197   1.093         
 1657   303  16.176   0.664   0.437
 1658   303  18.270   0.992         
 1660   303  20.028   0.690         
 1661   303  20.660   0.539         
 1662   303  18.726   0.978         
 1664   303  18.301   1.046         
 1665   303  17.878   0.486         
 1667   303  13.642   0.619  -0.146
 1668   303  18.327   1.300         
 1669   303  15.477   0.457   0.252
 1670   303  19.764   0.855         
 1671   303  19.200   1.088         
 1674   303  20.075   1.097         
 1675   303  17.334  -0.026  -0.805
 1677   303  20.174   1.220         
 1678   303  19.489   1.218         
 1680   303  17.825   0.875   0.461
 1682   303  18.192   1.355         
 1683   303  19.836   1.219         
 1684   303  18.839   1.090         
 1686   303  20.477   1.282         
 1687   303  20.185   1.172         
 1688   303  17.320   0.797   0.335
 1694   303  18.692   0.944         
 1696   303  16.371   1.008   0.502
 1697   303  16.569   0.707   0.299
 1698   303  18.774   1.191         
 1699   303  20.770   1.562         
 1700   303  18.024   1.083   0.412
 1701   303  19.012   1.098         
 1702   303  19.173   1.221         
 1703   303  20.537   2.037         
 1705   303  18.343   0.882         
 1709   303  18.411   0.990         
 1711   303  20.084   1.537         
 1712   303  17.134   0.773   0.292
 1713   303  20.718   0.863         
 1714   303  20.847   0.855         
 1715   303  14.765   0.886   0.288
 1716   303  19.733   1.197         
 1717   303  16.945   0.744   0.271
 1718   303  19.888   1.027         
 1719   303  16.858   1.309   1.055
 1720   303  16.108   1.573   1.137
 1721   303  19.073   0.791         
 1722   303  13.623   1.189   0.806
 1724   303  16.398   0.595         
 1726   303  19.894   1.127         
 1727   303  20.110   1.245         
 1728   303  14.022   0.537   0.371
 1731   303  19.506   1.134         
 1732   303  17.833   0.761   0.178
 1734   303  17.106   1.045   0.486
 1735   303  20.238   0.474         
 1737   303  16.927   0.530   0.488
 1738   303  15.352   0.485   0.273
 1743   303  19.294   1.284         
 1746   303  18.607   0.928         
 1747   303  19.503   0.487         
 1749   303  19.947   1.270         
 1751   303  16.016   0.944   0.325
 1753   303  19.606   1.117         
 1754   303  15.026   0.460   0.254
 1755   303  17.503   1.001   0.401
 1756   303  18.420   1.136         
 1757   303  20.532   1.208         
 1758   303  12.724   0.247  -0.368
 1759   303  18.007   1.165         
 1760   303  18.882   1.056         
 1761   303  18.308   1.063         
 1762   303  18.395   0.892         
 1764   303  19.294   1.284         
 1765   303  19.161   1.499         
 1766   303  19.203   0.765         
 1768   303  18.845   0.984         
 1770   303  18.515   1.050         
 1772   303  16.518   0.743   0.332
 1773   303  16.835   1.732   1.234
 1774   303  16.077   0.602   0.345
 1776   303  18.268   1.105         
 1777   303  18.016   0.893  -0.020
 1778   303  18.753   0.866         
 1780   303  19.334   1.016         
 1781   303  20.238   1.176         
 1782   303  20.410   1.027         
 1784   303  16.147   0.644   0.387
 1785   303  19.953   1.282         
 1787   303  19.695   1.369         
 1788   303  16.207   0.712   0.419
 1789   303  18.074   1.030         
 1790   303  19.829   1.148         
 1794   303  19.531   1.072         
 1795   303  18.165   0.941         
 1798   303  20.237   1.279         
 1799   303  19.351   1.459         
 1801   303  19.215   1.684         
 1803   303  19.405   1.234         
 1804   303  18.806   1.028         
 1805   303  19.109   1.184         
 1809   303  19.278   1.063         
 1810   303  18.569   1.044         
 1813   303  20.772  -0.345         
 1817   303  18.523   1.092         
 1818   303  18.193   1.096         
 1819   303  18.788   0.961         
 1822   303  16.795   0.739   0.538
 1823   303  18.027   0.849         
 1824   303  15.970   0.821   0.269
 1825   303  17.268   1.675         
 1827   303  19.566   1.143         
 1828   303  19.859   1.163         
 1829   303  20.036   0.990         
 1830   303  19.797   1.053         
 1832   303  15.823   0.537   0.296
 1833   303  18.946   1.530         
 1834   303  19.972   1.038         
 1837   303  15.325   0.989   0.719
 1841   303  17.897   1.240         
 1842   303  18.593   1.100         
 1843   303  16.647   1.127   0.848
 1844   303  17.174   1.183         
 1845   303  15.975   1.096   1.052
 1848   303  19.411   0.985         
 1849   303  19.370   1.677         
 1850   303  18.511   0.949         
 1851   303  17.799   0.901   0.272
 1852   303  19.299   1.628         
 1854   303  15.882   0.833   0.230
 1855   303  17.809   1.008         
 1858   303  19.695   1.262         
 1859   303  20.596   0.990         
 1860   303  17.855   1.230         
 1861   303  16.887   1.010   0.452
 1862   303  17.722   1.097         
 1863   303  20.904   2.007         
 1864   303  16.320   0.807   0.251
 1867   303  19.077   1.273         
 1868   303  19.192   1.020         
 1869   303  18.833   1.203         
 1871   303  18.053   0.792   0.379
 1873   303  20.334   1.145         
 1875   303  17.618   1.106         
 1877   303  18.005   0.864   0.292
 1878   303  19.640   1.119         
 1879   303  17.291   1.124   0.547
 1880   303  18.622   1.119         
 1881   303  17.299   1.053   0.559
 1882   303  16.767   0.769   0.174
 1883   303  18.739   1.016         
 1884   303  20.248   1.552         
 1885   303  20.765   1.011         
 1886   303  19.261   1.351         
 1887   303  16.313   0.550   0.461
 1888   303  15.544   0.861   0.403
 1889   303  20.042   1.117         
 1890   303  17.236   1.067   0.571
 1892   303  18.616   1.085         
 1893   303  20.106   1.325         
 1894   303  17.442   0.786   0.295
 1897   303  18.566   1.006         
 1899   303  19.558   1.081         
 1901   303  18.747   1.011         
 1902   303  19.076   1.160         
 1904   303  17.334   1.080   0.574
 1905   303  17.404   0.997   0.427
 1907   303  17.215   0.864   0.304
 1908   303  15.963   0.982   0.379
 1909   303  19.202   1.085         
 1910   303  19.522   1.550         
 1911   303  18.388   0.960         
 1912   303  20.056   0.886         
 1914   303  19.740   1.150         
 1916   303  20.181   1.005         
 1917   303  17.940   0.780         
 1918   303  19.993   1.415         
 1919   303  19.891   1.364         
 1920   303  16.859   0.656   0.412
 1922   303  16.254   0.733   0.346
 1924   303  19.680   1.006         
 1925   303  17.045   1.177   0.872
 1927   303  17.809   1.091         
 1928   303  20.196   0.937         
 1929   303  15.703   0.950   0.510
 1930   303  19.830   1.083         
 1932   303  20.587   1.065         
 1934   303  13.969   0.566   0.370
 1935   303  18.624   0.826         
 1938   303  19.382   1.300         
 1940   303  20.248   1.360         
 1941   303  16.658   1.081   0.568
 1942   303  16.512   1.433   1.140
 1943   303  18.955   1.205         
 1944   303  19.361   1.019         
 1945   303  17.293   1.080   0.703
 1946   303  18.437   1.392         
 1947   303  19.575   1.128         
 1948   303  17.951   1.168         
 1949   303  19.623   1.716         
 1951   303  19.016   1.132         
 1952   303  18.185   1.096         
 1956   303  17.809   1.091         
 1958   303  18.721   1.225         
 1959   303  19.682   1.413         
 1960   303  13.775   0.481  -0.251
 1961   303  16.455   0.671   0.467
 1963   303  19.790   1.693         
 1964   303  19.942   1.244         
 1965   303  19.160   1.082         
 1966   303  19.828   1.061         
 1967   303  18.776   1.305         
 1969   303  18.193   1.495         
 1970   303  15.119   0.977   0.455
 1971   303  15.272   0.443   0.064
 1972   303  18.807   1.270         
 1973   303  19.117   1.179         
 1974   303  18.509   1.148   0.374
 1975   303  18.560   1.100         
 1977   303  18.314   1.072         
 1978   303  15.724   0.984   0.393
 1979   303  19.008   1.317         
 1981   303  19.205   1.227         
 1982   303  18.959   1.195         
 1983   303  19.581   1.169         
 1984   303  19.885   1.220         
 1986   303  17.060   1.029   0.452
 1987   303  13.344   0.880   0.089
 1989   303  19.683   0.945         
 1990   303  19.515   1.534         
 1991   303  18.950   1.365         
 1992   303  17.805   0.860         
 1993   303  19.502   1.281         
 1995   303  18.453   0.950   0.383
 1996   303  20.130   1.206         
 1997   303  20.556   1.044         
 1998   303  19.659   1.106         
 2002   303  15.843   0.849   0.449
 2004   303  21.167   0.702         
 2005   303  17.827   0.848   0.558
 2006   303  15.813   0.558   0.304
 2007   303  20.922   0.625         
 2009   303  19.565   1.136         
 2010   303  17.286   1.040         
 2011   303  18.035   1.168         
 2012   303  17.204   1.057   0.485
 2013   303  16.628   0.645   0.381
 2014   303  16.628   0.645         
 2015   303  18.786   1.373         
 2017   303  20.212   1.105         
 2018   303  16.456   1.061         
 2020   303  19.058   1.013         
 2022   303  16.456   1.061   0.256
 2023   303  19.947   0.917         
 2024   303  14.829   1.597   0.973
 2025   303  19.493   1.927         
 2027   303  19.675   1.286         
 2028   303  18.465   0.989         
 2029   303  18.925   0.800         
 2033   303  18.301   1.046         
 2034   303  18.488   1.162         
 2035   303  17.627   1.136         
 2037   303  19.915   1.248         
 2038   303  19.098   1.230         
 2039   303  19.619   1.054         
 2040   303  18.243   1.010         
 2042   303  18.672   0.969         
 2043   303  19.515   1.127         
 2044   303  18.779   0.928         
 2045   303  17.558   0.808   0.188
 2050   303  16.071   0.990   0.421
 2051   303  16.800   1.669   0.977
 2054   303  17.499   1.571         
 2055   303  20.033   1.146         
 2057   303  19.659   1.208         
 2059   303  16.417   0.543   0.425
 2060   303  18.728   1.059         
 2061   303  19.386   1.133         
 2062   303  17.014   1.428         
 2063   303  19.370   1.677         
 2064   303  20.112   1.219         
 2065   303  18.630   0.838         
 2067   303  17.104   0.837   0.403
 2068   303  19.727   1.128         
 2069   303  18.822   1.015         
 2071   303  19.752   1.156         
 2072   303  18.547   1.031         
 2073   303  18.841   1.091         
 2074   303  17.620   0.942   0.362
 2075   303  17.626   1.018         
 2076   303  17.309   0.925   0.403
 2078   303  14.979   0.789         
 2079   303  20.190   1.360         
 2080   303  14.933   1.434   1.048
 2081   303  19.222   1.324         
 2083   303  18.768   1.227         
 2084   303  20.326   1.245         
 2085   303  18.820   1.113         
 2086   303  16.134   0.652   0.378
 2087   303  20.235   0.962         
 2089   303  15.116   4.878  -0.539
 2090   303  19.286   1.108         
 2091   303  15.873   1.403   1.098
 2093   303  15.003   0.652   0.397
 2094   303  20.563   0.966         
 2096   303  18.663   1.182         
 2097   303  15.695   0.778   0.250
 2098   303  18.425   0.987         
 2099   303  15.511   0.558   0.332
 2100   303  16.722   0.970   0.560
 2102   303  17.658   1.027   0.580
 2103   303  15.195   0.390  -0.154
 2104   303  16.705   1.003   0.419
 2107   303  20.224   1.255         
 2108   303  16.704   1.200   1.091
 2109   303  18.637   1.101         
 2110   303  19.564   1.014         
 2111   303  15.606   0.670   0.340
 2113   303  19.548   0.962         
 2114   303  17.936   0.979   0.589
 2115   303  17.675   1.016   0.466
 2117   303  18.690   0.978         
 2118   303  19.779   0.959         
 2119   303  20.031   1.029         
 2120   303  18.661   1.041         
 2121   303  18.486   1.092         
 2123   303  17.411   1.858         
 2125   303  18.493   1.073         
 2129   303  17.594   1.134   0.545
 2130   303  19.378   1.143         
 2131   303  17.623   1.861         
 2134   303  18.885   1.575         
 2138   303  17.020   0.874   0.266
 2139   303  19.020   1.170         
 2140   303  17.634   0.866   0.374
 2142   303  17.073   0.942   0.363
 2144   303  16.848   1.778   1.091
 2145   303  15.561   0.467   0.266
 2148   303  18.880   1.614         
 2150   303  20.160   1.110         
 2151   303  18.244   1.133         
 2152   303  19.407   1.214         
 2153   303  19.862   1.358         
 2154   303  19.661   0.774         
 2156   303  18.837   1.349         
 2158   303  17.517   0.868   0.226
 2159   303  18.377   0.962         
 2163   303  17.910   1.120         
 2167   303  19.757   1.221         
 2169   303  18.583   1.372         
 2170   303  18.076   0.944   0.151
 2171   303  14.259   0.452  -0.108
 2173   303  18.298   0.993         
 2176   303  20.097   1.119         
 2177   303  19.586   1.274         
 2179   303  19.489   1.169         
 2180   303  19.851   1.227         
 2181   303  18.832   0.972         
 2182   303  18.762   1.194         
 2183   303  20.153   0.935         
 2184   303  17.458   0.789   0.280
 2185   303  18.805   1.435         
 2188   303  19.160   1.115         
 2189   303  19.511   1.192         
 2190   303  17.109   0.934   0.277
 2191   303  20.580   0.824         
 2193   303  17.539   1.041   0.542
 2194   303  18.915   1.018         
 2195   303  19.100   1.223         
 2196   303  19.890   1.417         
 2197   303  19.475   1.241         
 2198   303  17.977   1.729         
 2199   303  16.681   0.755   0.294
 2203   303  18.464   1.927         
 2204   303  18.585   1.016         
 2206   303  19.594   1.094         
 2209   303  20.505   0.998         
 2210   303  18.033   1.002   0.352
 2211   303  14.830   0.454  -0.010
 2212   303  18.662   0.919         
 2213   303  19.714   1.191         
 2214   303  20.036   1.408         
 2216   303  19.396   0.800         
 2217   303  17.257   0.874   0.287
 2218   303  17.407   1.711   0.982
 2219   303  19.942   1.115         
 2220   303  18.483   1.191         
 2221   303  18.813   1.175         
 2222   303  17.055   1.018   0.471
 2223   303  19.390   1.183         
 2224   303  18.479   1.046         
 2225   303  17.541   0.982   0.491
 2226   303  19.075   1.127         
 2228   303  18.687   1.012         
 2230   303  18.046   1.039   0.226
 2231   303  16.563   1.462   0.976
 2232   303  14.783   0.437  -0.007
 2234   303  19.705   1.283         
 2238   303  17.580   1.668         
 2239   303  18.235   1.132         
 2240   303  18.141   0.944   0.257
 2241   303  17.907   1.046         
 2242   303  18.235   1.132         
 2243   303  17.477   1.478         
 2244   303  20.072   1.178         
 2246   303  18.620   1.028         
 2249   303  16.918   1.051   0.506
 2251   303  19.845   1.593         
 2253   303  18.298   0.993         
 2255   303  19.626   1.724         
 2256   303  18.092   0.903   0.331
 2257   303  19.781   1.215         
 2263   303  14.907   0.747   0.317
 2264   303  20.357   1.424         
 2265   303  19.962   1.320         
 2266   303  19.468   1.244         
 2267   303  17.512   1.148         
 2268   303  18.127   1.118         
 2270   303  20.851   0.694         
 2272   303  18.230   0.875         
 2273   303  18.152   1.517         
 2274   303  17.634   0.880   0.259
 2277   303  18.854   1.263         
 2278   303  18.296   0.972         
 2279   303  19.162   1.113         
 2280   303  19.250   1.032         
 2284   303  15.139   0.454   0.258
 2285   303  20.058   1.061         
 2287   303  18.810   1.093         
 2290   303  17.812   1.176         
 2291   303  16.941   1.108   0.644
 2292   303  19.115   1.149         
 2293   303  15.087   0.813   0.211
 2294   303  17.471   1.058   0.573
 2295   303  20.455   1.358         
 2296   303  18.400   1.978         
 2297   303  17.353   1.046   0.473
 2300   303  17.167   0.830   0.482
 2301   303  18.691   1.077         
 2302   303  18.184   1.858         
 2304   303  18.724   0.913         
 2305   303  17.353   1.096   0.549
 2306   303  16.205   0.901   0.298
 2307   303  18.355   1.022   0.331
 2308   303  18.773   1.013         
 2310   303  17.659   1.114         
 2311   303  18.862   1.091         
 2312   303  15.977   1.460   1.217
 2313   303  20.407   1.282         
 2314   303  18.535   1.105         
 2315   303  19.950   0.977         
 2316   303  17.329   0.771   0.436
 2317   303  17.776   0.735   0.325
 2318   303  20.052   1.072         
 2319   303  17.812   1.176         
 2320   303  19.350   1.114   0.171
 2321   303  19.023   1.271         
 2322   303  17.063   0.854   0.173
 2323   303  18.275   0.955   0.312
 2324   303  20.047   1.301         
 2325   303  18.603   1.154         
 2326   303  15.727   1.883   1.053
 2327   303  19.835   1.295         
 2329   303  18.918   1.096         
 2330   303  20.291   0.998         
 2331   303  18.009   0.944         
 2332   303  18.918   1.096         
 2333   303  19.567   1.644         
 2335   303  19.801   1.305         
 2336   303  14.664   1.281   0.894
 2340   303  17.499   1.571         
 2341   303  19.393   1.093         
 2342   303  18.134   1.085   0.323
 2344   303  18.140   1.123   0.467
 2345   303  19.411   1.286         
 2346   303  16.081   0.618   0.403
 2348   303  18.438   0.997         
 2351   303  18.940   1.427         
 2352   303  18.505   1.065         
 2354   303  18.440   1.012         
 2355   303  20.557   1.231         
 2356   303  17.145   0.835   0.343
 2357   303  19.753   1.382         
 2358   303  20.194   1.300         
 2359   303  18.173   0.988         
 2360   303  15.547   0.884   0.255
 2361   303  17.182   1.394   0.784
 2362   303  16.679   0.975   0.503
 2364   303  16.955   1.080   0.645
 2366   303  17.215   1.137   0.803
 2372   303  16.674   1.015   0.398
 2373   303  19.030   0.961         
 2374   303  18.931   1.261         
 2375   303  17.895   1.157         
 2376   303  20.224   1.282         
 2377   303  18.595   1.088         
 2378   303  17.446   0.955   0.311
 2379   303  19.722   1.243         
 2381   303  18.180   1.167         
 2382   303  19.935   1.366         
 2384   303  19.768   1.208         
 2385   303  20.463   1.279         
 2388   303  20.195   1.705         
 2389   303  18.642   1.232         
 2390   303  20.119   1.046         
 2392   303  18.798   1.127         
 2393   303  18.180   1.167         
 2394   303  18.233   0.982         
 2396   303  17.361   1.718   0.882
 2397   303  20.273   1.358         
 2401   303  17.159   0.986   0.463
 2402   303  20.609   0.868         
 2403   303  17.332   1.011   0.462
 2405   303  19.473   1.341         
 2406   303  19.544   1.296         
 2407   303  19.815   1.736         
 2408   303  18.223   0.998         
 2409   303  18.903   1.287         
 2410   303  17.751   1.643         
 2411   303  14.654   0.851   0.289
 2412   303  19.560   1.082         
 2414   303  18.361   1.091         
 2415   303  16.576   0.712   0.468
 2417   303  16.611   1.410   1.128
 2418   303  19.246   1.347         
 2420   303  18.214   1.047         
 2422   303  17.056   1.225         
 2423   303  19.738   1.591         
 2424   303  16.218   0.596   0.328
 2425   303  17.237   1.258         
 2430   303  19.162   1.696         
 2433   303  19.936   1.064         
 2434   303  17.909   1.137         
 2435   303  17.644   1.625         
 2436   303  18.675   1.246         
 2438   303  18.383   0.978         
 2442   303  18.495   1.251         
 2443   303  18.614   1.372         
 2445   303  17.251  -0.620         
 2446   303  17.719   1.327   1.083
 2447   303  17.115   0.904   0.285
 2448   303  19.847   1.152         
 2451   303  19.691   1.170         
 2452   303  19.465   1.454         
 2453   303  18.098   0.992         
 2455   303  16.984   0.880   0.396
 2458   303  19.114   1.195         
 2459   303  16.096   0.995   0.684
 2461   303  19.308   1.331         
 2462   303  10.375   0.863  -0.414
 2463   303  19.659   1.194         
 2465   303  19.670   1.237         
 2467   303  18.280   1.092         
 2469   303  19.635   1.358         
 2472   303  19.225   0.716         
 2474   303  18.297   1.165         
 2475   303  18.130   1.814         
 2476   303  17.690   1.278         
 2477   303  20.224   1.351         
 2478   303  18.725   1.100         
 2479   303  17.223   1.232   0.825
 2480   303  18.690   1.011         
 2481   303  16.977   0.666   0.397
 2482   303  20.573   0.852         
 2483   303  17.168   1.465         
 2484   303  18.316   0.902         
 2487   303  20.401   1.064         
 2488   303  17.520   1.140         
 2489   303  19.218   1.347         
 2490   303  19.218   1.347         
 2491   303  17.537   1.058   0.430
 2493   303  18.529   2.197         
 2494   303  12.102   1.429   0.727
 2495   303  19.916   1.327         
 2496   303  20.524   1.150         
 2498   303  19.583   1.179         
 2499   303  19.863   1.150         
 2500   303  18.494   1.123   0.444
 2501   303  20.474   1.305         
 2504   303  17.173   1.438   0.821
 2505   303  19.781   1.244         
 2509   303  17.432   0.979         
 2510   303  19.508   1.249         
 2511   303  19.419   1.384         
 2512   303  17.369   1.325         
 2513   303  17.418   0.998   0.415
 2514   303  20.259   1.472         
 2515   303  20.053   1.068         
 2516   303  14.991   1.474   1.026
 2517   303  16.338   1.001   0.480
 2518   303  19.540   1.566         
 2520   303  14.950   1.023   0.449
 2521   303  17.460   0.945   0.266
 2522   303  17.688   1.022   0.394
 2523   303  19.944   1.574         
 2525   303  17.189   0.881   0.411
 2526   303  17.832   1.706         
 2527   303  17.399   1.222   0.795
 2529   303  17.694   0.981   0.574
 2530   303  17.694   0.981         
 2531   303  15.723   0.937   0.312
 2532   303  16.264   0.886   0.328
 2533   303  16.575   1.435   1.236
 2534   303  18.197   1.288         
 2535   303  17.567   1.451         
 2536   303  19.781   1.136         
 2540   303  17.249   1.228   0.831
 2541   303  18.326   1.773         
 2542   303  18.937   0.937         
 2543   303  19.799   1.433         
 2545   303  21.049   0.895         
 2546   303  19.773   1.128         
 2549   303  18.889   0.946         
 2551   303  16.609   1.324   0.996
 2552   303  19.526   1.683         
 2553   303  18.617   1.230         
 2555   303  19.607   1.134         
 2556   303  17.664   0.797   0.650
 2558   303  19.572   1.096         
 2559   303  17.536   0.993         
 2560   303  17.536   0.993   0.320
 2563   303  18.367   1.693         
 2564   303  19.382   1.111         
 2565   303  19.980   1.251         
 2566   303  18.679   0.972         
 2567   303  16.742   1.193   1.032
 2568   303  19.629   1.615         
 2569   303  20.017   1.289         
 2570   303  19.485   1.506         
 2573   303  17.695   1.217         
 2575   303  19.670   1.175         
 2578   303  19.678   1.490         
 2579   303  20.080   1.161         
 2580   303  20.317   1.055         
 2582   303  18.067   1.372         
 2584   303  19.063   1.241         
 2585   303  16.021   1.210   0.641
 2586   303  20.323   1.211         
 2587   303  18.585   1.016         
 2589   303  18.996   1.215         
 2590   303  14.165   0.725   0.030
 2591   303  18.566   1.305         
 2592   303  18.945   1.255         
 2593   303  13.594   0.617   0.328
 2596   303  18.069   1.080         
 2597   303  11.572   0.554   0.327
 2599   303  20.085   1.441         
 2601   303  19.232   1.647         
 2602   303  19.858   1.214         
 2603   303  18.543   1.055         
 2604   303  20.147   1.550         
 2605   303  19.366   1.128         
 2607   303  17.740   1.707         
 2608   303  17.857   0.868   0.178
 2609   303  14.895   0.892   0.272
 2610   303  17.109   1.512   1.018
 2611   303  20.011   1.502         
 2613   303  19.760   1.204         
 2615   303  18.674   1.161         
 2616   303  12.950   1.254   1.052
 2619   303  18.804   1.316         
 2620   303  19.561   1.374         
 2621   303  17.503   0.958   0.321
 2622   303  16.878   0.794   0.394
 2624   303  19.097   1.149         
 2628   303  19.433   1.651         
 2630   303  19.465   1.124         
 2631   303  17.767   1.246         
 2634   303  19.005   1.352         
 2635   303  17.716   1.766         
 2636   303  17.695   1.217         
 2637   303  17.496   1.255         
 2641   303  18.212   1.151         
 2642   303  19.303   1.435         
 2643   303  18.944   1.172         
 2645   303  17.523   1.269   0.631
 2646   303  19.473   1.208         
 2648   303  19.016   1.366         
 2650   303  17.110   0.859   0.235
 2652   303  19.479   1.151         
 2653   303  20.485   0.999         
 2654   303  18.174   0.942         
 2655   303  18.089   1.403         
 2656   303  18.654   0.981         
 2657   303  18.521   1.170         
 2658   303  15.024   0.514   0.353
 2659   303  16.477   0.897   0.296
 2663   303  17.597   1.038   0.395
 2664   303  20.088   1.291         
 2667   303  18.810   1.093         
 2668   303  16.424   1.810   0.886
 2672   303  19.022   0.928         
 2673   303  19.219   1.300         
 2674   303  16.726   0.720   0.454
 2677   303  19.953   1.435         
 2679   303  19.529   1.220         
 2680   303  18.631   1.135         
 2681   303  16.508   0.887   0.292
 2684   303  18.259   0.958         
 2685   303  19.376   1.351         
 2686   303  18.505   1.005         
 2689   303  19.489   1.142         
 2691   303  18.509   1.107         
 2693   303  19.896   1.355         
 2694   303  18.586   1.101         
 2696   303  20.945   1.091         
 2697   303  19.889   0.978         
 2698   303  16.233   0.919   0.307
 2701   303  19.943   1.398         
 2703   303  20.383   1.274         
 2704   303  18.684   1.270         
 2707   303  19.109   1.284         
 2708   303  17.153   0.962         
 2709   303  14.059   1.428   0.951
 2710   303  20.449   1.036         
 2711   303  18.384   0.850         
 2714   303  17.144   1.032   0.493
 2715   303  19.131   1.856         
 2716   303  18.581   1.210         
 2717   303  18.258   1.058         
 2718   303  19.883   1.450         
 2722   303  18.739   1.016         
 2723   303  19.390   1.182         
 2724   303  20.013   1.292         
 2725   303  18.046   1.240         
 2726   303  19.826   1.401         
 2728   303  20.312   0.934         
 2730   303  20.061   1.243         
 2732   303  17.482   1.083   0.552
 2733   303  14.513   0.895   0.266
 2734   303  19.491   1.300         
 2736   303  18.036   1.099   0.865
 2737   303  18.957   1.091         
 2740   303  17.639   0.807   0.435
 2741   303  17.637   0.919   0.159
 2742   303  19.582   1.176         
 2747   303  18.944   1.114         
 2749   303  14.461   2.552   0.663
 2750   303  20.168   1.448         
 2751   303  17.241   0.812   0.387
 2752   303  16.582   0.598   0.384
 2753   303  19.435   1.358         
 2754   303  18.318   1.084         
 2760   303  18.854   1.110         
 2761   303  19.875   1.151         
 2762   303  18.238   1.246         
 2763   303  20.314   1.168         
 2764   303  16.024   1.301   0.974
 2765   303  19.001   0.970         
 2766   303  18.239   1.151         
 2767   303  18.744   1.140         
 2768   303  18.309   1.073         
 2770   303  19.644   1.248         
 2775   303  18.503   1.637         
 2776   303  18.662   0.808         
 2777   303  20.497   1.635         
 2779   303  14.466   0.514         
 2780   303  14.466   0.514   0.229
 2781   303  18.273   1.748         
 2782   303  18.799   1.115         
 2784   303  18.542   1.314         
 2785   303  17.487   1.167   0.708
 2786   303  16.613   0.993   0.322
 2789   303  17.143   1.415         
 2791   303  16.869   0.712   0.362
 2792   303  17.485   1.854         
 2793   303  18.743   1.080         
 2794   303  20.274   1.290         
 2795   303  11.838   0.513   0.347
 2796   303  19.731   1.295         
 2798   303  19.361   1.315         
 2799   303  17.344   0.969   0.360
 2800   303  17.846   1.134   0.262
 2802   303  19.830   1.421         
 2803   303  17.860   1.211         
 2808   303  17.826   0.856   0.161
 2809   303  19.650   1.248         
 2811   303  18.435   1.013         
 2813   303  19.821   1.850         
 2814   303  14.909   0.742   0.297
 2815   303  20.070   1.218         
 2816   303  17.752   0.723   0.334
 2817   303  17.438   0.992   0.298
 2819   303  19.220   1.038         
 2821   303  15.837   1.131   0.539
 2823   303  20.088   1.419         
 2826   303  18.431   1.049         
 2827   303  19.312   1.254         
 2830   303  14.721   0.704   0.366
 2831   303  20.192   1.374         
 2833   303  20.469   1.184         
 2834   303  16.803   1.723   1.012
 2836   303  20.160   1.120         
 2838   303  17.673   0.915   0.262
 2840   303  15.067   0.448  -0.038
 2841   303  20.124   1.072         
 2842   303  18.031   0.900         
 2843   303  19.893   1.168         
 2846   303  19.616   1.189         
 2847   303  19.726   1.145         
 2848   303  20.121   1.453         
 2849   303  17.567   1.759         
 2850   303  20.245   1.152         
 2851   303  19.599   1.555         
 2852   303  17.506   1.040   0.550
 2853   303  20.555   1.221         
 2854   303  18.895   1.128         
 2855   303  18.149   1.040         
 2856   303  20.258   1.304         
 2857   303  19.326   1.512         
 2860   303  17.144   1.032         
 2862   303  18.771   1.162         
 2863   303  19.120   1.195         
 2864   303  18.474   1.010         
 2866   303  20.375   1.455         
 2867   303  19.904   1.669         
 2868   303  18.101   1.064         
 2870   303  20.018   1.381         
 2871   303  19.854   1.333         
 2873   303  19.003   1.252         
 2874   303  19.981   0.998         
 2876   303  16.559   1.464   0.894
 2879   303  15.888   0.606   0.354
 2880   303  17.001   0.883   0.340
 2882   303  20.052   1.463         
 2883   303  18.222   1.731   0.462
 2884   303  17.911   1.180         
 2886   303  18.212   1.076         
 2887   303  19.340   1.217         
 2888   303  20.006   1.404         
 2889   303  16.993   1.405         
 2891   303  18.282   1.051         
 2892   303  19.315   1.465         
 2893   303  18.748   1.220         
 2895   303  20.429   1.109         
 2896   303  15.638   1.342   0.915
 2897   303  19.180   1.074         
 2899   303  19.020   1.274         
 2900   303  16.798   1.042   0.586
 2902   303  16.527   1.054   0.480
 2903   303  19.736   1.405         
 2904   303  17.152   0.897   0.430
 2905   303  18.378   1.506         
 2906   303  17.537   1.040         
 2907   303  16.353   0.911   0.302
 2908   303  17.264   0.737   0.396
 2910   303  18.132   0.933         
 2911   303  19.331   1.145         
 2912   303  19.069   1.223         
 2915   303  17.378   0.963   0.292
 2916   303  16.816   0.982   0.307
 2917   303  19.993   1.082         
 2918   303  18.761   1.393         
 2919   303  19.488   1.126         
 2922   303  18.262   1.201   0.383
 2923   303  19.488   1.126         
 2924   303  20.014   1.128         
 2926   303  19.692   1.153         
 2927   303  16.059   1.549   1.080
 2928   303  17.716   1.766         
 2930   303  19.495   1.098         
 2932   303  18.747   1.504         
 2934   303  17.194   0.864   0.351
 2935   303  19.578   1.824         
 2936   303  20.113   1.167         
 2937   303  19.855   1.167         
 2938   303  18.693   1.151         
 2940   303  20.189   1.715         
 2941   303  18.481   1.229         
 2942   303  19.688   1.861         
 2943   303  19.137   1.067         
 2944   303  17.783   0.984         
 2946   303  20.454   1.231         
 2948   303  17.706   1.128         
 2950   303  17.570   1.269   0.420
 2951   303  15.393   0.852   0.271
 2952   303  18.312   1.032         
 2953   303  20.082   1.113         
 2954   303  16.119   0.589   0.377
 2955   303  18.729   1.340         
 2956   303  11.542   0.692   0.212
 2957   303  16.291   1.068   0.530
 2958   303  19.334   1.620         
 2960   303  17.977   1.729         
 2961   303  18.712   1.111         
 2962   303  19.599   1.126         
 2963   303  17.982   1.065         
 2965   303  17.004   0.778   0.200
 2966   303  16.593   1.046   0.552
 2967   303  17.768   0.911   0.221
 2968   303  18.778   1.076         
 2969   303  16.651   1.347   0.796
 2970   303  18.576   0.954         
 2971   303  19.543   1.103         
 2972   303  16.131   0.656   0.382
 2973   303  19.244   1.425         
 2974   303  14.201   1.317   0.921
 2975   303  17.064   1.150   0.454
 2976   303  15.059   0.876   0.254
 2977   303  19.348   1.118         
 2978   303  19.078   0.990         
 2979   303  17.615   1.005   0.415
 2980   303  21.033   1.636         
 2981   303  15.665   0.890   0.219
 2983   303  18.417   1.029         
 2984   303  20.465   1.399         
 2985   303  19.591   1.194         
 2986   303  18.668   1.076         
 2988   303  18.211   1.049   0.416
 2989   303  19.301   1.083         
 2990   303  17.391   0.964   0.320
 2992   303  19.218   1.347         
 2995   303  16.003   0.995   0.299
 2996   303  18.154   0.892         
 2997   303  18.587   1.948         
 2998   303  16.377   1.306   0.976
 3000   303  20.034   1.411         
 3001   303  17.644   0.937   0.503
 3004   303  16.781   0.740   0.470
 3005   303  20.311   1.267         
 3006   303  20.338   1.219         
 3007   303  16.731   0.921   0.285
 3010   303  19.582   1.176         
 3011   303  17.855   1.042   0.535
 3012   303  13.906   1.313   0.983
 3013   303  20.106   1.057         
 3014   303  18.273   1.748         
 3016   303  19.670   1.244         
 3017   303  18.774   1.146         
 3018   303  19.345   1.008         
 3023   303  18.251   1.038         
 3025   303  17.745   1.913         
 3027   303  16.807   0.718   0.435
 3030   303  18.621   0.962         
 3032   303  17.946   1.891         
 3033   303  18.914   1.020         
 3034   303  15.889   0.631   0.404
 3035   303  19.993   1.170         
 3036   303  19.331   1.314         
 3037   303  17.382   0.747   0.390
 3039   303  20.588   0.995         
 3040   303  19.542   1.626         
 3042   303  19.920   1.002         
 3043   303  19.735   1.277         
 3045   303  18.500   1.122         
 3046   303  18.042   1.082         
 3048   303  18.805   1.284         
 3051   303  19.106   1.077         
 3053   303  20.129   1.269         
 3054   303  17.860   1.211         
 3055   303  18.492   1.183         
 3056   303  19.493   1.927         
 3057   303  19.299   1.267         
 3058   303  18.425   0.987         
 3062   303  19.181   1.400         
 3063   303  18.950   0.920         
 3064   303  19.032   0.961         
 3065   303  19.032   0.961  -0.056
 3067   303  18.525   0.895         
 3068   303  20.255   1.162         
 3070   303  17.882   0.971   0.265
 3071   303  16.239   0.674   0.370
 3072   303  18.950   1.154         
 3074   303  17.112   0.907   0.282
 3075   303  16.389   1.120   0.657
 3076   303  17.761   1.005   0.403
 3077   303  20.204   0.958         
 3080   303  17.706   1.068         
 3082   303  18.988   1.202         
 3083   303  19.285   1.131         
 3085   303  18.825   1.081         
 3086   303  17.669   1.357         
 3089   303  20.193   1.522         
 3090   303  15.981   0.989   0.464
 3092   303  17.944   1.084         
 3093   303  16.400   0.999   0.465
 3094   303  20.313   1.272         
 3095   303  18.007   1.506         
 3096   303  17.247   1.030   0.426
 3097   303  17.893   1.111   0.714
 3098   303  20.141   1.385         
 3099   303  16.963   0.932   0.344
 3100   303  18.410   1.049         
 3101   303  15.832   1.154   0.497
 3102   303  18.049   1.056         
 3103   303  20.130   1.124         
 3104   303  18.959   1.067         
 3107   303  16.900   0.915   0.404
 3108   303  17.417   1.197         
 3109   303  20.113   1.134         
 3110   303  18.213   1.376         
 3111   303  20.302   0.910         
 3113   303  17.079   1.146   0.433
 3114   303  17.910   1.120         
 3115   303  19.010   0.968         
 3117   303  18.762   1.169         
 3119   303  16.878   0.887   0.294
 3120   303  20.372   1.127         
 3121   303  17.089   1.176   0.514
 3122   303  18.895   1.111         
 3123   303  18.130   1.040   0.221
 3124   303  19.046   1.117   0.447
 3126   303  17.496   1.263         
 3127   303  19.697   1.087         
 3128   303  20.027   1.563         
 3129   303  19.846   1.238         
 3130   303  18.615   1.350         
 3131   303  16.543   0.875   0.303
 3132   303  20.728   1.255         
 3133   303  14.278   0.737   0.252
 3136   303  19.786   0.924         
 3137   303  17.667   1.030   0.361
 3138   303  17.642   0.852   0.244
 3139   303  19.312   1.165         
 3140   303  19.446   1.472         
 3141   303  18.611   1.063         
 3143   303  16.998   0.892   0.392
 3144   303  19.724   1.064         
 3145   303  19.926   1.113         
 3147   303  20.486   1.098         
 3149   303  18.848   0.978         
 3151   303  19.729   1.252         
 3152   303  20.518   1.162         
 3153   303  19.942   1.326         
 3154   303  18.216   1.346         
 3155   303  17.510   0.671   0.330
 3156   303  20.243   1.271         
 3157   303  17.264   1.097   0.505
 3158   303  17.155   0.960   0.328
 3159   303  18.916   0.906         
 3160   303  19.292   1.154         
 3161   303  20.234   1.299         
 3162   303  17.486   0.887   0.350
 3163   303  19.911   1.447         
 3164   303  15.484   0.907   0.259
 3165   303  16.355   0.665   0.398
 3166   303  19.911   1.447         
 3168   303  19.232   1.100         
 3170   303  13.368   1.377   0.969
 3172   303  18.717   1.054         
 3173   303  20.271   1.061         
 3174   303  12.501   1.874   1.185
 3175   303  17.176   1.016   0.426