UBV CCD observations

  No    Ref    V       B-V     U-B

 0001   162  20.250   1.100         
 0002   162  19.460   1.020         
 0003   162  19.230   0.890         
 0004   162  21.590   1.350         
 0005   162  18.350   1.120         
 0006   162  18.760   1.820         
 0007   162  19.440   1.000         
 0008   162  20.670   1.170         
 0009   162  20.600   1.910         
 0010   162  20.730   1.080         
 0011   162  21.380   1.590         
 0012   162  17.130   1.070         
 0013   162  21.270   1.950         
 0015   162  18.620   1.220         
 0016   162  18.970   1.050         
 0017   162  21.460   1.520         
 0018   162  16.830   0.960         
 0019   162  17.620   1.020         
 0020   162  17.720   0.820         
 0021   162  18.320   1.070         
 0022   162  18.850   0.940         
 0023   162  17.870   1.140         
 0024   162  19.880   1.110         
 0027   162  18.820   1.240         
 0029   162  20.300   1.030         
 0032   162  17.930   0.880         
 0033   162  19.770   1.500         
 0035   162  21.430   1.390         
 0036   162  21.040   1.770         
 0037   162  19.870   1.110         
 0038   162  21.080   2.110         
 0039   162  20.180   1.240         
 0041   162  18.050   1.260         
 0044   162  18.950   1.030         
 0045   162  21.380   0.920         
 0046   162  17.100   0.820         
 0047   162  20.040   0.920         
 0048   162  18.070   0.880         
 0049   162  20.160   1.170         
 0050   162  13.020   1.460         
 0051   162  19.700   1.010         
 0054   162  18.990   1.410         
 0055   162  21.320   1.040         
 0056   162  20.120   1.550         
 0057   162  21.230   1.700         
 0058   162  14.580   1.350         
 0060   162  17.510   1.120         
 0061   162  18.900   1.480         
 0063   162  21.080   1.330         
 0064   162  20.290   1.100         
 0065   162  17.480   1.350         
 0066   162  18.140   1.090         
 0067   162  18.690   0.850         
 0068   162  17.570   0.960         
 0069   162  19.730   1.120         
 0070   162  17.500   1.130         
 0071   162  18.830   1.010         
 0072   162  20.170   1.230         
 0073   162  17.200   1.080         
 0074   162  19.650   1.020         
 0075   162  21.280   1.500         
 0076   162  21.350   1.790         
 0077   162  20.970   1.170         
 0078   162  15.740   1.120         
 0079   162  21.110   1.380         
 0080   162  16.530   1.130         
 0081   162  19.550   0.930         
 0082   162  16.340   1.040         
 0083   162  21.140   1.340         
 0084   162  19.470   1.520         
 0085   162  19.830   1.350         
 0086   162  16.810   1.080         
 0087   162  18.240   1.100         
 0089   162  18.160   1.240         
 0090   162  19.290   1.410         
 0092   162  14.150   0.540         
 0093   162  16.540   0.930         
 0095   162  19.480   0.960         
 0097   162  19.800   0.870         
 0098   162  20.200   0.960         
 0099   162  19.360   1.590         
 0101   162  20.100   1.000         
 0102   162  15.290   0.840         
 0103   162  19.240   0.950         
 0104   162  17.110   0.850         
 0107   162  20.610   1.470         
 0108   162  21.810   0.800         
 0109   162  19.630   1.010         
 0110   162  20.260   1.020         
 0111   162  20.970   1.880         
 0112   162  20.890   1.270         
 0113   162  20.640   0.840         
 0119   162  19.060   1.020         
 0120   162  17.840   1.070         
 0121   162  21.320   1.570         
 0122   162  21.730   0.920         
 0123   162  19.560   1.460         
 0124   162  13.470   0.780         
 0125   162  20.400   1.130         
 0127   162  21.870   1.390         
 0128   162  18.510   1.000         
 0129   162  21.460   1.500         
 0130   162  20.580   1.790         
 0131   162  17.440   0.910         
 0132   162  21.160   1.910         
 0135   162  22.230   0.780         
 0136   162  21.160   1.260         
 0137   162  17.510   1.040         
 0138   162  20.580   1.190         
 0140   162  21.990   0.880         
 0141   162  20.300   1.100         
 0142   162  18.240   0.920         
 0143   162  19.820   0.990         
 0145   162  19.680   0.940         
 0146   162  20.770   0.890         
 0148   162  17.600   1.020         
 0149   162  15.690   1.370         
 0153   162  18.880   1.020         
 0154   162  21.620   1.150         
 0156   162  15.200   1.350         
 0157   162  21.330   1.390         
 0160   162  20.420   1.160         
 0162   162  21.490   1.410         
 0165   162  15.840   1.260         
 0166   162  17.920   1.710         
 0169   162  17.760   0.950         
 0171   162  19.910   1.270         
 0172   162  21.580   1.500         
 0173   162  21.340   1.030         
 0174   162  20.830   1.620         
 0175   162  18.420   1.080         
 0177   162  14.800   1.480         
 0178   162  20.730   1.880         
 0179   162  18.110   1.430         
 0181   162  19.420   1.770         
 0183   162  21.030   1.470         
 0184   162  20.900   1.120         
 0186   162  17.220   1.080         
 0187   162  19.210   0.930         
 0189   162  21.680   1.370         
 0190   162  20.550   1.190         
 0191   162  16.860   1.260         
 0192   162  14.180   0.910         
 0193   162  18.150   0.950         
 0195   162  19.230   1.000         
 0196   162  19.200   0.950         
 0197   162  18.700   1.010         
 0198   162  20.470   1.020         
 0199   162  19.860   1.020         
 0200   162  18.070   1.070         
 0201   162  18.090   0.850         
 0202   162  21.420   1.760         
 0203   162  19.530   1.320         
 0206   162  20.060   1.160         
 0207   162  15.980   0.770         
 0208   162  17.000   0.890         
 0210   162  19.620   1.140         
 0212   162  19.100   1.230         
 0214   162  18.570   1.340         
 0215   162  21.620   1.410         
 0216   162  18.470   1.100         
 0219   162  20.360   1.020         
 0220   162  19.210   0.880         
 0221   162  20.950   1.150         
 0222   162  21.280   1.320         
 0223   162  21.420   1.130         
 0224   162  14.630   0.780         
 0225   162  22.160   1.140         
 0226   162  20.070   1.360         
 0227   162  20.740   1.850         
 0228   162  17.790   1.110         
 0229   162  19.500   1.200         
 0230   162  21.900   1.330         
 0231   162  20.310   1.250         
 0232   162  17.430   1.210         
 0233   162  18.400   1.050         
 0234   162  16.400   0.860         
 0235   162  15.420   1.590         
 0236   162  19.890   1.240         
 0238   162  21.400   1.280         
 0242   162  18.280   1.380         
 0246   162  20.830   1.130         
 0247   162  21.550   1.430         
 0248   162  20.630   1.160         
 0249   162  18.370   1.160         
 0251   162  16.180   1.390         
 0252   162  21.850   1.230         
 0254   162  21.240   1.910         
 0255   162  16.900   1.020         
 0260   162  21.670   1.270         
 0261   162  18.130   1.060         
 0262   162  18.110   1.040         
 0266   162  14.960   1.360         
 0267   162  19.300   1.160         
 0268   162  19.250   1.270         
 0269   162  15.310   1.310         
 0271   162  21.530   1.080         
 0272   162  19.030   0.950         
 0273   162  16.140   1.250         
 0275   162  18.110   0.920         
 0276   162  20.360   1.800         
 0277   162  19.170   0.970         
 0279   162  16.490   0.970         
 0280   162  18.620   0.880         
 0281   162  17.580   1.500         
 0282   162  17.860   1.210         
 0283   162  19.700   0.930         
 0284   162  20.560   1.070         
 0287   162  19.960   1.210         
 0288   162  20.160   1.340         
 0290   162  19.920   1.230         
 0294   162  17.010   1.130         
 0295   162  21.970   1.110         
 0296   162  16.450   0.450         
 0297   162  18.600   0.930         
 0298   162  16.280   0.930         
 0299   162  18.910   0.930         
 0300   162  20.020   1.240         
 0302   162  17.570   1.060         
 0304   162  16.760   1.340         
 0305   162  16.880   1.280         
 0307   162  21.010   1.830         
 0308   162  17.130   0.800         
 0309   162  21.340   1.380         
 0310   162  19.820   1.100         
 0311   162  20.970   1.250         
 0312   162  18.980   1.070         
 0313   162  20.140   1.340         
 0315   162  17.950   0.790         
 0316   162  17.030   0.880         
 0317   162  21.230   1.920         
 0318   162  21.310   1.600         
 0319   162  19.810   1.250         
 0324   162  19.480   1.070         
 0325   162  20.660   1.540         
 0326   162  17.120   1.000         
 0327   162  17.730   0.930         
 0328   162  18.850   0.920         
 0329   162  19.460   0.940         
 0330   162  17.930   1.020         
 0331   162  16.810   0.870         
 0332   162  19.160   1.000         
 0333   162  21.470   1.120         
 0334   162  20.970   1.150         
 0335   162  15.400   1.360         
 0336   162  13.550   1.840         
 0338   162  18.940   0.900         
 0339   162  18.340   0.870         
 0340   162  17.540   0.880         
 0341   162  20.980   1.190         
 0342   162  20.970   0.900         
 0344   162  19.410   1.020         
 0345   162  19.570   0.880         
 0346   162  19.540   1.530         
 0347   162  19.650   1.010         
 0348   162  19.880   0.990         
 0350   162  20.280   1.830         
 0351   162  20.320   1.160         
 0352   162  21.290   1.750         
 0354   162  21.150   1.330         
 0356   162  20.590   1.080         
 0357   162  16.560   1.270         
 0358   162  18.020   0.870         
 0359   162  17.670   0.860         
 0360   162  19.050   1.060         
 0361   162  21.560   1.490         
 0362   162  18.030   0.760         
 0363   162  18.260   1.190         
 0365   162  18.700   0.910         
 0366   162  20.310   0.980         
 0367   162  18.610   0.890         
 0369   162  16.010   0.550         
 0371   162  18.180   0.810         
 0372   162  17.350   1.210         
 0373   162  19.530   0.990         
 0374   162  21.300   1.620         
 0376   162  16.510   0.880         
 0377   162  18.270   1.180         
 0378   162  16.540   0.930         
 0379   162  21.480   1.930         
 0380   162  16.270   0.470         
 0383   162  17.800   0.790         
 0384   162  20.290   1.090         
 0387   162  19.960   1.280         
 0389   162  17.100   1.110         
 0390   162  21.260   2.030         
 0391   162  20.890   1.070         
 0393   162  21.640   1.100         
 0394   162  19.830   1.050         
 0395   162  21.570   1.430         
 0397   162  18.730   1.000         
 0398   162  17.620   0.840         
 0399   162  20.470   1.270         
 0400   162  21.970   1.470         
 0401   162  20.280   1.580         
 0402   162  20.850   1.590         
 0403   162  18.080   1.250         
 0404   162  20.040   1.250         
 0405   162  21.730   1.590         
 0406   162  19.670   0.660         
 0410   162  17.460   1.070         
 0411   162  20.820   1.730         
 0412   162  17.940   0.810         
 0414   162  20.580   1.150         
 0415   162  18.660   1.090         
 0416   162  21.420   1.350         
 0417   162  21.260   1.490         
 0418   162  18.360   0.890         
 0419   162  17.730   0.830         
 0420   162  20.260   1.090         
 0423   162  18.370   0.940         
 0424   162  14.210   0.980         
 0425   162  17.860   0.860         
 0427   162  19.690   1.800         
 0428   162  20.220   1.820         
 0429   162  17.300   0.830         
 0430   162  21.670   1.190         
 0431   162  17.900   0.860         
 0432   162  17.200   1.180         
 0434   162  17.920   1.020         
 0435   162  20.870   1.230         
 0437   162  20.610   1.210         
 0438   162  18.510   0.920         
 0439   162  20.820   1.660         
 0443   162  20.640   1.380         
 0444   162  20.240   1.870         
 0445   162  19.310   0.880         
 0446   162  20.530   1.110         
 0447   162  16.040   0.990         
 0448   162  21.510   1.510         
 0449   162  19.290   0.920         
 0450   162  18.400   0.890         
 0451   162  19.920   1.070         
 0452   162  21.090   1.120         
 0453   162  17.710   0.760         
 0454   162  21.410   1.790         
 0455   162  17.970   0.870         
 0456   162  18.720   1.210         
 0457   162  20.770   1.220         
 0458   162  20.500   1.020         
 0460   162  19.850   1.090         
 0461   162  15.150   1.280         
 0463   162  19.930   1.150         
 0464   162  17.440   0.870         
 0465   162  18.350   0.950         
 0466   162  20.180   1.220         
 0467   162  21.320   1.130         
 0468   162  20.870   1.360         
 0469   162  17.810   0.830         
 0470   162  21.480   1.280         
 0471   162  19.040   0.980         
 0472   162  21.080   1.170         
 0473   162  15.820   0.800         
 0474   162  18.050   0.630         
 0476   162  17.820   0.840         
 0478   162  18.590   0.900         
 0480   162  17.640   0.800         
 0482   162  15.710   0.860         
 0483   162  19.440   1.030         
 0484   162  17.450   0.880         
 0485   162  19.750   1.070         
 0486   162  19.400   0.940         
 0487   162  21.010   1.080         
 0488   162  20.510   1.640         
 0489   162  18.540   0.840         
 0490   162  21.830   1.370         
 0491   162  21.010   1.370         
 0492   162  22.060   1.190         
 0494   162  18.610   0.910         
 0495   162  21.060   1.280         
 0497   162  21.250   1.420         
 0498   162  19.080   0.980         
 0499   162  15.040   1.270         
 0500   162  18.870   1.020         
 0501   162  20.070   1.760         
 0502   162  16.400   1.270         
 0503   162  19.300   1.790         
 0504   162  21.640   1.140         
 0505   162  20.900   1.730         
 0506   162  18.600   0.890         
 0507   162  16.510   1.240         
 0509   162  19.730   1.070         
 0510   162  19.390   1.020         
 0511   162  17.620   0.820         
 0512   162  19.210   1.100         
 0513   162  17.280   1.060         
 0514   162  18.340   0.890         
 0515   162  21.720   1.410         
 0517   162  20.390   1.370         
 0518   162  19.050   1.030         
 0519   162  19.950   1.100         
 0520   162  17.560   0.810         
 0521   162  17.140   0.940         
 0523   162  19.100   1.310         
 0524   162  20.270   1.280         
 0525   162  21.280   1.720         
 0527   162  19.870   1.070         
 0531   162  21.740   1.400         
 0534   162  21.170   1.750         
 0535   162  19.980   1.220         
 0538   162  21.920   1.240         
 0539   162  19.420   0.960         
 0540   162  18.450   0.890         
 0541   162  19.430   1.040         
 0543   162  17.880   1.070         
 0544   162  19.090   0.970         
 0545   162  21.220   1.980         
 0546   162  17.860   0.890         
 0547   162  18.250   0.940         
 0548   162  18.520   0.910         
 0550   162  16.500   1.100         
 0551   162  17.650   0.810         
 0552   162  20.000   1.190         
 0555   162  17.970   1.230         
 0556   162  17.880   1.310         
 0558   162  18.600   0.850         
 0559   162  17.440   1.140         
 0560   162  21.580   1.300         
 0561   162  20.880   1.330         
 0562   162  18.640   0.890         
 0564   162  17.950   0.860         
 0565   162  19.270   1.530         
 0566   162  20.230   1.420         
 0567   162  13.260   1.900         
 0568   162  20.180   0.900         
 0569   162  21.020   1.200         
 0570   162  21.710   1.650         
 0571   162  19.690   1.760         
 0572   162  18.900   1.140         
 0573   162  21.920   1.330         
 0574   162  17.560   0.850         
 0575   162  18.360   0.870         
 0576   162  20.880   1.230         
 0577   162  18.160   0.810         
 0578   162  21.240   1.900         
 0579   162  19.570   1.050         
 0580   162  17.800   0.880         
 0581   162  18.570   0.950         
 0582   162  17.670   0.840         
 0583   162  17.320   1.250         
 0586   162  17.940   1.270         
 0587   162  17.290   1.090         
 0588   162  20.740   1.780         
 0589   162  21.260   1.470         
 0591   162  17.730   0.810         
 0592   162  17.480   1.400         
 0595   162  17.130   0.450         
 0596   162  17.670   1.380         
 0598   162  21.460   1.220         
 0599   162  20.180   1.470         
 0600   162  17.080   0.950         
 0601   162  20.960   1.200         
 0602   162  18.030   0.780         
 0603   162  17.210   1.010         
 0604   162  14.160   0.810         
 0605   162  15.450   1.220         
 0606   162  17.200   0.980         
 0607   162  20.980   1.630         
 0608   162  19.060   0.860         
 0609   162  19.000   1.650         
 0610   162  20.270   1.370         
 0611   162  18.870   1.040         
 0613   162  21.510   1.250         
 0615   162  20.240   1.150         
 0616   162  20.570   1.180         
 0618   162  21.290   1.230         
 0619   162  20.450   1.160         
 0621   162  20.850   1.620         
 0622   162  17.800   1.230         
 0623   162  19.110   1.250         
 0625   162  20.100   1.160         
 0627   162  20.520   1.160         
 0628   162  21.060   1.380         
 0630   162  18.680   0.960         
 0631   162  15.590   0.450         
 0632   162  20.110   1.470         
 0633   162  21.720   1.310         
 0635   162  21.260   1.270         
 0636   162  19.480   1.120         
 0638   162  20.570   1.030         
 0640   162  19.580   1.180         
 0641   162  18.460   0.850         
 0643   162  21.000   0.920         
 0644   162  11.540   0.530         
 0645   162  17.500   1.240         
 0646   162  20.090   1.160         
 0648   162  21.180   1.340         
 0649   162  20.530   1.770         
 0650   162  20.400   1.420         
 0651   162  19.660   0.910         
 0652   162  21.850   1.170         
 0653   162  20.740   1.480         
 0654   162  17.350   0.810         
 0655   162  20.830   1.210         
 0657   162  19.410   1.030         
 0658   162  20.560   1.110         
 0659   162  19.560   1.460         
 0661   162  16.830   1.070         
 0662   162  18.420   1.090         
 0663   162  20.160   1.160         
 0664   162  20.850   1.470         
 0665   162  21.140   1.180         
 0666   162  18.110   1.020         
 0667   162  15.020   1.510         
 0668   162  19.270   0.830         
 0669   162  17.680   0.900         
 0670   162  18.380   1.260         
 0671   162  19.430   1.010         
 0672   162  20.160   1.690         
 0673   162  19.990   1.490         
 0674   162  21.720   1.250         
 0675   162  18.610   0.980         
 0676   162  20.350   1.990         
 0677   162  17.540   0.820         
 0678   162  18.920   0.990         
 0679   162  19.740   1.020         
 0680   162  19.160   1.180         
 0681   162  21.650   1.400         
 0682   162  19.280   0.990         
 0683   162  18.010   0.800         
 0684   162  20.560   1.130         
 0685   162  19.570   1.210         
 0687   162  20.560   1.110         
 0689   162  20.380   1.180         
 0691   162  18.540   1.640         
 0692   162  16.870   0.520         
 0693   162  21.110   1.440         
 0694   162  13.020   1.470         
 0695   162  19.550   1.070         
 0696   162  17.230   0.890         
 0697   162  18.910   0.990         
 0698   162  19.700   1.770         
 0699   162  17.870   0.880         
 0700   162  19.970   1.410         
 0701   162  19.440   0.980         
 0702   162  20.030   1.000         
 0703   162  19.230   1.870         
 0705   162  20.230   1.070         
 0706   162  20.470   1.000         
 0707   162  17.820   0.980         
 0708   162  18.670   0.950         
 0709   162  21.580   0.980         
 0710   162  18.670   0.860         
 0712   162  20.550   1.250         
 0713   162  18.620   0.990         
 0716   162  15.480   1.020         
 0717   162  20.590   1.230         
 0718   162  21.940   1.430         
 0720   162  18.290   1.080         
 0721   162  19.300   1.180         
 0722   162  19.650   1.620         
 0723   162  18.480   0.940         
 0724   162  18.860   0.880         
 0725   162  20.680   1.410         
 0726   162  19.640   1.240         
 0727   162  16.550   1.360         
 0728   162  17.980   0.780         
 0729   162  17.130   0.800         
 0731   162  17.010   0.830         
 0732   162  18.190   0.830         
 0733   162  19.780   1.010         
 0734   162  18.320   1.180         
 0735   162  19.940   1.050         
 0737   162  19.600   0.940         
 0738   162  17.920   0.810         
 0739   162  20.190   1.130         
 0741   162  19.800   1.000         
 0742   162  19.080   0.970         
 0743   162  18.280   0.930         
 0744   162  21.360   1.270         
 0745   162  17.790   1.230         
 0746   162  19.970   1.100         
 0747   162  20.230   1.270         
 0748   162  19.300   0.940         
 0749   162  18.630   1.000         
 0750   162  17.300   1.000         
 0751   162  16.120   1.250         
 0753   162  21.480   1.440         
 0754   162  18.490   1.060         
 0755   162  20.410   1.170         
 0756   162  17.080   0.920         
 0757   162  16.840   0.830         
 0758   162  14.990   1.530         
 0759   162  20.930   1.260         
 0760   162  19.470   1.030         
 0761   162  15.360   1.290         
 0762   162  18.040   0.790         
 0763   162  18.960   1.790         
 0764   162  19.490   1.240         
 0765   162  20.870   1.370         
 0766   162  20.850   1.230         
 0767   162  20.250   1.020         
 0768   162  17.140   0.730         
 0769   162  13.590   0.680         
 0771   162  19.610   1.090         
 0772   162  19.370   0.970         
 0773   162  18.210   0.810         
 0775   162  21.560   1.270         
 0776   162  18.470   1.050         
 0779   162  20.170   1.040         
 0780   162  15.700   1.340         
 0782   162  20.050   0.930         
 0783   162  20.230   1.550         
 0785   162  18.670   0.940         
 0786   162  19.340   0.940         
 0788   162  20.780   1.150         
 0789   162  18.710   1.310         
 0790   162  21.120   1.490         
 0791   162  21.030   1.070         
 0792   162  18.000   0.800         
 0793   162  21.030   1.260         
 0794   162  17.910   0.880         
 0795   162  21.960   1.240         
 0796   162  18.700   1.260         
 0797   162  21.490   1.770         
 0799   162  20.830   1.200         
 0801   162  18.010   0.720         
 0802   162  16.670   1.030         
 0804   162  19.060   0.970         
 0805   162  19.460   0.880         
 0807   162  19.630   0.300         
 0808   162  20.440   1.050         
 0809   162  20.900   1.310         
 0810   162  20.030   0.980         
 0812   162  18.550   0.850         
 0813   162  16.370   0.860         
 0815   162  21.340   1.030         
 0816   162  21.020   1.350         
 0817   162  17.820   0.860         
 0818   162  20.780   0.990         
 0819   162  17.910   1.190         
 0820   162  18.250   1.420         
 0821   162  19.910   1.120         
 0822   162  20.560   1.150         
 0823   162  17.450   0.850         
 0826   162  17.420   1.630         
 0827   162  20.600   1.400         
 0829   162  18.700   0.840         
 0830   162  19.810   1.680         
 0831   162  20.080   1.400         
 0832   162  19.190   0.960         
 0834   162  19.480   1.030         
 0835   162  21.270   1.150         
 0838   162  19.400   1.520         
 0839   162  18.600   0.910         
 0841   162  20.610   0.980         
 0843   162  21.140   1.220         
 0845   162  21.050   1.170         
 0848   162  17.850   1.570         
 0849   162  19.560   1.500         
 0850   162  21.750   0.570         
 0851   162  20.710   0.970         
 0853   162  17.780   0.780         
 0855   162  18.240   1.260         
 0856   162  19.890   1.050         
 0857   162  17.270   0.960         
 0858   162  18.020   1.170         
 0859   162  17.120   1.090         
 0861   162  20.920   1.790         
 0862   162  21.720   1.240         
 0864   162  18.660   0.810         
 0865   162  20.350   1.320         
 0866   162  19.940   1.240