UBV CCD observations

  No    Ref    V       B-V     U-B

 0340   389  16.050   0.670         
 0348   389  15.300   0.940         
 0363   389  14.540   1.380         
 0367   389  17.350   1.010         
 0373    60  16.950   0.610         
 0373   389  16.890   0.850         
 0381    60  19.430   0.620   0.030
 0387    60  18.660   1.380         
 0388    60  20.240   0.780         
 0392    60  18.500   0.810   0.300
 0394    60  19.850   0.810         
 0395    60  18.280   0.790         
 0400    60  19.730   0.780         
 0401    60  18.260   0.590   0.110
 0406   389  17.290   0.430         
 0407    60  19.540   1.500         
 0408    60  20.270   0.990         
 0409   389  13.420   0.370         
 0411    60  16.290   0.550   0.040
 0414    60  16.190   0.670   0.070
 0414   389  16.060   1.010         
 0415    60  19.230   0.650   0.070
 0418    60  18.020   0.780   0.190
 0420    60  16.190   0.650   0.050
 0420   389  16.380   0.660         
 0424    60  18.120   0.760   0.170
 0427    60  19.940   0.660         
 0429    60  20.250   1.130         
 0432    60  19.670   1.050         
 0433    60  18.990   0.670   0.010
 0435    60  19.020   0.660   0.020
 0437    60  20.140   1.150         
 0438    60  17.510   0.640   0.020
 0438   389  17.690   0.650         
 0439    60  18.050   1.110   0.760
 0441    60  19.510   0.870         
 0442    60  18.500   0.740   0.130
 0445    60  19.050   0.690   0.050
 0447    60  17.070   0.440   0.100
 0447   389  17.340   0.410         
 0449    60  15.170   0.660   0.130
 0449   389  15.400   0.660         
 0450    60  19.050   1.460         
 0452    60  16.950   0.460   0.010
 0452   389  17.190   0.420         
 0453    60  17.920   0.990   0.620
 0458    60  19.280   1.380         
 0459    60  17.750   0.990   0.360
 0459   389  17.940   0.880         
 0460    60  19.280   0.480   0.010
 0461    60  20.150   0.600         
 0468   389  16.070   0.920         
 0469    60  20.280   0.900         
 0470    60  17.780   0.640   0.040
 0470   389  17.960   0.660         
 0472    60  17.850   0.570   0.020
 0473    60  20.200   0.960         
 0475    60  15.910   0.390   0.150
 0475   389  16.170   0.360         
 0476    60  17.950   0.650   0.060
 0480    60  18.040   0.590   0.020
 0483    60  17.560   0.590   0.050
 0483   389  17.780   0.550         
 0486    60  17.860   0.590   0.060
 0488    60  19.470   0.770         
 0489    60  17.000   0.740   0.340
 0489   389  17.200   0.730         
 0490    60  19.490   0.720         
 0491    60  17.070   0.570   0.020
 0491   389  17.300   0.520         
 0492    60  18.040   0.720   0.230
 0495    60  19.800   0.760         
 0497    60  16.530   0.520   0.020
 0497   389  16.770   0.450         
 0498    60  18.640   0.610   0.010
 0500    60  19.380   0.760         
 0501    60  18.120   0.660   0.290
 0504    60  19.610   0.730         
 0506    60  18.000   0.560   0.030
 0508    60  17.360   1.190   0.900
 0508   389  17.580   1.150         
 0510    60  16.800   0.880   0.410
 0510   389  17.010   0.840         
 0511    60  20.470   0.890         
 0512    60  17.040   0.930   0.560
 0512   389  17.280   0.880         
 0517    60  17.770   0.700   0.120
 0517   389  17.970   0.610         
 0520    60  18.240   0.560   0.020
 0524    60  18.670   0.610   0.330
 0527    60  19.120   0.630         
 0528    60  18.520   1.480         
 0530    60  19.590   0.740         
 0531    60  17.530   0.610   0.030
 0531   389  17.800   0.420         
 0533    60  20.180   0.800         
 0534    60  17.140   0.600   0.040
 0534   389  17.400   0.550         
 0535    60  19.500   0.350   0.040
 0537    60  15.560   1.150   0.730
 0537   389  15.770   1.080         
 0538    60  16.680   0.220   0.160
 0538   389  16.910   0.230         
 0539    60  19.830   0.860         
 0542    60  19.940   0.770         
 0543    60  19.950   1.550         
 0545    60  18.460   0.840   0.260
 0548    60  19.720   1.070         
 0549    60  20.520   0.840         
 0551    60  19.150   0.630   0.040
 0558    60  19.120   1.200         
 0559    60  17.160   0.620   0.060
 0559   389  17.390   0.590         
 0561    60  15.160   0.600   0.090
 0561   389  15.400   0.570         
 0565    60  17.770   0.550   0.050
 0566    60  19.200   1.140         
 0567    60  19.850   0.800         
 0569    60  19.000   0.650   0.180
 0572    60  20.090   0.880         
 0573    60  18.900   0.720   0.120
 0574    60  19.490   0.130         
 0575    60  19.440   0.750         
 0576    60  19.630   0.650         
 0577    60  17.960   0.550   0.030
 0578    60  19.020   0.600   0.160
 0579    60  19.510   0.820         
 0581    60  16.800   0.820   0.390
 0581   389  17.050   0.760         
 0582    60  19.050   0.630   0.030
 0585    60  17.140   0.930   0.480
 0585   389  17.300   0.900         
 0588    60  18.420   0.550   0.030
 0590   389  15.650   0.950         
 0591    60  18.270   0.540   0.060
 0592    60  17.780   0.530   0.030
 0592   389  17.970   0.530         
 0593    60  19.540   0.810   0.050
 0594    60  15.970   0.560   0.030
 0594   389  16.190   0.540         
 0595    60  19.620   1.070         
 0596    60  20.670   0.940         
 0598    60  18.120   0.550   0.030
 0599    60  18.120   0.560   0.010
 0600    60  19.080   0.780   0.180
 0601    60  20.140   0.770         
 0602    60  19.560   0.730         
 0603    60  20.260   0.840         
 0605    60  18.270   0.710         
 0606    60  19.410   0.870         
 0607    60  17.590   0.620   0.260
 0607   389  17.380   0.640         
 0613    60  18.560   0.600   0.010
 0615    60  18.480   0.580   0.040
 0617    60  17.800   0.950   0.540
 0617   389  17.910   0.940         
 0618    60  18.760   0.700   0.020
 0619    60  18.990   0.870         
 0620    60  18.040   0.550   0.010
 0622    60  19.600   1.420         
 0624    60  17.470   0.620   0.080
 0624   389  17.710   0.650         
 0626    60  18.340   1.570         
 0627   389  17.530   0.280         
 0628    60  19.420   0.640   0.200
 0630    60  19.480   0.680   0.090
 0631    60  19.970   0.890         
 0633    60  18.190   0.980   0.580
 0635    60  18.120   0.570   0.010
 0637    60  16.420   0.430   0.080
 0637   389  16.670   0.470         
 0640    60  18.710   0.840   0.370
 0641    60  19.870   0.800         
 0642   389  11.970   0.430         
 0643   389  16.350   0.550         
 0646    60  19.300   0.690         
 0647   389  17.520   0.540         
 0648    60  17.730   0.590   0.050
 0648   389  17.890   0.580         
 0650    60  18.900   0.650   0.010
 0651    60  20.310   0.840         
 0652    60  19.010   0.630   0.020
 0653    60  19.200   1.270         
 0658   389  15.890                 
 0659    60  17.990   0.890   0.310
 0661    60  19.320   0.710   0.040
 0663    60  19.670   0.670         
 0664    60  20.110   0.740         
 0666    60  13.840   1.350   1.250
 0666   389  14.090   1.210         
 0669    60  18.050   0.610   0.010
 0671    60  16.980   0.460   0.020
 0671   389  17.230   0.400         
 0674    60  18.260   0.750   0.260
 0675    60  17.630   0.560   0.060
 0675   389  17.850   0.550         
 0676    60  18.610   1.080         
 0677    60  18.780   0.650   0.010
 0679    60  18.530   0.600         
 0680    60  18.980   0.680         
 0681    60  19.510   0.760         
 0684    60  19.720   0.740         
 0685    60  20.090   1.080         
 0689    60  19.930   0.750         
 0691    60  16.510   0.210   0.100
 0691   389  16.770   0.170         
 0694    60  18.940   1.190   0.560
 0695    60  17.230   0.660         
 0695   389  17.490   0.600         
 0696    60  20.340   0.820         
 0697    60  18.390   0.600   0.040
 0698    60  19.000   0.840         
 0701    60  17.950   0.560   0.070
 0705    60  19.090   0.620   0.020
 0706    60  19.010   0.600   0.100
 0707    60  20.330   0.940         
 0713    60  17.270   0.560   0.060
 0713   389  17.490   0.570         
 0714    60  16.880   0.770   0.280
 0714   389  17.100   0.730         
 0715    60  18.390   0.550   0.010
 0716    60  19.040   0.150         
 0717    60  16.930   0.580   0.010
 0717   389  17.180   0.550         
 0719    60  16.410   0.570   0.010
 0719   389  16.670   0.570         
 0720    60  16.320   1.080   0.860
 0720   389  16.530   0.970         
 0721    60  19.620   0.910         
 0723    60  17.370   0.550   0.070
 0723   389  17.600   0.550         
 0725    60  19.950   0.890         
 0726    60  16.150   0.380   0.210
 0726   389  16.390   0.370         
 0727    60  19.850   0.760         
 0728    60  16.520   0.980         
 0728   389  16.750   0.980         
 0730    60  18.230   0.560   0.010
 0732    60  18.540   0.610   0.080
 0733    60  16.610   0.470   0.020
 0733   389  16.800   0.470         
 0734    60  18.580   0.620   0.090
 0735    60  19.250   0.580         
 0737    60  19.680   0.630         
 0738    60  17.240   0.550   0.060
 0738   389  17.390   0.470         
 0739    60  18.510   0.590   0.070
 0740    60  18.840   0.610   0.060
 0743    60  17.590   0.610   0.040
 0743   389  17.790   0.590         
 0746    60  18.560   0.570   0.050
 0747    60  18.300   0.580   0.050
 0748    60  19.400   0.720   0.080
 0749    60  18.830   0.660   0.160
 0750    60  17.490   0.920   0.420
 0750   389  17.690   0.870         
 0751    60  19.600   1.150         
 0752    60  18.670   0.600         
 0753    60  17.060   0.430   0.030
 0753   389  17.120   0.540         
 0754    60  18.670   0.620   0.040
 0757    60  20.740   1.030         
 0759    60  18.800   1.270         
 0760    60  18.300   0.620   0.060
 0764    60  20.220   0.860         
 0766    60  20.020   0.840         
 0767    60  17.650   0.580   0.010
 0767   389  17.890   0.530         
 0768    60  18.690   1.310         
 0773    60  17.310   0.600   0.070
 0773   389  17.490   0.570         
 0774   389  17.740   0.510         
 0775    60  20.560   1.040         
 0776    60  19.650   0.750         
 0777    60  19.120   0.710   0.140
 0779    60  16.960   0.500   0.010
 0779   389  17.140   0.500         
 0780    60  19.360   0.710   0.120
 0785    60  17.750   0.540   0.070
 0785   389  17.980   0.610         
 0788    60  17.330   0.310   0.130
 0788   389  17.570   0.310         
 0791    60  18.620   0.580   0.070
 0792    60  20.260   0.830         
 0793    60  18.740   0.590   0.070
 0800    60  18.230   0.680   0.240
 0801    60  17.810   0.570   0.030
 0802    60  17.960   0.570   0.020
 0803   389  17.700   0.540         
 0804    60  17.100   1.160   1.020
 0804   389  17.400   1.130         
 0806    60  18.830   0.680   0.230
 0807    60  20.150   0.670         
 0809    60  20.190   0.620         
 0810    60  19.060   0.600   0.120
 0812    60  17.500   0.560   0.010
 0812   389  17.760   0.560         
 0814    60  17.710   0.550   0.060
 0814   389  17.970   0.510         
 0818    60  17.850   0.430   0.050
 0818   389  17.810   0.570         
 0824    60  18.530   0.720   0.190
 0825    60  19.630   0.850         
 0827    60  20.290   1.230         
 0829    60  17.380   0.540   0.080
 0829   389  17.610   0.550         
 0830    60  16.880   0.670   0.130
 0830   389  17.080   0.660         
 0832    60  19.450   0.970         
 0835   389  17.860   0.140         
 0837    60  18.270   0.560   0.010
 0839    60  17.620   0.350   0.040
 0839   389  17.610   0.570         
 0843    60  18.840   0.560         
 0844   389  17.850   0.740         
 0846    60  20.280   0.920         
 0847   389  17.410                 
 0850    60  16.790   0.610   0.080
 0850   389  17.040   0.610         
 0852   389  17.670   0.490         
 0853    60  19.840   0.630         
 0855    60  17.570   0.880   0.390
 0855   389  17.820   0.870         
 0856    60  20.640   0.690         
 0859    60  18.000   0.620   0.050
 0860    60  19.010   0.580   0.210
 0862    60  17.820   0.640   0.020
 0862   389  17.940   0.590         
 0864   389  17.530   0.500         
 0867    60  19.630   0.790         
 0868    60  18.170   0.560   0.040
 0869    60  18.680   0.580   0.090
 0870    60  19.420   0.790   0.140
 0871   389  17.330   0.550         
 0872    60  17.240   0.590         
 0872   389  17.490   0.570         
 0873   389  15.450   1.050         
 0876    60  17.330   0.590   0.090
 0876   389  17.590   0.580         
 0877    60  17.380   0.950   0.450
 0877   389  17.650   0.850         
 0878    60  19.860   0.830         
 0879    60  19.570   0.750         
 0880    60  18.070   0.550   0.060
 0881    60  16.510   0.690   0.150
 0881   389  16.760   0.680         
 0884    60  19.450   0.630         
 0885    60  15.480   0.740   0.210
 0885   389  15.720   0.740         
 0886    60  14.670   1.330   1.020
 0886   389  14.910   1.260         
 0887    60  15.800   0.510   0.060
 0887   389  15.850   0.690         
 0889   389  16.640   0.140         
 0893    60  18.560   0.590   0.050
 0895    60  16.640   1.020   0.520
 0895   389  16.760   0.950         
 0901   389  16.540   0.540         
 0904    60  19.060   0.600   0.210
 0908   389  17.310                 
 0909    60  18.410   0.610   0.090
 0910    60  16.280   0.160   0.100
 0910   389  16.500   0.150         
 0914    60  17.840   0.560   0.050
 0914   389  18.000   0.510         
 0918    60  18.540   0.610   0.030
 0919    60  14.820   0.540   0.080
 0919   389  15.050   0.560         
 0924    60  20.180   1.010         
 0925    60  17.710   0.560         
 0925   389  17.920   0.580         
 0927    60  17.950   0.520   0.050
 0931    60  19.690   0.690         
 0933    60  17.880   0.560   0.020
 0934    60  19.370   0.660   0.170
 0935    60  17.530   0.900   0.410
 0935   389  17.740   0.980         
 0936   389  11.870   0.150         
 0938    60  18.710   0.570   0.070
 0940    60  19.230   0.560   0.010
 0941    60  18.440   0.570   0.020
 0942    60  19.470   0.850         
 0944    60  18.780   0.570   0.030
 0945    60  19.360   1.450         
 0950    60  18.820   0.580   0.040
 0953    60  19.830   1.110         
 0957    60  18.220   0.560   0.050
 0961    60  19.030   0.920         
 0962   389  15.320   1.020         
 0964    60  15.250   0.120   0.100
 0964   389  15.430   0.160         
 0968    60  18.610   0.600   0.050
 0970    60  18.630   0.720   0.090
 0971    60  16.340   0.320   0.170
 0971   389  16.640   0.460         
 0972    60  20.390   0.820         
 0973    60  18.430   0.610   0.030
 0974    60  16.800   0.570   0.070
 0974   389  17.060   0.560         
 0976    60  18.680   0.680         
 0977    60  19.380   1.300         
 0978    60  18.660   0.560   0.060
 0979    60  20.320   0.920         
 0982    60  19.610   0.730         
 0983    60  17.850   0.520   0.040
 0984    60  19.070   0.590   0.120
 0986    60  17.850   0.920   0.540
 0989    60  17.750   0.840   0.270
 0989   389  17.820   1.110         
 0990    60  19.830   0.730         
 0996    60  18.420   0.610   0.040
 0997    60  19.530   0.690         
 0998    60  20.110   1.180         
 0999    60  18.000   0.560   0.060
 1000    60  18.880   0.600   0.020
 1001    60  18.260   0.630   0.050
 1002    60  16.680   0.610   0.060
 1002   389  16.800   0.570         
 1003    60  18.760   0.780   0.090
 1005    60  16.300   1.030   0.660
 1005   389  16.550   1.000         
 1006    60  17.710   0.640   0.070
 1006   389  17.900   0.700         
 1010   389  16.580   0.470         
 1013    60  17.840   0.540   0.070
 1014    60  20.530   0.920         
 1015    60  19.030   0.830   0.380
 1016    60  19.530   0.480   0.070
 1019    60  19.520   0.770         
 1020    60  19.090   0.670   0.080
 1023    60  17.700   0.610   0.130
 1023   389  17.700   0.550         
 1024    60  18.720   0.590   0.120
 1025    60  19.840   1.400         
 1026    60  17.960   0.600   0.060
 1029    60  20.670   1.050         
 1030    60  19.930   0.860         
 1032    60  19.480   1.660         
 1033    60  20.840   0.640         
 1034    60  18.430   0.630   0.040
 1036    60  19.110   0.630   0.060
 1038    60  20.240   0.740         
 1041    60  17.590   0.570   0.070
 1041   389  17.860   0.500         
 1042    60  19.230   0.640   0.160
 1044    60  19.220   0.720         
 1047    60  19.270   1.420         
 1048    60  18.150   0.570   0.120
 1049    60  19.690   1.030         
 1050    60  17.400   0.870   0.330
 1050   389  17.630   0.840         
 1052    60  19.460   0.730         
 1054    60  19.060   0.690   0.020
 1055    60  19.100   0.660   0.080
 1059   389  14.670   0.940         
 1062    60  18.170   0.730   0.650
 1064    60  18.150   0.560   0.040
 1065    60  16.280   0.930   0.630
 1065   389  16.480   0.880         
 1066    60  20.070   0.850         
 1067    60  19.510   0.790         
 1068    60  19.110   0.680   0.020
 1069    60  19.040   0.650   0.210
 1071    60  18.370   0.620   0.050
 1073    60  19.080   0.630   0.160
 1074    60  19.190   1.060         
 1075    60  19.100   0.630   0.020
 1077    60  17.540   0.550   0.110
 1077   389  17.790   0.550         
 1080    60  18.760   0.630   0.050
 1081    60  17.940   0.580   0.020
 1084    60  18.850   1.140         
 1088    60  19.320   0.790         
 1090    60  19.780   0.690         
 1092    60  18.260   0.650   0.080
 1094    60  13.880   1.210   0.920
 1094   389  14.130   1.170         
 1096   389  15.430   0.460         
 1098   389  14.610   0.780         
 1099    60  19.110   0.630   0.050
 1100    60  16.650   0.990   0.590
 1100   389  16.890   0.980         
 1101    60  19.710   0.690         
 1102    60  19.750   0.850         
 1105    60  19.580   0.830         
 1106    60  15.690   0.530   0.070
 1106   389  15.920   0.570         
 1108    60  15.960   0.570   0.060
 1108   389  16.190   0.580         
 1112    60  19.320   0.750         
 1116   389  13.770   0.580         
 1117    60  18.600   0.590   0.010
 1118    60  19.220   0.650   0.040
 1121    60  18.280   0.550   0.070
 1124   389  11.180   0.490         
 1127    60  19.820   0.820         
 1128    60  19.900   0.680         
 1129    60  19.730   1.540         
 1130    60  18.570   0.590   0.060
 1131   389  17.820   0.600         
 1132    60  18.820   0.610   0.070
 1133    60  20.280   0.850         
 1134    60  19.550   0.640         
 1135    60  20.160   1.010         
 1136    60  16.040   1.160   1.180
 1136   389  16.280   1.120         
 1137    60  16.570   0.350   0.230
 1137   389  16.820   0.320         
 1139    60  16.700   0.970   0.590
 1139   389  16.900   0.980         
 1140    60  18.350   0.700   0.080
 1142    60  18.430   0.580   0.030
 1143    60  18.130   0.580   0.040
 1144    60  19.480   0.950         
 1145    60  19.800   0.780         
 1146    60  17.730   0.580   0.070
 1146   389  17.880   0.510         
 1147    60  20.040   0.930         
 1149    60  19.820   0.540         
 1154   389  17.290   0.890         
 1157    60  19.700   0.750         
 1160    60  19.370   0.680         
 1165    60  19.960   0.760         
 1168    60  17.160   0.660   0.120
 1168   389  17.110   1.040         
 1169    60  19.080   0.670   0.190
 1171    60  14.990   0.460   0.020
 1171   389  15.230   0.450         
 1172    60  18.110   0.570   0.080
 1174    60  18.080   0.560   0.070
 1178   389  17.520   0.360         
 1180    60  19.610   0.550         
 1182    60  19.610   0.720         
 1184    60  19.460   0.760         
 1186    60  15.030   1.110         
 1186   389  15.250   1.090         
 1189    60  17.440   0.500   0.190
 1189   389  17.400   0.500         
 1193    60  17.580   0.700   0.190
 1193   389  17.800   0.700         
 1195    60  18.290   0.590   0.120
 1197    60  16.510   0.560   0.110
 1197   389  16.760   0.570         
 1198    60  17.080   0.530   0.020
 1198   389  17.350   0.530         
 1199    60  19.780   0.930         
 1200    60  17.780   0.550   0.040
 1201    60  17.740   0.710   0.180
 1201   389  17.950   0.760         
 1202    60  19.950   1.380         
 1205    60  18.900   1.250         
 1210    60  20.060   0.850         
 1212    60  19.860   0.790         
 1213    60  19.770   0.910         
 1216    60  15.130   0.540   0.010
 1216   389  15.360   0.550         
 1218    60  19.430   0.830         
 1219    60  18.130   0.580   0.070
 1220    60  18.280   0.620   0.080
 1222    60  19.600   0.760         
 1229    60  17.400   0.760   0.220
 1229   389  17.670   0.780         
 1232    60  20.330   0.770         
 1233    60  18.180   0.920   0.550
 1234    60  16.960   0.570   0.010
 1234   389  17.010   0.740         
 1235    60  20.220   0.730         
 1238    60  18.870   0.620   0.120
 1240    60  18.630   0.580   0.090
 1242    60  18.750   0.610   0.060
 1244    60  18.270   0.550   0.060
 1245    60  19.310   0.710   0.140
 1248    60  19.400   0.530   0.030
 1249    60  18.720   0.650   0.070
 1250    60  15.850   0.680   0.170
 1250   389  16.070   0.680         
 1252    60  18.350   0.580   0.040
 1254    60  18.120   0.560   0.010
 1256    60  20.400   0.940         
 1257    60  19.620   0.690         
 1258    60  20.600   0.960         
 1259    60  17.060   0.800   0.500
 1261    60  18.370   0.550   0.050
 1263    60  13.990   0.740         
 1263   389  13.220   1.730         
 1265    60  19.370   0.850         
 1266    60  17.340   0.440   0.170
 1268    60  19.660   1.520         
 1269   389  17.880   0.800         
 1271    60  18.640   1.480         
 1272    60  18.010   0.590   0.030
 1273    60  17.770   0.550   0.020
 1273   389  17.820                 
 1275    60  16.890   1.000   0.560
 1275   389  16.980   1.140         
 1276    60  18.420   0.580   0.030
 1278    60  17.880   0.640   0.020
 1279    60  18.190   0.560   0.020
 1280    60  17.840   0.490   0.050
 1281    60  17.130   0.640   0.090
 1281   389  17.160   0.620         
 1284    60  20.040   0.860         
 1285    60  20.520   0.910         
 1286    60  18.730   0.620   0.010
 1287    60  17.160   0.610   0.100
 1287   389  17.400   0.610         
 1291    60  19.080   0.820   0.200
 1292    60  20.470   0.950         
 1294    60  19.690   1.020         
 1295   389  14.740   0.940         
 1297    60  18.840   1.470         
 1298    60  20.460   0.930         
 1301    60  19.140   0.620   0.110
 1302    60  19.140   0.660   0.130
 1303    60  15.090   0.820   0.390
 1303   389  15.310   0.800         
 1306    60  19.150   0.660   0.070
 1308    60  18.340   0.580         
 1309    60  19.310   0.640         
 1311    60  14.650   1.140   0.800
 1311   389  14.880   1.090         
 1314    60  19.720   0.550         
 1317    60  17.470   0.900   0.400
 1317   389  17.680   0.850         
 1322    60  17.480   0.770   0.330
 1322   389  17.570   0.720         
 1324    60  20.370   1.010         
 1325    60  16.060   0.530   0.030
 1325   389  16.280   0.530         
 1326    60  17.720   0.580   0.120
 1326   389  17.430   0.500         
 1327    60  18.000   1.190         
 1330    60  18.290   0.560   0.070
 1331    60  19.600   0.730         
 1333    60  17.950   0.570   0.040
 1336    60  17.970   0.570   0.040
 1339    60  20.070   0.810         
 1342    60  20.140   0.840         
 1343   389  17.020   0.440         
 1345    60  18.320   0.840   0.310
 1347    60  20.120   1.320         
 1350    60  18.850   0.380   0.020
 1353    60  19.210   1.050         
 1355    60  17.310   1.050   0.810
 1355   389  17.600   1.010         
 1356    60  18.830   0.600   0.050
 1361    60  20.220   0.870         
 1365    60  17.600   0.970   0.560
 1365   389  17.790   0.950         
 1366    60  18.830   1.540         
 1368    60  18.530   0.730   0.140
 1369    60  19.310   0.880         
 1372    60  18.210   0.970   0.740
 1373    60  18.340   0.580   0.050
 1374   389  17.550   0.440         
 1378    60  18.500   1.040         
 1380   389  13.790   1.020         
 1382    60  20.080   0.810         
 1385    60  18.630   0.610   0.010
 1386    60  15.390   0.870   0.460
 1386   389  15.610   0.840         
 1389    60  17.170   1.340   1.300
 1389   389  17.400   1.300         
 1390    60  19.300   0.670   0.010
 1391    60  17.890   0.690   0.100
 1392   389  14.600   0.390         
 1394    60  19.860   1.270         
 1397    60  20.180   1.070         
 1400   389  14.770   0.590         
 1406    60  19.910   0.860         
 1409    60  17.830   0.570   0.050
 1411    60  16.820   0.580   0.070
 1411   389  17.060   0.550         
 1412    60  18.950   0.610   0.090
 1413    60  18.620   0.750   0.050
 1415   389  17.050   0.800         
 1416    60  18.620   0.690   0.050
 1417   389  14.030   0.700         
 1422    60  19.250   0.990         
 1427    60  18.950   0.550   0.090
 1428    60  15.330   1.160   0.850
 1428   389  15.560   1.130         
 1430    60  19.180   1.370         
 1431    60  19.910   0.850         
 1432    60  18.390   0.590   0.040
 1433    60  18.100   0.650   0.060
 1434    60  14.220   1.440         
 1434   389  14.530   0.660         
 1435    60  20.670   0.610         
 1436    60  14.740   1.200   1.040
 1436   389  14.970   1.130         
 1442    60  19.450   1.460         
 1446    60  19.480   0.770         
 1449    60  16.520   0.670   0.140
 1453    60  18.340   0.650   0.060
 1468    60  19.760   1.050         
 1475    60  19.390   0.660         
 1477    60  18.100   0.730   0.140
 1478    60  20.060   0.810         
 1479    60  18.030   0.670   0.030
 1482    60  19.010   1.570         
 1489    60  19.120   1.020         
 1490    60  17.430   0.540   0.010
 1490   389  17.520   0.370         
 1491    60  19.480   1.580         
 1492    60  19.470   1.020         
 1495    60  16.540   1.010   0.550
 1495   389  16.810   0.820         
 1496    60  18.360   1.330         
 1501    60  18.630   0.090         
 1502    60  19.160   0.670         
 1503    60  20.410   0.940         
 1504    60  17.580   0.850   0.390
 1504   389  17.890   0.670         
 1517   389  17.430   0.690         
 1527   389  14.960   0.510         
 1529   389  17.370   0.790         
 1538   389  16.630   0.560         
 1566   389  15.770   0.520         
 1567   389  17.360                 
 2002    60  20.030   0.820         
 2016    60  20.550   0.820         
 2101    60  19.790   0.740         
 2103    60  19.390   0.170   0.040
 2123    60  20.180   1.000         
 2124    60  19.430   0.500   0.120
 2147    60  19.350   0.780         
 2149    60  20.860   1.130         
 2167    60  20.080   1.090         
 2170    60  20.360   0.990         
 2174    60  19.960   0.840         
 2190    60  20.500   0.840         
 2202    60  20.260   0.830         
 2206    60  20.020   0.800         
 2215    60  20.270   0.840         
 2243    60  20.230   0.780         
 2245    60  20.370   0.870         
 2249    60  20.530   0.780         
 2277    60  20.590   0.940         
 2316    60  19.520   0.820         
 2323    60  20.120   0.760         
 2330    60  19.710   0.810         
 2341    60  19.880   0.540         
 2355    60  20.250   0.400         
 2356    60  20.530   1.030         
 2362    60  20.430   1.050         
 2377    60  19.800   0.930         
 2381    60  20.110   0.800         
 2384    60  19.980   0.990         
 2391    60  20.900   0.600         
 2421    60  20.290   1.000         
 2427    60  19.850   0.740         
 2447    60  20.050   0.880         
 2456    60  19.750   0.670         
 2486    60  20.840   0.780         
 2488    60  19.940   0.570         
 2520    60  20.250   0.910         
 2530    60  20.680   0.390         
 2539    60  19.830   0.720         
 2549    60  19.460   0.830         
 2552    60  20.750   0.810         
 2564    60  20.390   0.820         
 2571    60  20.100   0.630         
 2577    60  20.720   0.990         
 2594    60  20.270   1.040         
 2611    60  20.770   1.120         
 2645    60  19.990   0.760         
 2657    60  20.580   1.100         
 2674    60  19.980   1.230         
 2675    60  20.490   0.980         
 2678    60  20.560   0.750         
 2692    60  21.000   0.940         
 2696    60  19.520   0.720         
 2728    60  19.970   0.800         
 2733   389  16.230   0.520         
 2734   389  16.780   0.530         
 2735   389  16.820                 
 2736   389  17.140   0.480         
 2737   389  17.310                 
 2738   389  17.750   0.540         
 2739   389  17.770   0.480         
 2740   389  17.830                 
 2741   389  17.910