UBV CCD observations

  No    Ref    V       B-V     U-B

 0001   303  18.484   1.382         
 0003   303  17.639   0.948         
 0009   303  18.718   1.240         
 0010   303  16.938   1.135   0.922
 0011   303  19.821   1.058         
 0018   303  15.786   1.131   0.684
 0019   303  19.166   1.259         
 0023   303  18.339   1.569         
 0024   303  18.764   1.092         
 0027   303  18.188   1.080         
 0030   303  19.890   1.446         
 0031   303  19.992   1.612         
 0034   303  18.471   1.131         
 0037   303  19.375   1.648         
 0039   303  19.566   1.382         
 0040   303  19.929   1.170         
 0042   303  19.660   1.276         
 0043   303  17.777   1.157         
 0045   303  16.642   1.661   1.242
 0046   303  19.816   1.261         
 0048   303  15.750   0.598   0.390
 0050   303  18.904   1.399         
 0051   303  13.786   0.423         
 0052   303  13.786   0.423         
 0054   303  13.786   0.423   0.330
 0055   303  13.786   0.423   0.330
 0057   303  19.754   1.228         
 0059   303  19.080   1.270         
 0063   303  20.518   1.681         
 0064   303  19.509   1.551         
 0066   303  18.220   1.151         
 0067   303  17.838   1.098         
 0075   303  17.986   1.123         
 0076   303  17.533   1.225         
 0078   303  19.931   1.628         
 0079   303  18.693   0.891         
 0080   303  20.099   1.435         
 0081   303  20.329   1.404         
 0083   303  16.701   1.069         
 0084   303  19.943   1.773         
 0087   303  19.558   1.255         
 0089   303  20.099   1.232         
 0091   303  19.414   1.378         
 0093   303  18.603   0.617         
 0095   303  19.256   1.292         
 0098   303  19.454   1.348         
 0101   303  17.974   1.174         
 0103   303  17.665   0.782   0.030
 0104   303  16.158   1.180   0.579
 0186   303  19.349   1.041         
 0197   303  20.811   0.174         
 0205   303  18.607   1.331         
 0206   303  17.701   1.113         
 0207   303  19.819   1.261         
 0208   303  18.767   1.235         
 0210   303  19.691   1.282         
 0211   303  17.009   1.776         
 0212   303  17.808   1.753         
 0213   303  18.147   1.193         
 0216   303  18.984   1.410         
 0220   303  18.767   1.308         
 0221   303  19.403   1.316         
 0232   303  17.336   1.226         
 0235   303  18.078   1.408         
 0236   303  18.672   1.210         
 0238   303  17.456   1.196         
 0242   303  20.043   0.605         
 0244   303  15.905   1.683         
 0246   303  19.070   1.077         
 0248   303  19.746   1.338         
 0251   303  18.731   1.324         
 0255   303  20.374   0.968         
 0257   303  20.226   1.313         
 0259   303  19.625   1.430         
 0260   303  17.531   1.103   0.575
 0263   303  18.923   1.797         
 0267   303  18.561   1.058         
 0269   303  18.698   1.280         
 0271   303  19.742   1.387         
 0274   303  19.900   1.103         
 0276   303  19.590   1.504         
 0277   303  18.977   1.162         
 0280   303  19.180   1.351         
 0282   303  18.751   1.159         
 0284   303  17.523   1.144         
 0285   303  18.967   1.382         
 0286   303  18.578   1.368         
 0287   303  19.829   1.424         
 0289   303  19.378   1.229         
 0290   303  18.033   1.122         
 0291   303  19.582   1.399         
 0292   303  18.962   1.573         
 0294   303  19.220   1.226         
 0297   303  19.608   1.608         
 0298   303  15.538   1.146         
 0302   303  19.620   1.349         
 0307   303  18.680   1.214         
 0311   303  19.963   1.794         
 0312   303  19.211   1.495         
 0313   303  19.280   1.238         
 0314   303  18.383   1.159         
 0321   303  19.453   1.158         
 0322   303  17.286   1.030   0.528
 0323   303  18.865   1.132         
 0326   303  17.459   1.009         
 0327   303  20.043   1.177         
 0330   303  20.043   1.177         
 0332   303  17.025   1.267         
 0333   303  17.720   1.078   0.875
 0334   303  20.044   1.182         
 0335   303  17.565   1.184   0.554
 0336   303  19.837   1.213         
 0337   303  19.163   1.229         
 0338   303  18.995   1.255         
 0339   303  20.329   1.404         
 0340   303  17.092   1.358   1.059
 0342   303  16.666   0.852   0.597
 0344   303  19.282   1.273         
 0345   303  17.533   1.225         
 0346   303  17.401   1.208         
 0348   303  18.384   1.156         
 0353   303  19.897   1.327         
 0355   303  19.003   1.158         
 0357   303  19.821   1.058         
 0359   303  19.192   1.390         
 0363   303  18.869   0.872         
 0366   303  19.719   1.429         
 0367   303  18.045   1.262         
 0368   303  19.274   1.241         
 0369   303  18.742   1.211   0.155
 0372   303  18.798   1.232         
 0374   303  17.009   1.776         
 0375   303  18.415   1.489         
 0378   303  17.688   1.062   0.556
 0379   303  19.764   1.404         
 0381   303  16.142   0.785   0.660
 0382   303  20.212   1.132         
 0384   303  19.193   1.378         
 0386   303  16.420   0.826   0.143
 0387   303  19.867   1.448         
 0391   303  18.978   1.349         
 0392   303  16.680   1.739   1.268
 0396   303  15.478   0.815   0.446
 0398   303  16.859   1.549   1.105
 0399   303  18.905   1.118         
 0402   303  18.225   1.179         
 0403   303  20.028   1.131         
 0406   303  18.188   1.080         
 0409   303  15.560   0.937   0.486
 0410   303  19.414   1.378         
 0412   303  20.430   1.342         
 0413   303  19.085   1.337         
 0414   303  18.664   1.422         
 0415   303  14.627   1.503   1.378
 0416   303  13.753   1.074   1.032
 0417   303  18.511   1.015         
 0419   303  19.013   1.285         
 0420   303  18.529   1.010   1.967
 0422   303  19.357   1.297         
 0423   303  14.527   2.004   1.761
 0424   303  17.808   1.753         
 0425   303  18.289   1.254         
 0427   303  15.435   1.668   1.510
 0428   303  19.019   1.444         
 0429   303  15.906   1.811   1.418
 0432   303  16.930   0.844   0.673
 0433   303  19.840   1.545         
 0434   303  19.842   1.429         
 0438   303  17.680   1.264         
 0439   303  18.588   1.644         
 0441   303  15.944   0.673   0.480
 0442   303  18.764   1.092         
 0444   303  19.751   1.524         
 0445   303  19.935   1.288         
 0446   303  19.634   1.306         
 0447   303  20.366   1.249         
 0449   303  18.473   1.150         
 0454   303  16.602   1.199   0.963
 0455   303  17.532   1.050   0.744
 0459   303  18.394   1.281         
 0460   303  17.151   1.497         
 0461   303  19.992   1.612         
 0463   303  18.062   1.193         
 0466   303  17.580   1.588         
 0469   303  19.627   1.430         
 0470   303  17.945   1.155         
 0472   303  19.900   1.103         
 0474   303  20.337   1.214         
 0475   303  19.635   0.810         
 0476   303  17.006   1.608         
 0477   303  19.816   1.261         
 0481   303  18.656   1.288         
 0484   303  19.953   1.235         
 0486   303  19.180   1.351         
 0491   303  19.737   1.287         
 0492   303  19.545   1.518         
 0494   303  18.817   1.144         
 0495   303  15.513   1.334         
 0498   303  21.064   0.779         
 0499   303  18.584   1.183         
 0500   303  19.533   1.334         
 0501   303  19.096   1.238         
 0503   303  19.897   1.327         
 0505   303  18.655   1.185         
 0507   303  18.138   1.167         
 0509   303  18.352   1.285         
 0510   303  16.811   0.998   0.577
 0514   303  18.739   1.256         
 0520   303  18.571   1.178         
 0521   303  19.835   1.295         
 0522   303  19.675   1.361         
 0523   303  18.609   0.874         
 0524   303  17.944   1.058         
 0525   303  19.675   1.361         
 0526   303  18.168   1.299         
 0529   303  17.645   1.253         
 0532   303  19.622   1.205         
 0533   303  19.891   1.097         
 0534   303  17.249   0.992   0.364
 0536   303  17.190   1.117   0.541
 0540   303  17.986   1.179         
 0542   303  19.613   1.337         
 0543   303  19.663   1.343         
 0544   303  17.610   1.071   0.440
 0546   303  18.184   1.167         
 0548   303  18.536   1.772         
 0552   303  19.051   1.329         
 0554   303  18.148   1.252         
 0555   303  18.865   1.132         
 0557   303  20.057   1.335         
 0558   303  19.338   1.431         
 0564   303  18.587   1.116         
 0565   303  20.093   1.594         
 0568   303  20.119   0.949         
 0570   303  19.531   0.999         
 0571   303  20.206   1.545         
 0572   303  16.778   1.056   0.570
 0573   303  18.995   1.491         
 0574   303  18.764   1.506         
 0575   303  18.198   1.171         
 0580   303  18.767   1.235         
 0581   303  21.301   0.852         
 0582   303  21.301   0.852         
 0583   303  20.359   1.215         
 0585   303  16.399   1.035   0.625
 0586   303  17.720   1.078         
 0587   303  14.200   0.532   0.545
 0588   303  14.200   0.532   0.545
 0589   303  13.983   0.874         
 0590   303  14.200   0.532         
 0593   303  20.686   1.081         
 0594   303  19.403   1.316         
 0598   303  20.884   0.822         
 0599   303  18.207   1.142         
 0601   303  20.249   1.266         
 0602   303  18.967   1.382         
 0604   303  19.903   1.497         
 0608   303  17.977   1.124         
 0609   303  19.814   1.349         
 0610   303  18.150   1.097         
 0611   303  17.852   0.885   0.727
 0614   303  17.846   1.270         
 0617   303  19.139   1.254         
 0619   303  18.455   1.109         
 0620   303  17.691   1.256         
 0620   389  17.900   1.180         
 0621   303  18.388   0.960         
 0622   303  19.676   1.442         
 0623   303  14.256   1.806   1.501
 0625   303  19.378   1.258         
 0626   303  19.012   1.324         
 0628   303  18.590   1.015         
 0630   303  20.072   1.501         
 0632   303  18.199   1.361         
 0633   303  18.861   1.358         
 0635   303  19.811   1.296         
 0636   303  18.114   1.220         
 0637   303  19.833   1.290         
 0638   303  20.105   1.308         
 0640   303  18.246   1.278         
 0642   303  18.124   1.150         
 0645   303  19.117   1.697         
 0647   303  19.848   1.539         
 0648   303  18.257   1.315         
 0650   303  17.767   1.074         
 0651   303  18.561   1.058         
 0653   303  19.970   1.513         
 0654   303  19.616   1.193         
 0655   303  17.910   1.296         
 0656   303  16.633   0.973   0.511
 0658   303  19.929   1.170         
 0659   303  19.712   1.665         
 0660   303  15.668   1.817   1.605
 0660   389  15.870   1.700         
 0661   303  16.414   1.061   0.463
 0661   389  16.550   1.070         
 0667   303  18.610   1.196         
 0668   303  15.948   1.068   0.713
 0669   303  20.204   1.426         
 0670   303  19.745   1.524         
 0672   303  19.652   1.457         
 0673   303  18.683   1.226         
 0674   303  18.805   1.232         
 0676   303  16.834   1.069   0.627
 0677   303  19.815   1.338         
 0678   303  15.578   1.013   0.586
 0679   303  17.009   1.776         
 0679   389  17.210   1.700         
 0681   303  20.407   1.256         
 0684   303  15.195   0.980   0.502
 0684   389  15.370   0.930         
 0686   303  18.894   1.126         
 0687   303  19.983   1.536         
 0688   303  17.850   1.149         
 0689   303  18.894   1.126         
 0690   303  19.722   1.381         
 0691   303  17.958   1.272         
 0692   303  18.526   1.187         
 0694   303  18.362   1.329         
 0695   303  19.885   1.470         
 0697   303  17.416   1.049   0.521
 0698   303  19.923   1.513   2.244
 0700   303  19.558   1.255         
 0701   303  18.629   1.229         
 0703   303  20.700   1.086         
 0704   303  18.178   1.203   0.551
 0705   303  18.773   1.606         
 0706   303  18.979   1.172         
 0707   303  20.125   1.485         
 0708   303  20.395   1.499         
 0709   303  19.890   1.446         
 0710   303  19.070   1.077         
 0711   303  20.287   1.259         
 0712   303  18.471   1.131         
 0713   303  19.068   1.196         
 0716   303  19.179   1.264         
 0719   303  20.172   1.247         
 0720   303  19.586   1.381         
 0721   303  19.880   1.390         
 0723   303  18.490   1.310         
 0726   303  18.733   1.365         
 0727   303  16.526   1.039   0.517
 0727   389  16.720   0.950         
 0732   303  20.410   1.253         
 0733   303  15.603   1.140   0.837
 0734   303  16.145   1.736   1.529
 0734   389  16.300   1.670         
 0735   303  18.559   1.235         
 0736   303  18.870   1.260         
 0738   303  18.910   1.418         
 0739   303  19.605   1.340         
 0740   303  20.151   1.147         
 0742   303  18.461   1.381         
 0746   303  18.362   1.329         
 0747   303  16.145   0.811   0.248
 0748   303  19.397   1.223         
 0749   303  18.651   1.423         
 0750   303  20.031   1.180         
 0752   303  15.948   1.068         
 0753   303  17.134   1.067   0.592
 0754   303  17.323   1.193         
 0757   303  19.835   1.294         
 0759   303  19.616   1.463         
 0761   303  19.670   1.640         
 0762   303  20.791   0.744         
 0764   303  19.748   1.614         
 0766   303  19.512   1.229         
 0767   303  18.693   1.249         
 0768   303  17.701   1.113         
 0769   303  16.772   1.179   0.924
 0770   303  13.628   1.206   0.916
 0771   303  14.580  -0.272         
 0772   303  13.628   1.206   0.916
 0773   303  17.495   1.378         
 0774   303  13.628   1.206         
 0777   303  19.415   1.395         
 0778   303  19.080   1.192         
 0779   303  19.218   1.265         
 0783   303  19.027   1.467         
 0784   303  16.856   0.905   0.652
 0784   389  17.030   0.880         
 0785   303  19.468   1.288         
 0786   303  20.047   1.287         
 0787   303  19.556   1.331         
 0788   303  19.125   1.348         
 0789   303  19.044   1.285         
 0791   303  18.117   1.252         
 0792   303  18.484   1.382         
 0795   303  18.371   1.218         
 0797   303  18.116   1.328         
 0798   303  18.726   1.328         
 0799   303  17.995   1.346         
 0800   303  20.002   1.327         
 0801   303  17.437   1.197         
 0802   303  17.992   1.180         
 0803   303  18.103   1.319   0.678
 0804   303  20.007   1.269         
 0805   303  17.268   1.034   0.216
 0806   303  16.577   1.357         
 0807   303  20.058   1.601         
 0808   303  18.208   1.228   1.252
 0814   303  20.028   1.131         
 0815   303  18.636   1.403         
 0818   303  20.313   1.349         
 0819   303  19.691   1.282         
 0820   303  19.323   1.254         
 0822   303  19.603   1.367         
 0825   303  18.333   1.229   0.888
 0828   303  18.432   1.194         
 0829   303  18.160   1.383         
 0830   303  18.546   1.435         
 0832   303  17.529   1.171   0.637
 0832   389  17.680   1.130         
 0833   303  19.673   1.253         
 0834   303  18.882   1.742         
 0835   303  15.792   1.831   1.469
 0835   389  15.960   1.770         
 0837   303  18.656   1.288         
 0840   303  20.255   1.648         
 0841   303  15.244   1.984   1.740
 0841   389  15.410   1.910         
 0843   303  17.104   1.187   0.728
 0843   389  17.270   1.120         
 0845   303  15.653   0.975   0.546
 0845   389  15.830   0.900         
 0848   303  18.978   1.194         
 0850   303  18.883   1.253         
 0851   303  19.508   1.226         
 0853   303  16.295   1.581   1.224
 0854   303  16.600   1.242   0.832
 0854   389  16.780   1.130         
 0855   303  19.848   1.498         
 0856   303  18.466   1.180         
 0858   303  18.062   1.170         
 0859   303  17.846   1.270         
 0859   389  17.980   1.280         
 0861   303  18.458   1.153         
 0862   303  19.369   1.316         
 0863   303  17.784   1.808         
 0864   303  18.383   1.262         
 0865   303  15.686   1.718   1.495
 0865   389  15.860   1.630         
 0866   303  20.237   1.237         
 0867   303  19.761   1.338         
 0869   303  17.274   1.360         
 0870   303  16.195   1.720   1.359
 0870   389  16.330   1.700         
 0871   303  18.571   1.197         
 0872   303  17.292   1.290         
 0872   389  17.450   1.180         
 0873   303  20.090   1.438         
 0876   303  18.462   1.212         
 0877   303  19.100   1.573         
 0878   303  19.110   1.444         
 0879   303  19.614   1.437         
 0880   303  18.968   1.474         
 0881   303  19.423   1.288         
 0882   303  19.802   1.677         
 0883   303  19.460   1.164         
 0884   303  18.553   1.868         
 0886   303  19.019   1.160         
 0888   303  19.969   1.709         
 0890   303  17.907   1.149         
 0891   303  19.269   1.287         
 0893   303  19.717   1.462         
 0896   303  18.321   1.196         
 0898   303  19.056   1.347         
 0899   303  18.318   1.675         
 0903   303  18.995   1.491         
 0905   303  21.301   0.852         
 0907   303  19.934   1.251         
 0909   303  19.245   1.356         
 0911   303  17.661   1.354         
 0912   303  19.380   1.507         
 0913   303  19.830   1.577         
 0914   303  18.375   1.225         
 0915   303  18.673   1.062         
 0916   303  18.698   1.280         
 0917   303  19.401   1.737         
 0918   303  17.980   1.704         
 0919   303  16.842   1.761         
 0919   389  17.010   1.690         
 0921   303  20.094   1.405         
 0923   303  18.759   1.258         
 0924   303  19.833   1.370         
 0925   303  18.495   1.232         
 0928   303  18.009   1.547   0.280
 0929   303  16.612   1.142   0.763
 0931   303  19.154   1.751         
 0932   303  17.883   1.319         
 0933   303  17.457   1.196         
 0933   389  17.580   1.180         
 0934   303  18.501   1.132         
 0935   303  18.033   1.305         
 0937   303  20.393   1.112         
 0942   303  17.555   1.192   0.723
 0942   389  17.740   1.160         
 0943   303  19.804   1.590         
 0945   303  20.399   1.218         
 0946   303  19.416   1.563         
 0947   303  19.798   1.430         
 0948   303  18.184   1.167         
 0949   303  17.235   0.996   0.734
 0949   389  17.400   0.980         
 0950   303  20.047   1.287         
 0951   303  18.405   1.218         
 0952   303  20.383   1.129         
 0954   303  18.247   1.253         
 0956   303  17.417   1.279         
 0956   389  17.570   1.250         
 0957   303  18.273   1.176         
 0958   303  19.787   1.435         
 0961   303  17.931   1.119         
 0962   303  18.665   1.210         
 0963   303  18.767   1.308         
 0964   303  19.410   1.305         
 0965   303  20.346   1.299         
 0967   303  15.760   0.861   0.703
 0967   389  15.950   0.760         
 0968   303  19.475   1.376         
 0970   303  19.684   1.076         
 0972   303  17.766   1.311         
 0973   303  18.618   1.317         
 0974   303  18.326   1.190   0.801
 0975   303  18.929   1.388         
 0976   303  20.442   1.117         
 0977   303  15.632   0.833   0.679
 0979   303  18.556   1.212         
 0980   303  17.791   1.183         
 0981   303  17.911   1.116         
 0982   303  19.614   1.294         
 0983   303  18.820   1.563         
 0984   303  19.052   1.262         
 0985   303  17.986   1.123         
 0987   303  19.902   1.608         
 0988   303  16.830   1.737         
 0988   389  16.990   1.710         
 0989   303  20.113   1.218         
 0991   303  18.812   1.156         
 0993   303  20.255   1.077         
 0994   303  18.518   1.187         
 0995   303  17.012   1.219   0.620
 0995   389  17.140   1.180         
 0996   303  18.307   1.014         
 0997   303  18.726   1.285         
 0998   303  17.985   1.226         
 0999   303  20.067   1.561         
 1000   303  19.847   1.411         
 1001   303  17.097   1.577         
 1002   303  18.968   1.398         
 1004   303  17.800   1.139   0.572
 1007   303  18.076   1.390         
 1009   303  19.907   1.347         
 1011   303  18.274   1.224         
 1012   303  17.520   1.142         
 1012   389  17.650   1.130         
 1013   303  19.527   1.416         
 1014   303  20.125   1.270         
 1015   303  19.746   1.338         
 1016   303  15.785   1.717   1.368
 1016   389  15.930   1.640         
 1017   303  19.256   1.292         
 1018   303  19.095   1.458         
 1019   303  19.527   1.416         
 1020   303  20.398   1.255         
 1022   303  20.012   1.609         
 1023   303  15.538   1.146   0.688
 1024   303  17.725   1.197         
 1024   389  17.880   1.140         
 1025   303  15.538   1.146   0.668
 1026   303  17.611   1.241   0.798
 1026   389  17.730   1.250         
 1027   303  17.658   1.204         
 1029   303  18.936   1.244         
 1031   303  19.826   1.041         
 1034   303  19.666   1.346         
 1035   303  18.092   1.183         
 1036   303  19.383   1.483         
 1037   303  19.626   1.551         
 1039   303  19.607   1.449         
 1040   303  17.564   1.205         
 1040   389  17.710   1.270         
 1041   303  19.682   1.610         
 1042   303  15.085   1.969   1.585
 1042   389  15.240   1.940         
 1043   303  16.701   1.069         
 1044   303  18.220   1.151         
 1047   303  20.102   1.422         
 1048   303  19.885   1.470         
 1049   303  19.431   1.438         
 1051   303  17.897   1.234         
 1052   303  20.072   1.411         
 1053   303  15.146   1.874   1.558
 1053   389  15.320   1.800         
 1055   303  20.154   1.487         
 1067   303  18.662   1.336         
 1068   303  17.348   1.340   0.878
 1068   389  17.520   1.250         
 1069   303  15.780   0.765   0.425
 1069   389  15.940   0.710         
 1070   303  18.331   1.283         
 1072   303  19.355   1.525         
 1073   303  20.057   1.310         
 1074   303  17.027   1.273   1.020
 1074   389  17.160   1.200         
 1075   303  16.665   1.245   0.994
 1075   389  16.860   1.130         
 1076   303  19.537   1.340         
 1078   303  19.246   1.499         
 1080   303  18.397   1.173         
 1081   303  18.207   1.347         
 1082   303  21.064   0.779         
 1083   303  18.551   1.682         
 1085   303  20.075   1.301         
 1086   303  21.064   0.779         
 1087   303  19.101   1.329         
 1088   303  14.149   1.486   1.351
 1089   303  17.563   1.004         
 1089   389  17.720   0.960         
 1090   303  17.561   1.192         
 1090   389  17.690   1.250         
 1091   303  18.145   1.320         
 1092   303  16.667   1.122   0.507
 1093   303  18.978   1.349         
 1094   303  20.021   1.119         
 1095   303  19.959   1.331         
 1096   303  18.284   1.086         
 1097   303  20.017   1.627         
 1098   303  20.087   1.466         
 1099   303  17.373   1.143         
 1102   303  18.713   1.208         
 1103   303  18.299   1.017         
 1104   303  17.703   1.246         
 1107   303  20.378   1.583         
 1108   303  17.495   1.378   0.513
 1108   389  17.760   1.210         
 1109   303  18.116   1.374         
 1111   303  18.712   1.242         
 1112   303  15.804   1.056   0.518
 1113   303  20.199   1.402         
 1114   303  16.875   1.060   0.751
 1114   389  17.000   1.020         
 1115   303  18.863   1.261         
 1116   303  19.078   1.324         
 1117   303  16.025   1.103   0.640
 1118   303  18.718   1.240         
 1119   303  20.574   1.124         
 1120   303  20.106   1.746         
 1121   303  19.052   1.310         
 1122   303  17.897   1.224         
 1123   303  17.727   1.196         
 1123   389  17.860   1.240         
 1124   303  18.149   1.229         
 1126   303  19.162   1.315         
 1127   303  19.573   1.377         
 1128   303  20.076   1.834         
 1131   303  14.986   0.865   0.468
 1133   303  19.807   1.526         
 1134   303  17.393   1.124         
 1134   389  17.480   1.140         
 1136   303  20.079   1.293         
 1138   303  16.815   1.198   0.615
 1138   389  16.940   1.160         
 1139   303  20.109   1.422         
 1140   303  20.013   1.423         
 1141   303  20.099   1.435         
 1142   303  20.482   1.347         
 1144   303  18.651   1.423         
 1149   303  15.478   1.893   1.567
 1149   389  15.610   1.850         
 1151   303  19.300   1.196         
 1152   303  19.263   1.357         
 1153   303  17.336   1.226         
 1153   389  17.450   1.270         
 1154   303  18.177   1.299         
 1155   303  17.364   1.361         
 1155   389  17.450   1.350         
 1156   303  19.367   1.376         
 1157   303  20.296   1.703         
 1160   303  18.597   1.527         
 1162   303  18.467   1.149         
 1164   303  18.888   1.278         
 1165   303  19.870   1.431         
 1166   303  17.870   1.272         
 1166   389  18.000   1.250         
 1167   303  18.714   1.314         
 1170   303  19.063   1.164         
 1171   303  17.531   1.465   2.035
 1172   303  19.056   1.347         
 1177   303  18.091   1.147   0.699
 1178   303  20.274   1.170         
 1179   303  18.012   1.235         
 1180   303  16.565   0.810   0.800
 1180   389  16.710   0.800         
 1181   303  18.371   1.190         
 1182   303  19.025   1.308         
 1183   303  17.977   1.194   0.892
 1184   303  20.269   1.457         
 1187   303  18.517   1.205         
 1188   303  17.038   1.021   0.369
 1188   389  17.230   1.020         
 1189   303  18.984   1.410         
 1190   303  19.949   1.442         
 1191   303  19.538   1.483         
 1193   303  16.934   1.075   0.533
 1193   389  17.100   1.020         
 1194   303  18.552   1.092         
 1195   303  19.931   1.343         
 1196   303  19.796   1.664         
 1199   303  19.019   1.160         
 1203   303  16.542   1.034   0.531
 1205   303  19.748   1.614         
 1207   303  17.902   1.223         
 1208   303  18.854   1.387         
 1210   303  18.880   1.224         
 1211   303  19.524   1.320         
 1212   303  20.321   1.390         
 1215   303  18.772   1.247   0.375
 1217   303  18.428   1.228         
 1218   303  20.132   1.323         
 1219   303  20.537   1.143         
 1221   303  19.393   1.261         
 1222   303  17.791   1.191         
 1222   389  17.990   1.160         
 1223   303  20.424   1.056         
 1224   303  18.772   1.247         
 1225   303  19.469   1.302         
 1227   303  20.407   1.256         
 1233   303  19.931   1.628         
 1234   303  19.583   1.273         
 1235   303  18.889   1.211         
 1237   303  19.956   1.171         
 1238   303  19.197   1.446         
 1240   303  19.943   1.773         
 1242   303  20.204   1.129         
 1246   303  20.114   1.653         
 1247   303  18.416   1.297         
 1249   303  18.894   1.293         
 1251   303  18.004   1.127         
 1252   303  19.390   1.285         
 1254   303  16.763   0.924   0.622
 1254   389  16.890   0.960         
 1255   303  16.763   0.924   0.627
 1259   303  20.263   1.405         
 1262   303  18.817   1.259         
 1265   303  18.218   1.147         
 1266   303  19.482   1.258         
 1267   303  16.954   1.095   0.607
 1267   389  17.140   1.000         
 1268   303  17.439   1.390         
 1270   303  19.582   1.622         
 1273   303  17.439   1.390         
 1275   303  18.887   1.226         
 1276   303  17.674   1.137         
 1276   389  17.800   1.170         
 1277   303  18.424   1.279         
 1279   303  18.342   1.778         
 1280   303  17.661   1.305         
 1280   389  17.810   1.290         
 1281   303  15.888   1.211         
 1282   303  18.934   1.698         
 1284   303  18.147   1.193         
 1287   303  18.850   1.097   0.262
 1288   303  18.735   1.515         
 1289   303  18.554   1.285         
 1290   303  18.850   1.097         
 1291   303  20.279   1.220         
 1292   303  19.698   1.358         
 1293   303  19.897   1.510         
 1294   303  19.607   1.551         
 1295   303  18.031   1.647         
 1298   303  17.862   1.374         
 1301   303  19.442   1.466         
 1302   303  17.410   1.307   0.997
 1302   389  17.590   1.250         
 1303   303  16.032   1.668   1.231
 1303   389  16.170   1.590         
 1304   303  18.215   1.307         
 1305   303  19.625   1.430         
 1309   303  19.162   1.888         
 1311   303  19.059   1.273         
 1312   303  19.553   1.609         
 1313   303  18.403   1.235         
 1314   303  19.140   1.393         
 1315   303  19.399   1.176         
 1316   303  17.263   1.267   0.721
 1316   389  17.420   1.240         
 1317   303  17.208   1.017   0.413
 1317   389  17.360   1.000         
 1318   303  18.616   1.267         
 1322   303  17.349   1.215         
 1322   389  17.500   1.180         
 1323   303  18.211   1.428         
 1326   303  20.349   1.367         
 1327   303  18.755   1.280         
 1328   303  19.369   1.404         
 1330   303  18.850   1.170         
 1331   303  19.391   1.409         
 1332   303  17.671   1.146   0.526
 1332   389  17.770   1.220         
 1334   303  17.668   1.273         
 1334   389  17.820   1.280         
 1335   303  17.138   1.223   0.915
 1335   389  17.270   1.200         
 1336   303  18.303   1.252         
 1338   303  19.449   1.338         
 1339   303  18.121   1.217         
 1341   303  19.955   1.270         
 1343   303  19.118   1.369         
 1345   303  19.563   1.419         
 1346   303  17.891   1.433   1.302
 1347   303  18.815   1.255   0.352
 1350   303  19.945   1.392         
 1351   303  19.133   1.370         
 1352   303  18.222   1.375         
 1353   303  18.678   1.314         
 1355   303  19.454   1.348         
 1356   303  18.505   1.451         
 1358   303  17.292   1.308   0.974
 1359   303  18.645   1.218         
 1360   303  20.052   1.581         
 1361   303  17.935   1.258         
 1362   303  19.510   1.393         
 1364   303  17.225   1.106   0.709
 1364   389  17.410   1.050         
 1365   303  18.587   1.196         
 1367   303  19.830   1.265         
 1368   303  18.793   1.204         
 1369   303  15.647   1.053   0.607
 1369   389  15.810   0.980         
 1371   303  19.705   1.208         
 1374   303  19.589   1.613         
 1379   303  17.982   1.275         
 1380   303  16.527   0.856   0.647
 1381   303  19.867   1.852         
 1382   303  19.997   1.229         
 1383   303  17.418   1.206         
 1383   389  17.600   1.150         
 1384   303  18.584   1.183         
 1386   303  18.913   1.220         
 1387   303  18.925   1.377         
 1388   303  20.132   1.331         
 1390   303  18.272   1.167         
 1392   303  18.004   1.127         
 1393   303  20.482   2.223         
 1396   303  18.290   1.106         
 1397   303  17.551   1.158   0.800
 1397   389  17.730   1.110         
 1398   303  19.822   1.491         
 1399   303  19.782   1.689         
 1400   303  19.770   1.559         
 1401   303  17.453   1.105         
 1401   389  17.570   1.120         
 1403   303  18.475   1.259         
 1404   303  18.693   1.302         
 1405   303  19.391   1.193         
 1406   303  20.024   1.278         
 1410   303  18.758   1.303         
 1411   303  19.867   1.448         
 1413   303  18.767   1.235         
 1415   303  19.272   2.077         
 1416   303  15.813   2.003   1.656
 1417   303  17.997   1.184         
 1420   303  19.220   1.226         
 1423   303  19.367   1.449         
 1424   303  17.786   1.201         
 1424   389  17.910   1.140         
 1425   303  20.370   1.129         
 1426   303  18.503   1.215         
 1427   303  17.451   1.256         
 1427   389  17.570   1.240         
 1429   303  19.902   1.608         
 1430   303  17.661   1.098         
 1432   303  18.000   1.103         
 1433   303  17.932   1.179         
 1434   303  15.997   1.019   0.501
 1434   389  16.200   0.960         
 1436   303  18.225   1.179         
 1437   303  15.453   1.096   0.638
 1437   389  15.620   1.040         
 1438   303  17.032   1.056   0.852
 1438   389  17.200   1.060         
 1439   303  15.942   1.828   1.458
 1439   389  16.100   1.750         
 1441   303  18.293   1.123         
 1445   303  19.607   1.241         
 1447   303  19.167   1.445         
 1448   303  18.853   1.288         
 1449   303  20.023   1.130         
 1451   303  18.429   1.346         
 1452   303  17.546   1.272         
 1452   389  17.710   1.300         
 1453   303  18.176   1.220         
 1454   303  19.453   1.742         
 1455   303  18.651   1.423         
 1458   303  19.521   1.399         
 1460   303  18.720   1.476         
 1462   303  19.245   1.511         
 1464   303  19.842   1.429         
 1465   303  19.131   1.183         
 1469   303  19.098   1.241         
 1473   303  16.224   1.037   0.718
 1474   303  20.066   1.133         
 1475   303  18.458   1.286         
 1476   303  20.066   1.133         
 1478   303  17.591   1.147         
 1478   389  17.700   1.200         
 1480   303  18.495   1.210         
 1483   303  19.634   1.306         
 1487   303  19.566   1.382         
 1488   303  17.834   1.716         
 1490   303  19.660   1.276         
 1492   303  18.637   1.214         
 1494   303  20.255   1.306         
 1495   303  18.355   1.323         
 1499   303  18.726   1.396         
 1500   303  18.083   1.101         
 1501   303  19.204   1.294         
 1503   303  18.139   1.136         
 1506   303  19.407   1.603         
 1507   303  20.148   1.165         
 1509   303  19.545   1.518         
 1511   303  20.374   0.968         
 1512   303  16.615   1.893         
 1513   303  19.730   1.327         
 1515   303  20.106   1.746         
 1519   303  19.545   1.518         
 1521   303  18.739   1.256         
 1526   303  19.675   1.361         
 1527   303  18.713   1.208         
 1529   303  18.324   1.464         
 1530   303  20.012   1.609         
 1532   303  19.822   1.491         
 1533   303  17.006   1.608         
 1535   303  18.693   0.891         
 1537   303  17.701   1.113         
 1538   303  19.063   1.164         
 1541   303  18.331   1.283         
 1543   303  18.931   1.121         
 1544   303  19.332   1.779         
 1547   303  20.791   0.744         
 1548   303  20.089   1.042         
 1549   303  20.043   1.177         
 1551   303  17.808   1.753         
 1553   303  17.907   1.149         
 1554   303  19.457   1.102         
 1556   303  20.043   1.177         
 1557   303  19.272   2.077         
 1558   303  19.531   0.999         
 1561   303  18.850   1.170         
 1562   303  18.616   1.267         
 1563   303  17.846   1.270         
 1566   303  18.894   1.126         
 1567   303  18.149   1.229         
 1568   303  18.733   1.365         
 1570   303  16.884   1.426         
 1571   303  18.262   1.574         
 1572   303  20.132   1.323         
 1573   303  19.742   1.387         
 1575   303  20.093   1.594         
 1576   303  19.622   1.522         
 1579   303  18.904   1.399         
 1581   303  17.712   1.262         
 1583   303  20.066   1.133         
 1588   303  18.698   1.280         
 1589   303  20.079   0.839         
 1590   303  18.737   0.949         
 1595   303  19.348   1.545         
 1596   303  19.942   1.282         
 1599   303  15.309   1.587         
 1599   389  15.460   1.500         
 1600   303  17.481   1.071         
 1600   389  17.660   1.000         
 1615   303  19.563   1.419         
 1617   303  20.402   1.503         
 1618   303  17.711   1.160         
 1618   389  17.850   1.090         
 1619   303  18.918   1.281         
 1620   303  17.712   1.262         
 1620   389  17.830   1.230         
 1623   303  19.563   1.214         
 1624   303  18.324   1.464         
 1626   303  13.686   0.959   0.497
 1627   303  17.339   1.132   1.124
 1627   389  17.450   1.090         
 1628   303  18.689   1.228         
 1630   303  13.686   0.959         
 1631   303  18.319   1.895         
 1634   303  16.943   1.048   0.549
 1637   303  19.264   1.493         
 1638   303  19.970   1.636         
 1640   303  15.901   0.973   0.320
 1641   303  20.148   1.165         
 1644   303  17.580   1.588         
 1644   389  17.740   1.620         
 1647   303  17.974   1.174         
 1650   303  19.541   1.344         
 1652   303  16.245   1.845   1.360
 1652   389  16.380   1.780         
 1655   303  20.226   1.313         
 1658   303  19.763   1.573         
 1659   303  19.254   1.395         
 1660   303  17.009   1.465   1.062
 1660   389  17.230   1.470         
 1662   303  16.338   1.718   1.429
 1663   303  19.414   1.378         
 1666   303  20.140   1.393         
 1667   303  20.130   1.739         
 1668   303  18.797   1.486         
 1671   303  19.028   1.255         
 1672   303  18.293   1.146   0.502
 1673   303  18.636   1.146         
 1674   303  16.931   1.267   0.820
 1674   389  17.050   1.260         
 1675   303  18.080   1.311         
 1679   303  18.698   1.280         
 1685   303  18.845   1.845         
 1686   303  16.894   1.122   0.375
 1690   303  18.835   1.324         
 1691   303  16.474   1.200   0.676
 1691   389  16.610   1.050         
 1693   303  20.058   1.601         
 1696   389  11.640   0.830         
 1697   303  19.730   1.327         
 1697   389  13.030   0.740         
 1698   303  17.918   1.276         
 1698   389  17.650   1.110         
 1699   303  19.680   1.655         
 1699   389  17.850                 
 1700   389  17.930   1.020         
 1701   303  19.633   1.261         
 1702   303  18.080   1.123         
 1704   303  19.936   1.316         
 1705   303  18.458   1.153         
 1707   303  19.392   1.401         
 1708   303  18.019   1.349         
 1709   303  19.462   1.665         
 1710   303  19.607   1.241         
 1711   303  20.042   1.495         
 1712   303  17.407   1.720         
 1713   303  17.946   1.187   0.936
 1714   303  14.311  -0.491  -0.098
 1716   303  18.033   1.199         
 1717   303  16.204   1.234   0.775
 1721   303  19.681   1.583         
 1723   303  17.140   1.138   0.776
 1724   303  19.990   1.644         
 1725   303  19.061   1.256         
 1726   303  17.005   1.931         
 1727   303  19.901   1.244         
 1728   303  17.845   1.287         
 1731   303  16.678   1.092   0.512
 1732   303  19.345   1.265         
 1736   303  16.414   0.831   0.293
 1737   303  20.089   1.042         
 1738   303  17.997   1.184         
 1739   303  17.412   1.190         
 1741   303  17.777   1.157         
 1743   303  20.628   1.088         
 1747   303  13.963   1.237   0.951
 1748   303  17.559   1.112         
 1749   303  19.622   1.425         
 1750   303  19.490   1.364         
 1752   303  15.339   0.785   0.530
 1753   303  19.699   1.513         
 1756   303  18.972   1.155         
 1760   303  16.199   1.790   1.381
 1761   303  19.139   1.361         
 1762   303  19.216   1.466         
 1763   303  20.206   1.545         
 1764   303  17.260   0.992   0.433
 1766   303  19.024   1.328         
 1767   303  15.905   1.683   1.401
 1768   303  18.982   1.777         
 1772   303  17.951   1.426         
 1773   303  18.521   1.238         
 1774   303  15.574   0.755   0.493
 1775   303  18.978   1.421         
 1777   303  19.566   1.418         
 1778   303  20.011   1.214         
 1785   303  15.940   1.068   0.471
 1789   303  19.419   1.415         
 1791   303  20.430   1.342         
 1792   303  17.227   1.929         
 1793   303  18.820   1.333         
 1795   303  18.980   1.620         
 1798   303  15.967   0.828   0.375
 1799   303  16.649   1.290   0.794
 1800   303  18.927   1.179         
 1801   303  19.138   1.388         
 1802   303  19.555   1.628         
 1803   303  19.225   1.210         
 1805   303  19.137   1.174         
 1810   303  20.378   1.583         
 1812   303  19.897   1.327         
 1813   303  19.390   1.416         
 1815   303  18.491   1.160         
 1817   303  19.782   1.689         
 1818   303  19.735   1.411         
 1819   303  18.388   0.960         
 1820   303  17.932   1.144         
 1822   303  19.181   1.379         
 1824   303  19.376   1.269         
 1825   303  19.533   1.221         
 1826   303  18.697   1.340         
 1827   303  18.228   1.260         
 1830   303  19.813   1.490         
 1833   303  19.719   1.348         
 1835   303  20.075   1.301         
 1836   303  18.308   1.196         
 1837   303  18.295   1.139         
 1838   303  17.742   1.235         
 1840   303  18.479   1.213         
 1844   303  14.580  -0.272  -0.874
 1846   303  14.200   0.532         
 1847   303  14.163   0.265         
 1848   303  14.580  -0.272         
 1850   303  17.046   0.939   0.651
 1851   303  19.375   1.648         
 1852   303  20.022   1.744         
 1854   303  19.896   1.264         
 1855   303  19.652   1.492         
 1856   303  16.649   0.972   0.597
 1857   303  19.175   1.393         
 1858   303  19.668   2.108         
 1859   303  16.181   1.840   1.584
 1860   303  19.627   1.293         
 1865   303  17.922   1.329   1.205
 1867   303  18.410   1.183         
 1870   303  18.365   1.354         
 1873   303  19.672   1.336         
 1875   303  16.277   1.083   0.657
 1876   303  18.415   1.489         
 1878   303  13.785   0.348   0.247
 1879   303  13.785   0.348   0.247
 1880   303  13.786   0.423         
 1881   303  13.785   0.348         
 1882   303  13.785   0.348         
 1883   303  17.368   1.841         
 1884   303  19.273   1.050         
 1885   303  19.866   1.530         
 1889   303  18.248   1.297         
 1892   303  16.608   1.086   0.707
 1895   303  19.883   1.582         
 1897   303  19.291   1.376         
 1900   303  19.137   1.235         
 1904   303  19.087   1.266         
 1911   303  19.638   1.171         
 1916   303  18.617   1.180         
 1917   303  16.409   1.106   0.590
 1918   303  18.289   1.415         
 1919   303  20.028   1.136         
 1921   303  18.171   1.307         
 1922   303  15.277   1.363   1.141
 1923   303  19.188   1.115         
 1924   303  17.216   1.221   0.627
 1925   303  18.772   1.247         
 1926   303  18.714   1.314         
 1928   303  20.226   1.313         
 1932   303  19.332   1.779         
 1935   303  20.489   1.004         
 1936   303  15.074   0.888   0.519
 1938   303  19.066   1.238         
 1939   303  18.450   1.256         
 1940   303  18.405   1.218         
 1941   303  19.009   1.409         
 1942   303  19.234   1.303         
 1945   303  19.329   1.429         
 1946   303  18.918   1.465         
 1948   303  17.077   1.317   1.090
 1949   303  19.595   1.594         
 1950   303  19.895   1.568         
 1951   303  20.166   1.281         
 1953   303  19.485   1.122         
 1954   303  18.955   1.367         
 1955   303  18.841   1.131         
 1956   303  16.406   0.992   0.359
 1958   303  20.072   1.317         
 1960   303  17.731   1.372         
 1965   303  19.721   1.269         
 1966   303  18.845   1.845         
 1968   303  18.380   1.157         
 1970   303  19.722   1.460         
 1973   303  18.674   1.242   0.332
 1974   303  20.062   1.599         
 1975   303  15.825   1.156   0.759
 1978   303  18.680   1.214         
 1980   303  19.929   1.170         
 1982   303  18.683   1.440         
 1985   303  17.807   1.201         
 1988   303  18.707   1.355         
 1989   303  19.844   1.536         
 1990   303  17.437   1.197         
 1991   303  18.187   1.497         
 1994   303  18.765   1.715         
 1995   303  16.289   1.773   1.415
 1996   303  16.323   1.846   1.421
 1997   303  19.574   1.392         
 1999   303  18.796   1.357         
 2001   303  19.563   1.921         
 2003   303  16.845   0.892         
 2004   303  17.895   1.142         
 2005   303  19.845   1.246         
 2006   303  19.091   1.300         
 2007   303  18.814   1.206         
 2008   303  15.564   2.060   1.446
 2009   303  18.518   1.185         
 2010   303  14.138   1.464   1.254
 2013   303  18.384   1.156         
 2014   303  19.705   1.208         
 2015   303  18.168   1.211         
 2016   303  19.587   0.871         
 2017   303  20.198   1.200         
 2018   303  19.642   1.378         
 2021   303  18.210   1.322         
 2026   303  18.562   1.090         
 2027   303  20.099   1.232         
 2030   303  19.533   1.334         
 2033   303  18.245   1.178         
 2035   303  19.376   1.269         
 2037   303  19.782   1.689         
 2038   303  17.201   0.989         
 2040   303  18.979   1.405         
 2042   303  18.945   1.267         
 2045   303  19.416   1.563         
 2051   303  17.939   1.099         
 2052   303  17.401   1.208         
 2059   303  18.632   1.299         
 2061   303  18.491   1.160         
 2065   303  17.993   1.174         
 2066   303  20.199   1.402         
 2067   303  18.033   1.122         
 2069   303  19.068   1.196         
 2070   303  19.758   1.751         
 2071   303  16.589   1.067         
 2073   303  13.686   0.959         
 2074   303  16.884   1.426         
 2076   303  18.877   1.221         
 2077   303  19.391   1.193         
 2079   303  19.463   1.314         
 2080   303  19.896   1.264         
 2084   303  19.622   1.522         
 2086   303  19.793   1.343         
 2093   303  18.887   1.226         
 2094   303  19.541   1.399         
 2096   303  18.133   1.231         
 2097   303  17.869   1.510         
 2099   303  18.929   1.337         
 2103   303  14.326   0.659   0.542
 2104   303  14.326   0.659   0.542
 2105   303  14.326   0.659         
 2106   303  17.531   1.103         
 2107   303  14.326   0.659         
 2110   303  17.886   1.623         
 2111   303  18.715   1.244         
 2112   303  19.671   1.295         
 2114   303  14.811   1.657   1.465
 2121   303  20.169   1.355         
 2122   303  19.620   1.349         
 2124   303  17.523   1.045   0.460
 2125   303  17.459   1.009         
 2128   303  19.383   1.293         
 2129   303  18.393   1.179         
 2130   303  14.949   0.939   0.334
 2135   303  17.028   1.083   0.465
 2138   303  16.039   1.072   0.644
 2139   303  19.457   1.102         
 2140   303  19.798   1.430         
 2142   303  18.123   1.199         
 2143   303  19.220   1.174         
 2145   303  19.913   1.549         
 2146   303  19.358   1.265         
 2147   303  19.422   1.192         
 2149   303  19.574   1.392         
 2150   303  18.716   1.174         
 2153   303  16.762   1.008   0.422
 2157   303  19.954   1.358         
 2159   303  18.009   1.255         
 2161   303  19.520   0.903         
 2164   303  18.607   1.331         
 2165   303  18.753   1.306         
 2166   303  19.509   1.551         
 2168   303  18.459   1.679         
 2169   303  18.352   1.285         
 2170   303  18.707   1.234         
 2172   303  19.699   1.513         
 2175   303  19.501   1.295         
 2178   303  14.351   1.158   1.004
 2185   303  18.672   1.210         
 2186   303  16.884   1.426         
 2187   303  18.362   1.329         
 2188   303  16.532   1.006   0.489
 2191   303  18.854   1.575   0.648
 2194   303  19.959   1.626         
 2195   303  19.673   1.253         
 2197   303  18.984   1.410         
 2199   303  20.263   1.136         
 2201   303  18.929   1.337         
 2204   303  19.737   1.287         
 2205   303  19.254   1.395         
 2206   303  17.564   1.205         
 2208   303  19.644   1.178         
 2209   303  19.582   1.399         
 2213   303  13.983   0.874   0.430
 2214   303  13.983   0.874   0.430
 2215   303  13.628   1.206         
 2216   303  14.627   1.503         
 2217   303  13.983   0.874         
 2219   303  19.358   1.265         
 2220   303  18.905   1.126         
 2221   303  20.226   1.313         
 2223   303  20.226   1.313         
 2226   303  18.903   1.212         
 2228   303  20.458   1.214         
 2230   303  18.171   1.307         
 2231   303  17.431   1.135         
 2232   303  18.380   1.157         
 2234   303  16.336   0.831   0.502
 2235   303  18.262   1.574         
 2238   303  19.395   1.303         
 2247   303  20.789   0.828         
 2251   303  17.533   1.225         
 2254   303  18.834   1.272         
 2257   303  18.905   1.118         
 2258   303  19.001   1.281         
 2260   303  20.191   1.305         
 2261   303  18.882   1.311         
 2264   303  19.028   1.280         
 2266   303  17.234   1.826         
 2267   303  20.331   1.334         
 2268   303  20.518   1.681         
 2269   303  18.936   1.385         
 2271   303  18.080   1.123         
 2273   303  19.263   1.305         
 2274   303  19.719   1.554         
 2278   303  19.031   1.424         
 2279   303  16.217   1.071   0.494
 2285   303  19.665   1.200         
 2286   303  19.482   1.214         
 2288   303  17.418   1.206         
 2291   303  18.738   1.358         
 2292   303  19.793   1.343         
 2293   303  18.416   1.297         
 2296   303  13.923   0.685   0.429
 2297   303  13.923   0.685   0.429
 2298   303  13.785   0.348         
 2299   303  13.923   0.685         
 2300   303  13.923   0.685         
 2303   303  17.792   1.292   0.931
 2307   303  18.284   1.086         
 2309   303  18.225   1.179         
 2315   303  13.628   0.747   0.771
 2316   303  13.628   0.747   0.771
 2317   303  13.628   0.747         
 2318   303  16.943   1.048         
 2319   303  13.628   0.747         
 2320   303  19.131   1.302         
 2321   303  18.772   1.331         
 2324   303  19.690   1.411         
 2325   303  20.031   1.180         
 2328   303  18.428   1.212         
 2329   303  19.907   1.313         
 2331   303  17.357   0.954         
 2336   303  18.879   1.320         
 2342   303  17.415   1.089         
 2348   303  18.737   0.949         
 2352   303  18.138   1.167         
 2353   303  19.186   1.265         
 2354   303  20.057   1.335         
 2356   303  14.163   0.265  -0.802
 2359   303  20.397   0.904         
 2361   303  18.839   1.536         
 2362   303  19.819   1.261         
 2366   303  19.137   1.235         
 2368   303  16.330   0.857   0.389
 2370   303  18.715   1.244         
 2376   303  19.635   0.810         
 2379   303  18.349   1.642         
 2381   303  19.174   1.253         
 2383   303  19.110   1.126