UBV CCD observations

  No    Ref    V       B-V     U-B

 0001   387  21.551   1.248         
 0002   387  21.386   1.375         
 0003   387  21.711   1.200         
 0004   387  20.788   1.418         
 0005   387  18.513   1.305         
 0006   387  22.192   0.867         
 0007   387  21.693   0.748         
 0008   387  22.122   0.868         
 0009   387  19.181   0.820         
 0010   387  21.839   0.796         
 0011   387  20.117   0.626         
 0012   387  21.361   0.709         
 0013   387  18.120   0.691         
 0014   387  19.741   1.190         
 0015   387  19.249   0.488         
 0016   387  21.669   0.731         
 0017   387  22.314   0.802         
 0018   387  21.714   0.814         
 0019   387  17.050   0.586         
 0020   387  22.151   0.831         
 0021   387  18.209   0.912         
 0022   387  20.464   1.395         
 0023   387  19.741   0.579         
 0024   387  22.130   0.761         
 0025   387  18.565   0.309         
 0026   387  22.085   0.850         
 0027   387  17.422   0.707         
 0028   387  20.463   1.391         
 0029   387  18.138   0.876         
 0030   387  20.176   1.633         
 0031   387  18.537   0.585         
 0032   387  22.401   1.445         
 0033   387  21.526   1.446         
 0034   387  22.098   0.838         
 0035   387  18.374   0.537         
 0036   387  18.861   0.628         
 0037   387  22.034   0.822         
 0038   387  21.057   1.383         
 0039   387  17.534   0.903         
 0040   387  22.275   1.324         
 0041   387  21.502   1.357         
 0042   387  18.737   0.859         
 0043   387  20.966   0.585         
 0044   387  20.621   1.327         
 0045   387  20.509   0.582         
 0046   387  18.018   0.737         
 0047   387  18.015   0.877         
 0048   387  18.193   0.843         
 0049   387  19.760   0.965         
 0050   387  20.978   1.406         
 0051    78  20.985   0.679         
 0051   387  21.023   0.648         
 0052   387  20.428   0.566         
 0053    78  21.063   0.582         
 0053   387  21.147   0.671         
 0054   387  22.283   0.825         
 0055   387  22.534   1.363         
 0056    78  18.722   0.501         
 0056   387  18.715   0.514         
 0057    78  22.269   0.572         
 0057   387  22.019   0.783         
 0058    78  21.402   0.783         
 0058   387  21.416   0.773         
 0059    78  19.229   0.792         
 0059   387  19.214   0.845         
 0060    78  21.217   0.699         
 0060   387  21.275   0.658         
 0061   387  22.390   1.447         
 0062    78  18.636   0.472         
 0062   387  18.619   0.507         
 0063    78  19.640   0.489         
 0063   387  19.668   0.513         
 0064   387  21.589   0.767         
 0065    78  21.148   1.324         
 0065   387  21.296   1.136         
 0066   387  16.660   0.633         
 0067   387  21.432   0.917         
 0068    78  20.386   1.437         
 0068   387  20.358   1.691         
 0069    78  18.525   0.815         
 0069   387  18.522   0.802         
 0070    78  21.381   0.622         
 0070   387  21.391   0.778         
 0071    78  16.333   0.461         
 0071   387  16.342   0.467         
 0072    78  17.250   0.983         
 0072   387  17.232   0.984         
 0073    78  19.835   0.478         
 0073   387  19.825   0.512         
 0074    78  21.330   0.660         
 0074   387  21.352   0.713         
 0075    78  20.772   0.751         
 0075   387  20.773   0.758         
 0076   387  22.174   0.857         
 0077    78  20.454   0.698         
 0077   387  20.458   0.648         
 0078    78  19.861   0.505         
 0078   387  19.874   0.523         
 0079    78  20.097   0.529         
 0079   387  20.090   0.545         
 0080    78  21.295   0.901         
 0080   387  21.281   0.923         
 0081    78  20.203   0.519         
 0081   387  20.224   0.553         
 0082    78  22.510   0.944         
 0082   387  22.570   0.895         
 0083    78  20.318   0.553         
 0083   387  20.319   0.516         
 0084    78  22.401   1.016         
 0084   387  22.303   0.829         
 0085    78  20.526   1.457         
 0085   387  20.562   1.352         
 0086   387  21.401   1.599         
 0087    78  18.748   0.701         
 0087   387  18.744   0.698         
 0088    78  21.969   1.756         
 0088   387  22.040   1.339         
 0089    78  20.703   0.579         
 0089   387  20.693   0.612         
 0090    78  19.680   0.802         
 0090   387  19.671   0.800         
 0091    78  21.079   1.663         
 0091   387  21.088   1.373         
 0092    78  20.452   1.130         
 0092   387  20.472   1.083         
 0093    78  20.619   1.404         
 0093   387  20.669   1.242         
 0094    78  22.331   0.779         
 0094   387  22.263   0.851         
 0095    78  20.961   1.284         
 0095   387  20.979   1.103         
 0096    78  20.560   1.519         
 0096   387  20.580   1.410         
 0097    78  18.485   0.573         
 0097   387  18.503   0.594         
 0098    78  19.421   0.926         
 0098   387  19.452   0.893         
 0099    78  19.958   0.516         
 0099   387  19.987   0.534         
 0100    78  18.315   0.765         
 0100   387  18.334   0.771         
 0101    78  20.589   0.649         
 0101   387  20.577   0.659         
 0102    78  21.998   0.808         
 0102   387  21.989   0.800         
 0103    78  20.936   1.318         
 0103   387  20.994   1.252         
 0104    78  17.950   1.080         
 0104   387  17.945   1.069         
 0105    78  16.439   0.560         
 0105   387  16.446   0.558         
 0106    78  18.648   0.632         
 0106   387  18.660   0.650         
 0107    78  21.387   0.800         
 0107   387  21.418   0.834         
 0108    78  19.755   0.489         
 0108   387  19.762   0.519         
 0109    78  19.697   0.528         
 0109   387  19.687   0.543         
 0110    78  17.516   0.690         
 0110   387  17.505   0.693         
 0111    78  20.112   1.093         
 0111   387  20.093   1.051         
 0112    78  19.370   1.417         
 0112   387  19.374   1.338         
 0113    78  21.714   0.796         
 0113   387  21.728   0.734         
 0114    78  21.578   0.959         
 0114   387  21.557   1.072         
 0115    78  18.768   0.500         
 0115   387  18.754   0.519         
 0116    78  20.256   0.531         
 0116   387  20.231   0.551         
 0117    78  19.209   0.483         
 0117   387  19.210   0.512         
 0118    78  20.756   0.709         
 0118   387  20.762   0.728         
 0119    78  21.872   1.696         
 0119   387  21.872   1.379         
 0120    78  19.629   0.485         
 0120   387  19.634   0.504         
 0121    78  18.986   0.465         
 0121   387  18.983   0.492         
 0122    78  19.279   1.046         
 0122   387  19.298   1.035         
 0123    78  16.658   0.432         
 0123   387  16.663   0.437         
 0124   387  21.525   1.289         
 0125   387  21.995   1.324         
 0126    78  20.018   0.506         
 0126   387  20.033   0.548         
 0127   387  21.680   1.378         
 0128    78  19.603   0.542         
 0128   387  19.626   0.560         
 0129    78  21.266   0.717         
 0129   387  21.299   0.647         
 0130    78  20.608   0.600         
 0130   387  20.601   0.595         
 0131    78  18.653   0.493         
 0131   387  18.656   0.532         
 0132    78  22.283   0.948         
 0132   387  22.249   0.974         
 0133    78  20.103   0.629         
 0133   387  20.117   0.645         
 0134    78  19.754   0.492         
 0134   387  19.774   0.519         
 0135    78  19.821   0.503         
 0135   387  19.825   0.519         
 0136    78  18.474   0.866         
 0136   387  18.495   0.857         
 0137    78  22.224   0.928         
 0137   387  22.241   0.978         
 0138    78  18.601   0.527         
 0138   387  18.606   0.554         
 0139    78  19.499   1.138         
 0139   387  19.494   1.067         
 0140    78  18.975   0.510         
 0140   387  18.988   0.532         
 0141    78  18.615   0.571         
 0141   387  18.599   0.587         
 0142    78  18.524   0.604         
 0142   387  18.542   0.610         
 0143    78  19.530   0.479         
 0143   387  19.521   0.510         
 0144    78  22.355   0.884         
 0144   387  22.339   0.936         
 0145    78  19.758   0.514         
 0145   387  19.752   0.531         
 0146    78  20.179   0.529         
 0146   387  20.168   0.556         
 0147    78  19.402   0.478         
 0147   387  19.383   0.501         
 0148    78  19.713   0.490         
 0148   387  19.725   0.520         
 0149    78  22.251   0.844         
 0149   387  22.209   0.914         
 0150    78  18.775   0.702         
 0150   387  18.794   0.713         
 0151    78  20.908   0.586         
 0151   387  20.906   0.639         
 0152   387  22.023   0.800         
 0153    78  18.978   0.904         
 0153   387  18.867   0.885         
 0154    78  17.266   0.994         
 0154   387  17.286   0.973         
 0155    78  19.333   0.492         
 0155   387  19.333   0.506         
 0156    78  20.239   0.545         
 0156   387  20.274   0.568         
 0157    78  22.172   0.829         
 0157   387  22.148   0.874         
 0158    78  21.793   1.295         
 0158   387  21.815   1.319         
 0159    78  16.639   0.983         
 0159   387  16.627   0.998         
 0160    78  22.480   1.091         
 0160   387  22.529   0.905         
 0161    78  17.706   0.943         
 0161   387  17.699   0.933         
 0162    78  21.007   0.563         
 0162   387  20.958   0.712         
 0163    78  21.463   0.100         
 0163   387  21.201   0.187         
 0164    78  21.909   1.634         
 0164   387  21.971   1.453         
 0165    78  20.867   1.565         
 0165   387  20.929   1.402         
 0166    78  22.141   0.915         
 0166   387  22.166   0.770         
 0167   387  22.534   1.396         
 0168    78  17.968   1.303         
 0168   387  18.011   1.238         
 0169    78  18.910   0.469         
 0169   387  18.917   0.492         
 0170    78  20.692   0.589         
 0170   387  20.682   0.590         
 0171    78  18.651   0.532         
 0171   387  18.640   0.528         
 0172    78  19.225   0.503         
 0172   387  19.214   0.516         
 0173    78  20.776   1.533         
 0173   387  20.828   1.378         
 0174    78  19.825   0.493         
 0174   387  19.797   0.538         
 0175    78  18.112   0.722         
 0175   387  18.095   0.723         
 0176    78  20.701   0.578         
 0176   387  20.658   0.556         
 0177    78  19.317   0.504         
 0177   387  19.334   0.474         
 0178   387  22.606   0.899         
 0179    78  20.378   1.038         
 0179   387  20.389   1.040         
 0180    78  17.885   0.531         
 0180   387  17.889   0.550         
 0181    78  20.040   0.546         
 0181   387  20.029   0.568         
 0182    78  21.792   0.823         
 0182   387  21.789   0.698         
 0183    78  15.988   0.474         
 0183   387  15.990   0.483         
 0184    78  21.111   0.706         
 0184   387  21.117   0.848         
 0185    78  20.229   0.527         
 0185   387  20.225   0.548         
 0186    78  19.858   0.498         
 0186   387  19.857   0.512         
 0187    78  20.048   0.632         
 0187   387  20.032   0.767         
 0188    78  19.974   0.506         
 0188   387  19.958   0.560         
 0189    78  21.094   0.808         
 0189   387  21.129   0.826         
 0190    78  19.753   0.749         
 0190   387  19.771   0.757         
 0191    78  19.462   0.478         
 0191   387  19.447   0.539         
 0192    78  20.396   1.287         
 0192   387  20.424   1.251         
 0193    78  19.616   0.857         
 0193   387  19.625   0.840         
 0194    78  21.272   0.697         
 0194   387  21.267   0.701         
 0195    78  18.527   0.519         
 0195   387  18.539   0.528         
 0196    78  21.049   0.645         
 0196   387  21.049   0.616         
 0197    78  20.399   0.525         
 0197   387  20.399   0.543         
 0198    78  20.499   0.564         
 0198   387  20.503   0.603         
 0199    78  17.024   0.870         
 0199   387  17.022   0.860         
 0200    78  20.192   0.514         
 0200   387  20.189   0.543         
 0201   387  21.361   1.612         
 0202    78  20.483   0.538         
 0202   387  20.442   0.575         
 0203    78  22.103   0.949         
 0203   387  22.010   0.967         
 0204    78  19.779   0.937         
 0204   387  19.811   0.899         
 0205    78  22.003   1.500         
 0205   387  21.999   1.454         
 0206    78  19.282   0.483         
 0206   387  19.289   0.500         
 0207    78  16.522   0.461         
 0207   387  16.501   0.481         
 0208    78  21.506   0.760         
 0208   387  21.548   0.744         
 0209    78  20.895   0.622         
 0209   387  20.902   0.653         
 0210    78  19.659   0.486         
 0210   387  19.683   0.468         
 0211    78  20.321   0.543         
 0211   387  20.334   0.553         
 0212    78  19.386   0.846         
 0212   387  19.444   0.793         
 0213    78  19.817   0.978         
 0213   387  19.826   0.963         
 0214    78  19.486   0.460         
 0214   387  19.476   0.545         
 0215    78  18.631   0.562         
 0215   387  18.608   0.591         
 0216    78  19.072   0.949         
 0216   387  19.078   0.965         
 0217    78  18.645   0.607         
 0217   387  18.661   0.603         
 0218    78  16.931   0.445         
 0218   387  16.891   0.487         
 0219    78  21.341   0.729         
 0219   387  21.393   0.652         
 0220    78  16.561   0.966         
 0220   387  16.574   0.946         
 0221    78  19.341   0.505         
 0221   387  19.344   0.523         
 0222    78  21.930   0.861         
 0222   387  21.960   0.556         
 0223    78  20.906   0.649         
 0223   387  20.952   0.560         
 0224    78  19.776   0.515         
 0224   387  19.768   0.507         
 0225    78  20.103   0.514         
 0225   387  20.100   0.594         
 0226    78  17.876   1.185         
 0226   387  17.927   1.121         
 0227    78  20.022   0.588         
 0227   387  20.022   0.657         
 0228    78  20.928   0.637         
 0228   387  20.914   0.760         
 0229    78  21.111   0.665         
 0229   387  21.071   0.781         
 0230    78  21.627   0.714         
 0230   387  21.594   0.866         
 0231    78  20.497   0.583         
 0231   387  20.499   0.562         
 0232    78  21.391   0.711         
 0232   387  21.410   0.790         
 0233    78  20.310   0.525         
 0233   387  20.295   0.566         
 0234    78  19.555   0.485         
 0234   387  19.539   0.529         
 0235    78  18.994   1.489         
 0235   387  19.027   1.410         
 0236    78  19.172   0.730         
 0236   387  19.177   0.731         
 0237    78  21.357   0.637         
 0237   387  21.339   0.629         
 0238    78  21.850   1.138         
 0238   387  21.941   1.326         
 0239    78  17.558   0.592         
 0239   387  17.544   0.618         
 0240    78  20.470   1.060         
 0240   387  20.426   1.124         
 0241    78  19.771   0.565         
 0241   387  19.788   0.611         
 0242    78  16.941   1.017         
 0242   387  16.940   1.012         
 0243    78  18.776   0.473         
 0243   387  18.763   0.526         
 0244    78  19.789   0.518         
 0244   387  19.829   0.455         
 0245   387  21.655   1.000         
 0246    78  21.564   1.478         
 0246   387  21.583   1.497         
 0247    78  19.393   0.516         
 0247   387  19.401   0.542         
 0248    78  18.550   0.871         
 0248   387  18.558   0.902         
 0249    78  17.550   0.622         
 0249   387  17.555   0.625         
 0250    78  18.021   0.666         
 0250   387  18.036   0.650         
 0251    78  20.690   0.566         
 0251   387  20.716   0.538         
 0252    78  18.669   0.624         
 0252   387  18.658   0.650         
 0253    78  20.450   0.579         
 0253   387  20.440   0.584         
 0254    78  18.308   0.489         
 0254   387  18.304   0.511         
 0255    78  19.008   0.496         
 0255   387  18.997   0.540         
 0256    78  20.365   1.418         
 0256   387  20.380   1.249         
 0257    78  16.609   0.972         
 0257   387  16.608   0.970         
 0258    78  16.596   0.978         
 0258   387  16.603   0.980         
 0259    78  16.742   1.060         
 0259   387  16.749   1.040         
 0260    78  21.863   0.772         
 0260   387  21.879   0.872         
 0261    78  20.000   0.567         
 0261   387  20.006   0.531         
 0262    78  19.205   0.917         
 0262   387  19.219   0.922         
 0263    78  19.458   0.452         
 0263   387  19.494   0.479         
 0264    78  18.674   0.503         
 0264   387  18.676   0.507         
 0265    78  20.696   0.563         
 0265   387  20.704   0.681         
 0266    78  22.435   0.856         
 0266   387  22.390   0.633         
 0267    78  17.292   0.536         
 0267   387  17.314   0.536         
 0268    78  21.508   0.927         
 0268   387  21.452   1.001         
 0269    78  17.044   0.696         
 0269   387  17.026   0.714         
 0270    78  17.482   0.540         
 0270   387  17.481   0.543         
 0271    78  21.023   0.648         
 0271   387  20.983   0.826         
 0272    78  19.563   0.537         
 0272   387  19.545   0.594         
 0273    78  20.494   0.564         
 0273   387  20.497   0.653         
 0274    78  18.638   0.430         
 0274   387  18.635   0.445         
 0275    78  20.271   0.535         
 0275   387  20.272   0.527         
 0276    78  18.719   0.864         
 0276   387  18.702   0.856         
 0277    78  21.932   0.781         
 0277   387  21.894   0.657         
 0278   387  20.926   0.664         
 0279    78  21.396   0.763         
 0279   387  21.313   0.862         
 0280    78  21.276   1.056         
 0280   387  21.281   1.033         
 0281    78  17.758   0.431         
 0281   387  17.760   0.440         
 0282   387  19.825   0.559         
 0283    78  19.624   0.491         
 0283   387  19.626   0.501         
 0284    78  21.118   0.826         
 0284   387  21.188   0.783         
 0285    78  20.695   0.583         
 0285   387  20.698   0.707         
 0286    78  17.375   0.304         
 0286   387  17.347   0.348         
 0287   387  22.418   1.276         
 0288    78  19.885   0.560         
 0288   387  19.870   0.553         
 0289    78  18.651   0.860         
 0289   387  18.673   0.851         
 0290    78  21.535   1.452         
 0290   387  21.526   1.388         
 0291    78  20.276   0.517         
 0291   387  20.266   0.548         
 0292    78  19.691   0.477         
 0292   387  19.677   0.485         
 0293    78  21.714   1.619         
 0293   387  21.763   1.367         
 0294    78  18.218   0.485         
 0294   387  18.210   0.511         
 0295    78  20.740   0.599         
 0295   387  20.735   0.607         
 0296    78  19.701   0.519         
 0296   387  19.703   0.525         
 0297    78  19.475   0.537         
 0297   387  19.460   0.548         
 0298    78  19.241   0.505         
 0298   387  19.230   0.526         
 0299    78  21.424   0.731         
 0299   387  21.413   0.702         
 0300    78  18.759   0.475         
 0300   387  18.747   0.497         
 0301   387  21.648   0.731         
 0302    78  18.564   0.557         
 0302   387  18.553   0.577         
 0303    78  21.112   0.772         
 0303   387  21.106   0.733         
 0304    78  21.738   0.861         
 0304   387  21.705   0.907         
 0305    78  20.924   0.645         
 0305   387  20.924   0.658         
 0306    78  19.255   0.501         
 0306   387  19.249   0.500         
 0307    78  19.184   0.489         
 0307   387  19.168   0.502         
 0308   387  22.217   0.806         
 0309    78  19.936   0.490         
 0309   387  19.945   0.528         
 0310    78  19.427   0.500         
 0310   387  19.415   0.503         
 0311    78  21.304   0.717         
 0311   387  21.275   0.691         
 0312    78  18.913   0.337         
 0312   387  18.899   0.395         
 0313    78  20.086   0.483         
 0313   387  20.080   0.538         
 0314    78  22.217   0.888         
 0314   387  22.228   0.838         
 0315    78  20.037   0.502         
 0315   387  20.028   0.529         
 0316    78  19.638   0.470         
 0316   387  19.614   0.493         
 0317    78  20.124   0.510         
 0317   387  20.122   0.553         
 0318    78  20.964   0.650         
 0318   387  20.963   0.624         
 0319    78  18.860   0.740         
 0319   387  18.852   0.723         
 0320    78  18.667   1.504         
 0320   387  18.706   1.396         
 0321    78  21.549   0.714         
 0321   387  21.507   0.694         
 0322    78  20.278   0.528         
 0322   387  20.271   0.529         
 0323    78  20.818   0.594         
 0323   387  20.814   0.629         
 0324    78  20.662   0.597         
 0324   387  20.672   0.584         
 0325    78  20.052   0.516         
 0325   387  20.037   0.511         
 0326    78  19.826   0.502         
 0326   387  19.817   0.498         
 0327    78  21.685   0.818         
 0327   387  21.637   0.855         
 0328    78  21.052   0.685         
 0328   387  21.077   0.656         
 0329    78  21.563   0.717         
 0329   387  21.596   0.702         
 0330    78  19.992   0.579         
 0330   387  19.990   0.600         
 0331    78  21.986   0.719         
 0331   387  22.029   0.834         
 0332    78  20.629   0.582         
 0332   387  20.621   0.570         
 0333    78  22.459   0.862         
 0333   387  22.390   0.850         
 0334    78  21.509   0.720         
 0334   387  21.469   0.709         
 0335    78  20.247   0.620         
 0335   387  20.252   0.608         
 0336    78  18.514   0.885         
 0336   387  18.530   0.870         
 0337    78  20.643   1.436         
 0337   387  20.649   1.299         
 0338    78  17.559   0.950         
 0338   387  17.590   0.939         
 0339    78  19.336   0.483         
 0339   387  19.329   0.471         
 0340    78  21.822   0.769         
 0340   387  21.862   0.779         
 0341    78  20.054   0.503         
 0341   387  20.018   0.512         
 0342    78  20.298   1.011         
 0342   387  20.268   1.010         
 0343    78  19.645   0.485         
 0343   387  19.607   0.494         
 0344    78  21.007   0.616         
 0344   387  20.984   0.626         
 0345    78  20.533   0.565         
 0345   387  20.534   0.593         
 0346    78  17.386   0.960         
 0346   387  17.384   0.935         
 0347    78  20.980   0.624         
 0347   387  20.983   0.616         
 0348    78  18.559   0.455         
 0348   387  18.533   0.475         
 0349    78  20.456   1.377         
 0349   387  20.410   1.545         
 0350    78  18.898   0.818         
 0350   387  18.895   0.802         
 0351    78  20.609   0.552         
 0351   387  20.633   0.594         
 0352    78  22.621   0.976         
 0352   387  22.598   1.046         
 0353    78  21.999   0.874         
 0353   387  22.048   0.807         
 0354    78  20.354   1.058         
 0354   387  20.306   1.045         
 0355    78  18.248   0.593         
 0355   387  18.265   0.616         
 0356    78  19.071   1.542         
 0356   387  19.144   1.473         
 0357    78  19.247   0.488         
 0357   387  19.228   0.512         
 0358    78  19.550   0.468         
 0358   387  19.531   0.491         
 0359    78  22.262   0.926         
 0359   387  22.346   0.826         
 0360    78  18.124   0.923         
 0360   387  18.119   0.894         
 0361    78  22.436   0.795         
 0361   387  22.438   0.891         
 0362    78  19.120   0.492         
 0362   387  19.123   0.517         
 0363   387  22.516   1.429         
 0364   387  22.795   1.066         
 0365   387  22.607   1.412         
 0366    78  19.801   0.483         
 0366   387  19.779   0.510         
 0367    78  22.075   0.930         
 0367   387  22.103   0.865         
 0368    78  21.927   0.788         
 0368   387  21.927   0.815         
 0369    78  22.045   0.732         
 0369   387  21.979   0.837         
 0370    78  22.250   0.861         
 0370   387  22.170   0.853         
 0371    78  21.077   0.631         
 0371   387  21.051   0.629         
 0372    78  19.207   0.486         
 0372   387  19.207   0.516         
 0373    78  22.221   0.895         
 0373   387  22.219   0.786         
 0374    78  22.054   0.829         
 0374   387  21.982   0.793         
 0375    78  21.312   0.646         
 0375   387  21.350   0.715         
 0376    78  17.918   0.789         
 0376   387  17.918   0.778         
 0377    78  21.950   0.804         
 0377   387  21.901   0.782         
 0378    78  19.654   0.593         
 0378   387  19.647   0.598         
 0379    78  20.058   0.495         
 0379   387  20.037   0.536         
 0380   387  22.874   1.286         
 0381    78  20.805   0.600         
 0381   387  20.802   0.629         
 0382    78  21.398   0.748         
 0382   387  21.424   0.704         
 0383    78  22.372   0.902         
 0383   387  22.357   0.837         
 0384    78  18.821   0.457         
 0384   387  18.806   0.476         
 0385    78  22.683   1.111         
 0385   387  22.674   1.027         
 0386   387  22.167   1.475         
 0387    78  18.580   0.856         
 0387   387  18.581   0.820         
 0388   387  22.732   1.338         
 0389    78  21.242   0.752         
 0389   387  21.238   0.754         
 0390    78  21.329   0.671         
 0390   387  21.339   0.665         
 0391    78  21.652   0.767         
 0391   387  21.714   0.834         
 0392    78  19.957   0.493         
 0392   387  19.955   0.526         
 0393    78  21.724   0.804         
 0393   387  21.744   0.738         
 0394    78  21.680   0.919         
 0394   387  21.688   0.764         
 0395    78  20.113   0.517         
 0395   387  20.106   0.529         
 0396    78  22.058   1.631         
 0396   387  22.157   1.370         
 0397    78  21.656   0.870         
 0397   387  21.666   0.830         
 0398    78  16.579   0.963         
 0398   387  16.591   0.944         
 0399    78  20.046   1.541         
 0399   387  20.121   1.460         
 0400    78  21.514   0.709         
 0400   387  21.448   0.685         
 0401    78  21.465   0.678         
 0401   387  21.438   0.681         
 0402    78  22.373   0.966         
 0402   387  22.293   0.967         
 0403    78  18.765   0.486         
 0403   387  18.765   0.488         
 0404    78  20.317   0.868         
 0404   387  20.344   0.860         
 0405    78  20.095   0.491         
 0405   387  20.073   0.503         
 0406    78  19.976   1.020         
 0406   387  19.994   0.985         
 0407    78  21.315   0.683         
 0407   387  21.304   0.666         
 0408   387  21.823   1.358         
 0409    78  20.714   0.710         
 0409   387  20.726   0.700         
 0410    78  19.082   0.820         
 0410   387  19.127   0.806         
 0411    78  19.877   0.508         
 0411   387  19.871   0.499         
 0412    78  19.532   1.524         
 0412   387  19.551   1.473         
 0413    78  19.338   0.509         
 0413   387  19.345   0.528         
 0414    78  19.760   0.491         
 0414   387  19.764   0.501         
 0415   387  22.957   1.184         
 0416    78  22.036   0.647         
 0416   387  21.959   0.790         
 0417    78  20.766   0.592         
 0417   387  20.780   0.600         
 0418    78  21.415   1.408         
 0418   387  21.400   1.295         
 0419    78  21.779   0.710         
 0419   387  21.735   0.773         
 0420    78  20.420   0.615         
 0420   387  20.430   0.585         
 0421    78  18.684   0.874         
 0421   387  18.724   0.848         
 0422    78  20.182   0.823         
 0422   387  20.204   0.795         
 0423    78  20.893   0.605         
 0423   387  20.891   0.626         
 0424    78  20.281   0.518         
 0424   387  20.273   0.556         
 0425    78  20.195   0.519         
 0425   387  20.191   0.531         
 0426    78  17.934   0.381         
 0426   387  17.930   0.400         
 0427    78  20.156   0.329         
 0427   387  20.118   0.552         
 0428    78  18.532   0.487         
 0428   387  18.523   0.500         
 0429    78  22.858   0.770         
 0429   387  22.793   1.270         
 0430    78  21.147   0.634         
 0430   387  21.175   0.631         
 0431    78  21.792   0.748         
 0431   387  21.746   0.728         
 0432    78  19.926   1.265         
 0432   387  19.958   1.132         
 0433    78  20.854   0.618         
 0433   387  20.869   0.619         
 0434    78  21.095   1.548         
 0434   387  21.124   1.442         
 0435    78  21.498   0.688         
 0435   387  21.442   0.649         
 0436   387  21.951   1.441         
 0437    78  20.142   0.514         
 0437   387  20.150   0.535         
 0438    78  21.177   0.732         
 0438   387  21.161   0.726         
 0439    78  18.531   0.764         
 0439   387  18.654   0.670         
 0440    78  20.712   0.568         
 0440   387  20.742   0.587         
 0441    78  20.999   0.736         
 0441   387  20.934   0.773         
 0442    78  22.486   0.844         
 0442   387  22.475   0.853         
 0443    78  21.605   0.866         
 0443   387  21.686   0.764         
 0444    78  20.390   0.537         
 0444   387  20.394   0.543         
 0445    78  19.373   1.545         
 0445   387  19.415   1.417         
 0446    78  19.107   1.699         
 0446   387  19.320   1.416         
 0447    78  20.383   0.525         
 0447   387  20.389   0.556         
 0448    78  20.592   0.755         
 0448   387  20.682   0.658         
 0449    78  19.415   0.483         
 0449   387  19.426   0.510         
 0450    78  18.065   0.684         
 0450   387  18.074   0.687         
 0451   387  21.923   1.311         
 0452   387  21.077   1.130         
 0453   387  21.137   0.608         
 0454   387  20.660   0.618         
 0455   387  20.061   1.106         
 0456   387  16.350   0.746         
 0457   387  18.944   1.308         
 0458   387  20.237   0.841         
 0459   387  21.667   1.373         
 0460   387  19.283   0.513         
 0461   387  21.358   0.678         
 0462   387  19.874   0.493         
 0463   387  16.842   0.539         
 0464   387  22.478   1.376         
 0465   387  22.440   0.784         
 0466   387  21.378   0.750         
 0467   387  18.665   0.506         
 0468   387  18.173   1.087         
 0469   387  20.397   0.553         
 0470   387  18.952   1.095         
 0471   387  18.621   0.878         
 0472   387  21.357   1.299         
 0473   387  19.329   0.472         
 0474   387  21.873   1.295         
 0475   387  20.171   0.512         
 0476   387  16.233   0.368         
 0477   387  22.393   0.887         
 0478   387  21.738   0.691         
 0479   387  20.558   0.600         
 0480   387  20.829   1.403         
 0481   387  21.695   1.392         
 0482   387  20.768   0.614         
 0483   387  22.063   0.764         
 0484   387  22.706   1.051         
 0485   387  21.318   1.661         
 0486   387  21.489   1.361         
 0487   387  21.672   0.706         
 0488   387  19.661   0.501         
 0489   387  21.380   0.699         
 0490   387  20.133   0.505         
 0491   387  19.275   1.030         
 0492   387  21.460   1.033         
 0493   387  20.085   0.506         
 0494   387  19.729   0.481         
 0495   387  21.284   1.196         
 0496   387  16.750   0.519         
 0497   387  20.663   1.168         
 0498   387  20.412   0.530         
 0499   387  20.249   0.544         
 0500   387  20.747   0.546         
 0501   387  21.576   1.110         
 0502   387  21.894   0.754         
 0503   387  18.167   0.616         
 0504   387  19.880   1.013         
 0505   387  19.805   0.885         
 0506   387  17.369   0.246         
 0507   387  20.241   0.532         
 0508   387  21.094   0.573         
 0509   387  19.443   0.702         
 0510   387  20.731   1.381         
 0511   387  20.617   0.573         
 0512   387  17.188   0.638         
 0513   387  20.065   1.374         
 0514   387  19.879   1.099         
 0515   387  17.801   0.798         
 0516   387  18.736   0.581         
 0517   387  20.193   0.542         
 0518   387  22.269   0.869         
 0519   387  20.730   0.610         
 0520   387  19.340   0.468         
 0521   387  19.522   0.912         
 0522   387  16.671   0.474         
 0523   387  19.535   0.660         
 0524   387  20.832   0.636         
 0525   387  20.057   0.990         
 0526   387  20.145   0.687         
 0527   387  21.955   0.617         
 0528   387  16.834   0.514         
 0529   387  19.133   1.171         
 0530   387  19.138   0.657         
 0531   387  21.697   0.433         
 0532   387  21.507   0.971         
 0533   387  20.153   1.079         
 0534   387  16.715   0.630         
 0535   387  18.323   0.698         
 0536   387  18.716   0.686         
 0537   387  19.965   1.387         
 0538   387  18.296   1.225         
 0539   387  21.301   0.785         
 0540   387  19.526   0.493         
 0541   387  19.129   0.668         
 0542   387  20.282   0.801         
 0543   387  19.100   0.487         
 0544   387  20.721   0.577         
 0545   387  17.505   0.621         
 0546   387  19.809   1.154         
 0547   387  22.125   0.756         
 0548   387  20.401   0.997         
 0549   387  18.343   0.596         
 0550   387  18.746   0.636         
 0551   387  18.666   0.462         
 0552   387  19.833   0.478         
 0553   387  20.438   0.605         
 0554   387  20.685   1.221         
 0555   387  19.899   0.880         
 0556   387  20.246   1.550         
 0557   387  17.393   0.523         
 0558   387  18.825   0.587         
 0559   387  20.857   1.449         
 0560   387  18.307   0.741         
 0561   387  20.923   0.926         
 0562   387  17.946   0.797         
 0563   387  18.188   0.700         
 0564   387  20.335   0.612         
 0565   387  21.602   0.646         
 0566   387  19.747   1.553         
 0567   387  18.559   0.994         
 0568   387  19.280   0.862         
 0569   387  17.769   0.784         
 0570   387  21.647   1.348         
 0571   387  19.888   0.876         
 0572   387  18.630   0.508         
 0573   387  20.232   1.111         
 0574   387  19.242   0.484         
 0575   387  16.754   0.618         
 0576   387  16.935   0.634         
 0577   387  18.300   0.713         
 0578   387  21.141   1.449         
 0579   387  19.598   0.876         
 0580   387  20.737   1.063         
 0581   387  20.854   0.546         
 0582   387  19.162   1.101         
 0583   387  20.924   1.625         
 0584   387  20.167   1.539         
 0585   387  21.776   0.746         
 0586   387  17.273   0.687         
 0587   387  19.630   0.514         
 0588   387  18.405   0.715         
 0589   387  21.231   0.645         
 0590   387  17.557   0.871         
 0591   387  20.330   1.203         
 0592   387  19.282   0.737         
 0593   387  18.825   0.661         
 0594   387  20.993   0.732         
 0595   387  21.572   0.759         
 0596   387  21.285   0.732         
 0597   387  17.323   0.655         
 0598   387  21.545   1.317         
 0599   387  16.556   0.542         
 0600   387  18.824   0.659         
 0601   387  17.258   0.686         
 0602   387  16.579   0.994         
 0603   387  19.365   0.901         
 0604   387  22.053   1.421         
 0605   387  21.597   0.747         
 0606   387  19.411   0.535         
 0607   387  21.838   1.311         
 0608   387  21.105   1.910         
 0609   387  21.488   1.385         
 0610   387  19.331   0.861         
 0611   387  21.343   0.657         
 0612   387  22.434   1.376         
 0613   387  21.076   0.618         
 0614   387  21.512   1.399         
 0615   387  19.155   0.513         
 0616    78  20.943   1.095         
 0616   387  20.929   1.204         
 0617    78  17.918   0.835         
 0617   387  17.903   0.841         
 0618    78  19.323   0.505         
 0618   387  19.352   0.515         
 0619    78  21.102   0.698         
 0619   387  21.171   0.659         
 0620   387  20.499   1.627         
 0621    78  20.206   0.590         
 0621   387  20.275   0.745         
 0622   387  20.676   0.609         
 0623    78  19.089   1.035         
 0623   387  19.080   1.014         
 0624   387  21.882   0.798         
 0625   387  21.678   0.728         
 0626   387  18.530   0.873         
 0627    78  19.144   0.493         
 0627   387  19.177   0.517         
 0628    78  18.629   0.555         
 0628   387  18.671   0.584         
 0629    78  21.502   0.792         
 0629   387  21.460   0.673         
 0630    78  19.984   0.501         
 0630   387  20.003   0.523         
 0631    78  16.699   0.535         
 0631   387  16.761   0.465         
 0632    78  19.541   0.949         
 0632   387  19.534   0.973         
 0633    78  21.940   1.420         
 0633   387  21.959   1.323         
 0634    78  17.926   0.898         
 0634   387  17.908   0.894         
 0635    78  21.285   1.162         
 0635   387  21.273   1.131         
 0636    78  18.025   1.156         
 0636   387  18.068   1.120         
 0637    78  21.212   0.661         
 0637   387  21.182   0.687         
 0638    78  18.325   0.927         
 0638   387  18.351   0.923         
 0639    78  20.307   0.520         
 0639   387  20.340   0.549         
 0640    78  17.793   0.552         
 0640   387  17.847   0.495         
 0641    78  22.404   0.762         
 0641   387  22.410   0.838         
 0642   387  22.126   1.448         
 0643    78  21.962   0.828         
 0643   387  21.953   0.789         
 0644   387  21.853   0.746         
 0645    78  19.957   0.514         
 0645   387  19.945   0.536         
 0646    78  19.990   0.482         
 0646   387  19.980   0.544         
 0647    78  19.933   0.935         
 0647   387  19.949   0.900         
 0648    78  20.155   0.855         
 0648   387  20.156   0.836         
 0649   387  22.751   1.065         
 0650    78  20.319   0.528         
 0650   387  20.339   0.573         
 0651    78  20.229   0.519         
 0651   387  20.208   0.553         
 0652    78  20.090   0.516         
 0652   387  20.100   0.536         
 0653    78  22.602   0.885         
 0653   387  22.528   0.905         
 0654    78  19.738   0.483         
 0654   387  19.737   0.512         
 0655    78  18.648   0.604         
 0655   387  18.686   0.627         
 0656    78  19.343   0.471         
 0656   387  19.352   0.509         
 0657   387  21.160   1.077         
 0658    78  22.040   1.621         
 0658   387  22.084   1.467         
 0659    78  19.429   0.491         
 0659   387  19.430   0.514         
 0660    78  22.006   0.865         
 0660   387  22.024   0.795         
 0661    78  22.406   0.951         
 0661   387  22.395   0.980         
 0662    78  18.624   0.569         
 0662   387  18.634   0.572         
 0663    78  21.764   0.818         
 0663   387  21.743   0.794         
 0664    78  22.356   0.963         
 0664   387  22.408   0.924         
 0665    78  19.404   0.476         
 0665   387  19.352   0.493         
 0666    78  20.427   0.804         
 0666   387  20.393   0.794         
 0667    78  20.667   0.557         
 0667   387  20.663   0.584         
 0668    78  20.553   0.576         
 0668   387  20.548   0.594         
 0669    78  19.209   0.503         
 0669   387  19.200   0.508         
 0670    78  20.393   0.541         
 0670   387  20.406   0.567         
 0671    78  22.112   0.850         
 0671   387  22.171   0.799         
 0672    78  20.159   0.529         
 0672   387  20.134   0.538         
 0673    78  20.776   0.626         
 0673   387  20.810   0.606         
 0674    78  19.323   0.492         
 0674   387  19.306   0.506         
 0675    78  19.222   0.503         
 0675   387  19.221   0.514         
 0676   387  22.168   1.036         
 0677    78  20.124   0.546         
 0677   387  20.130   0.516         
 0678    78  20.142   0.527         
 0678   387  20.128   0.556         
 0679    78  20.768   0.555         
 0679   387  20.716   0.600         
 0680    78  19.356   0.488         
 0680   387  19.335   0.501         
 0681    78  19.396   0.484         
 0681   387  19.424   0.472         
 0682    78  18.139   0.677         
 0682   387  18.164   0.667         
 0683    78  19.572   0.540         
 0683   387  19.582   0.574         
 0684    78  21.798   1.249         
 0684   387  21.804   1.436         
 0685    78  19.401   0.568         
 0685   387  19.403   0.609         
 0686    78  17.937   0.656         
 0686   387  17.900   0.693         
 0687    78  20.030   1.597         
 0687   387  20.053   1.550         
 0688    78  20.704   0.631         
 0688   387  20.688   0.691         
 0689    78  19.722   0.569         
 0689   387  19.718   0.597         
 0690    78  20.096   1.213         
 0690   387  20.070   1.186         
 0691    78  19.897   0.588         
 0691   387  19.910   0.623         
 0692    78  18.657   0.797         
 0692   387  18.691   0.783         
 0693    78  21.325   0.089         
 0693   387  21.287   0.160         
 0694    78  18.672   0.525         
 0694   387  18.658   0.549         
 0695    78  20.778   0.698         
 0695   387  20.751   0.719         
 0696    78  21.898   0.857         
 0696   387  21.908   1.076         
 0697    78  20.251   0.533         
 0697   387  20.243   0.555         
 0698    78  20.917   0.730         
 0698   387  20.882   0.837         
 0699    78  21.089   0.644         
 0699   387  21.085   0.742         
 0700    78  19.707   0.488         
 0700   387  19.712   0.512         
 0701    78  20.209   0.518         
 0701   387  20.206   0.560         
 0702    78  17.506   0.958         
 0702   387  17.498   0.958         
 0703    78  18.743   0.489         
 0703   387  18.729   0.514         
 0704    78  19.889   0.578         
 0704   387  19.861   0.664         
 0705    78  19.483   0.484         
 0705   387  19.460   0.533         
 0706    78  21.395   0.682         
 0706   387  21.431   0.747         
 0707    78  21.038   1.495         
 0707   387  21.040   1.566         
 0708    78  19.172   0.470         
 0708   387  19.171   0.492         
 0709    78  18.895   0.799         
 0709   387  18.892   0.804         
 0710    78  19.287   0.484         
 0710   387  19.275   0.540         
 0711    78  19.287   0.480         
 0711   387  19.303   0.518         
 0712    78  17.983   0.902         
 0712   387  18.003   0.875         
 0713    78  20.116   0.539         
 0713   387  20.109   0.528         
 0714    78  18.477   0.616         
 0714   387  18.492   0.620         
 0715    78  20.958   0.704         
 0715   387  20.931   0.896         
 0716    78  21.234   0.626         
 0716   387  21.301   0.773         
 0717   387  21.905   1.208         
 0718    78  17.645   0.941         
 0718   387  17.658   0.921         
 0719    78  18.820   0.743         
 0719   387  18.818   0.797         
 0720    78  19.305   0.402         
 0720   387  19.166   0.553         
 0721    78  20.398   0.670         
 0721   387  20.433   0.731         
 0722    78  19.887   0.506         
 0722   387  19.863   0.536         
 0723    78  20.307   0.604         
 0723   387  20.359   0.542         
 0724    78  21.333   0.553         
 0724   387  21.295   0.895         
 0725    78  21.629   0.748         
 0725   387  21.568   0.858         
 0726    78  20.741   0.636         
 0726   387  20.754   0.665         
 0727    78  20.295   0.544         
 0727   387  20.289   0.576         
 0728    78  19.326   0.490         
 0728   387  19.328   0.515         
 0729    78  20.373   0.563         
 0729   387  20.383   0.549         
 0730    78  19.311   0.446         
 0730   387  19.328   0.419         
 0731    78  22.118   1.003         
 0731   387  22.120   0.785         
 0732    78  21.649   0.848         
 0732   387  21.850   1.047         
 0733    78  20.556   0.549         
 0733   387  20.574   0.631         
 0734    78  19.043   0.489         
 0734   387  19.043   0.517         
 0735    78  17.508   0.946         
 0735   387  17.506   0.930         
 0736    78  21.210   0.686         
 0736   387  21.214   0.638         
 0737    78  18.686   0.815         
 0737   387  18.700   0.788         
 0738    78  20.114   1.542         
 0738   387  20.112   1.628         
 0739    78  19.707   0.465         
 0739   387  19.686   0.512         
 0740    78  19.908   0.568         
 0740   387  19.884   0.587         
 0741    78  21.725   0.805         
 0741   387  21.734   0.717         
 0742    78  20.033   0.554         
 0742   387  20.038   0.574         
 0743    78  19.822   0.522         
 0743   387  19.794   0.560         
 0744    78  18.695   0.488         
 0744   387  18.684   0.510         
 0745    78  21.418   0.659         
 0745   387  21.374   0.670         
 0746    78  21.682   0.544         
 0746   387  21.713   0.548         
 0747    78  19.988   0.514         
 0747   387  19.980   0.529         
 0748   387  21.655   0.719         
 0749    78  20.504   1.570         
 0749   387  20.470   1.460         
 0750    78  19.237   0.485         
 0750   387  19.238   0.507         
 0751    78  19.983   0.508         
 0751   387  19.967   0.521         
 0752    78  19.298   0.475         
 0752   387  19.299   0.506         
 0753   387  22.804   1.414         
 0754    78  20.257   0.524         
 0754   387  20.226   0.525         
 0755    78  20.632   0.564         
 0755   387  20.606   0.584         
 0756    78  21.911   1.170         
 0756   387  21.887   1.001         
 0757    78  16.859   0.649         
 0757   387  16.877   0.639         
 0758    78  22.220   0.782         
 0758   387  22.144   0.857         
 0759    78  17.782   0.906         
 0759   387  17.780   0.893         
 0760    78  19.508   0.472         
 0760   387  19.500   0.508         
 0761    78  20.782   0.593         
 0761   387  20.761   0.586         
 0762    78  22.254   1.050         
 0762   387  22.230   0.854         
 0763    78  22.154   0.948         
 0763   387  22.167   0.850         
 0764    78  21.685   0.736         
 0764   387  21.716   0.717         
 0765    78  20.569   0.686         
 0765   387  20.564   0.711         
 0766    78  19.583   0.476         
 0766   387  19.586   0.493         
 0767    78  22.707   0.981         
 0767   387  22.735   0.947         
 0768    78  21.559   0.749         
 0768   387  21.564   0.738         
 0769    78  19.507   0.465         
 0769   387  19.486   0.482         
 0770    78  19.644   1.407         
 0770   387  19.634   1.302         
 0771    78  20.910   0.645         
 0771   387  20.953   0.639         
 0772    78  18.958   0.495         
 0772   387  18.945   0.507         
 0773    78  21.113   0.637         
 0773   387  21.088   0.647         
 0774    78  18.950   1.373         
 0774   387  18.965   1.271         
 0775    78  18.601   0.491         
 0775   387  18.602   0.508         
 0776    78  20.450   0.635         
 0776   387  20.444   0.620         
 0777   387  22.912   1.368         
 0778    78  19.144   0.981         
 0778   387  19.268   0.938         
 0779    78  22.001   1.464         
 0779   387  21.994   1.273         
 0780    78  20.900   0.637         
 0780   387  20.910   0.611         
 0781    78  21.893   0.731         
 0781   387  21.878   0.816         
 0782    78  18.574   0.769         
 0782   387  18.588   0.760         
 0783    78  17.808   0.793         
 0783   387  17.824   0.798         
 0784    78  17.652   0.927         
 0784   387  17.650   0.882         
 0785    78  21.389   0.725         
 0785   387  21.280   0.789         
 0786    78  20.321   0.550         
 0786   387  20.320   0.564         
 0787    78  20.106   0.531         
 0787   387  20.090   0.530         
 0788    78  17.739   0.592         
 0788   387  17.748   0.581         
 0789    78  20.302   0.946         
 0789   387  20.336   0.928         
 0790    78  20.713   0.675         
 0790   387  20.733   0.724         
 0791    78  18.796   0.464         
 0791   387  18.796   0.487         
 0792    78  20.586   1.586         
 0792   387  20.658   1.402         
 0793    78  19.167   1.514         
 0793   387  19.210   1.363         
 0794    78  20.981   0.643         
 0794   387  20.981   0.591         
 0795    78  21.174   0.666         
 0795   387  21.184   0.649         
 0796    78  22.081   0.809         
 0796   387  22.066   0.828         
 0797    78  22.052   0.877         
 0797   387  22.008   0.900         
 0798    78  21.451   0.725         
 0798   387  21.461   0.703         
 0799    78  21.061   0.857         
 0799   387  21.306   0.649         
 0800    78  20.139   0.563         
 0800   387  20.189   0.518         
 0801    78  19.377   0.449         
 0801   387  19.374   0.469         
 0802    78  21.482   0.715         
 0802   387  21.535   0.727         
 0803   387  19.460   0.804         
 0804    78  21.514   1.578         
 0804   387  21.534   1.446         
 0805    78  21.875   0.898         
 0805   387  21.924   0.807         
 0806    78  20.939   0.697         
 0806   387  21.062   0.718         
 0807    78  20.748   0.393         
 0807   387  20.734   0.584         
 0808   387  21.169   0.643         
 0809   387  17.002   0.533         
 0810   387  20.178   1.223         
 0811   387  16.845   0.397         
 0812   387  21.663   0.726         
 0813   387  19.858   0.486         
 0814   387  18.915   1.001         
 0815   387  20.308   0.536         
 0816   387  17.935   1.346         
 0817   387  19.981   0.518         
 0818   387  18.797   0.475         
 0819   387  19.517   0.481         
 0820   387  20.164   0.509         
 0821   387  19.589   0.495         
 0822   387  19.487   0.454         
 0823   387  20.154   0.571         
 0824   387  21.057   1.200         
 0825   387  21.086   0.630         
 0826   387  19.532   0.488         
 0827   387  20.041   0.500         
 0828   387  19.397   0.468         
 0829   387  20.462   1.436         
 0830   387  21.258   1.095         
 0831   387  21.980   1.240         
 0832   387  21.016   1.336         
 0833   387  22.646   1.395         
 0834   387  22.109   0.670         
 0835   387  20.037   0.501         
 0836   387  18.379   0.622         
 0837   387  19.108   0.470         
 0838   387  19.215   0.587         
 0839   387  22.198   0.819         
 0840   387  19.985   0.495         
 0841   387  19.825   0.888         
 0842   387  20.105   0.460         
 0843   387  20.642   1.479         
 0844   387  20.848   0.797         
 0845   387  19.431   0.634         
 0846   387  19.271   0.703         
 0847   387  20.151   1.324         
 0848   387  18.462   0.580         
 0849   387  19.464   1.423         
 0850   387  20.684   0.702         
 0851   387  18.642   0.647         
 0852   387  18.736   0.778         
 0853   387  16.186   0.547         
 0854   387  19.550   0.686         
 0855   387  19.643   0.506         
 0856   387  16.648   1.237         
 0857   387  21.267   1.488         
 0858    78  21.051   0.937         
 0858   387  21.284   1.060         
 0859    78  20.096   0.522         
 0859   387  20.083   0.507         
 0860    78  20.444   0.595         
 0860   387  20.485   0.559         
 0861    78  20.159   0.528         
 0861   387  20.164   0.549         
 0862    78  20.352   0.678         
 0862   387  20.370   0.717         
 0863    78  19.202   0.970         
 0863   387  19.208   0.934         
 0864    78  21.813   0.782         
 0864   387  21.805   0.765         
 0865    78  20.162   0.519         
 0865   387  20.148   0.529         
 0866    78  21.062   0.625         
 0866   387  21.061   0.689         
 0867    78  19.173   0.502         
 0867   387  19.168   0.539         
 0868    78  18.876   0.958         
 0868   387  18.855   0.987         
 0869    78  17.736   0.898         
 0869   387  17.739   0.905         
 0870    78  21.339   0.705         
 0870   387  21.289   0.740         
 0871    78  18.562   0.573         
 0871   387  18.557   0.614         
 0872    78  19.470   1.484         
 0872   387  19.455   1.490         
 0873    78  20.082   0.514         
 0873   387  20.097   0.573         
 0874    78  19.096   0.502         
 0874   387  19.070   0.550         
 0875   387  21.647   0.771         
 0876    78  19.977   0.312         
 0876   387  19.750   0.582         
 0877    78  20.128   0.527         
 0877   387  20.093   0.550         
 0878    78  20.233   0.530         
 0878   387  20.214   0.581         
 0879    78  20.335   0.564         
 0879   387  20.350   0.592         
 0880    78  18.293   0.524         
 0880   387  18.293   0.549         
 0881    78  19.260   0.472         
 0881   387  19.250   0.512         
 0882    78  20.990   0.685         
 0882   387  20.957   0.750         
 0883    78  19.191   0.495         
 0883   387  19.178   0.530         
 0884    78  18.976   0.442         
 0884   387  18.912   0.531         
 0885    78  18.838   0.480         
 0885   387  18.816   0.498         
 0886    78  21.698   0.857         
 0886   387  21.713   0.780         
 0887    78  19.681   0.552         
 0887   387  19.645   0.565         
 0888    78  20.574   1.075         
 0888   387  20.584   1.012         
 0889    78  21.650   1.287         
 0889   387  21.699   1.343         
 0890    78  22.058   0.859         
 0890   387  22.085   0.822         
 0891    78  17.070   0.533         
 0891   387  17.059   0.552         
 0892    78  20.805   0.606         
 0892   387  20.789   0.609         
 0893    78  20.850   0.649         
 0893   387  20.898   0.502         
 0894    78  18.794   0.689         
 0894   387  18.783   0.685         
 0895    78  21.545   1.417         
 0895   387  21.543   1.404         
 0896    78  20.938   0.632         
 0896   387  20.917   0.651         
 0897    78  19.389   0.480         
 0897   387  19.381   0.479         
 0898    78  21.433   1.111         
 0898   387  21.388   1.040         
 0899    78  20.735   0.677         
 0899   387  20.738   0.737         
 0900   387  20.620   1.095         
 0901    78  20.315   0.529         
 0901   387  20.309   0.559         
 0902    78  20.665   0.596         
 0902   387  20.705   0.563         
 0903   387  16.442   0.740         
 0904    78  21.814   0.866         
 0904   387  21.855   0.802         
 0905   387  18.632   0.593         
 0906   387  22.526   1.398         
 0907   387  21.494   1.247         
 0908   387  21.618   0.758         
 0909   387  21.501   1.295         
 0910   387  21.105   1.130         
 0911   387  21.490   0.692         
 0912   387  22.033   1.397         
 0913   387  19.716   0.485         
 0914   387  20.429   0.503         
 0915   387  17.738   1.076         
 0916    78  18.200   0.501         
 0916   387  18.186   0.534         
 0917    78  20.276   0.558         
 0917   387  20.268   0.567         
 0918    78  21.427   0.729         
 0918   387  21.486   0.981         
 0919    78  20.039   0.514         
 0919   387  20.036   0.529         
 0920    78  22.003   0.796         
 0920   387  22.041   0.784         
 0921    78  19.488   0.483         
 0921   387  19.504   0.505         
 0922    78  21.322   1.638         
 0922   387  21.383   1.691         
 0923   387  19.095   0.739         
 0924    78  22.620   0.982         
 0924   387  22.661   0.895         
 0925    78  20.520   0.550         
 0925   387  20.517   0.608         
 0926    78  20.798   0.639         
 0926   387  20.889   0.705         
 0927    78  19.344   0.525         
 0927   387  19.328   0.574         
 0928    78  19.868   0.525         
 0928   387  19.882   0.533         
 0929    78  18.639   0.625         
 0929   387  18.647   0.650         
 0930    78  18.638   0.478         
 0930   387  18.619   0.536         
 0931    78  21.699   0.847         
 0931   387  21.875   0.928         
 0932    78  21.189   0.662         
 0932   387  21.179   0.647         
 0933    78  16.465   0.984         
 0933   387  16.447   0.988         
 0934    78  17.076   0.704         
 0934   387  17.094   0.679         
 0935    78  21.004   0.714         
 0935   387  20.926   0.709         
 0936    78  21.943   0.847         
 0936   387  21.878   0.815         
 0937    78  18.208   1.100         
 0937   387  18.212   1.084         
 0938    78  21.046   1.369         
 0938   387  21.092   1.316         
 0939    78  21.909   1.007         
 0939   387  21.930   0.865         
 0940    78  19.028   0.620         
 0940   387  19.028   0.622         
 0941    78  17.978   0.670         
 0941   387  17.998   0.687         
 0942   387  19.551   0.490         
 0943   387  20.061   1.337         
 0944   387  20.513   1.252         
 0945   387  17.022   0.499         
 0946   387  17.551   0.637         
 0947   387  18.486   1.243         
 0948   387  20.892   0.680         
 0949    78  16.191   1.056         
 0949   387  16.221   1.023         
 0950    78  15.855   0.972         
 0950   387  15.856   0.988         
 0951    78  19.419   0.489         
 0951   387  19.427   0.518         
 0952    78  19.011   0.495         
 0952   387  19.013   0.506         
 0953    78  19.565   0.524         
 0953   387  19.573   0.559         
 0954    78  19.671   0.476         
 0954   387  19.666   0.536         
 0955    78  20.671   0.689         
 0955   387  20.705   0.904         
 0956    78  18.831   0.500         
 0956   387  18.860   0.482         
 0957    78  19.912   0.533         
 0957   387  19.940   0.531         
 0958    78  20.536   0.609         
 0958   387  20.595   0.662         
 0959    78  18.332   0.293         
 0959   387  18.316   0.401         
 0960    78  18.739   0.500         
 0960   387  18.738   0.527         
 0961    78  21.643   0.846         
 0961   387  21.660   0.741         
 0962    78  19.216   0.495         
 0962   387  19.211   0.507         
 0963    78  15.771   0.572         
 0963   387  15.754   0.578         
 0964    78  21.130   0.677         
 0964   387  21.194   0.694         
 0965    78  15.545   0.482         
 0965   387  15.555   0.470         
 0966   387  16.859   1.290         
 0967   387  15.697   0.442         
 0968   387  19.827   1.359         
 0969   387  15.795   0.573         
 0970   387  21.502   0.734         
 0971   387  15.936   0.577         
 0972    78  20.165   1.335         
 0972   387  20.138   1.353         
 0973    78  15.656   0.670         
 0973   387  15.659   0.663         
 0974    78  19.908   0.525         
 0974   387  19.876   0.557         
 0975    78  18.450   0.883         
 0975   387  18.359   1.107         
 0976    78  20.708   0.604         
 0976   387  20.666   0.616         
 0977   387  20.993   1.184         
 0978   387  20.918   0.999         
 0979   387  19.882   0.439         
 0980   387  21.745   0.674         
 0981    78  15.891   0.980         
 0981   387  15.883   0.983         
 0982    78  19.684   0.519         
 0982   387  19.707   0.548         
 0983    78  21.838   0.931         
 0983   387  21.726   1.161         
 0984    78  21.557   0.753         
 0984   387  21.516   0.721         
 0985   387  22.442   0.853         
 0986    78  20.247   0.559         
 0986   387  20.259   0.477         
 0987    78  21.447   0.652         
 0987   387  21.382   0.290         
 0988    78  19.597   0.479         
 0988   387  19.569   0.524         
 0989    78  19.225   0.470         
 0989   387  19.175   0.526         
 0990    78  20.356   0.615         
 0990   387  20.300   0.643         
 0991   387  15.179   0.493         
 0992    78  15.491   0.664         
 0992   387  15.493   0.674         
 0993    78  15.466   0.849         
 0993   387  15.444   0.876         
 0994    78  14.587   1.563         
 0994   387  14.585   1.535         
 0995    78  15.728   0.948         
 0995   387  15.729   0.943         
 0996    78  20.351   0.584         
 0996   387  20.349   0.590         
 0997    78  20.603   0.568         
 0997   387  20.587   0.586         
 0998   387  15.775   1.044         
 0999   387  15.352   0.801         
 1000    78  19.996   0.536         
 1000   387  19.987   0.658         
 1001    78  20.249   0.543         
 1001   387  20.251   0.532         
 1002   387  22.114   0.735         
 1003    78  20.428   0.558         
 1003   387  20.405   0.568         
 1004   387  15.765   0.881         
 1005   387  15.361   1.105         
 1006   387  15.441   0.596         
 1007   387  15.492   0.649         
 1008    78  19.385   0.510         
 1008   387  19.382   0.345         
 1009    78  14.377   1.669         
 1009   387  14.310   1.694         
 1010    78  19.971   0.478         
 1010   387  19.927   0.416         
 1011    78  19.340   0.482         
 1011   387  19.336   0.495         
 1012    78  19.777   0.516         
 1012   387  19.714   0.550         
 1013    78  20.126   0.550         
 1013   387  20.145   0.536         
 1014    78  22.209   1.312         
 1014   387  22.169   1.341         
 1015    78  19.540   0.492         
 1015   387  19.532   0.481         
 1016    78  18.986   0.447         
 1016   387  18.974   0.489         
 1017    78  20.208   0.674         
 1017   387  20.379   0.560         
 1018   387  19.757   1.221         
 1019   387  15.377   0.770         
 1020   387  20.576   1.951         
 1021    78  19.772   0.600         
 1021   387  19.821   0.482         
 1022    78  19.955   0.490         
 1022   387  19.939   0.554         
 1023    78  19.991   0.803         
 1023   387  19.980   0.867         
 1024    78  14.480   1.611         
 1024   387  14.458   1.609         
 1025    78  20.740   0.663         
 1025   387  20.709   0.657         
 1026   387  20.748   1.012         
 1027    78  19.287   0.461         
 1027   387  19.175   0.540         
 1028    78  19.634   0.530         
 1028   387  19.630   0.539         
 1029    78  16.810   1.033         
 1029   387  16.811   1.030         
 1030    78  19.612   0.528         
 1030   387  19.620   0.516         
 1031   387  22.610   0.930         
 1032   387  21.944   0.806         
 1033   387  22.549   0.828         
 1034   387  22.192   0.790         
 1035   387  22.749   0.908         
 1036   387  22.734   0.923         
 1037    78  22.375   0.710         
 1037   387  22.427   0.673         
 1038    78  22.481   0.929         
 1038   387  22.502   0.936         
 1039    78  22.253   0.977         
 1039   387  22.307   0.905         
 1040    78  22.565   0.793         
 1040   387  22.689   0.952         
 1041   387  22.877   0.909         
 1042    78  22.592   1.070         
 1042   387  22.571   1.039         
 1043   387  22.597   0.927         
 1044    78  22.362   0.935         
 1044   387  22.471   0.851         
 1045    78  20.980   0.635         
 1045   387  20.969   0.672         
 1046    78  22.430   0.968         
 1046   387  22.400   0.835         
 1047    78  22.393   0.862         
 1047   387  22.419   0.895         
 1048    78  22.168   0.874         
 1048   387  22.126   0.882         
 1049    78  22.459   0.863         
 1049   387  22.456   0.906         
 1050   387  22.677   0.971         
 1051   387  22.720   0.859         
 1052   387  22.490   0.891         
 1053   387  22.587   0.990         
 1054   387  22.568   0.825         
 1055   387  22.473   0.799         
 1056   387  22.725   0.991         
 1057   387  22.919   1.121         
 1058    78  22.593   0.736         
 1058   387  22.642   1.002         
 1059    78  22.133   0.923         
 1059   387  22.127   0.833         
 1060    78  21.274   0.808         
 1060   387  21.303   0.763         
 1061    78  22.721   1.155         
 1061   387  22.670   0.895         
 1062    78  22.460   0.857         
 1062   387  22.419   0.936         
 1063    78  22.385   1.028         
 1063   387  22.476   0.859         
 1064    78  21.963   0.519         
 1064   387  21.903   0.552         
 1065   387  22.739   0.915         
 1066   387  22.708   0.979         
 1067   387  22.741   0.816         
 1068   387  22.491   0.918         
 1069   387  22.400   1.038         
 1070    78  22.702   0.860         
 1070   387  22.796   0.959         
 1071   387  22.667   0.942         
 1072   387  17.013   0.841         
 1073   387  22.210   0.908         
 1074   387  22.902   0.892         
 1075    78  20.543   0.578         
 1075   387  20.510   0.593         
 1076    78  19.714   0.430         
 1076   387  19.660   0.474         
 1077    78  18.570   0.543         
 1077   387  18.545   0.566         
 1078    78  20.672   0.510         
 1078   387  20.654   0.612         
 1079    78  20.793   0.572         
 1079   387  20.720   0.621         
 1080    78  20.537   0.440         
 1080   387  20.424   0.729         
 1081    78  18.873   0.444         
 1081   387  18.873   0.445         
 1082    78  20.901   0.647         
 1082   387  20.907   0.632         
 1083   387  21.383   1.218         
 1084    78  17.549   0.610         
 1084   387  17.605   0.601         
 1085    78  18.063   1.285         
 1085   387  18.095   1.110         
 1086    78  21.069   0.653         
 1086   387  21.067   0.608         
 1087    78  20.599   0.635         
 1087   387  20.651   0.637         
 1088    78  19.776   0.632         
 1088   387  19.836   0.639         
 1089    78  21.095   0.603         
 1089   387  21.008   0.661         
 1090   387  20.983   1.457         
 1091   387  21.927   0.754         
 1092   387  21.368   1.254         
 1093   387  19.510   1.279         
 1094   387  19.990   1.548         
 1095   387  21.068   0.673         
 1096   387  21.882   0.669         
 1097   387  22.189   1.236         
 1098   387  20.082   0.921         
 1099   387  21.967   0.860         
 1100    78  21.245   0.594         
 1100   387  21.355   0.682         
 1101   387  21.480   1.530         
 1102   387  21.527   0.767         
 1103   387  21.772   0.725         
 1104    78  22.029   0.791         
 1104   387  21.859   0.936         
 1105   387  20.760   1.188         
 1106    78  22.211   0.797         
 1106   387  22.371   0.782         
 1107   387  21.829   0.658         
 1108   387  23.005   0.889         
 1109   387  22.736   0.908         
 1110   387  22.426   0.743         
 1111    78  22.881   0.745         
 1111   387  22.747   0.935         
 1112   387  22.798   1.006         
 1113    78  22.878   0.911         
 1113   387  22.803   1.132         
 1114   387  22.654   0.892         
 1115   387  22.637   0.929         
 1116   387  23.250   1.459         
 1117    78  22.154   0.874         
 1117   387  22.222   0.874         
 1118   387  23.035   0.870         
 1119    78  22.188   0.948         
 1119   387  22.340   0.905         
 1120    78  22.847   1.093         
 1120   387  22.759   0.969         
 1121    78  22.640   0.939         
 1121   387  22.535   0.956         
 1122   387  22.981   1.112         
 1123   387  22.961   0.972         
 1124    78  22.133   1.034         
 1124   387  22.429   0.876         
 1125   387  22.450   0.873         
 1126   387  22.562   1.003         
 1127    78  22.507   0.994         
 1127   387  22.618   1.003         
 1128    78  22.591   0.830         
 1128   387  22.632   0.941         
 1129    78  22.555   0.971         
 1129   387  22.483   0.904         
 1130   387  22.970   1.007         
 1131    78  22.791   1.099         
 1131   387  22.778   1.034         
 1132    78  22.787   0.617         
 1132   387  22.677   0.971         
 1133   387  22.734   0.937         
 1134    78  22.805   1.022         
 1134   387  22.764   0.780         
 1135   387  22.684   0.986         
 1136   387  22.539   0.900         
 1137    78  22.492   1.193         
 1137   387  22.592   0.843         
 1138   387  23.053   1.000         
 1139   387  22.869   0.943         
 1140   387  22.787   0.866         
 1141   387  22.760   0.748         
 1142   387  23.070   0.836         
 1143   387  22.658   0.989         
 1144   387  22.903   0.922         
 1145    78  21.519   0.699         
 1145   387  21.627   0.669         
 1146   387  22.131   0.953         
 1147   387  22.581   0.382         
 1148   387  22.650   1.116         
 1149   387  22.002   0.120         
 1150   387  22.014   0.772         
 1151   387  22.098   1.025         
 1152   387  21.470   1.455         
 1153   387  19.615   0.392         
 1154   387  21.241   1.523         
 1155   387  22.846   0.148         
 1156   387  21.162   1.475         
 1157   387  21.917   1.185         
 1158   387  22.677   0.853         
 1159   387  22.476   0.929         
 1160   387  22.619   0.876         
 1161   387  21.176   0.771         
 1162   387  22.393   0.908         
 1163   387  22.915   0.906         
 1164   387  22.767   0.888         
 1165   387  23.023   0.571         
 1166    78  21.796   1.004         
 1166   387  21.815   0.977         
 1167   387  23.123   0.878         
 1168   387  21.138   0.664         
 1169   387  22.506   1.320         
 1170   387  23.217   1.047         
 1171   387  23.427   0.778         
 1172   387  22.930   0.943         
 1173   387  22.030   1.323         
 1174   387  22.123   0.873         
 1175   387  21.905   0.675         
 1176   387  22.480   0.766         
 1177   387  22.629   1.035         
 1178   387  19.815   1.417         
 1179   387  22.605   1.026         
 1180   387  22.026   1.656         
 1181   387  21.477   2.006         
 1182   387  22.954   0.146         
 1183   387  23.670                 
 1184   387  22.290                 
 1185   387  22.010                 
 1186   387  21.390                 
 1187   387  22.950                 
 1188   387  23.460                 
 1189   387  23.680                 
 1190   387  22.740                 
 1191   387  22.380                 
 1192   387  20.710                 
 1193   387  22.190                 
 1194   387  22.200                 
 1195   387  22.090                 
 1196   387  22.740                 
 1197   387  23.540                 
 1198   387  22.590                 
 1199    78  22.128   1.519         
 1199   387  22.040                 
 1200   387  22.260                 
 1201   387  23.190                 
 1202   387  23.570                 
 1203   387  23.360                 
 1204   387  22.200                 
 1205   387  23.240                 
 1206   387  23.030                 
 1207   387  23.600                 
 1208   387  22.460                 
 1209   387  23.780                 
 1210    78  21.768   1.151         
 1210   387  21.760                 
 1211   387  22.430                 
 1212   387  21.080                 
 1213   387  22.310                 
 1214   387  23.440                 
 1215   387  23.000                 
 1216   387  22.870                 
 1217    78  22.490   1.380         
 1217   387  22.510                 
 1218   387  23.140                 
 1219   387  23.520                 
 1220    78  20.049   0.645         
 1220   387  20.040                 
 1221    78  21.991   1.484         
 1221   387  22.040                 
 1222   387  22.340                 
 1223   387  23.340                 
 1224   387  23.020                 
 1225    78  22.236   1.759         
 1225   387  22.240                 
 1226   387  22.610                 
 1227   387  22.880                 
 1228   387  22.600                 
 1229    78  22.152   0.779         
 1229   387  22.150                 
 1230    78  22.225   1.501         
 1230   387  22.320                 
 1231   387  23.090                 
 1232   387  22.420                 
 1233   387  22.890                 
 1234   387  21.120                 
 1235   387  23.520                 
 1236   387  22.170                 
 1237   387  23.060                 
 1238   387  22.730                 
 1239   387  22.250                 
 1240    78  22.168   0.850         
 1240   387  22.180                 
 1241   387  21.690                 
 1242   387  22.190                 
 1243   387  22.260                 
 1244   387  23.510                 
 1245   387  23.650                 
 1246    78  22.336   0.918         
 1246   387  22.330                 
 1247    78  22.391   0.923         
 1247   387  22.300                 
 1248   387  23.450                 
 1249    78  22.164   0.811         
 1249   387  22.160                 
 1250    78  21.572   1.289         
 1250   387  21.570                 
 1251    78  21.744   1.328         
 1251   387  21.740                 
 1252   387  22.230                 
 1253    78  21.872   0.804         
 1253   387  21.900                 
 1254    78  21.982   0.828         
 1254   387  21.990                 
 1255   387  22.070                 
 1256   387  23.120                 
 1257   387  22.300                 
 1258   387  22.400                 
 1259   387  21.010                 
 1260   387  23.250                 
 1261   387  23.470                 
 1262   387  22.090                 
 1263    78  22.587   1.008         
 1263   387  22.540                 
 1264   387  23.780                 
 1265   387  22.330                 
 1266   387  23.260                 
 1267    78  22.493   0.953         
 1267   387  22.760                 
 1268    78  21.853   1.489         
 1268   387  22.000                 
 1269   387  22.050                 
 1270   387  22.880                 
 1271    78  20.862   1.020         
 1271   387  21.170                 
 1272   387  22.540                 
 1273   387  22.470                 
 1274   387  22.330                 
 1275   387  23.110                 
 1276   387  23.670                 
 1277   387  23.060                 
 1278   387  23.180                 
 1279   387  21.470                 
 1280   387  21.940                 
 1281   387  21.390                 
 1282   387  23.170                 
 1283   387  21.730                 
 1284   387  20.790                 
 1285   387  22.110                 
 1286   387  21.280                 
 1287   387  21.050                 
 1288   387  23.280                 
 1289   387  22.620                 
 1290   387  23.030                 
 1291   387  22.040                 
 1292   387  23.590                 
 1293   387  22.690                 
 1294   387  22.840                 
 1295   387  22.750                 
 1296   387  21.290                 
 1297   387  22.030                 
 1298   387  22.280                 
 1299   387  22.810                 
 1300   387  23.550                 
 1301   387  23.120                 
 1302   387  21.460                 
 1303   387  22.460                 
 1304   387  21.910                 
 1305   387  22.850                 
 1306   387  21.630                 
 1307   387  18.600                 
 1308   387  21.350                 
 1309   387  22.940                 
 1310   387  21.830                 
 1311   387  22.340                 
 1312   387  22.300                 
 1313   387  21.880                 
 1314   387  23.440                 
 1315   387  23.340                 
 1316   387  21.060                 
 1317   387  22.310                 
 1318   387  22.380                 
 1319   387  23.310                 
 1320   387  22.350                 
 1321   387  22.600                 
 1322   387  22.240                 
 1323   387  21.800                 
 1324   387  22.620                 
 1325   387  21.990                 
 1326   387  21.390                 
 1327   387  22.110                 
 1328   387  22.300                 
 1329   387  22.090                 
 1330   387  22.000                 
 1331   387  21.610                 
 1332   387  21.700                 
 1333   387  22.430                 
 1334   387  22.730                 
 1335   387  23.310                 
 1336   387  23.110                 
 1337   387  22.910                 
 1338   387  22.610                 
 1339   387  21.870                 
 1340   387  23.060                 
 1341   387  23.420                 
 1342   387  23.200                 
 1343    78  21.569   1.564         
 1343   387  21.680                 
 1344   387  21.660                 
 1345   387  23.450                 
 1346   387  23.000                 
 1347    78  22.018   1.395         
 1347   387  22.010                 
 1348   387  22.440                 
 1349   387  23.150                 
 1350   387  17.050                 
 1351    78  22.033   1.500         
 1351   387  22.090                 
 1352    78  21.846   0.817         
 1352   387  21.810                 
 1353    78  21.424   0.708         
 1353   387  21.430                 
 1354    78  22.473   1.029         
 1354   387  22.560                 
 1355    78  21.965   0.897         
 1355   387  21.990                 
 1356    78  22.018   0.964         
 1356   387  22.080                 
 1357   387  22.190                 
 1358   387  22.270                 
 1359   387  22.660                 
 1360   387  21.150                 
 1361    78  21.981   1.348         
 1361   387  21.910                 
 1362   387  23.280                 
 1363   387  23.510                 
 1364   387  23.160                 
 1365   387  23.110                 
 1366   387  22.770                 
 1367   387  22.560                 
 1368   387  22.510                 
 1369   387  21.850                 
 1370   387  21.560                 
 1371   387  23.890                 
 1372   387  22.000                 
 1373   387  22.330                 
 1374   387  22.980                 
 1375   387  23.400                 
 1376   387  23.260                 
 1377   387  22.630                 
 1378   387  21.690                 
 1379   387  21.640                 
 1380   387  22.010                 
 1381   387  21.970                 
 1382   387  21.880                 
 1383   387  21.740                 
 1384   387  22.390                 
 1385   387  22.560                 
 1386   387  22.700                 
 1387   387  23.120                 
 1388    78  21.491   1.208         
 1388   387  21.530                 
 1389   387  21.550                 
 1390   387  22.140                 
 1391   387  21.810                 
 1392   387  21.470                 
 1393   387  22.220                 
 1394   387  22.030                 
 1395   387  19.120                 
 1396    78  21.610   0.726         
 1396   387  21.600                 
 1397   387  23.230                 
 1398    78  22.095   0.949         
 1398   387  22.130                 
 1399   387  22.630                 
 1400   387  21.840                 
 1401   387  21.870                 
 1402   387  23.920                 
 1403   387  23.680                 
 1404   387  18.930                 
 1405   387  21.840                 
 1406   387  21.910                 
 1407   387  15.200                 
 1408   387  19.790                 
 1409   387  22.340                 
 1410   387  19.240                 
 1411   387  18.660                 
 1412   387  22.940                 
 1413   387  20.230                 
 1414    78  17.842   0.660         
 1414   387  18.080                 
 1415   387  13.240                 
 1416    78  14.906   0.499         
 1416   387  14.920                 
 1417    78  14.832   0.732         
 1417   387  14.810                 
 1418   387  13.540                 
 1419   387  22.530                 
 1420   387  14.910                 
 1421   387  14.090                 
 1422   387  14.040                 
 1423    78  22.192   0.890         
 1423   387  22.240                 
 1424   387  21.520                 
 1425   387  14.610                 
 1426   387  13.210                 
 1427   387  13.800                 
 1428    78  21.010   0.693         
 1428   387  20.970                 
 1429    78  21.350   0.820         
 1429   387  21.350                 
 1430   387  14.910                 
 1431   387  17.480                 
 1432   387  22.120                 
 1433   387  12.200                 
 1434   387  13.030                 
 1435   387  12.660                 
 1436   387  12.610                 
 1437   387  21.100                 
 1438   387  21.570                 
 1439   387  12.410                 
 1440   387  22.270                 
 1441   387  22.700                 
 1442    78  22.751   0.900         
 1442   387  22.870                 
 1443   387  22.350                 
 1444    78  22.377   0.895         
 1444   387  22.330                 
 1445    78  22.406   1.284         
 1445   387  22.420                 
 1446    78  22.519   0.898         
 1446   387  22.510                 
 1447    78  22.325   1.157         
 1447   387  22.450                 
 1448    78  22.529   0.810         
 1448   387  22.410                 
 1449    78  22.436   0.869         
 1449   387  22.600                 
 1450   387  21.220                 
 1451   387  22.600                 
 1452   387  22.760                 
 1453   387  22.820                 
 1454   387  23.000                 
 1455   387  22.800                 
 1456   387  22.730                 
 1457    78  22.889   0.996         
 1457   387  22.810                 
 1458   387  22.230                 
 1459   387  22.550                 
 1460   387  22.100                 
 1461    78  22.818   1.169         
 1461   387  22.740                 
 1462   387  22.540                 
 1463   387  22.270                 
 1464   387  22.690                 
 1465   387  22.790                 
 1466   387  23.100                 
 1467   387  23.050                 
 1468   387  22.340                 
 1469   387  22.510                 
 1470   387  22.610                 
 1471   387  21.680                 
 1472   387  22.530                 
 1473   387  20.160                 
 1474   387  15.870                 
 1475   387  20.960                 
 1476   387  16.500                 
 1477   387  16.350                 
 1478   387  18.350                 
 1479   387  16.650                 
 1480   387  19.000                 
 1481   387  17.390                 
 1482   387  17.390                 
 1483   387  18.870                 
 1484   387  22.220                 
 1485   387  21.680                 
 1486   387  23.280                 
 1487   387  20.580                 
 1488   387  16.520                 
 1489   387  23.060                 
 1490   387  21.070                 
 1491   387  21.460                 
 1492   387  17.400                 
 1493   387  20.850                 
 1494   387  23.190                 
 1495   387  23.260                 
 1496   387  19.200                 
 1497   387  22.470                 
 1498   387  20.650                 
 1499   387  19.420                 
 1500   387  20.540                 
 1501   387  22.400                 
 1502   387  20.420                 
 1503   387  21.070                 
 1504   387  22.110                 
 1505   387  19.710                 
 1506   387  20.770                 
 1507   387  20.660                 
 1508   387  18.400                 
 1509   387  20.270                 
 1510   387  18.180                 
 1511   387  21.390                 
 1512   387  22.420                 
 1513   387  22.120                 
 1514   387  18.890                 
 1515   387  17.780                 
 1516   387  20.030                 
 1517   387  21.160                 
 1518   387  21.360                 
 1519    78  22.225   0.906         
 1519   387  22.200                 
 1520   387  18.670                 
 1521   387  23.210                 
 1522   387  21.580                 
 1523   387  19.080                 
 1524   387  22.670                 
 1525   387  22.580                 
 1526   387  22.520                 
 1527   387  21.170                 
 1528    78  22.179   0.919         
 1528   387  22.110                 
 1529   387  22.480                 
 1530   387  23.750                 
 1531   387  22.120                 
 1532   387  23.390                 
 1533    78  20.468   0.501         
 1533   387  20.450                 
 1534   387  23.000                 
 1535   387  23.400                 
 1536   387  21.990                 
 1537   387  22.230                 
 1538    78  21.979   0.835         
 1538   387  21.860                 
 1539   387  22.760                 
 1540    78  22.780   0.892         
 1540   387  22.760                 
 1541    78  22.143   0.943         
 1541   387  22.170                 
 1542   387  22.670                 
 1543   387  23.580                 
 1544   387  23.090                 
 1545    78  23.110   0.900         
 1545   387  23.090                 
 1546   387  20.940                 
 1547   387  23.350                 
 1548   387  22.950                 
 1549   387  23.170                 
 1550   387  23.550                 
 1551    78  23.170   1.028         
 1551   387  23.090                 
 1552   387  23.280                 
 1553   387  23.560                 
 1554   387  23.100                 
 1555   387  22.000                 
 1556   387  22.880                 
 1557   387  23.840                 
 1558   387  23.600                 
 1559   387  23.200                 
 1560   387  23.680                 
 1561    78  19.292   0.573         
 1561   387  19.320                 
 1562   387  22.420                 
 1563   387  23.900                 
 1564    78  22.037   0.793         
 1564   387  21.980                 
 1565   387  22.690                 
 1566    78  22.738   0.699         
 1566   387  22.660                 
 1567    78  22.453   0.821         
 1567   387  22.470                 
 1568   387  23.690                 
 1569    78  22.167   0.946         
 1569   387  21.980                 
 1570    78  23.034   1.453         
 1570   387  23.020                 
 1571   387  23.270                 
 1572   387  22.650                 
 1573   387  23.350                 
 1574   387  22.980                 
 1575   387  22.810                 
 1576   387  23.220                 
 1577    78  22.762   0.699         
 1577   387  22.740                 
 1578   387  23.070                 
 1579    78  23.193   0.519         
 1579   387  23.180                 
 1580    78  21.928   0.763         
 1580   387  21.890                 
 1581   387  23.270                 
 1582   387  22.690                 
 1583   387  23.020                 
 1584   387  23.510                 
 1585   387  23.550                 
 1586   387  23.690                 
 1587   387  22.600                 
 1588   387  22.790                 
 1589   387  19.470                 
 1590   387  23.290                 
 1591   387  23.550                 
 1592   387  22.870                 
 1593   387  23.130                 
 1594   387  20.960                 
 1595   387  21.800                 
 1596    78  22.052   0.949         
 1596   387  21.970                 
 1597   387  21.940                 
 1598   387  22.540                 
 1599   387  22.960                 
 1600    78  22.060   0.600         
 1600   387  21.980                 
 1601    78  20.659   0.498         
 1601   387  20.670                 
 1602   387  22.060                 
 1603   387  21.990                 
 1604   387  23.590                 
 1605   387  23.240                 
 1606    78  22.468   1.089         
 1606   387  22.540                 
 1607    78  23.149   0.978         
 1607   387  23.160                 
 1608   387  23.440                 
 1609    78  20.532   0.718         
 1609   387  20.470                 
 1610   387  22.960                 
 1611   387  23.450                 
 1612    78  22.722   1.142         
 1612   387  22.820                 
 1613   387  23.340                 
 1614   387  22.880                 
 1615   387  22.970                 
 1616   387  19.740                 
 1617   387  23.460                 
 1618   387  23.220                 
 1619   387  23.010                 
 1620   387  22.800                 
 1621   387  23.030                 
 1622   387  20.450                 
 1623   387  23.340                 
 1624   387  23.180                 
 1625   387  21.960                 
 1626   387  23.590                 
 1627   387  23.430                 
 1628   387  22.120                 
 1629   387  23.000                 
 1630   387  23.380                 
 1631   387  23.460                 
 1632   387  21.660                 
 1633   387  22.920                 
 1634   387  22.620                 
 1635   387  23.200                 
 1636   387  23.350                 
 1637   387  23.110                 
 1638   387  23.240                 
 1639   387  23.300                 
 1640   387  23.580                 
 1641   387  23.280                 
 1642   387  23.150                 
 1643   387  22.150                 
 1644   387  23.040                 
 1645   387  23.150                 
 1646   387  23.540                 
 1647   387  23.420                 
 1648   387  22.550                 
 1649   387  21.920                 
 1650    78  21.293   1.440         
 1651    78  21.001   0.874         
 1652    78  21.022   1.689         
 1653    78  21.805   0.813         
 1654    78  16.146   0.693         
 1655    78  20.003   1.458         
 1656    78  19.413   1.432         
 1657    78  20.306   1.205         
 1658    78  16.530   0.729         
 1659    78  21.251   0.769         
 1660    78  20.033   1.689         
 1661    78  17.995   0.691         
 1662    78  21.574   1.522         
 1663    78  20.560   0.472         
 1664    78  17.113   0.429         
 1665    78  19.215   0.790         
 1666    78  19.524   0.651         
 1667    78  21.483   0.956         
 1668    78  16.842   0.536         
 1669    78  21.286   0.630         
 1670    78  15.666   0.440         
 1671    78  18.020   1.071         
 1672    78  19.555   1.624         
 1673    78  21.296   1.101         
 1674    78  18.361   0.696         
 1675    78  18.027   1.029         
 1678    78  16.780   0.765         
 1679    78  14.200   0.579         
 1681    78  20.178   1.179         
 1682    78  18.990   0.799         
 1683    78  19.273   0.906         
 1684    78  21.816   1.323         
 1685    78  17.509   0.719         
 1686    78  14.542   0.672         
 1687    78  18.940   0.901         
 1688    78  21.929   0.730         
 1689    78  19.387   1.088         
 1690    78  20.351   1.085         
 1691    78  18.813   0.799         
 1692    78  18.176   1.234         
 1694    78  19.659   0.862         
 1695    78  19.229   1.144         
 1696    78  20.703   1.510         
 1697    78  20.964   1.535         
 1698    78  19.610   0.850         
 1699    78  21.742   1.153         
 1700    78  16.124   0.855         
 1701    78  18.923   0.462         
 1702    78  21.713   1.678         
 1704    78  19.108   0.879         
 1705    78  19.032   0.491         
 1706    78  17.781   0.745         
 1708    78  19.264   0.749         
 1709    78  20.310   1.055         
 1710    78  20.629   1.125         
 1711    78  21.136   1.135         
 1712    78  19.434   0.463         
 1713    78  21.212   0.706         
 1714    78  20.516   1.149         
 1715    78  19.399   0.994         
 1716    78  18.455   0.573         
 1717    78  17.883   0.624         
 1718    78  16.295   1.102         
 1719    78  21.159   1.412         
 1720    78  15.301   0.550         
 1722    78  18.524   0.653         
 1723    78  20.591   0.576         
 1724    78  21.587   1.178         
 1725    78  18.831   0.843         
 1726    78  18.346   0.553         
 1727    78  17.620   1.182         
 1728    78  21.991   0.517         
 1729    78  20.176   0.962         
 1730    78  20.208   0.714         
 1731    78  21.075   0.647         
 1732    78  16.558   0.819         
 1733    78  15.252   0.444         
 1734    78  17.506   0.498         
 1735    78  18.715   0.682         
 1736    78  18.926   1.506         
 1737    78  15.172   0.973         
 1738    78  22.041   1.319         
 1739    78  21.523   1.430         
 1740    78  16.603   0.563         
 1741    78  19.711   1.105         
 1742    78  17.260   0.483         
 1743    78  18.949   0.453         
 1744    78  18.792   0.770         
 1745    78  18.513   1.030         
 1746    78  22.109   0.700         
 1748    78  20.072   1.491         
 1749    78  21.247   1.244         
 1750    78  20.269   1.503         
 1751    78  18.834   0.807         
 1753    78  15.401   0.518         
 1754    78  21.113   1.384         
 1755    78  20.586   0.830         
 1756    78  19.834   0.480         
 1757    78  18.834   0.717         
 1758    78  21.637   0.755         
 1759    78  19.976   1.487         
 1760    78  19.235   0.501         
 1761    78  16.454   0.593         
 1762    78  17.350   0.522         
 1763    78  17.900   0.666         
 1764    78  19.514   0.735         
 1765    78  20.994   1.265         
 1766    78  21.268   1.349         
 1767    78  20.383   1.108         
 1768    78  20.636   1.203         
 1769    78  20.534   1.311         
 1770    78  21.002   1.489         
 1772    78  22.107   0.780         
 1778    78  23.009   0.023         
 1779    78  23.353   1.419         
 1783    78  22.389   0.866         
 1786    78  21.049   1.038         
 1790    78  21.203  -0.404         
 1791    78  20.234   0.443         
 1793    78  20.606   1.537         
 1803    78  21.633   0.904         
 1806    78  20.888   0.199         
 1807    78  20.976   0.809         
 1809    78  21.138   0.847         
 1811    78  21.756   1.053         
 1812    78  19.854   0.818         
 1815    78  21.199   0.919         
 1819    78  21.533   0.971         
 1821    78  21.561   1.017         
 1823    78  20.437   0.248         
 1824    78  21.777   0.394         
 1826    78  22.525   0.898         
 1828    78  21.059   1.488         
 1833    78  21.266   0.873         
 1836    78  22.732   1.145         
 1837    78  23.047   0.486         
 1840    78  20.212   0.530         
 1841    78  19.877   0.179         
 1842    78  19.847   0.515         
 1846    78  22.131   0.868         
 1847    78  22.520   0.455         
 1849    78  22.502   0.973         
 1854    78  22.149   0.807         
 1856    78  21.065   0.158