UBV CCD observations

  No    Ref    V       B-V     U-B

 0001    67  11.261   1.064         
 0002    67  12.564   1.315         
 0002   389  12.880   1.200         
 0002   436  13.191   1.270         
 0003    67  12.608   2.048         
 0004    67  13.062   0.606         
 0004   389  13.340   0.560         
 0005    67  13.319   0.372         
 0006    67  13.369   0.651         
 0007    67  13.411   0.536         
 0008    67  13.474   0.584         
 0009    67  13.514   0.713         
 0010    67  13.589   0.509         
 0011    67  13.745   1.558         
 0012    67  13.749   1.225         
 0012   389  14.030   1.170         
 0012   436  14.367   1.102         
 0013    67  13.960   1.548         
 0013   389  14.230   1.450         
 0013   436  14.577   1.440         
 0014    67  13.974   1.266         
 0014   389  14.260   1.170         
 0015    67  13.976   0.570         
 0016    67  14.026   0.568         
 0017    67  14.033   0.656         
 0018    67  14.054   0.465         
 0019    67  14.123   0.504         
 0019   389  14.200   0.510         
 0019   436  14.671   0.428         
 0020    67  14.172   1.486         
 0020   389  14.410   1.390         
 0020   436  14.781   1.393         
 0021    67  14.194   1.544         
 0021   389  14.450   1.490         
 0021   436  14.796   1.444         
 0022    67  14.219   0.715         
 0023    67  14.224   1.525         
 0024    67  14.291   1.918         
 0024   389  14.590   1.800         
 0025    67  14.296   0.870         
 0026    67  14.390   1.430         
 0026   389  14.660   1.360         
 0027    67  14.441   0.953         
 0028    67  14.448   1.534         
 0028   389  14.710   1.460         
 0028   436  15.057   1.428         
 0029    67  14.453   0.475         
 0030    67  14.458   1.457         
 0030   389  14.740   1.380         
 0030   436  15.066   1.344         
 0031    67  14.465   0.750         
 0031   389  14.730   0.700         
 0032    67  14.507   1.327         
 0033    67  14.534   0.656         
 0033   389  14.820   0.590         
 0033   436  15.148   0.562         
 0034    67  14.566   0.983         
 0035    67  14.576   0.573         
 0036    67  14.583   0.858         
 0036   389  14.870   0.780         
 0037    67  14.642   0.768         
 0037   389  14.930   0.700         
 0038    67  14.653   0.776         
 0039    67  14.658   0.681         
 0040    67  14.687   0.858         
 0041    67  14.694   0.555         
 0041   389  14.970   0.500         
 0041   436  15.308   0.455         
 0042    67  14.703   0.893         
 0043    67  14.712   0.695         
 0043   389  15.000   0.590         
 0044    67  14.724   0.682         
 0044   389  15.000   0.640         
 0045    67  14.740   1.637         
 0046    67  14.750   0.737         
 0047    67  14.754   1.498         
 0048    67  14.767   1.458         
 0049    67  14.814   0.674         
 0049   389  15.070   0.580         
 0049   436  15.415   0.504         
 0050    67  14.897   0.730         
 0050   389  15.160   0.680         
 0051    67  14.902   0.903         
 0051   389  15.180   0.850         
 0051   436  15.523   0.795         
 0052    67  14.908   0.594         
 0052   389  15.180   0.550         
 0052   436  15.519   0.484         
 0053    67  15.013   0.622         
 0053   389  15.280   0.550         
 0053   436  15.617   0.503         
 0054    67  15.041   0.994         
 0054   389  15.330   0.920         
 0054   436  15.678   0.958         
 0055    67  15.076   0.671         
 0055   389  15.340   0.600         
 0055   436  15.684   0.575         
 0056    67  15.122   1.454         
 0057    67  15.124   0.641         
 0058    67  15.152   0.784         
 0058   389  15.400   0.720         
 0058   436  15.773   0.659         
 0059    67  15.167   0.570         
 0059   389  15.440   0.510         
 0059   436  15.773   0.465         
 0060    67  15.228   1.386         
 0061    67  15.233   0.695         
 0061   389  15.510   0.610         
 0062    67  15.276   0.728         
 0063    67  15.281   0.470         
 0064    67  15.307   0.623         
 0064   389  15.560   0.570         
 0064   436  15.915   0.503         
 0065    67  15.315   0.737         
 0065   389  15.580   0.670         
 0065   436  15.921   0.635         
 0066    67  15.319   1.361         
 0067    67  15.356   0.556         
 0068    67  15.373   0.604         
 0068   389  15.640   0.540         
 0068   436  15.980   0.500         
 0069    67  15.376   0.934         
 0069   389  15.650   0.840         
 0069   436  15.983   0.864         
 0070    67  15.418   0.761         
 0071    67  15.438   1.246         
 0071   389  15.680   1.150         
 0071   436  16.036   1.120         
 0072    67  15.439   0.756         
 0072   389  15.730   0.680         
 0072   436  16.058   0.654         
 0073    67  15.442   0.805         
 0074    67  15.444   0.940         
 0075    67  15.484   0.636         
 0075   389  15.760   0.580         
 0075   436  16.091   0.541         
 0076    67  15.495   0.733         
 0076   389  15.750   0.660         
 0077    67  15.495   0.522         
 0078    67  15.498   0.841         
 0079    67  15.506   0.839         
 0080    67  15.532   0.957         
 0081    67  15.545   1.562         
 0082    67  15.548   1.523         
 0082   389  15.800   1.440         
 0082   436  16.143   1.417         
 0083    67  15.575   0.724         
 0084    67  15.600   0.690         
 0084   389  15.860   0.640         
 0084   436  16.214   0.575         
 0085    67  15.616   1.986         
 0086    67  15.618   0.641         
 0086   389  15.890   0.580         
 0086   436  16.237   0.533         
 0087    67  15.674   1.859         
 0087   389  15.910   1.750         
 0088    67  15.689   0.900         
 0089    67  15.698   0.644         
 0090    67  15.700   1.008         
 0091    67  15.704   1.006         
 0092    67  15.742   0.937         
 0092   389  16.010   0.870         
 0092   436  16.347   0.825         
 0093    67  15.748   0.879         
 0094    67  15.751   0.836         
 0094   389  16.030   0.780         
 0094   436  16.347   0.728         
 0095    67  15.783   0.931         
 0096    67  15.789   1.718         
 0097    67  15.796   0.627         
 0097   389  16.090   0.580         
 0097   436  16.426   0.519         
 0098    67  15.812   0.916         
 0099    67  15.850   1.241         
 0100    67  15.851   1.151         
 0101    67  15.852   0.925         
 0102    67  15.878   1.300         
 0103    67  15.913   0.831         
 0104    67  15.917   0.612         
 0104   389  16.190   0.520         
 0105    67  15.929   0.756         
 0106    67  15.934   0.646         
 0106   389  16.190   0.580         
 0107    67  15.948   1.714         
 0108    67  15.949   0.715         
 0109    67  15.964   1.262         
 0110    67  15.984   0.747         
 0111    67  15.992   0.608         
 0112    67  15.995   1.837         
 0113    67  16.013   1.406         
 0113   389  16.210   1.300         
 0113   436  16.551   1.342         
 0114    67  16.018   1.448         
 0115    67  16.021   1.001         
 0115   389  16.270   0.920         
 0115   436  16.615   0.870         
 0116    67  16.022   1.014         
 0117    67  16.036   0.890         
 0118    67  16.051   0.612         
 0118   389  16.320   0.540         
 0118   436  16.652   0.505         
 0119    67  16.053   0.599         
 0119   389  16.310   0.530         
 0119   436  16.656   0.488         
 0120    67  16.075   0.881         
 0121    67  16.090   0.578         
 0122    67  16.095   0.645         
 0122   389  16.360   0.570         
 0122   436  16.695   0.540         
 0123    67  16.096   0.619         
 0123   389  16.350   0.560         
 0124    67  16.099   0.673         
 0124   389  16.350   0.600         
 0124   436  16.700   0.565         
 0125    67  16.105   0.507         
 0125   389  16.370   0.410         
 0126    67  16.119   0.994         
 0126   389  16.380   0.900         
 0127    67  16.128   1.348         
 0127   389  16.380   1.210         
 0128    67  16.130   0.728         
 0128   389  16.370   0.680         
 0128   436  16.749   0.620         
 0129    67  16.134   1.575         
 0130    67  16.134   1.575         
 0131    67  16.136   0.621         
 0131   389  16.400   0.550         
 0131   436  16.740   0.514         
 0132    67  16.167   0.634         
 0132   389  16.440   0.540         
 0132   436  16.765   0.511         
 0133    67  16.169   0.674         
 0134    67  16.208   1.007         
 0135    67  16.209   0.662         
 0135   389  16.450   0.610         
 0135   436  16.802   0.550         
 0136    67  16.237   0.804         
 0137    67  16.239   0.957         
 0138    67  16.242   1.012         
 0139    67  16.244   1.071         
 0140    67  16.304   1.132         
 0141    67  16.305   1.103         
 0141   389  16.570                 
 0142    67  16.311   0.645         
 0142   389  16.560   0.570         
 0142   436  16.910   0.525         
 0143    67  16.312   0.659         
 0143   389  16.570   0.570         
 0143   436  16.913   0.536         
 0144    67  16.320   0.703         
 0145    67  16.330   1.090         
 0146    67  16.333   0.657         
 0147    67  16.339   0.644         
 0147   389  16.610   0.560         
 0147   436  16.930   0.554         
 0148    67  16.345   0.608         
 0148   389  16.620   0.510         
 0148   436  16.945   0.499         
 0149    67  16.367   1.042         
 0150    67  16.403   0.837         
 0151    67  16.411   0.936         
 0151   389  16.660   0.840         
 0151   436  17.003   0.826         
 0152    67  16.411   0.759         
 0153    67  16.415   0.688         
 0154    67  16.417   0.675         
 0154   389  16.670   0.600         
 0154   436  17.010   0.581         
 0155    67  16.441   1.115         
 0155   389  16.710   1.020         
 0155   436  17.038   1.015         
 0156    67  16.458   0.861         
 0157    67  16.478   0.874         
 0158    67  16.495   1.603         
 0158   389  16.770   1.510         
 0159    67  16.496   0.776         
 0160    67  16.513   1.114         
 0160   389  16.800   1.030         
 0160   436  17.148   1.005         
 0161    67  16.513   0.734         
 0161   389  16.780   0.660         
 0161   436  17.097   0.649         
 0162    67  16.515   1.139         
 0163    67  16.517   0.962         
 0164    67  16.527   0.951         
 0165    67  16.532   0.721         
 0166    67  16.550   0.678         
 0166   389  16.790   0.580         
 0167    67  16.604   0.739         
 0167   389  16.860   0.660         
 0167   436  17.199   0.633         
 0168    67  16.612   1.040         
 0169    67  16.612   0.893         
 0170    67  16.617   0.617         
 0171    67  16.622   0.743         
 0171   389  16.850   0.650         
 0171   436  17.229   0.623         
 0172    67  16.623   1.001         
 0173    67  16.630   0.668         
 0173   389  16.910   0.590         
 0173   436  17.242   0.548         
 0174    67  16.646   0.744         
 0174   389  16.990   0.620         
 0174   436  17.313   0.590         
 0175    67  16.689   0.641         
 0175   389  16.950   0.570         
 0176    67  16.703   0.675         
 0176   389  16.950   0.580         
 0176   436  17.292   0.566         
 0177    67  16.717   0.971         
 0178    67  16.724   0.644         
 0178   389  17.010   0.530         
 0178   436  17.309   0.538         
 0179    67  16.727   1.463         
 0180    67  16.729   0.659         
 0180   389  17.000   0.550         
 0181    67  16.730   0.764         
 0181   389  17.030   0.630         
 0182    67  16.730   0.708         
 0183    67  16.739   1.008         
 0184    67  16.739   0.947         
 0185    67  16.775   0.967         
 0186    67  16.777   1.133         
 0186   389  17.050   1.040         
 0187    67  16.781   1.054         
 0188    67  16.782   1.010         
 0189    67  16.785   1.531         
 0190    67  16.789   0.816         
 0190   389  17.060   0.700         
 0190   436  17.614   1.353         
 0191    67  16.795   0.640         
 0192    67  16.814   1.034         
 0193    67  16.825   1.717         
 0194    67  16.834   0.642         
 0194   389  17.090   0.530         
 0194   436  17.426   0.514         
 0195    67  16.835   0.911         
 0195   389  17.090   0.850         
 0196    67  16.838   0.705         
 0196   389  17.010   0.610         
 0197    67  16.839   0.629         
 0197   389  17.110   0.570         
 0197   436  17.443   0.514         
 0198    67  16.841   0.748         
 0199    67  16.856   1.057         
 0199   389  17.130   0.930         
 0200    67  16.860   1.199         
 0200   389  17.100   1.080         
 0201    67  16.864   0.787         
 0201   389  16.960   0.760         
 0202    67  16.870   0.987         
 0202   436  17.787   0.598         
 0203    67  16.880   1.041         
 0204    67  16.881   0.767         
 0205    67  16.917   1.020         
 0205   389  17.160   0.920         
 0205   436  17.488   0.967         
 0206    67  16.932   0.834         
 0207    67  16.950   0.750         
 0208    67  16.951   0.991         
 0209    67  16.951   1.013         
 0210    67  16.955   1.323         
 0210   389  17.190   1.230         
 0210   436  17.546   1.238         
 0211    67  16.970   0.774         
 0211   389  17.280   0.640         
 0211   436  17.558   0.662         
 0212    67  16.978   0.758         
 0213    67  17.007   1.179         
 0214    67  17.019   1.041         
 0215    67  17.039   0.615         
 0216    67  17.041   1.058         
 0217    67  17.045   1.047         
 0218    67  17.049   1.579         
 0218   389  17.310   1.490         
 0219    67  17.052   1.097         
 0220    67  17.057   1.097         
 0221    67  17.061   1.162         
 0222    67  17.065   0.868         
 0223    67  17.070   0.971         
 0224    67  17.077   1.134         
 0225    67  17.081   0.623         
 0226    67  17.085   1.162         
 0227    67  17.089   1.214         
 0228    67  17.094   1.014         
 0229    67  17.098   1.031         
 0230    67  17.098   0.682         
 0230   389  17.360   0.550         
 0230   436  17.682   0.553         
 0231    67  17.100   0.702         
 0231   389  17.380   0.570         
 0231   436  17.704   0.586         
 0232    67  17.116   0.714         
 0232   389  17.350   0.120         
 0232   436  17.692   0.614         
 0233    67  17.117   1.119         
 0234    67  17.117   0.933         
 0235    67  17.121   0.658         
 0236    67  17.125   0.764         
 0236   389  17.390   0.630         
 0236   436  17.722   0.643         
 0237    67  17.139   0.688         
 0237   389  17.400   0.610         
 0237   436  17.742   0.595         
 0238    67  17.140   0.697         
 0239    67  17.151   0.655         
 0240    67  17.164   0.734         
 0241    67  17.165   0.997         
 0242    67  17.166   0.858         
 0243    67  17.171   1.529         
 0244    67  17.173   0.821         
 0245    67  17.178   1.092         
 0245   389  17.460                 
 0246    67  17.186   0.646         
 0247    67  17.196   1.033         
 0248    67  17.199   0.995         
 0249    67  17.202   1.590         
 0249   389  17.480   1.430         
 0250    67  17.214   0.800         
 0250   389  17.480   0.700         
 0250   436  17.800   0.681         
 0251    67  17.228   0.870         
 0252    67  17.232   0.911         
 0253    67  17.239   0.819         
 0253   389  17.540   0.720         
 0253   436  17.839   0.698         
 0254    67  17.253   1.555         
 0255    67  17.261   0.858         
 0256    67  17.267   1.109         
 0257    67  17.268   1.323         
 0257   389  17.510   1.200         
 0258    67  17.268   0.726         
 0258   389  17.520   0.610         
 0259    67  17.269   1.142         
 0260    67  17.271   1.133         
 0261    67  17.273   0.645         
 0262    67  17.274   0.773         
 0263    67  17.280   0.647         
 0264    67  17.285   0.755         
 0265    67  17.287   0.701         
 0265   389  17.550   0.600         
 0265   436  17.879   0.584         
 0266    67  17.300   1.121         
 0267    67  17.303   1.173         
 0268    67  17.303   1.045         
 0269    67  17.315   0.756         
 0269   389  17.610   0.600         
 0269   436  17.912   0.646         
 0270    67  17.325   1.122         
 0271    67  17.331   1.030         
 0271   389  17.590   0.910         
 0272    67  17.341   0.798         
 0272   389  17.570                 
 0272   436  17.954   0.676         
 0273    67  17.357   1.052         
 0274    67  17.358   0.742         
 0274   389  17.670   0.590         
 0275    67  17.361   0.985         
 0276    67  17.362   0.721         
 0276   389  17.600   0.690         
 0276   436  17.959   0.618         
 0277    67  17.362   1.119         
 0278    67  17.374   0.703         
 0278   389  17.670   0.570         
 0278   436  17.991   0.596         
 0279    67  17.378   0.940         
 0279   389  17.630   0.800         
 0279   436  17.985   0.838         
 0280    67  17.379   1.641         
 0280   389  17.700   1.110         
 0280   436  17.971   1.257         
 0281    67  17.383   0.954         
 0281   389  17.670   0.860         
 0281   436  17.993   0.841         
 0282    67  17.391   0.703         
 0282   389  17.660   0.640         
 0282   436  17.991   0.608         
 0283    67  17.395   1.148         
 0283   389  17.670   0.740         
 0283   436  18.023   1.027         
 0284    67  17.397   1.382         
 0285    67  17.402   0.885         
 0285   389  17.720   0.760         
 0285   436  17.996   0.766         
 0286    67  17.403   1.199         
 0286   389  17.610   1.120         
 0286   436  18.012   1.074         
 0287    67  17.406   1.497         
 0287   389  17.620   1.480         
 0287   436  17.972   1.428         
 0288    67  17.410   0.753         
 0289    67  17.411   0.859         
 0289   389  17.640   0.710         
 0290    67  17.411   0.970         
 0290   389  17.680   0.860         
 0291    67  17.415   0.771         
 0292    67  17.438   1.664         
 0292   389  17.680   1.540         
 0293    67  17.438   0.821         
 0293   389  17.680   0.760         
 0293   436  18.023   0.681         
 0294    67  17.439   0.854         
 0295    67  17.444   0.959         
 0296    67  17.464   0.724         
 0296   389  17.740   0.590         
 0296   436  18.055   0.611         
 0297    67  17.471   0.956         
 0298    67  17.473   0.748         
 0298   389  17.730   0.660         
 0298   436  18.097   0.653         
 0299    67  17.479   0.748         
 0299   389  17.770   0.600         
 0301    67  17.480   1.472         
 0302    67  17.481   1.070         
 0303    67  17.483   1.040         
 0304    67  17.485   0.698         
 0304   389  17.600   0.630         
 0305    67  17.486   1.231         
 0306    67  17.486   0.655         
 0307    67  17.491   1.132         
 0308    67  17.500   1.018         
 0309    67  17.501   0.893         
 0310    67  17.501   1.137         
 0310   389  17.790   1.000         
 0310   436  18.116   1.008         
 0311    67  17.505   0.936         
 0312    67  17.510   1.093         
 0313    67  17.511   0.789         
 0313   389  17.770   0.640         
 0313   436  18.141   0.625         
 0314    67  17.512   1.110         
 0315    67  17.514   1.099         
 0315   389  17.760   0.960         
 0316    67  17.516   0.720         
 0316   389  17.810   0.560         
 0316   436  18.116   0.608         
 0317    67  17.519   1.139         
 0318    67  17.529   0.718         
 0319    67  17.532   0.708         
 0320    67  17.535   1.180         
 0321    67  17.537   0.790         
 0321   389  17.800   0.670         
 0321   436  18.139   0.661         
 0322    67  17.540   0.749         
 0322   389  17.820   0.630         
 0323    67  17.542   0.812         
 0323   389  17.780   0.720         
 0323   436  18.122   0.713         
 0324    67  17.543   0.714         
 0324   389  17.770                 
 0325    67  17.545   0.968         
 0326    67  17.552   1.172         
 0326   389  17.820   1.040         
 0326   436  18.156   1.087         
 0327    67  17.556   1.052         
 0327   389  17.800   0.900         
 0328    67  17.557   0.785         
 0328   389  17.850   0.660         
 0328   436  18.172   0.683         
 0329    67  17.562   0.951         
 0330    67  17.565   0.788         
 0330   389  17.770   0.710         
 0331    67  17.567   0.842         
 0331   389  17.840   0.770         
 0331   436  18.147   0.744         
 0332    67  17.567   1.352         
 0333    67  17.575   1.172         
 0333   389  17.850   0.990         
 0333   436  18.156   1.095         
 0334    67  17.585   0.754         
 0334   389  17.840   0.650         
 0334   436  18.188   0.634         
 0335    67  17.591   0.857         
 0336    67  17.595   1.046         
 0336   389  17.870   1.010         
 0336   436  18.184   0.940         
 0337    67  17.600   0.903         
 0338    67  17.606   1.053         
 0339    67  17.610   1.134         
 0340    67  17.612   0.859         
 0340   389  17.860   0.780         
 0340   436  18.201   0.756         
 0341    67  17.616   0.885         
 0342    67  17.625   0.739         
 0343    67  17.626   1.566         
 0343   389  17.840   1.490         
 0343   436  18.238   1.486         
 0344    67  17.627   0.749         
 0344   389  17.890   0.650         
 0344   436  18.220   0.640         
 0345    67  17.631   0.736         
 0346    67  17.637   1.126         
 0346   389  17.920   0.960         
 0347    67  17.642   1.042         
 0347   389  17.820   0.940         
 0347   436  18.216   0.990         
 0348    67  17.642   0.789         
 0349    67  17.651   0.857         
 0349   389  17.920   0.710         
 0349   436  18.263   0.718         
 0350    67  17.658   0.703         
 0350   389  17.900   0.600         
 0350   436  18.245   0.609         
 0351    67  17.660   0.755         
 0352    67  17.662   0.790         
 0352   389  17.930   0.700         
 0352   436  18.282   0.696         
 0353    67  17.666   0.829         
 0353   389  17.950   0.740         
 0353   436  18.261   0.711         
 0354    67  17.671   1.127         
 0354   389  17.930   1.060         
 0354   436  18.266   1.021         
 0355    67  17.672   0.749         
 0355   389  17.920   0.610         
 0355   436  18.255   0.660         
 0356    67  17.676   1.289         
 0356   389  17.920   1.140         
 0357    67  17.677   1.047         
 0358    67  17.678   0.790         
 0358   389  17.980   0.600         
 0358   436  18.267   0.656         
 0359    67  17.680   1.050         
 0360    67  17.683   1.286         
 0361    67  17.695   0.805         
 0361   389  17.960   0.690         
 0362    67  17.699   0.738         
 0362   389  17.960   0.590         
 0362   436  18.287   0.654         
 0363    67  17.700   1.272         
 0363   389  17.980   1.020         
 0364    67  17.709   1.262         
 0365    67  17.714   0.833         
 0365   436  18.306   0.731         
 0366    67  17.715   0.857         
 0367    67  17.721   0.791         
 0367   436  18.320   0.693         
 0368    67  17.724   0.755         
 0368   389  17.970   0.670         
 0368   436  18.308   0.636         
 0369    67  17.732   0.834         
 0370    67  17.740   0.794         
 0371    67  17.743   1.130         
 0372    67  17.751   1.104         
 0373    67  17.751   0.879         
 0373   389  17.970   0.760         
 0374    67  17.759   1.239         
 0375    67  17.761   1.142         
 0376    67  17.767   1.127         
 0377    67  17.774   0.813         
 0378    67  17.783   0.693         
 0379    67  17.784   0.896         
 0380    67  17.788   0.822         
 0380   389  17.960                 
 0380   436  18.392   0.678         
 0381    67  17.792   0.942         
 0381   436  18.395   0.815         
 0382    67  17.798   0.733         
 0383    67  17.809   0.758         
 0383   436  18.402   0.668         
 0384    67  17.811   1.110         
 0385    67  17.815   0.995         
 0386    67  17.816   0.989         
 0387    67  17.820   1.709         
 0388    67  17.831   1.096         
 0389    67  17.831   1.315         
 0390    67  17.831   1.219         
 0391    67  17.838   1.183         
 0392    67  17.839   1.137         
 0393    67  17.839   1.134         
 0393   436  18.435   1.036         
 0394    67  17.844   1.401         
 0395    67  17.852   1.065         
 0396    67  17.861   1.131         
 0397    67  17.863   0.836         
 0397   436  18.457   0.715         
 0398    67  17.867   1.178         
 0399    67  17.880   1.389         
 0400    67  17.888   0.756         
 0401    67  17.895   1.091         
 0402    67  17.897   0.744         
 0403    67  17.898   1.389         
 0404    67  17.901   1.239         
 0405    67  17.901   0.979         
 0406    67  17.902   1.138         
 0407    67  17.909   1.068         
 0407   436  18.497   0.982         
 0408    67  17.909   1.122         
 0409    67  17.912   0.897         
 0410    67  17.914   0.827         
 0411    67  17.922   0.781         
 0412    67  17.925   1.397         
 0413    67  17.933   1.279         
 0414    67  17.939   0.937         
 0415    67  17.966   1.052         
 0416    67  17.970   0.840         
 0417    67  17.973   0.937         
 0418    67  17.973   0.873         
 0418   436  18.547   0.787         
 0419    67  17.983   0.800         
 0419   436  18.557   0.715         
 0420    67  17.988   0.836         
 0420   436  18.530   0.767         
 0421    67  17.991   1.131         
 0422    67  17.995   1.114         
 0423    67  18.007   1.081         
 0424    67  18.010   0.857         
 0425    67  18.027   1.614         
 0426    67  18.028   1.249         
 0427    67  18.034   0.978         
 0428    67  18.040   0.805         
 0428   436  18.602   0.673         
 0429    67  18.048   1.099         
 0429   436  18.637   0.916         
 0430    67  18.057   0.999         
 0431    67  18.062   0.890         
 0431   436  18.632   0.759         
 0432    67  18.069   0.876         
 0432   436  18.620   0.748         
 0433    67  18.084   0.962         
 0434    67  18.085   0.885         
 0435    67  18.090   0.970         
 0436    67  18.092   1.168         
 0437    67  18.103   0.845         
 0438    67  18.104   1.120         
 0439    67  18.110   1.269         
 0440    67  18.114   1.001         
 0441    67  18.117   1.103         
 0442    67  18.119   1.042         
 0443    67  18.123   1.534         
 0444    67  18.126   0.829         
 0444   436  18.709   0.714         
 0445    67  18.129   1.458         
 0446    67  18.130   1.340         
 0447    67  18.138   1.134         
 0447   436  18.755   1.021         
 0448    67  18.139   1.100         
 0449    67  18.140   0.813         
 0450    67  18.140   0.857         
 0450   436  18.728   0.745         
 0451    67  18.151   0.844         
 0451   436  18.714   0.760         
 0452    67  18.151   0.828         
 0453    67  18.160   0.829         
 0454    67  18.161   1.068         
 0455    67  18.171   1.074         
 0455   436  18.710   0.924         
 0456    67  18.173   1.062         
 0457    67  18.177   1.133         
 0458    67  18.181   1.043         
 0459    67  18.182   1.249         
 0460    67  18.186   0.953         
 0461    67  18.189   1.035         
 0462    67  18.190   1.226         
 0462   436  18.792   1.134         
 0463    67  18.201   1.134         
 0464    67  18.202   0.894         
 0464   436  18.805   0.745         
 0465    67  18.203   1.492         
 0466    67  18.205   0.856         
 0466   436  18.791   0.744         
 0467    67  18.206   1.448         
 0468    67  18.208   1.140         
 0469    67  18.208   1.155         
 0470    67  18.209   0.851         
 0470   436  18.768   0.811         
 0471    67  18.214   1.171         
 0472    67  18.216   1.195         
 0473    67  18.219   0.859         
 0474    67  18.224   0.808         
 0475    67  18.225   1.047         
 0476    67  18.230   1.189         
 0477    67  18.230   0.834         
 0478    67  18.244   1.069         
 0479    67  18.244   1.282         
 0480    67  18.250   1.103         
 0480   436  18.859   0.966         
 0481    67  18.251   1.562         
 0482    67  18.252   0.880         
 0482   436  18.853   0.789         
 0483    67  18.255   1.098         
 0483   436  18.796   0.923         
 0484    67  18.256   0.961         
 0485    67  18.259   0.817         
 0486    67  18.264   0.845         
 0486   436  18.854   0.714         
 0487    67  18.265   1.003         
 0488    67  18.265   1.000         
 0489    67  18.267   1.128         
 0489   436  18.819   1.036         
 0490    67  18.267   1.242         
 0490   436  18.854   1.183         
 0491    67  18.269   0.893         
 0491   436  18.867   0.767         
 0492    67  18.272   1.110         
 0493    67  18.274   0.848         
 0493   436  18.894   0.761         
 0494    67  18.275   1.166         
 0495    67  18.279   1.200         
 0496    67  18.284   0.877         
 0497    67  18.285   0.968         
 0498    67  18.292   1.011         
 0499    67  18.292   0.877         
 0499   436  18.926   0.743         
 0500    67  18.299   1.520         
 0501    67  18.305   1.029         
 0502    67  18.310   1.345         
 0503    67  18.312   1.194         
 0504    67  18.313   0.974         
 0505    67  18.314   1.144         
 0506    67  18.315   0.862         
 0507    67  18.320   0.907         
 0508    67  18.323   1.183         
 0509    67  18.325   1.403         
 0510    67  18.328   1.495         
 0511    67  18.331   0.924         
 0511   436  18.931   0.779         
 0512    67  18.332   1.201         
 0513    67  18.337   1.093         
 0513   436  18.922   1.044         
 0514    67  18.348   0.930         
 0515    67  18.349   1.114         
 0516    67  18.352   1.099         
 0516   436  18.928   1.021         
 0517    67  18.353   1.086         
 0517   436  19.030   1.026         
 0518    67  18.356   1.262         
 0519    67  18.362   0.858         
 0520    67  18.362   0.921         
 0520   436  19.004   0.832         
 0521    67  18.365   1.629         
 0522    67  18.367   0.886         
 0522   436  18.929   0.822         
 0523    67  18.367   1.066         
 0524    67  18.373   1.087         
 0524   436  18.753   0.924         
 0525    67  18.378   1.194         
 0526    67  18.383   0.947         
 0526   436  19.012   0.789         
 0527    67  18.388   0.891         
 0528    67  18.401   1.180         
 0529    67  18.403   1.186         
 0530    67  18.406   1.043         
 0531    67  18.406   0.877         
 0532    67  18.423   0.924         
 0532   436  19.019   0.771         
 0533    67  18.429   1.190         
 0534    67  18.430   0.881         
 0535    67  18.439   1.036         
 0536    67  18.442   1.003         
 0537    67  18.443   1.000         
 0537   436  19.090   0.904         
 0538    67  18.448   0.933         
 0539    67  18.455   0.858         
 0539   436  18.991   0.750         
 0540    67  18.456   1.235         
 0541    67  18.465   0.905         
 0542    67  18.468   0.916         
 0543    67  18.469   1.377         
 0544    67  18.470   1.311         
 0545    67  18.471   1.550         
 0546    67  18.474   1.575         
 0547    67  18.479   1.491         
 0548    67  18.487   1.137         
 0549    67  18.502   1.228         
 0550    67  18.505   0.914         
 0551    67  18.506   0.896         
 0552    67  18.512   1.172         
 0553    67  18.516   1.337         
 0554    67  18.519   1.464         
 0555    67  18.523   0.955         
 0555   436  19.123   0.839         
 0556    67  18.527   0.634         
 0557    67  18.533   1.392         
 0558    67  18.534   1.123         
 0559    67  18.534   1.354         
 0559   436  19.138   1.266         
 0560    67  18.537   1.115         
 0561    67  18.543   1.071         
 0562    67  18.544   1.069         
 0563    67  18.546   1.209         
 0564    67  18.552   1.110         
 0565    67  18.560   1.686         
 0566    67  18.560   1.036         
 0567    67  18.563   0.920         
 0568    67  18.564   0.913         
 0568   436  19.160   0.818         
 0569    67  18.566   1.562         
 0570    67  18.567   1.043         
 0570   436  19.045   0.938         
 0571    67  18.569   1.098         
 0572    67  18.575   1.037         
 0573    67  18.577  -0.091         
 0574    67  18.577   0.962         
 0575    67  18.579   1.121         
 0576    67  18.580   1.315         
 0577    67  18.585   1.506         
 0578    67  18.590   0.900         
 0579    67  18.590   1.062         
 0580    67  18.592   0.989         
 0581    67  18.594   1.289         
 0582    67  18.600   1.365         
 0582   436  19.190   1.352         
 0583    67  18.601   1.344         
 0584    67  18.603   0.957         
 0584   436  19.185   0.884         
 0585    67  18.608   0.886         
 0586    67  18.611   1.157         
 0587    67  18.612   1.363         
 0588    67  18.613   1.083         
 0589    67  18.614   0.968         
 0590    67  18.618   1.157         
 0591    67  18.621   1.159         
 0592    67  18.626   1.291         
 0593    67  18.627   1.236         
 0594    67  18.628   0.926         
 0594   436  19.166   0.807         
 0595    67  18.633   0.931         
 0596    67  18.636   1.020         
 0597    67  18.646   1.551         
 0598    67  18.647   1.005         
 0599    67  18.653   1.137         
 0600    67  18.653   0.999         
 0601    67  18.660   1.190         
 0601   436  19.284   1.039         
 0602    67  18.663   1.063         
 0603    67  18.665   0.900         
 0603   436  19.278   0.820         
 0604    67  18.667   1.258         
 0605    67  18.669   1.162         
 0606    67  18.669   0.953         
 0607    67  18.671   0.979         
 0608    67  18.672   1.119         
 0608   436  19.511   1.759         
 0609    67  18.673   0.980         
 0610    67  18.676   1.040         
 0611    67  18.686   0.993         
 0612    67  18.686   1.117         
 0612   436  19.258   0.896         
 0613    67  18.688   0.985         
 0613   436  19.209   0.932         
 0614    67  18.688   1.259         
 0615    67  18.699   1.552         
 0616    67  18.700   1.022         
 0616   436  19.342   0.913         
 0617    67  18.709   1.259         
 0618    67  18.710   1.373         
 0619    67  18.711   1.161         
 0620    67  18.711   1.031         
 0620   436  19.298   0.878         
 0621    67  18.716   0.915         
 0622    67  18.717   1.648         
 0623    67  18.718   1.224         
 0624    67  18.722   0.909         
 0625    67  18.726   0.995         
 0626    67  18.731   1.018         
 0627    67  18.731   1.103         
 0628    67  18.732   1.335         
 0629    67  18.739   1.153         
 0630    67  18.739   1.231         
 0631    67  18.741   1.334         
 0632    67  18.745   1.120         
 0633    67  18.747   1.247         
 0634    67  18.748   0.977         
 0634   436  19.378   0.790         
 0635    67  18.750   1.165         
 0636    67  18.750   1.319         
 0637    67  18.754   0.979         
 0638    67  18.757   1.248         
 0639    67  18.761   1.217         
 0640    67  18.762   1.094         
 0641    67  18.763   1.196         
 0642    67  18.766   1.392         
 0643    67  18.768   1.076         
 0644    67  18.770   0.965         
 0644   436  19.380   0.812         
 0645    67  18.775   1.066         
 0646    67  18.788   1.535         
 0648    67  18.789   1.138         
 0648   436  19.391   0.953         
 0649    67  18.795   1.098         
 0650    67  18.799   1.098         
 0651    67  18.803   1.125         
 0652    67  18.803   0.995         
 0653    67  18.807   1.254         
 0654    67  18.807   1.006         
 0655    67  18.821   1.142         
 0655   436  19.380   0.943         
 0656    67  18.821   1.069         
 0657    67  18.822   1.529         
 0658    67  18.823   1.188         
 0659    67  18.827   1.209         
 0660    67  18.829   1.111         
 0661    67  18.833   1.289         
 0662    67  18.833   1.408         
 0663    67  18.833   1.326         
 0664    67  18.834   1.171         
 0665    67  18.853   1.138         
 0665   436  19.442   1.015         
 0666    67  18.853   1.058         
 0667    67  18.855   1.104         
 0668    67  18.859   1.027         
 0669    67  18.860   0.776         
 0670    67  18.860   1.437         
 0670   436  19.444   1.351         
 0671    67  18.861   1.331         
 0672    67  18.863   1.182         
 0673    67  18.864   1.263         
 0674    67  18.866   1.165         
 0675    67  18.875   1.270         
 0676    67  18.884   1.277         
 0676   436  19.490   1.240         
 0677    67  18.884   0.972         
 0678    67  18.886   1.048         
 0679    67  18.887   1.064         
 0680    67  18.890   1.137         
 0681    67  18.890   0.871         
 0682    67  18.893   1.185         
 0683    67  18.895   1.497         
 0683   436  19.438   1.366         
 0684    67  18.898   0.999         
 0684   436  19.501   0.890         
 0685    67  18.898   1.163         
 0686    67  18.900   1.431         
 0687    67  18.902   0.835         
 0688    67  18.905   1.523         
 0688   436  19.485   1.481         
 0689    67  18.909   0.989         
 0690    67  18.917   1.144         
 0691    67  18.923   1.041         
 0692    67  18.923   0.973         
 0692   436  19.440   0.943         
 0693    67  18.926   1.282         
 0694    67  18.927   1.413         
 0695    67  18.927   1.529         
 0695   436  19.540   1.506         
 0696    67  18.934   1.043         
 0696   436  19.542   0.881         
 0697    67  18.937   1.527         
 0698    67  18.937   1.020         
 0698   436  19.514   0.951         
 0699    67  18.941   1.545         
 0700    67  18.941   1.280         
 0701    67  18.944   1.177         
 0702    67  18.947   1.160         
 0703    67  18.948   1.449         
 0704    67  18.950   1.368         
 0705    67  18.951   1.058         
 0706    67  18.954   1.546         
 0707    67  18.957   0.962         
 0708    67  18.958   1.630         
 0709    67  18.958   1.010         
 0709   436  19.524   0.761         
 0710    67  18.961   1.068         
 0711    67  18.967   1.159         
 0712    67  18.972   1.241         
 0713    67  18.975   1.183         
 0714    67  18.975   1.052         
 0714   436  19.592   0.886         
 0715    67  18.978   1.292         
 0716    67  18.979   1.232         
 0717    67  18.980   1.025         
 0718    67  18.981   1.146         
 0719    67  18.984   1.239         
 0720    67  18.991   1.384         
 0721    67  19.001   1.064         
 0722    67  19.004   0.869         
 0723    67  19.014   1.006         
 0724    67  19.015   1.130         
 0725    67  19.021   1.243         
 0725   436  19.596   1.204         
 0726    67  19.022   1.090         
 0727    67  19.023   1.188         
 0728    67  19.024   1.157         
 0729    67  19.029   1.040         
 0731    67  19.035   1.115         
 0732    67  19.038   1.099         
 0732   436  19.706   0.864         
 0733    67  19.039   1.666         
 0734    67  19.039   1.731         
 0735    67  19.044   1.034         
 0735   436  19.606   0.817         
 0736    67  19.047   0.950         
 0736   436  19.652   0.943         
 0737    67  19.047   1.189         
 0737   436  19.678   1.257         
 0738    67  19.048   1.126         
 0738   436  19.628   0.945         
 0739    67  19.048   1.097         
 0739   436  19.658   0.951         
 0740    67  19.049   0.983         
 0740   436  19.655   0.841         
 0741    67  19.050   1.374         
 0742    67  19.053   1.047         
 0743    67  19.054   1.163         
 0743   436  19.615   1.120         
 0744    67  19.054   1.074         
 0744   436  19.675   0.930         
 0745    67  19.056   1.388         
 0746    67  19.063   1.156         
 0747    67  19.065   1.614         
 0748    67  19.067   1.531         
 0749    67  19.069   1.043         
 0750    67  19.069   1.580         
 0751    67  19.072   1.234         
 0752    67  19.074   1.474         
 0753    67  19.078   1.033         
 0753   436  19.689   0.923         
 0754    67  19.081   0.999         
 0755    67  19.084   1.041         
 0756    67  19.085   1.083         
 0756   436  19.672   0.868         
 0757    67  19.086   1.068         
 0758    67  19.089   1.286         
 0759    67  19.090   0.804         
 0760    67  19.091   1.146         
 0760   436  19.656   1.015         
 0761    67  19.096   1.167         
 0761   436  19.642   1.057         
 0762    67  19.097   1.041         
 0763    67  19.099   1.086         
 0764    67  19.102   1.057         
 0765    67  19.103   1.229         
 0766    67  19.108   1.108         
 0767    67  19.109   1.420         
 0768    67  19.112   1.659         
 0769    67  19.116   1.128         
 0770    67  19.120   1.047         
 0771    67  19.120   1.498         
 0772    67  19.122   1.145         
 0772   436  19.682   0.980         
 0773    67  19.124   1.205         
 0774    67  19.124   1.094         
 0775    67  19.125   1.083         
 0776    67  19.127   1.534         
 0777    67  19.131   1.169         
 0778    67  19.133   0.978         
 0779    67  19.133   1.458         
 0780    67  19.137   1.037         
 0781    67  19.139   1.357         
 0781   436  19.778   1.374         
 0782    67  19.141   1.516         
 0783    67  19.145   1.346         
 0784    67  19.150   1.007         
 0785    67  19.155   1.138         
 0785   436  19.743   0.972         
 0786    67  19.156   1.121         
 0787    67  19.160   1.060         
 0788    67  19.161   0.978         
 0789    67  19.163   1.231         
 0789   436  19.807   1.181         
 0790    67  19.166   1.311         
 0790   436  20.206   1.011         
 0791    67  19.166   1.054         
 0791   436  19.740   0.993         
 0792    67  19.168   1.114         
 0793    67  19.169   1.146         
 0794    67  19.174   1.040         
 0795    67  19.175   1.688         
 0795   436  19.757   1.495         
 0796    67  19.179   0.973         
 0797    67  19.179   1.103         
 0797   436  19.738   0.962         
 0798    67  19.181   1.059         
 0798   436  19.773   0.964         
 0799    67  19.182   1.100         
 0800    67  19.194   1.042         
 0800   436  19.754   0.933         
 0801    67  19.200   0.939         
 0802    67  19.206   1.082         
 0802   436  19.818   0.885         
 0803    67  19.207   1.470         
 0804    67  19.216   1.260         
 0805    67  19.218   1.155         
 0806    67  19.227   1.403         
 0807    67  19.230   1.054         
 0807   436  19.744   0.933         
 0808    67  19.230   1.349         
 0809    67  19.236   1.046         
 0810    67  19.238   1.114         
 0811    67  19.247   1.086         
 0812    67  19.252   1.327         
 0813    67  19.256   1.655         
 0814    67  19.262   1.663         
 0815    67  19.266   1.209         
 0816    67  19.267   1.020         
 0816   436  19.851   0.934         
 0817    67  19.267   1.262         
 0818    67  19.270   1.149         
 0819    67  19.275   1.190         
 0820    67  19.278   1.474         
 0820   436  19.876   1.278         
 0821    67  19.279   1.222         
 0821   436  19.924   1.110         
 0822    67  19.288   1.098         
 0823    67  19.290   1.113         
 0824    67  19.294   1.052         
 0824   436  19.884   1.045         
 0825    67  19.297   1.694         
 0826    67  19.297   1.234         
 0827    67  19.298   1.030         
 0828    67  19.305   1.280         
 0829    67  19.306   1.087         
 0830    67  19.307   1.120         
 0830   436  19.840   1.074         
 0831    67  19.307   1.189         
 0832    67  19.310   1.567         
 0833    67  19.310   1.636         
 0834    67  19.314   1.232         
 0834   436  19.934   1.106         
 0835    67  19.315   1.315         
 0836    67  19.322   1.100         
 0837    67  19.325   1.022         
 0838    67  19.328   1.350         
 0839    67  19.333   1.136         
 0840    67  19.334   0.984         
 0840   436  19.848   0.867         
 0841    67  19.335   1.652         
 0842    67  19.339   1.005         
 0843    67  19.347   1.212         
 0844    67  19.349   1.259         
 0845    67  19.349   1.243         
 0846    67  19.363   1.246         
 0846   436  20.028   1.082         
 0847    67  19.364   1.402         
 0848    67  19.381   1.079         
 0848   436  19.929   0.878         
 0849    67  19.383   1.648         
 0850    67  19.386   1.073         
 0851    67  19.388   1.057         
 0852    67  19.389   1.264         
 0853    67  19.390   1.213         
 0854    67  19.390   1.296         
 0855    67  19.390   1.030         
 0856    67  19.390   1.272         
 0857    67  19.390   1.020         
 0858    67  19.391   1.412         
 0859    67  19.391   1.677         
 0860    67  19.392   1.104         
 0860   436  19.960   1.027         
 0861    67  19.395   1.203         
 0862    67  19.395   1.024         
 0863    67  19.402   1.178         
 0864    67  19.402   1.075         
 0865    67  19.403   1.159         
 0866    67  19.404   1.180         
 0867    67  19.405   1.229         
 0867   436  19.988   1.125         
 0868    67  19.405   1.624         
 0868   436  19.938   1.572         
 0869    67  19.412   1.314         
 0870    67  19.417   1.145         
 0871    67  19.419   1.269         
 0872    67  19.421   1.000         
 0873    67  19.422   1.362         
 0874    67  19.434   1.386         
 0875    67  19.436   1.142         
 0875   436  19.947   0.964         
 0876    67  19.437   1.203         
 0877    67  19.438   1.311         
 0877   436  20.154   1.099         
 0878    67  19.444   1.148         
 0878   436  20.053   1.069         
 0879    67  19.451   1.186         
 0880    67  19.453   1.315         
 0881    67  19.454   1.010         
 0882    67  19.454   1.693         
 0882   436  20.093   1.499         
 0883    67  19.455   1.343         
 0884    67  19.456   1.196         
 0885    67  19.456   1.037         
 0886    67  19.461   1.501         
 0887    67  19.462   1.023         
 0888    67  19.463   1.065         
 0889    67  19.463   1.169         
 0890    67  19.473   1.262         
 0891    67  19.473   1.073         
 0892    67  19.476   1.188         
 0893    67  19.477   1.031         
 0894    67  19.478   1.345         
 0895    67  19.482   1.462         
 0896    67  19.483   1.074         
 0897    67  19.484   0.999         
 0898    67  19.486   0.994         
 0899    67  19.493   1.309         
 0900    67  19.494   1.383         
 0901    67  19.496   1.197         
 0901   436  20.054   1.068         
 0902    67  19.497   1.481         
 0903    67  19.497   1.099         
 0903   436  20.125   0.988         
 0904    67  19.498   1.132         
 0905    67  19.498   1.041         
 0905   436  20.080   0.933         
 0906    67  19.499   1.189         
 0907    67  19.501   1.148         
 0908    67  19.502   1.676         
 0909    67  19.506   1.286         
 0910    67  19.507   1.287         
 0911    67  19.509   1.172         
 0911   436  20.067   1.066         
 0912    67  19.513   0.982         
 0913    67  19.515   1.362         
 0914    67  19.517   1.138         
 0915    67  19.518   1.585         
 0916    67  19.520   1.651         
 0917    67  19.521   1.432         
 0918    67  19.522   1.206         
 0919    67  19.524   1.219         
 0920    67  19.529   1.218         
 0921    67  19.529   1.692         
 0922    67  19.530   1.205         
 0923    67  19.531   1.613         
 0923   436  20.075   1.641         
 0924    67  19.532   1.096         
 0925    67  19.535   1.481         
 0925   436  20.003   1.556         
 0926    67  19.535   1.243         
 0926   436  20.189   1.124         
 0927    67  19.538   1.223         
 0928    67  19.540   1.179         
 0929    67  19.541   1.401         
 0930    67  19.543   1.120         
 0931    67  19.543   1.322         
 0932    67  19.544   1.218         
 0933    67  19.547   1.186         
 0934    67  19.553   1.144         
 0935    67  19.555   1.115         
 0936    67  19.556   1.133         
 0936   436  20.087   0.960         
 0937    67  19.557   1.167         
 0938    67  19.557   0.950         
 0939    67  19.565   1.223         
 0940    67  19.569   1.600         
 0941    67  19.571   1.083         
 0942    67  19.572   1.132         
 0943    67  19.572   1.603         
 0944    67  19.574   1.144         
 0944   436  20.195   0.869         
 0945    67  19.575   1.088         
 0946    67  19.576   1.194         
 0947    67  19.580   1.509         
 0948    67  19.580   1.661         
 0949    67  19.583   1.059         
 0950    67  19.583   1.082         
 0951    67  19.587   1.760         
 0952    67  19.592   1.063         
 0954    67  19.599   1.114         
 0955    67  19.600   1.096         
 0956    67  19.607   1.259         
 0957    67  19.608   1.063         
 0958    67  19.608   1.254         
 0959    67  19.610   1.108         
 0960    67  19.613   1.345         
 0961    67  19.618   1.148         
 0962    67  19.623   1.116         
 0963    67  19.625   1.208         
 0964    67  19.629   1.159         
 0965    67  19.631   1.203         
 0966    67  19.632   1.081         
 0967    67  19.633   1.052         
 0968    67  19.639   1.280         
 0969    67  19.640   1.515         
 0970    67  19.642   1.155         
 0971    67  19.645   0.853         
 0972    67  19.649   1.229         
 0973    67  19.649   1.337         
 0974    67  19.654   1.232         
 0975    67  19.656   1.162         
 0976    67  19.658   1.270         
 0977    67  19.663   1.583         
 0978    67  19.664   1.260         
 0978   436  20.596   1.902         
 0979    67  19.667   1.628         
 0980    67  19.667   1.012         
 0981    67  19.681   1.102         
 0981   436  20.308   0.895         
 0982    67  19.682   1.352         
 0983    67  19.684   1.474         
 0984    67  19.686   1.134         
 0985    67  19.687   1.503         
 0986    67  19.690   1.161         
 0987    67  19.692   1.020         
 0988    67  19.695   1.130         
 0988   436  20.294   1.204         
 0989    67  19.696   1.374         
 0989   436  20.262   1.307         
 0990    67  19.714   1.230         
 0991    67  19.716   1.241         
 0992    67  19.719   1.373         
 0993    67  19.719   1.292         
 0994    67  19.721   1.109         
 0995    67  19.723   1.452         
 0996    67  19.724   1.046         
 0997    67  19.725   1.288         
 0998    67  19.732   1.109         
 0999    67  19.737   0.982         
 1000    67  19.740   1.248         
 1001    67  19.741   1.492         
 1002    67  19.742   1.365         
 1003    67  19.745   1.703         
 1004    67  19.746   0.900         
 1004   436  20.371   0.891         
 1005    67  19.747   1.319         
 1005   436  20.425   0.930         
 1006    67  19.747   1.183         
 1007    67  19.747   1.320         
 1008    67  19.752   1.286         
 1008   436  20.320   1.027         
 1009    67  19.752   1.098         
 1010    67  19.753   1.360         
 1010   436  20.291   1.241         
 1011    67  19.758   1.396         
 1012    67  19.759   1.143         
 1013    67  19.760   1.211         
 1014    67  19.760   1.088         
 1015    67  19.770   1.111         
 1016    67  19.773   1.172         
 1017    67  19.773   1.636         
 1017   436  20.395   1.709         
 1018    67  19.773   1.306         
 1019    67  19.774   1.546         
 1020    67  19.777   1.257         
 1021    67  19.778   1.155         
 1022    67  19.780   1.327         
 1023    67  19.782   1.142         
 1024    67  19.787   1.586         
 1024   436  20.401   1.472         
 1025    67  19.788   1.091         
 1025   436  20.335   0.993         
 1026    67  19.788   1.214         
 1026   436  20.417   1.284         
 1027    67  19.789   1.144         
 1028    67  19.794   1.368         
 1028   436  20.405   1.265         
 1029    67  19.795   1.136         
 1030    67  19.796   1.034         
 1031    67  19.801   1.047         
 1032    67  19.804   1.362         
 1032   436  20.450   1.123         
 1033    67  19.806   1.130         
 1034    67  19.806   1.688         
 1035    67  19.812   1.254         
 1036    67  19.813   1.190         
 1037    67  19.813   1.592         
 1038    67  19.813   1.212         
 1039    67  19.814   1.259         
 1039   436  20.438   1.240         
 1040    67  19.814   0.766         
 1041    67  19.815   1.080         
 1042    67  19.817   1.194         
 1042   436  20.399   1.144         
 1043    67  19.818   1.219         
 1044    67  19.823   1.153         
 1044   436  20.387   0.936         
 1045    67  19.824   0.971         
 1046    67  19.825   1.319         
 1047    67  19.826   1.096         
 1048    67  19.829   1.578         
 1049    67  19.830   1.138         
 1050    67  19.830   0.980         
 1051    67  19.831   1.139         
 1052    67  19.831   1.246         
 1053    67  19.832   1.087         
 1054    67  19.833   1.375         
 1055    67  19.835   1.216         
 1055   436  20.361   1.266         
 1056    67  19.837   1.230         
 1057    67  19.843   1.218         
 1058    67  19.846   1.162         
 1059    67  19.850   0.970         
 1060    67  19.851   1.401         
 1061    67  19.853   1.208         
 1061   436  20.489   0.676         
 1062    67  19.858   1.138         
 1063    67  19.858   1.214         
 1064    67  19.862   1.243         
 1065    67  19.867   1.149         
 1066    67  19.872   1.149         
 1067    67  19.875   1.125         
 1068    67  19.884   1.222         
 1069    67  19.886   1.732         
 1069   436  20.465   1.436         
 1070    67  19.886   1.430         
 1071    67  19.887   1.002         
 1072    67  19.887   1.079         
 1073    67  19.891   1.488         
 1073   436  20.564   1.598         
 1074    67  19.896   1.400         
 1075    67  19.899   1.718         
 1076    67  19.906   1.133         
 1077    67  19.908   1.567         
 1078    67  19.911   1.229         
 1079    67  19.912   1.280         
 1080    67  19.915   1.527         
 1081    67  19.918   1.202         
 1083    67  19.929   1.615         
 1084    67  19.929   1.608         
 1085    67  19.931   1.365         
 1086    67  19.931   0.993         
 1087    67  19.932   1.111         
 1088    67  19.935   1.229         
 1089    67  19.938   1.392         
 1090    67  19.938   1.359         
 1091    67  19.939   1.287         
 1093    67  19.941   1.019         
 1094    67  19.942   1.397         
 1095    67  19.943   1.317         
 1096    67  19.943   1.316         
 1096   436  20.430   0.988         
 1097    67  19.945   1.133         
 1098    67  19.947   1.110         
 1099    67  19.955   1.678         
 1100    67  19.965   1.611         
 1101    67  19.970   1.190         
 1102    67  19.975   1.327         
 1103    67  19.977   1.271         
 1104    67  19.982   1.621         
 1105    67  19.983   1.643         
 1106    67  19.984   1.136         
 1107    67  19.984   1.533         
 1108    67  19.985   1.526         
 1109    67  19.985   1.774         
 1110    67  19.986   1.145         
 1110   436  20.620   1.044         
 1111    67  19.986   1.189         
 1112    67  19.993   1.455         
 1113    67  19.994   1.013         
 1114    67  19.996   1.386         
 1115    67  19.999   1.766         
 1116    67  20.003   1.043         
 1117    67  20.005   1.214         
 1118    67  20.007   1.240         
 1118   436  20.580   1.094         
 1119    67  20.008   1.060         
 1120    67  20.010   1.516         
 1121    67  20.010   1.718         
 1122    67  20.011   1.306         
 1123    67  20.011   1.230         
 1124    67  20.011   1.390         
 1125    67  20.014   1.466         
 1126    67  20.016   1.076         
 1127    67  20.018   1.647         
 1128    67  20.022   1.527         
 1129    67  20.023   1.136         
 1130    67  20.023   1.245         
 1130   436  20.744   1.274         
 1131    67  20.025   1.293         
 1132    67  20.025   1.183         
 1133    67  20.029   1.150         
 1134    67  20.030   1.202         
 1135    67  20.031   1.767         
 1136    67  20.033   1.234         
 1136   436  20.713   1.179         
 1137    67  20.033   1.154         
 1138    67  20.035   1.108         
 1139    67  20.036   1.340         
 1140    67  20.037   1.398         
 1141    67  20.038   1.096         
 1142    67  20.040   1.114         
 1143    67  20.042   1.309         
 1144    67  20.050   1.121         
 1144   436  20.757   0.861         
 1145    67  20.051   1.143         
 1146    67  20.058   1.465         
 1147    67  20.059   1.180         
 1148    67  20.061   1.133         
 1149    67  20.061   1.130         
 1149   436  20.701   1.354         
 1150    67  20.062   1.397         
 1151    67  20.062   1.138         
 1152    67  20.065   1.700         
 1153    67  20.065   1.262         
 1153   436  20.622   0.879         
 1154    67  20.066   1.309         
 1154   436  20.701   1.177         
 1155    67  20.066   1.223         
 1155   436  20.642   1.063         
 1156    67  20.069   1.612         
 1157    67  20.070   1.787         
 1158    67  20.070   1.497         
 1159    67  20.073   1.186         
 1160    67  20.073   1.125         
 1161    67  20.076   1.317         
 1162    67  20.079   1.167         
 1163    67  20.080   1.126         
 1164    67  20.081   1.286         
 1164   436  20.854   1.375         
 1165    67  20.088   1.385         
 1166    67  20.089   1.625         
 1167    67  20.092   1.230         
 1168    67  20.094   1.138         
 1168   436  20.699   0.844         
 1169    67  20.096   1.277         
 1170    67  20.097   1.315         
 1170   436  20.719   1.217         
 1171    67  20.100   1.637         
 1172    67  20.101   1.064         
 1173    67  20.108   1.287         
 1173   436  20.691   1.368         
 1174    67  20.111   1.010         
 1175    67  20.115   1.373         
 1176    67  20.117   1.299         
 1177    67  20.120   1.251         
 1177   436  20.835   1.092         
 1178    67  20.124   1.183         
 1179    67  20.124   1.704         
 1180    67  20.128   1.235         
 1181    67  20.128   1.400         
 1181   436  20.588   1.196         
 1182    67  20.129   1.213         
 1183    67  20.130   1.142         
 1184    67  20.137   1.243         
 1184   436  20.840   0.946         
 1185    67  20.138   1.628         
 1186    67  20.139   1.389         
 1187    67  20.140   1.717         
 1188    67  20.140   1.726         
 1189    67  20.143   1.282         
 1190    67  20.144   1.609         
 1191    67  20.147   1.088         
 1192    67  20.151   1.257         
 1193    67  20.154   1.300         
 1194    67  20.155   1.091         
 1195    67  20.158   1.131         
 1196    67  20.163   1.343         
 1198    67  20.165   1.316         
 1199    67  20.172   1.346         
 1200    67  20.173   1.248         
 1201    67  20.173   1.130         
 1202    67  20.176   1.681         
 1203    67  20.177   1.359         
 1204    67  20.177   0.793         
 1205    67  20.178   1.452         
 1206    67  20.182   1.291         
 1207    67  20.183   1.804         
 1208    67  20.190   1.203         
 1208   436  20.831   1.074         
 1209    67  20.203   1.117         
 1210    67  20.206   1.367         
 1210   436  20.771   1.057         
 1211    67  20.206   1.256         
 1212    67  20.207   1.311         
 1213    67  20.212   1.447         
 1214    67  20.215   1.550         
 1215    67  20.216   1.578         
 1216    67  20.218   1.620         
 1217    67  20.218   1.189         
 1217   436  20.827   1.057         
 1218    67  20.222   1.285         
 1219    67  20.225   1.157         
 1220    67  20.225   1.161         
 1221    67  20.229   1.209         
 1222    67  20.231   1.294         
 1223    67  20.233   1.249         
 1224    67  20.235   1.659         
 1225    67  20.236   1.234         
 1226    67  20.236   1.257         
 1226   436  20.981   0.915         
 1227    67  20.240   1.431         
 1228    67  20.249   1.455         
 1229    67  20.250   1.312         
 1229   436  21.807   0.123         
 1230    67  20.253   1.338         
 1231    67  20.256   1.415         
 1232    67  20.257   1.222         
 1233    67  20.260   1.349         
 1234    67  20.261   1.652         
 1235    67  20.261   1.131         
 1236    67  20.265   1.033         
 1237    67  20.266   1.270         
 1238    67  20.266   1.126         
 1240    67  20.272   1.157         
 1241    67  20.272   1.694         
 1242    67  20.275   1.166         
 1243    67  20.277   1.069         
 1243   436  20.838   0.942         
 1244    67  20.280   1.131         
 1245    67  20.284   1.339         
 1245   436  20.951   1.100         
 1246    67  20.291   1.051         
 1246   436  20.919   1.215         
 1247    67  20.293   1.352         
 1248    67  20.303   1.241         
 1248   436  20.948   1.366         
 1249    67  20.305   1.068         
 1250    67  20.310   1.282         
 1251    67  20.312   1.177         
 1252    67  20.312   1.291         
 1253    67  20.317   0.971         
 1254    67  20.318   1.580         
 1255    67  20.319   1.676         
 1256    67  20.321   1.236         
 1257    67  20.321   1.302         
 1258    67  20.322   1.074         
 1260    67  20.326   1.116         
 1261    67  20.326   1.216         
 1262    67  20.328   1.509         
 1263    67  20.334   1.448         
 1264    67  20.334   1.184         
 1265    67  20.334   1.331         
 1266    67  20.335   1.054         
 1267    67  20.336   1.270         
 1268    67  20.337   1.173         
 1269    67  20.339   1.237         
 1270    67  20.343   1.199         
 1271    67  20.343   1.345         
 1272    67  20.348   1.047         
 1274    67  20.349   1.246         
 1275    67  20.350   1.332         
 1276    67  20.353   1.422         
 1278    67  20.360   1.534         
 1279    67  20.362   1.265         
 1279   436  20.807   0.883         
 1280    67  20.365   1.327         
 1280   436  21.009   1.008         
 1281    67  20.367   1.149         
 1282    67  20.367   1.169         
 1282   436  20.985   0.908         
 1283    67  20.369   0.904         
 1284    67  20.369   1.130         
 1285    67  20.371   1.877         
 1286    67  20.372   1.266         
 1287    67  20.377   1.117         
 1289    67  20.380   1.050         
 1290    67  20.386   1.232         
 1292    67  20.387   1.103         
 1293    67  20.389   1.340         
 1294    67  20.389   1.426         
 1295    67  20.391   1.240         
 1296    67  20.392   1.405         
 1297    67  20.394   1.360         
 1297   436  21.107   1.206         
 1298    67  20.397   1.601         
 1299    67  20.402   1.315         
 1300    67  20.402   1.169         
 1302    67  20.403   1.351         
 1303    67  20.406   1.489         
 1303   436  21.105   1.129         
 1304    67  20.407   1.194         
 1305    67  20.407   1.315         
 1306    67  20.408   1.054         
 1307    67  20.411   1.311         
 1308    67  20.412   1.352         
 1309    67  20.414   1.442         
 1310    67  20.414   1.153         
 1311    67  20.417   1.438         
 1311   436  20.868   1.253         
 1312    67  20.424   1.248         
 1313    67  20.426   1.256         
 1313   436  21.064   1.261         
 1314    67  20.427   1.180         
 1315    67  20.429   1.171         
 1316    67  20.430   1.408         
 1317    67  20.431   1.516         
 1318    67  20.431   1.366         
 1320    67  20.433   1.286         
 1321    67  20.434   1.219         
 1322    67  20.435   1.081         
 1323    67  20.435   1.292         
 1324    67  20.439   1.137         
 1325    67  20.441   1.143         
 1326    67  20.444   1.091         
 1327    67  20.449   1.023         
 1328    67  20.449   1.527         
 1329    67  20.450   1.390         
 1330    67  20.452   1.480         
 1330   436  21.166   1.022         
 1331    67  20.453   1.666         
 1332    67  20.462   1.369         
 1333    67  20.468   1.810         
 1334    67  20.469   1.195         
 1335    67  20.470   1.150         
 1336    67  20.471   1.214         
 1338    67  20.476   1.367         
 1339    67  20.477   1.117         
 1340    67  20.479   1.287         
 1340   436  21.227   0.942         
 1341    67  20.481   1.359         
 1342    67  20.484   1.051         
 1343    67  20.487   1.245         
 1344    67  20.488   1.283         
 1345    67  20.490   1.636         
 1346    67  20.493   1.291         
 1347    67  20.495   1.678         
 1348    67  20.497   1.378         
 1349    67  20.498   1.712         
 1349   436  20.700   1.379         
 1350   436  21.092   1.444         
 1351    67  20.503   1.077         
 1351   436  21.105   0.866         
 1352    67  20.504   1.185         
 1353    67  20.505   1.335         
 1354    67  20.509   1.809         
 1355    67  20.510   1.006         
 1356    67  20.511   1.391         
 1357    67  20.511   1.589         
 1358    67  20.512   1.621         
 1358   436  21.227   1.581         
 1359    67  20.515   1.408         
 1360    67  20.516   1.351         
 1361    67  20.517   1.308         
 1362    67  20.518   1.451         
 1363    67  20.518   1.257         
 1363   436  21.148   0.702         
 1364    67  20.519   1.319         
 1365    67  20.521   1.325         
 1366    67  20.522   1.268         
 1367    67  20.523   1.134         
 1367   436  21.008   1.177         
 1368    67  20.523   1.561         
 1369    67  20.523   1.510         
 1370    67  20.525   0.837         
 1371    67  20.526   1.128         
 1372    67  20.527   1.409         
 1372   436  21.271   1.430         
 1373    67  20.531   1.596         
 1374    67  20.534   1.569         
 1375    67  20.535   1.389         
 1376    67  20.537   1.489         
 1376   436  21.173   1.645         
 1377    67  20.537   1.219         
 1378    67  20.539   1.286         
 1379    67  20.541   1.154         
 1380    67  20.542   2.041         
 1381    67  20.547   1.283         
 1382    67  20.548   1.538         
 1383    67  20.551   1.638         
 1385    67  20.556   1.169         
 1386    67  20.559   1.612         
 1387    67  20.563   1.314         
 1388    67  20.564   1.319         
 1389    67  20.564   1.340         
 1390    67  20.569   1.299         
 1391    67  20.573   1.285         
 1393    67  20.575   1.712         
 1394    67  20.575   1.745         
 1395    67  20.576   1.156         
 1396    67  20.578   1.648         
 1397    67  20.579   0.830         
 1398    67  20.581   1.355         
 1399    67  20.581   1.904         
 1401    67  20.590   0.900         
 1402    67  20.590   1.310         
 1402   436  21.118   1.769         
 1403    67  20.591   1.379         
 1404    67  20.598   1.225         
 1404   436  21.164   1.137         
 1405    67  20.600   1.280         
 1406    67  20.602   1.425         
 1406   436  21.213   1.048         
 1407    67  20.609   1.305         
 1409    67  20.611   1.247         
 1410    67  20.612   1.329         
 1411    67  20.612   1.345         
 1412    67  20.617   1.431         
 1413    67  20.617   1.196         
 1414    67  20.618   1.201         
 1415    67  20.618   1.114         
 1416    67  20.619   1.185         
 1417    67  20.629   1.285         
 1418    67  20.629   1.351         
 1419    67  20.630   1.525         
 1419   436  21.223   1.642         
 1420    67  20.630   1.166         
 1421    67  20.633   1.150         
 1422    67  20.637   1.517         
 1422   436  21.312   1.065         
 1423    67  20.641   1.138         
 1424    67  20.641   1.199         
 1425    67  20.641   1.241         
 1425   436  21.431   1.331         
 1426    67  20.644   1.120         
 1427    67  20.644   1.503         
 1427   436  21.295   1.553         
 1428    67  20.646   1.374         
 1429    67  20.646   1.191         
 1430    67  20.651   1.259         
 1431    67  20.658   1.522         
 1432    67  20.658   1.525         
 1433    67  20.662   1.185         
 1434    67  20.663   1.342         
 1435    67  20.663   1.281         
 1436    67  20.664   1.289         
 1436   436  21.105   1.367         
 1437    67  20.665   1.201         
 1438    67  20.665   1.283         
 1439    67  20.666   1.652         
 1440    67  20.669   1.176         
 1440   436  21.304   1.631         
 1441    67  20.670   1.288         
 1442    67  20.671   1.259         
 1443    67  20.675   1.304         
 1444    67  20.675   1.331         
 1445    67  20.677   1.683         
 1446    67  20.678   1.332         
 1447    67  20.679   1.419         
 1448    67  20.681   1.323         
 1448   436  21.263   1.119         
 1449    67  20.685   1.361         
 1450    67  20.685   1.312         
 1451    67  20.690   1.063         
 1452    67  20.691   1.540         
 1453    67  20.693   1.076         
 1454    67  20.694   2.018         
 1455    67  20.695   1.140         
 1456    67  20.695   0.913         
 1456   436  21.093   0.601         
 1457    67  20.695   1.820         
 1458    67  20.698   1.718         
 1459    67  20.699   1.237         
 1460    67  20.700   1.190         
 1461    67  20.702   1.441         
 1462    67  20.703   1.103         
 1465    67  20.714   1.533         
 1466    67  20.715   1.251         
 1467    67  20.716   1.369         
 1467   436  21.422   1.379         
 1468    67  20.718   1.516         
 1469    67  20.718   1.320         
 1470    67  20.720   1.205         
 1471    67  20.725   1.392         
 1472    67  20.731   1.286         
 1473    67  20.731   1.223         
 1474    67  20.733   1.426         
 1475    67  20.736   1.310         
 1476    67  20.742   1.183         
 1476   436  21.246   0.797         
 1477    67  20.742   1.327         
 1478    67  20.743   1.624         
 1480    67  20.747   1.229         
 1481    67  20.750   1.344         
 1481   436  21.416   1.069         
 1482    67  20.751   1.356         
 1482   436  21.150   1.166         
 1483    67  20.754   1.426         
 1484    67  20.757   1.153         
 1485    67  20.758   1.326         
 1486    67  20.758   1.271         
 1487    67  20.758   1.033         
 1487   436  21.304   1.220         
 1488    67  20.761   1.248         
 1489    67  20.761   1.274         
 1490    67  20.763   1.430         
 1491    67  20.763   1.460         
 1492    67  20.764   1.854         
 1493    67  20.764   0.931         
 1494    67  20.765   1.325         
 1495    67  20.767   1.551         
 1496    67  20.768   1.747         
 1497    67  20.774   1.193         
 1499    67  20.779   1.272         
 1500    67  20.779   1.321         
 1501    67  20.779   1.225         
 1502    67  20.781   1.148         
 1503    67  20.781   0.874         
 1504    67  20.782   1.075         
 1505    67  20.783   0.894         
 1506    67  20.784   1.127         
 1506   436  21.343   1.102         
 1507    67  20.786   1.486         
 1508    67  20.787   1.297         
 1509    67  20.788   1.296         
 1510    67  20.790   1.930         
 1511    67  20.791   1.383         
 1512    67  20.794   1.045         
 1513    67  20.794   1.328         
 1514    67  20.798   1.257         
 1515    67  20.798   1.216         
 1516    67  20.802   1.075         
 1517    67  20.804   1.380         
 1518   436  21.356   1.157         
 1519    67  20.806   0.962         
 1520    67  20.807   1.509         
 1522    67  20.816   1.661         
 1523    67  20.816   1.298         
 1524    67  20.822   1.203         
 1525    67  20.824   1.256         
 1526    67  20.825   1.448         
 1526   436  21.256   1.191         
 1527    67  20.827   1.007         
 1528    67  20.831   1.239         
 1530    67  20.835   1.289         
 1531    67  20.836   1.383         
 1532    67  20.839   1.578         
 1534    67  20.849   1.391         
 1535    67  20.851   1.329         
 1536    67  20.852   1.039         
 1537    67  20.852   1.232         
 1537   436  21.389   0.969         
 1538    67  20.857   1.667         
 1539    67  20.858   1.346         
 1540    67  20.858   1.452         
 1541    67  20.859   1.121         
 1541   436  21.584   0.804         
 1542    67  20.861   1.403         
 1543    67  20.863   1.140         
 1544    67  20.864   1.319         
 1545    67  20.864   0.996         
 1546    67  20.865   1.459         
 1547    67  20.866   1.352         
 1550    67  20.867   1.314         
 1551    67  20.867   1.756         
 1552    67  20.869   0.956         
 1553    67  20.873   1.319         
 1554    67  20.875   1.380         
 1555    67  20.880   1.323         
 1555   436  21.327   1.253         
 1556    67  20.881   0.955         
 1557    67  20.882   1.470         
 1558    67  20.882   1.544         
 1559    67  20.885   1.288         
 1560    67  20.890   1.209         
 1561    67  20.894   1.429         
 1562    67  20.895   1.644         
 1563    67  20.897   1.406         
 1564    67  20.899   1.681         
 1567    67  20.901   1.893         
 1568    67  20.904   1.277         
 1569    67  20.905   1.346         
 1570    67  20.906   1.163         
 1571    67  20.906   1.546         
 1572    67  20.909   1.384         
 1573    67  20.910   1.428         
 1575    67  20.913   1.123         
 1576    67  20.916   1.096         
 1577    67  20.920   1.678         
 1578    67  20.920   1.710         
 1580    67  20.925   1.348         
 1580   436  21.629   0.881         
 1581    67  20.929   0.959         
 1583   436  21.682   1.092         
 1584    67  20.934   0.909         
 1585    67  20.936   1.483         
 1587    67  20.939   1.333         
 1589    67  20.946   1.348         
 1590    67  20.946   1.252         
 1591    67  20.948   1.428         
 1592    67  20.952   1.283         
 1594    67  20.955   1.209         
 1596    67  20.960   1.707         
 1597    67  20.963   1.011         
 1598    67  20.972   1.200         
 1599    67  20.973   1.310         
 1600    67  20.978   1.079         
 1601    67  20.981   1.028         
 1602    67  20.982   1.703         
 1603    67  20.984   1.197         
 1604    67  20.985   1.677         
 1605    67  20.987   1.354         
 1605   436  21.518   1.216         
 1606    67  20.989   0.945         
 1607    67  20.996   1.413         
 1608    67  20.997   1.544         
 1609    67  21.001   1.196         
 1611    67  21.008   1.829         
 1614    67  21.015   1.497         
 1616    67  21.021   1.420         
 1619    67  21.029   1.514         
 1620    67  21.030   1.761         
 1621    67  21.032   1.226         
 1622    67  21.034   1.554         
 1623    67  21.034   1.411         
 1626    67  21.041   1.854         
 1627    67  21.042   1.361         
 1628    67  21.042   1.396         
 1630    67  21.057   1.183         
 1631    67  21.058   1.308         
 1634    67  21.062   0.991         
 1635    67  21.062   1.052         
 1636    67  21.063   1.254         
 1637    67  21.066   1.556         
 1638    67  21.070   1.174         
 1640    67  21.073   1.302         
 1641    67  21.073   1.499         
 1644    67  21.079   1.374         
 1645    67  21.082   1.706         
 1646    67  21.082   1.716         
 1647    67  21.083   1.159         
 1648    67  21.084   1.291         
 1649    67  21.090   1.451         
 1651    67  21.094   2.204         
 1652    67  21.094   1.534         
 1653    67  21.095   1.264         
 1654    67  21.098   1.246         
 1657    67  21.103   0.945         
 1659    67  21.105   1.291         
 1660    67  21.105   1.449         
 1661    67  21.108   1.414         
 1662    67  21.115   1.148         
 1663    67  21.115   0.496         
 1668    67  21.124   1.081         
 1669    67  21.125   1.270         
 1671    67  21.126   1.485         
 1672    67  21.126   1.232         
 1674    67  21.129   1.584         
 1675    67  21.129   1.573         
 1676    67  21.130   1.366         
 1676   436  21.469   1.053         
 1677    67  21.132   1.291         
 1679    67  21.134   1.306         
 1680    67  21.135   1.453         
 1681    67  21.136   1.755         
 1682    67  21.137   1.697         
 1683    67  21.138   1.880         
 1684    67  21.138   1.624         
 1685    67  21.140   2.032         
 1686    67  21.141   1.236         
 1689    67  21.149   1.392         
 1690    67  21.152   1.125         
 1691    67  21.159   2.134         
 1692    67  21.161   1.193         
 1694    67  21.165   1.448         
 1695    67  21.165   1.254         
 1697    67  21.170   1.000         
 1698    67  21.170   1.154         
 1701    67  21.178   1.654         
 1702    67  21.178   1.332         
 1703    67  21.180   1.195         
 1704    67  21.183   1.362         
 1706    67  21.188   1.613         
 1709    67  21.190   1.591         
 1710    67  21.194   1.200         
 1711    67  21.194   1.455         
 1712    67  21.200   1.508         
 1713    67  21.200   1.185         
 1715    67  21.203   1.168         
 1716    67  21.203   1.293         
 1717    67  21.204   1.288         
 1718    67  21.205   1.042         
 1721    67  21.212   1.241         
 1722    67  21.213   0.892         
 1724    67  21.217   1.440         
 1725    67  21.217   1.871         
 1726    67  21.218   1.697         
 1727    67  21.219   1.216         
 1728    67  21.230   1.773         
 1730    67  21.231   1.224         
 1731    67  21.234   1.040         
 1735    67  21.240   1.687         
 1736    67  21.240   1.294         
 1737    67  21.242   1.448         
 1738    67  21.243   1.520         
 1743    67  21.253   1.329         
 1745    67  21.256   1.492         
 1747    67  21.258   1.311         
 1750    67  21.265   1.243         
 1751    67  21.270   1.437         
 1753    67  21.272   1.110         
 1754    67  21.278   1.048         
 1755    67  21.281   1.780         
 1759    67  21.286   1.315         
 1760   436  21.717   0.785         
 1761    67  21.292   1.922         
 1763    67  21.293   2.144         
 1764    67  21.293   1.315         
 1765    67  21.295   1.359         
 1768    67  21.299   1.457         
 1769    67  21.301   1.132         
 1770   436  21.716   0.674         
 1771    67  21.304   1.160         
 1772    67  21.304   1.686         
 1773    67  21.307   2.010         
 1774    67  21.310   1.222         
 1779    67  21.327   1.246         
 1779   436  21.416   0.981         
 1780    67  21.331   1.246         
 1781    67  21.331   1.377         
 1782    67  21.335   1.773         
 1784    67  21.338   1.312         
 1785    67  21.339   1.527         
 1786    67  21.341   1.714         
 1788    67  21.345   0.994         
 1789   436  21.839   1.245         
 1790    67  21.352   2.168         
 1791    67  21.352   0.983         
 1796    67  21.368   0.915         
 1798    67  21.377   0.989         
 1799   436  21.715   1.271         
 1800    67  21.381   1.323         
 1801    67  21.382   1.272         
 1812    67  21.419   1.316         
 1814    67  21.423   1.369         
 1818    67  21.434   0.945         
 1825    67  21.491   1.329         
 1828    67  21.509   1.492         
 1830    67  21.529  -0.148         
 1833    67  21.552   1.190         
 1836    67  21.572   1.125         
 1840    67  21.586   1.062         
 1842    67  21.600   1.476         
 1844    67  21.625   1.190         
 1845   436  21.971   0.931         
 1855    67  21.710   1.030         
 1866   436  22.753   0.144         
 2119   436  17.537   1.480         
 2142   436  18.927   1.351         
 2243   436  19.530   1.589         
 2246   436  19.673   1.543         
 2253   436  19.369   1.638         
 2311   436  22.157   0.920         
 2324   436  21.335   1.358         
 2365   436  21.348   1.486         
 2373   436  21.035   1.230         
 2380   436  22.376   0.729         
 2382   436  21.368   1.301         
 2399   436  21.619   0.912         
 2401   436  21.927  -0.153         
 2416   436  22.321  -0.363         
 2417   436  22.820  -1.191         
 2428   436  21.336   1.046         
 2429   436  23.170  -0.948         
 2431   436  22.363  -1.174         
 2437   436  21.547   0.456         
 2454   436  21.995   0.910         
 2457   436  20.871   1.985         
 2462   436  21.880   0.414         
 2464   436  21.695   0.601         
 2472   436  22.240   0.459         
 2474   436  21.996   0.952         
 2480   436  22.216   0.999         
 2483   436  22.699  -0.423         
 2491   436  22.339   0.789         
 2494   436  23.266  -0.735         
 2495   436  21.825   0.530         
 2501   436  21.756   0.671         
 2503   436  22.003   0.944         
 2506   436  21.944   0.776         
 2508   436  22.628  -0.121         
 2509   436  22.710  -0.157         
 2513   436  22.682  -0.187         
 2515   436  22.900  -0.253         
 2522   436  21.856   0.668         
 2523   436  23.264  -0.814         
 2528   436  23.308  -0.289         
 2531   436  22.383   0.919         
 2534   436  22.238   0.692         
 2537   436  23.134   0.127         
 2540   436  22.706   0.020         
 2545   436  22.396   0.490         
 2553   436  22.919  -0.080         
 2555   436  22.751   0.191         
 2556   436  23.183  -0.305         
 2557   436  23.640  -0.223         
 2558   436  22.737  -0.445         
 2561   436  23.150  -0.239         
 2563   436  22.333   0.480         
 2567   436  22.294   0.616         
 2570   436  22.889   0.341         
 2571   436  22.870  -0.124         
 2573   436  22.691   0.015         
 2584   436  22.433   0.456         
 2585   436  22.551   0.547         
 2590   436  23.175  -0.337         
 2596   436  23.184  -0.137         
 2597   436  23.017  -0.070         
 2604   436  23.019   0.066         
 2605   436  22.864   0.064         
 2607   436  22.984   0.042         
 2609   436  22.948   0.074         
 2610   436  23.133   0.239         
 2612   436  22.862   0.201         
 2615   436  22.694   0.434         
 2616   436  22.685  -0.419         
 2617   436  22.881   0.101         
 2618   436  23.102  -0.068         
 2622   436  23.488  -0.575         
 2626   436  23.216  -0.184         
 2627   436  22.941   0.077         
 2629   436  22.919   0.002         
 2633   436  22.831   0.224         
 2634   436  22.833   0.218         
 2636   436  22.693   0.503         
 2637   436  22.752   0.482         
 2639   436  22.667   0.435         
 2640   436  22.985   0.126         
 2641   436  22.716   0.525         
 2642   436  23.330  -0.254         
 2643   436  22.989  -0.191         
 2644   436  22.831   0.260         
 2645   436  23.380  -0.197         
 2647   436  23.000  -0.044         
 2648   436  22.940   0.137         
 2649   436  22.636   0.562         
 2654   436  22.667   0.495         
 2655   436  23.186  -0.167         
 2657   436  22.941   0.150         
 2660   436  23.392  -0.287         
 2663   436  23.199  -0.026         
 2665   436  23.199   0.014         
 2666   436  22.910   0.294         
 2667   436  23.155   0.124         
 2673   436  23.193   0.099         
 2674   436  23.159  -0.020         
 2677   436  22.889   0.381         
 2679   436  22.946   0.166         
 2680   436  23.080   0.131         
 2681   436  22.885   0.467         
 2684   436  23.095   0.088         
 2686   436  23.181   0.010         
 2690   436  23.096   0.218         
 2691   436  23.124   0.126         
 2695   436  23.409  -0.151         
 2696   436  23.028   0.379         
 2697   436  23.003   0.262         
 2699   436  23.455  -0.264         
 2700   436  22.801   0.426         
 2701   436  23.059   0.276         
 2703   436  22.955   0.464         
 2706   436  23.188   0.119         
 2707   436  23.029   0.354         
 2710   436  22.855   0.298         
 2711   436  23.037   0.372         
 2712   436  23.049   0.312         
 2714   436  23.114   0.309         
 2715   436  23.134   0.273         
 2720   436  23.028   0.124         
 2721   436  23.134   0.148         
 2728   436  23.137   0.153         
 2729   436  23.143   0.296         
 2731   436  23.386  -0.040         
 2732   436  23.220   0.253         
 2735   436  23.278   0.154         
 2740   436  23.388   0.143         
 2754   436  23.307   0.440         
 2755   436  23.397  -0.005