UBV CCD observations

  No    Ref    V       B-V     U-B

 1001   343  20.890   1.480         
 1002   343  17.800   1.730         
 1003   343  18.250   1.380         
 1004   343  20.560   1.810         
 1005   343  20.120   1.610         
 1006   343  18.760   1.410         
 1007   343  18.600   1.470         
 1008   343  19.150   2.710         
 1009   343  18.760   1.980         
 1010   343  18.900   1.500         
 1011   343  16.660   0.900         
 1012   343  15.250   0.860         
 1013   343  14.430   0.670         
 1014   343  18.620   1.230         
 1015   343  19.410   1.580         
 1016   343  18.730   1.290         
 1017   343  17.990   1.190         
 1018   343  19.350   1.680         
 1019   343  18.990   1.410         
 1020   343  17.340   1.000         
 1021   343  21.070   1.500         
 1022   343  20.750   1.600         
 1023   343  20.200   1.830         
 1024   343  19.850   1.830         
 1025   343  17.780   1.570         
 1026   343  18.400   1.130         
 1027   343  18.580   1.370         
 1028   343  16.560   2.360         
 1029   343  19.510   1.400         
 1030   343  18.470   1.430         
 1031   343  16.710   1.440         
 1032   343  20.690   2.040         
 1033   343  18.880   1.510         
 1034   343  20.330   1.720         
 1035   343  16.790   1.150         
 1036   343  19.460   1.520         
 1037   343  20.270   1.660         
 1038   343  20.600   1.680         
 1039   343  20.610   1.690         
 1040   343  19.250   1.440         
 1041   343  18.490   1.520         
 1042   343  16.530   1.060         
 1043   343  19.710   1.610         
 1044   343  19.660   1.770         
 1045   343  18.240   2.290         
 1046   343  18.770   1.010         
 1047   343  15.800   0.710         
 1048   343  18.470   1.570         
 1049   343  19.510   1.320         
 1050   343  18.840   1.370         
 1051   343  16.120   1.050         
 1052   343  19.170   1.660         
 1053   343  19.880   1.600         
 1054   343  20.390   1.810         
 1055   343  19.540   1.780         
 1056   343  20.380   1.570         
 1057   343  19.090   1.440         
 1058   343  19.360   1.460         
 1059   343  20.790   1.660         
 1060   343  20.280   1.790         
 1061   343  20.470   1.680         
 1062   343  20.840   1.670         
 1063   343  19.870   2.040         
 1064   343  18.110   1.410         
 1065   343  20.280   2.060         
 1066   343  19.350   1.370         
 1067   343  17.080   1.110         
 1068   343  20.500   1.790         
 1069   343  19.280   1.360         
 1070   343  20.590   1.630         
 1071   343  17.700   1.060         
 1072   343  17.390   1.070         
 1073   343  18.740   1.280         
 1074   343  19.370   1.640         
 1075   343  15.370   1.080         
 1076   343  17.300   1.160         
 1077   343  18.730   1.490         
 1078   343  18.190   1.460         
 1079   343  15.970   0.870         
 1080   343  18.840   1.390         
 1081   343  16.560   1.020         
 1082   343  19.830   1.420         
 1083   343  19.100   1.670         
 1084   343  17.030   1.990         
 1085   343  20.330   1.660         
 1086   343  16.700   1.010         
 1087   343  19.800   1.640         
 1088   343  18.770   1.280         
 1089   343  18.560   1.500         
 1090   343  17.910   1.120         
 1091   343  19.530   1.480         
 1092   343  18.730   1.270         
 1093   343  13.730   0.750         
 1094   343  20.470   1.960         
 1095   343  17.000   1.530         
 1096   343  17.590   1.060         
 1097   343  16.180   1.580         
 1098   343  18.850   1.300         
 1099   343  15.350   1.090         
 1100   343  19.210   1.680         
 1101   343  17.240   0.980         
 1102   343  20.860   1.630         
 1103   343  18.100   1.140         
 1104   343  19.320   1.700         
 1105   343  15.930   0.930         
 1106   343  20.680   1.590         
 1107   343  20.640   1.540         
 1108   343  18.950   0.460         
 1109   343  18.130   1.680         
 1110   343  17.910   1.340         
 1111   343  18.630   1.340         
 1112   343  18.840   1.400         
 1113   343  17.820   1.270         
 1114   343  20.240   1.900         
 1115   343  20.550   1.600         
 1116   343  20.560   1.840         
 1117   343  16.240   0.780         
 1118   343  19.650   1.490         
 1119   343  19.200   1.550         
 1120   343  17.960   1.140         
 1121   343  19.510   1.690         
 1122   343  18.990   1.750         
 1123   343  18.770   1.470         
 1124   343  20.650   1.620         
 1125   343  18.620   1.310         
 1126   343  20.460   2.250         
 1127   343  13.170   0.530   0.310
 1128   343  19.780   1.590         
 1129   343  19.920   1.600         
 1130   343  19.590   2.020         
 1131   343  20.730   1.880         
 1132   343  18.070   1.290         
 1133   343  19.150   1.220         
 1134   343  20.420   1.620         
 1135   343  20.220   1.760         
 1136   343  17.000   1.140         
 1137   343  20.000   1.550         
 1138   343  16.930   1.190         
 1139   343  20.530   1.610         
 1140   343  16.890   1.120         
 1141   343  16.630   1.090         
 1142   343  20.410   1.610         
 1143   343  16.600   0.990         
 1144   343  20.370   1.540         
 1145   343  19.390   1.630         
 1146   343  18.020   1.270         
 1147   343  17.240   1.300         
 1148   343  20.160   1.660         
 1149   343  12.680   0.400   0.490
 1150   343  18.930   1.230         
 1151   343  17.250   1.150         
 1152   343  15.590   0.840         
 1153   343  18.510   1.420         
 1154   343  18.050   1.430         
 1155   343  19.030   1.670         
 1156   343  17.430   1.180         
 1157   343  14.490   0.980         
 1158   343  16.480   1.200         
 1159   343  15.620   0.670         
 1160   343  20.700   1.350         
 1161   343  16.310   1.070         
 1162   343  18.390   1.180         
 1163   343  14.790   0.810         
 1164   343  16.230   1.010         
 1165   343  17.750   1.280         
 1166   343  14.350   0.570         
 1167   343  16.080   1.510         
 1168   343  20.360   1.640         
 1169   343  20.080   2.460         
 1170   343  16.320   1.140         
 1171   343  18.850   2.190         
 1172   343  18.500   1.350         
 1173   343  18.010   1.170         
 1174   343  17.130   1.140         
 1175   343  18.070   1.300         
 1176   343  19.750   1.860         
 1177   343  18.990   1.500         
 1178   343  20.710   1.750         
 1179   343  19.750   1.810         
 1180   343  17.420   1.350         
 1181   343  19.820   1.510         
 1182   343  17.410   1.130         
 1183   343  18.120   1.270         
 1184   343  19.520   1.480         
 1185   343  20.080   1.670         
 1186   343  19.670   1.460         
 1187   343  19.230   1.520         
 1188   343  15.010   1.330         
 1189   343  18.500   1.290         
 1190   343  17.850   1.110         
 1191   343  20.320   1.710         
 1192   343  17.670   1.360         
 1193   343  19.640   1.720         
 1194   343  19.000   1.210         
 1195   343  16.150   1.010         
 1196   343  19.430   1.380         
 1197   343  19.040   1.550         
 1198   343  15.810   1.460         
 1199   343  17.750   1.290         
 1200   343  20.080   1.700         
 1201   343  18.010   1.350         
 1202   343  20.030   1.750         
 1203   343  20.350   1.690         
 1204   343  16.950   1.060   0.490
 1205   343  16.000   0.960         
 1206   343  18.610   1.230         
 1207   343  17.300   1.300         
 1208   343  19.200   1.380         
 1209   343  17.140   1.120         
 1210   343  20.270  -0.160         
 1211   343  18.680   1.290         
 1212   343  20.490   1.680         
 1213   343  17.300   1.200         
 1214   343  20.000   2.250         
 1215   343  18.150   1.110         
 1216   343  20.540   1.730         
 1217   343  18.260   1.250   0.630
 1218   343  20.500   1.940         
 1219   343  18.750   1.260         
 1220   343  20.650   1.580         
 1221   343  18.960   1.740         
 1222   343  20.000   1.680         
 1223   343  20.270   1.820         
 1224   343  16.330   0.990         
 1225   343  15.290   0.640         
 1226   343  18.800   1.210         
 1227   343  17.370   1.250         
 1228   343  17.460   1.160         
 1229   343  19.120   1.230         
 1230   343  16.750   1.170         
 1231   343  17.540   1.140   0.660
 1232   343  17.620   1.550         
 1233   343  17.630   1.380         
 1234   343  16.890   1.410         
 1235   343  14.010   0.890         
 1236   343  18.580   1.470         
 1237   343  18.610   1.410         
 1238   343  19.300   1.420         
 1239   343  17.290   1.820         
 1240   343  20.510   1.890  -0.060
 1241   343  16.470   1.030         
 1242   343  16.970   1.040   0.460
 1243   343  20.270   1.700         
 1244   343  20.220   1.750         
 1245   343  18.010   1.190         
 1246   343  19.170   1.480         
 1247   343  16.610   1.900         
 1248   343  18.260   1.530         
 1249   343  19.750   1.800         
 1250   343  17.370   1.110         
 1251   343  17.080   1.560   1.540
 1252   343  18.810   1.330         
 1253   343  19.740   1.490         
 1254   343  16.870   1.010   0.540
 1255   343  17.550   1.380         
 1256   343  19.910   1.570         
 1257   343  13.690   0.590         
 1258   343  15.500   1.140         
 1259   343  16.570   0.860         
 1260   343  17.920   1.770         
 1261   343  21.070   1.210         
 1262   343  20.230   1.830         
 1263   343  17.680   1.080         
 1264   343  15.940   0.740   0.600
 1265   343  17.900   1.280         
 1266   343  17.150   1.170         
 1267   343  20.560   1.760         
 1268   343  14.980   0.670         
 1269   343  17.200   1.190         
 1270   343  19.730   1.560         
 1271   343  19.910   1.610         
 1272   343  19.580   1.100         
 1273   343  20.690   2.010         
 1274   343  17.360   1.320         
 1275   343  20.350   1.820         
 1276   343  19.070   1.770         
 1277   343  17.940   1.470         
 1278   343  17.480   1.130         
 1279   343  20.650   1.510         
 1280   343  20.280   1.620         
 1281   343  17.900   1.090         
 1282   343  19.650   1.760         
 1283   343  20.250   1.590         
 1284   343  17.430   1.270   0.930
 1285   343  14.480   0.860         
 1286   343  20.560   2.010         
 1287   343  20.380   1.800         
 1288   343  19.680   1.360         
 1289   343  20.050   1.480         
 1290   343  20.460   1.570         
 1291   343  16.190   2.240         
 1292   343  15.420   0.850         
 1293   343  17.970   1.200         
 1294   343  16.410   0.970   0.470
 1295   343  20.700   1.670         
 1296   343  19.900   1.510         
 1297   343  19.080   1.340         
 1298   343  17.890   1.200         
 1299   343  18.730   1.810         
 1300   343  19.300   1.520         
 1301   343  20.960   1.650         
 1302   343  16.310   0.920         
 1303   343  20.450   1.620         
 1304   343  16.760   0.930         
 1305   343  17.270   0.950         
 1306   343  17.440   1.080   0.530
 1307   343  16.770   1.630         
 1308   343  20.180   1.740         
 1309   343  19.760   1.920         
 1310   343  19.710   1.500         
 1311   343  13.690   0.600         
 1312   343  17.550   1.320         
 1313   343  19.460   1.340         
 1314   343  16.940   1.050         
 1315   343  20.480   1.530         
 1316   343  17.320   1.120         
 1317   343  21.060   1.660         
 1318   343  17.700   1.150   0.570
 1319   343  17.350   1.280   0.900
 1320   343  15.570   0.860         
 1321   343  19.000   1.700         
 1322   343  20.180   1.750         
 1323   343  15.460   0.800         
 1324   343  18.190   1.340         
 1325   343  19.050   1.370         
 1326   343  20.220   1.850         
 1327   343  17.790   1.110         
 1328   343  19.050   1.410         
 1329   343  20.500   1.190         
 1330   343  20.420   1.750         
 1331   343  17.990   1.190   0.550
 1332   343  19.210   1.290         
 1333   343  18.930   1.650         
 1334   343  19.640   1.720         
 1335   343  13.670   0.550         
 1336   343  17.090   1.050         
 1337   343  18.570   1.200         
 1338   343  19.390   1.260         
 1339   343  18.370   1.380         
 1340   343  14.800   0.810         
 1341   343  18.800   1.240         
 1342   343  14.800   0.720   0.360
 1343   343  19.850   1.820         
 1344   343  20.600   1.650         
 1345   343  16.260   1.030         
 1346   343  17.770   1.130         
 1347   343  20.340   1.690         
 1348   343  15.200   0.750         
 1349   343  19.820   1.690         
 1350   343  19.470   1.680         
 1351   343  20.900   1.830         
 1352   343  18.990   1.680         
 1353   343  16.070   1.070         
 1354   343  16.540   0.970         
 1355   343  14.780   0.800         
 1356   343  18.530   1.440         
 1357   343  16.070   1.120         
 1358   343  19.320   1.810         
 1359   343  16.950   0.940         
 1360   343  18.580   1.190   0.690
 1361   343  15.300   0.720         
 1362   343  19.600   1.500         
 1363   343  15.170   1.900         
 1364   343  18.810   2.100         
 1365   343  17.970   1.160         
 1366   343  17.690   1.160         
 1367   343  18.140   2.120         
 1368   343  19.340   2.000         
 1369   343  18.270   1.460   1.090
 1370   343  16.250   1.100   0.870
 1371   343  16.600   1.000         
 1372   343  15.110   0.800         
 1373   343  20.290   2.050         
 1374   343  20.120   1.710         
 1375   343  19.000   1.320         
 1376   343  19.940   1.860         
 1377   343  15.260   0.840   0.410
 1378   343  18.910   1.370         
 1379   343  16.320   1.510   0.570
 1380   343  20.120   1.890         
 1381   343  19.550   1.780         
 1382   343  20.300   1.790         
 1383   343  19.480   1.610         
 1384   343  20.070   1.970         
 1385   343  19.400   1.360         
 1386   343  14.720   0.630   0.570
 1387   343  19.550   1.520         
 1388   343  18.910   1.410         
 1389   343  19.070   1.250         
 1390   343  17.780   2.320         
 1391   343  20.330   1.830         
 1392   343  13.680   0.650         
 1393   343  18.220   1.240         
 1394   343  17.860   1.270         
 1395   343  17.730   1.160         
 1396   343  19.140   1.270         
 1397   343  17.510   1.360   0.960
 1398   343  19.130   1.400         
 1399   343  17.670   1.080         
 1400   343  14.460   0.610         
 1401   343  20.250   1.470         
 1402   343  20.590   1.650         
 1403   343  16.080   0.940         
 1404   343  18.980   1.250         
 1405   343  20.130   1.630         
 1406   343  17.180   1.650         
 1407   343  18.540   1.320         
 1408   343  19.070   2.340         
 1409   343  15.960   0.630         
 1410   343  14.520   1.690         
 1411   343  19.290   1.520         
 1412   343  15.790   0.910         
 1413   343  20.060   1.840         
 1414   343  19.500   1.780         
 1415   343  19.980   1.680         
 1416   343  19.730   1.540         
 1417   343  20.250   1.760         
 1418   343  19.840   1.850         
 1419   343  14.820   0.860         
 1420   343  19.100   1.330         
 1421   343  17.840   1.160   0.700
 1422   343  19.280   1.350         
 1423   343  16.180   0.980         
 1424   343  18.260   1.090         
 1425   343  20.290   1.820         
 1426   343  17.990   1.370         
 1427   343  16.550   1.370         
 1428   343  19.100   1.800         
 1429   343  18.950   1.650         
 1430   343  20.250   1.720         
 1431   343  19.400   2.730         
 1432   343  17.780   1.100   0.610
 1433   343  20.370   1.540         
 1434   343  20.230   1.590         
 1435   343  19.570   1.580         
 1436   343  19.530   1.290         
 1437   343  17.200   1.070         
 1438   343  20.350   1.580         
 1439   343  18.880   1.270         
 1440   343  17.340   1.560         
 1441   343  15.050   0.700   0.490
 1442   343  19.540   1.650         
 1443   343  17.910   1.020         
 1444   343  18.700   1.580         
 1445   343  17.880   1.310   0.790
 1446   343  20.440   1.610         
 1447   343  19.560   1.890         
 1448   343  19.670   1.570         
 1449   343  15.340   0.760         
 1450   343  19.410   1.400         
 1451   343  20.320   1.740         
 1452   343  18.430   1.280         
 1453   343  19.650   1.500         
 1454   343  17.990   1.150   0.610
 1455   343  12.910   0.400  -0.040
 1456   343  18.820   1.730         
 1457   343  19.550   1.430         
 1458   343  18.850   1.270         
 1459   343  19.110   1.450         
 1460   343  18.370   1.250   0.680
 1461   343  20.120   1.630         
 1462   343  16.350   1.030   0.470
 1463   343  18.650   1.120   0.610
 1464   343  15.630   0.920         
 1465   343  16.790   1.060   0.780
 1466   343  18.280   1.170         
 1467   343  17.580   1.050   0.530
 1468   343  18.180   1.300         
 1469   343  18.230   1.150         
 1470   343  14.790   1.290         
 1471   343  18.870   1.600         
 1472   343  19.120   1.490         
 1473   343  18.030   0.800   1.170
 1474   343  18.920   1.250         
 1475   343  19.640   1.570         
 1476   343  17.460   1.080   0.720
 1477   343  15.320   0.640   0.580
 1478   343  19.550   1.660         
 1479   343  18.400   1.760         
 1480   343  15.960   0.710         
 1481   343  19.700   1.530         
 1482   343  13.290   0.380   0.060
 1483   343  18.820   1.430         
 1484   343  18.550   1.260         
 1485   343  17.650   1.270         
 1486   343  17.860   1.420         
 1487   343  20.000   1.400         
 1488   343  14.480   0.700         
 1489   343  15.780   0.880   0.450
 1490   343  20.600   1.750         
 1491   343  18.770   1.710         
 1492   343  17.020   1.010   0.550
 1493   343  14.670   0.520         
 1494   343  19.310   1.270         
 1495   343  17.640   1.250         
 1496   343  16.780   1.050   0.690
 1497   343  18.980   1.340         
 1498   343  17.660   1.000   0.550
 1499   343  15.580   0.700         
 1500   343  13.780   0.540   0.380
 1501   343  18.910   1.250         
 1502   343  20.160   1.620         
 1503   343  18.600   1.430   0.740
 1504   343  20.640   1.620         
 1505   343  19.850   1.660         
 1506   343  18.570   1.240         
 1507   343  17.900   1.330         
 1508   343  19.920   1.500         
 1509   343  14.300   1.010   0.020
 1510   343  19.580   1.580         
 1511   343  19.350   1.480         
 1512   343  16.800   0.870   0.580
 1513   343  19.130   1.570         
 1514   343  20.090   1.690         
 1515   343  15.970   0.920   0.260
 1516   343  14.320   0.710  -0.110
 1517   343  20.470   1.840         
 1518   343  18.740   1.920         
 1519   343  15.700   0.960         
 1520   343  19.980   1.450         
 1521   343  20.370   1.810         
 1522   343  19.130   1.550         
 1523   343  15.430   0.960         
 1524   343  14.730   0.800   0.370
 1525   343  18.750   1.660         
 1526   343  20.480   1.890         
 1527   343  19.360   1.760         
 1528   343  20.220   1.910         
 1529   343  19.570   1.360         
 1530   343  17.090   1.410   1.050
 1531   343  16.290   1.070         
 1532   343  19.150   1.660         
 1533   343  18.890   1.440         
 1534   343  14.920   1.180   0.790
 1535   343  19.350   1.510         
 1536   343  19.070   1.540         
 1537   343  15.440   1.080         
 1538   343  19.210   1.540         
 1539   343  20.760   1.810         
 1540   343  18.830   1.290         
 1541   343  16.380   1.030         
 1542   343  20.010   1.540         
 1543   343  18.980   1.630         
 1544   343  19.020   1.680         
 1545   343  20.090   1.420         
 1546   343  20.430   1.800         
 1547   343  18.320   1.060   0.690
 1548   343  18.120   1.250   0.750
 1549   343  17.680   1.240         
 1550   343  17.600   1.100   0.620
 1551   343  18.680   1.320         
 1552   343  16.300   1.680         
 1553   343  15.310   0.910         
 1554   343  19.510   1.620         
 1555   343  13.700   0.770         
 1556   343  19.530   1.750         
 1557   343  17.520   1.310   1.220
 1558   343  19.260   1.650         
 1559   343  17.780   1.100   0.420
 1560   343  20.900   1.900         
 1561   343  17.240   1.580   0.960
 1562   343  18.420   1.250         
 1563   343  18.010   1.170   0.900
 1564   343  18.680   1.560         
 1565   343  20.420   1.630         
 1566   343  16.490   1.060   0.320
 1567   343  12.990   0.490   0.310
 1568   343  19.660   1.880         
 1569   343  19.530   1.370         
 1570   343  19.360   1.570         
 1571   343  17.630   1.130         
 1572   343  20.830   1.620         
 1573   343  13.700   0.520         
 1574   343  15.470   0.970         
 1575   343  20.740   1.660         
 1576   343  20.180   1.730         
 1577   343  18.820   1.250   1.600
 1578   343  20.300   1.490         
 1579   343  14.960   0.760   0.340
 1580   343  19.850   1.380         
 1581   343  20.310   1.920         
 1582   343  17.750   1.280   0.860
 1583   343  18.720   1.220         
 1584   343  17.160   1.450         
 1585   343  19.470   1.300         
 1586   343  20.350   1.490         
 1587   343  16.480   1.070   0.280
 1588   343  20.140   1.580         
 1589   343  19.780   1.680         
 1590   343  19.550   2.170         
 1591   343  19.750   1.420         
 1592   343  19.570   1.500         
 1593   343  19.280   1.470         
 1594   343  20.700   1.600         
 1595   343  17.370   1.050   0.820
 1596   343  18.540   1.280   0.830
 1597   343  15.470   0.700         
 1598   343  15.270   0.590   0.260
 1599   343  20.350   1.730         
 1600   343  18.900   1.390         
 1601   343  19.160   1.550         
 1602   343  18.490   1.380         
 1603   343  19.760   1.550         
 1604   343  13.920   0.510   0.520
 1605   343  20.550   1.380         
 1606   343  18.390   1.510         
 1607   343  15.530   0.940   0.470
 1608   343  16.980   0.980         
 1609   343  14.650   0.870   0.510
 1610   343  19.100   1.290         
 1611   343  20.050   1.680         
 1612   343  17.960   1.050   0.490
 1613   343  16.750   1.110   0.550
 1614   343  17.660   1.350         
 1615   343  19.930   1.930         
 1616   343  14.380   0.620   0.250
 1617   343  15.790   1.650         
 1618   343  16.140   0.930   0.420
 1619   343  17.230   1.220         
 1620   343  18.450   1.160         
 1621   343  14.680   1.040   0.860
 1622   343  18.420   1.510   1.150
 1623   343  15.620   0.980         
 1624   343  19.650   1.760         
 1625   343  18.730   1.610         
 1626   343  19.680   1.790         
 1627   343  18.400   1.150   0.600
 1628   343  18.810   1.700         
 1629   343  20.040   1.770         
 1630   343  18.490   1.440         
 1631   343  19.870   1.280         
 1632   343  17.770   1.220         
 1633   343  19.400   1.530         
 1634   343  21.150   2.430         
 1635   343  19.690   1.780         
 1636   343  15.650   0.610   0.320
 1637   343  18.480   1.280         
 1638   343  16.770   0.900   0.510
 1639   343  17.700   1.350         
 1640   343  18.550   1.190         
 1641   343  16.250   1.580         
 1642   343  18.880   1.530         
 1643   343  19.380   1.390         
 1644   343  19.340   1.670         
 1645   343  20.070   1.720         
 1646   343  20.570   1.770         
 1647   343  13.490   0.520   0.380
 1648   343  18.770   1.370         
 1649   343  19.760   1.800         
 1650   343  18.520   1.300   0.830
 1651   343  16.900   1.150   0.650
 1652   343  17.850   1.390         
 1653   343  15.550   0.940   0.430
 1654   343  16.180   0.710         
 1655   343  15.390   0.630         
 1656   343  17.220   1.100         
 1657   343  16.120   0.700         
 1658   343  19.910   1.860         
 1659   343  19.250   1.440         
 1660   343  18.550   1.420         
 1661   343  19.990   1.490         
 1662   343  16.430   0.850   0.560
 1663   343  19.690   1.460         
 1664   343  17.460   1.120   0.500
 1665   343  20.400   2.090         
 1666   343  16.530   0.790   0.590
 1667   343  13.800   0.600         
 1668   343  16.140   0.770         
 1669   343  20.030   1.790         
 1670   343  16.520   1.020         
 1671   343  18.500   1.390         
 1672   343  18.560   1.200   0.690
 1673   343  20.650   1.440         
 1674   343  19.600   1.800         
 1675   343  19.900   1.840         
 1676   343  19.160   1.390         
 1677   343  16.600   1.250   0.580
 1678   343  19.800   1.700         
 1679   343  18.580   1.460         
 1680   343  20.340   1.660         
 1681   343  18.190   1.150   1.260
 1682   343  20.180   1.790         
 1683   343  17.790   1.200         
 1684   343  18.580   1.580         
 1685   343  17.730   1.100   0.550
 1686   343  17.900   1.180         
 1687   343  15.680   0.590   0.380
 1688   343  19.260   1.590         
 1689   343  18.460   1.460         
 1690   343  17.560   2.900         
 1691   343  20.590   1.720         
 1692   343  20.550   1.750         
 1693   343  19.290   1.330         
 1694   343  20.250   1.780         
 1695   343  20.690   1.510         
 1696   343  17.590   1.040   0.570
 1697   343  17.590   1.450         
 1698   343  18.140   1.280         
 1699   343  20.230   1.920         
 1700   343  20.400   1.550         
 1701   343  20.180   1.710         
 1702   343  19.900   1.750         
 1703   343  16.480   1.610   1.580
 1704   343  14.920   0.780         
 1705   343  21.140   2.360         
 1706   343  19.590   1.860         
 1707   343  18.010   1.310         
 1708   343  16.830   1.120   2.340
 1709   343  14.940   0.550   0.420
 1710   343  18.800   1.480         
 1711   343  14.050   0.790         
 1712   343  14.670   0.720         
 1713   343  16.630   1.000   0.460
 1714   343  18.410   1.230         
 1715   343  19.770   1.870         
 1716   343  20.010   1.930         
 1717   343  15.360   0.770   0.470
 1718   343  16.310   0.720         
 1719   343  17.480   1.040   0.540
 1720   343  17.180   0.980   0.470
 1721   343  15.640   0.850         
 1722   343  17.290   0.970         
 1723   343  20.590   1.840         
 1724   343  17.560   1.300   0.990
 1725   343  15.570   0.640   0.560
 1726   343  18.010   1.180         
 1727   343  19.610   1.530         
 1728   343  19.800   1.960         
 1729   343  21.150   1.720         
 1730   343  16.010   0.790   0.680
 1731   343  20.330   1.480         
 1732   343  18.270   1.080   0.480
 1733   343  18.740   1.280   0.510
 1734   343  20.240   1.760         
 1735   343  16.910   1.050         
 1736   343  20.370   1.640         
 1737   343  15.900   0.760         
 1738   343  18.120   1.230         
 1739   343  19.920   1.650         
 1740   343  15.060   0.790   0.330
 1741   343  17.250   1.140   0.960
 1742   343  16.550   1.060         
 1743   343  15.710   0.910   0.730
 1744   343  16.970   0.830   0.610
 1745   343  18.190   1.250   0.820
 1746   343  16.340   1.160         
 1747   343  15.630   0.890         
 1748   343  21.250   1.320         
 1749   343  18.210   1.220         
 1750   343  17.600   1.110   0.680
 1751   343  18.330   1.210   0.750
 1752   343  19.330   1.340         
 1753   343  16.370   1.320         
 1754   343  18.910   1.230         
 1755   343  18.130   1.290         
 1756   343  18.210   1.130   0.480
 1757   343  19.870   2.410         
 1758   343  19.160   1.560         
 1759   343  16.720   1.470         
 1760   343  14.750   0.600   0.300
 1761   343  19.370   1.380         
 1762   343  17.510   1.340         
 1763   343  18.310   1.440         
 1764   343  19.730   1.750         
 1765   343  16.200   0.720   0.510
 1766   343  18.690   1.730         
 1767   343  17.480   1.110         
 1768   343  19.270   2.140         
 1769   343  14.010   0.700         
 1770   343  20.790   2.010         
 1771   343  15.900   0.950         
 1772   343  16.280   0.830   0.620
 1773   343  19.910   1.490         
 1774   343  18.890   1.550         
 1775   343  16.560   1.020         
 1776   343  18.610   1.330   1.270
 1777   343  20.150   1.620         
 1778   343  16.180   2.810         
 1779   343  16.340   1.030         
 1780   343  19.730   1.650         
 1781   343  19.280   1.690         
 1782   343  19.290   1.240         
 1783   343  19.360   1.660   1.680
 1784   343  19.130   1.260   1.060
 1785   343  16.980   0.820         
 1786   343  18.160   1.280   0.670
 1787   343  17.590   1.030         
 1788   343  20.540   1.490         
 1789   343  18.810   1.580         
 1790   343  18.830   1.550         
 1791   343  17.120   1.020         
 1792   343  16.260   1.030   0.850
 1793   343  17.240   1.090         
 1794   343  18.200   1.350         
 1795   343  17.300   1.160   0.580
 1796   343  19.120   1.600         
 1797   343  19.870   1.710         
 1798   343  19.340   1.360         
 1799   343  19.050   1.630         
 1800   343  20.400   1.600         
 1801   343  17.240   1.090         
 1802   343  17.800   1.230   1.040
 1803   343  19.280   1.770         
 1804   343  18.020   1.440         
 1805   343  19.620   1.630         
 1806   343  18.050   1.170         
 1807   343  19.750   1.630         
 1808   343  18.740   1.150   0.890
 1809   343  19.310   1.560         
 1810   343  14.990   0.790   0.410
 1811   343  15.710   0.760         
 1812   343  20.270   1.570         
 1813   343  20.280   1.960         
 1814   343  18.140   1.700         
 1815   343  20.280   2.190         
 1816   343  13.410   0.530         
 1817   343  16.550   0.940         
 1818   343  17.550   1.040   0.720
 1819   343  19.320   1.700         
 1820   343  20.760   2.150         
 1821   343  18.610   1.310   0.860
 1822   343  20.100   1.570         
 1823   343  18.640   1.290   1.640
 1824   343  15.060   1.300         
 1825   343  20.360   1.700         
 1826   343  13.390   0.420         
 1827   343  18.050   1.190         
 1828   343  20.400   1.430         
 1829   343  18.450   1.330         
 1830   343  19.890   1.600         
 1831   343  15.980   0.650   0.320
 1832   343  19.200   1.380         
 1833   343  16.690   1.220   0.710
 1834   343  17.860   1.280   0.710
 1835   343  18.800   1.320         
 1836   343  16.470   0.890   0.380
 1837   343  20.280   1.700         
 1838   343  19.090   1.310         
 1839   343  17.630   1.300         
 1840   343  19.340   1.420         
 1841   343  19.090   1.630         
 1842   343  19.780   1.790         
 1843   343  19.030   1.400         
 1844   343  19.630   1.420         
 1845   343  19.620   1.470         
 1846   343  18.990   1.690         
 1847   343  18.290   1.580         
 1848   343  15.750   1.050         
 1849   343  17.750   1.170   0.740
 1850   343  20.300   1.550         
 1851   343  20.350   1.750         
 1852   343  19.660   1.580         
 1853   343  16.230   0.880         
 1854   343  19.970   1.480         
 1855   343  19.840   1.260         
 1856   343  16.360   0.960   0.450
 1857   343  20.430   1.650         
 1858   343  17.560   1.430         
 1859   343  19.960   1.650         
 1860   343  17.370   1.300   1.260
 1861   343  17.690   1.390   0.790
 1862   343  18.570   1.210         
 1863   343  17.600   1.400         
 1864   343  19.720   1.740   0.630
 1865   343  19.830   1.430         
 1866   343  18.950   1.550   1.020
 1867   343  18.460   1.380   0.880
 1868   343  20.390   1.770         
 1869   343  16.160   1.010   0.530
 1870   343  20.370   1.410         
 1871   343  19.660   1.510         
 1872   343  16.590   1.140   0.590
 1873   343  14.270   0.810   0.490
 1874   343  20.280   1.690         
 1875   343  19.410   1.320         
 1876   343  20.650   1.890         
 1877   343  18.640   1.510         
 1878   343  13.810   0.630   0.280
 1879   343  18.650   1.570         
 1880   343  16.170   1.000   0.780
 1881   343  18.510   1.400   1.070
 1882   343  19.570   1.660         
 1883   343  20.160   1.750         
 1884   343  15.680   0.790   0.430
 1885   343  20.300   1.660         
 1886   343  21.050   1.630         
 1887   343  16.650   1.050         
 1888   343  20.300   1.690         
 1889   343  19.290   1.450         
 1890   343  19.850   1.480         
 1891   343  18.760   1.200         
 1892   343  20.110   1.740         
 1893   343  18.950   1.290   0.660
 1894   343  20.170   1.930         
 1895   343  19.990   1.440         
 1896   343  15.620   0.840   0.490
 1897   343  16.190   0.770   0.610
 1898   343  16.700   0.900   2.400
 1899   343  17.070   1.100         
 1900   343  18.470   1.350   0.720
 1901   343  20.290   1.720         
 1902   343  19.050   1.710         
 1903   343  19.610   1.440         
 1904   343  20.580   1.800         
 1905   343  21.030   1.650         
 1906   343  17.860   1.290   0.600
 1907   343  16.020   0.900         
 1908   343  15.950   1.320   1.350
 1909   343  18.670   1.390         
 1910   343  13.610   0.700         
 1911   343  16.650   1.030         
 1912   343  18.690   1.790         
 1913   343  20.260   1.970         
 1914   343  13.400   0.700         
 1915   343  16.180   0.860   0.550
 1916   343  17.750   1.060         
 1917   343  18.270   1.170         
 1918   343  19.890   1.650         
 1919   343  19.200   1.500         
 1920   343  17.680   1.190         
 1921   343  18.880   2.970  -0.500
 1922   343  18.230   1.260         
 1923   343  19.610   1.780         
 1924   343  18.660   2.220         
 1925   343  20.190   1.730         
 1926   343  20.370   1.570         
 1927   343  15.430   0.820         
 1928   343  18.120   1.220   1.040
 1929   343  16.200   1.090         
 1930   343  19.720   1.620         
 1931   343  20.010   1.760         
 1932   343  20.060   1.450         
 1933   343  20.370   2.000         
 1934   343  19.480   1.530         
 1935   343  18.630   1.310   1.060
 1936   343  14.280   0.700   0.230
 1937   343  16.320   0.860         
 1938   343  17.840   1.290   1.000
 1939   343  19.050   1.500         
 1940   343  16.580   1.230         
 1941   343  20.390   1.460         
 1942   343  19.390   1.360         
 1943   343  18.170   1.180         
 1944   343  18.810   1.500         
 1945   343  19.620   2.080         
 1946   343  16.100   0.970         
 1947   343  15.020   0.810         
 1948   343  19.060   1.490         
 1949   343  13.160   0.580   0.430
 1950   343  18.010   1.520         
 1951   343  18.920   1.280   0.700
 1952   343  16.450   1.020         
 1953   343  19.280   1.600         
 1954   343  19.680   1.720         
 1955   343  19.560   1.620         
 1956   343  16.520   0.870   0.650
 1957   343  19.810   1.700         
 1958   343  20.390   1.650         
 1959   343  19.790   1.280         
 1960   343  17.380   1.110   2.380
 1961   343  16.110   0.910         
 1962   343  13.360   0.650   0.460
 1963   343  16.240   0.980   0.740
 1964   343  18.260   1.400         
 1965   343  16.230   1.110         
 1966   343  16.730   0.750         
 1967   343  18.410   2.170         
 1968   343  20.380   1.940         
 1969   343  19.930   1.350         
 1970   343  15.190   1.400         
 1971   343  14.070   1.780   1.790
 1972   343  16.660   0.930         
 1973   343  18.850   1.680         
 1974   343  14.130   0.750   0.300
 1975   343  18.920   1.230   0.570
 1976   343  20.530   1.560         
 1977   343  16.400   0.950   0.380
 1978   343  16.210   1.140         
 1979   343  16.220   1.080         
 1980   343  19.620   1.510         
 1981   343  18.580   1.280         
 1982   343  19.120   1.410         
 1983   343  18.590   1.270         
 1984   343  19.480   1.710         
 1985   343  14.250   1.600   1.620
 1986   343  20.060   1.570         
 1987   343  15.190   0.960   0.720
 1988   343  19.400   2.140         
 1989   343  18.390   1.250   0.810
 1990   343  17.810   1.390   0.840
 1991   343  20.540   1.660         
 1992   343  19.600   1.540         
 1993   343  18.440   2.430         
 1994   343  18.920   1.660         
 1995   343  20.520   1.610         
 1996   343  18.010   1.160   0.640
 1997   343  15.770   0.740   0.600
 1998   343  19.510   1.270         
 1999   343  17.190   1.100   0.450
 2000   343  14.080   0.800   0.400
 2001   343  20.440   1.890         
 2002   343  20.810   1.730         
 2003   343  16.180   1.070   0.550
 2004   343  19.190   1.520         
 2005   343  16.740   1.020   0.430
 2006   343  17.820   1.320         
 2007   343  19.510   1.300         
 2008   343  17.440   1.260         
 2009   343  18.130   1.160   0.530
 2010   343  17.390   1.260         
 2011   343  19.850   1.470         
 2012   343  19.760   1.670         
 2013   343  17.760   1.270   1.350
 2014   343  19.980   1.730         
 2015   343  19.290   0.870         
 2016   343  19.580   1.550         
 2017   343  14.280   0.860   0.450
 2018   343  19.750   1.610         
 2019   343  14.780   0.820   0.370
 2020   343  17.660   1.000         
 2021   343  19.590   1.660         
 2022   343  19.560   1.550         
 2023   343  20.100   2.390         
 2024   343  18.420   1.490         
 2025   343  19.170   1.590         
 2026   343  15.840   0.940         
 2027   343  19.670   1.630         
 2028   343  18.600   1.670         
 2029   343  18.650   1.300         
 2030   343  19.470   1.720         
 2031   343  18.960   1.610         
 2032   343  19.990   1.560         
 2033   343  18.130   1.130   0.640
 2034   343  18.730   1.620         
 2035   343  20.340   1.910         
 2036   343  20.320   1.670         
 2037   343  20.160   1.780         
 2038   343  18.570   1.320   0.800
 2039   343  17.950   1.200         
 2040   343  16.610   1.340         
 2041   343  15.280   0.580         
 2042   343  19.200   1.510         
 2043   343  20.300   1.820         
 2044   343  19.740   2.230         
 2045   343  18.450   1.300   1.000
 2046   343  15.930   0.730         
 2047   343  16.060   0.740         
 2048   343  18.710   1.540         
 2049   343  20.240   1.850         
 2050   343  18.940   1.480         
 2051   343  18.070   1.290         
 2052   343  16.540   1.030         
 2053   343  19.540   1.680         
 2054   343  16.120   1.090   0.540
 2055   343  20.240   1.390         
 2056   343  16.450   1.020   0.710
 2057   343  17.530   1.260         
 2058   343  19.250   1.720         
 2059   343  17.720   1.460   1.660
 2060   343  19.070   1.530         
 2061   343  18.540   1.260   0.720
 2062   343  18.680   2.730         
 2063   343  18.650   1.470         
 2064   343  19.710   1.450         
 2065   343  20.700   2.050         
 2066   343  16.040   0.850   0.460
 2067   343  20.830   1.570         
 2068   343  20.980   1.860         
 2069   343  17.490   1.270   1.090
 2070   343  17.220   1.190         
 2071   343  18.920   1.510         
 2072   343  18.910   1.200   0.520
 2073   343  17.810   1.180         
 2074   343  18.630   2.230         
 2075   343  19.790   1.690         
 2076   343  20.540   0.490         
 2077   343  14.700   0.670   0.220
 2078   343  19.570   1.590         
 2079   343  19.940   1.820         
 2080   343  19.700   1.440         
 2081   343  20.330   1.720         
 2082   343  20.490   1.610         
 2083   343  18.200   1.330         
 2084   343  18.470   1.230         
 2085   343  19.080   1.320         
 2086   343  14.080   0.640         
 2087   343  20.710   1.730         
 2088   343  18.010   1.210         
 2089   343  17.480   1.480         
 2090   343  20.840   1.940         
 2091   343  19.660   1.630         
 2092   343  18.310   1.470         
 2093   343  18.370   1.730         
 2094   343  18.040   1.100   0.570
 2095   343  18.150   1.260         
 2096   343  15.760   0.980         
 2097   343  16.510   0.750         
 2098   343  21.090   1.870         
 2099   343  20.260   1.640         
 2100   343  13.900   0.660   0.090
 2101   343  20.620   1.540         
 2102   343  18.060   1.220         
 2103   343  19.440   1.720         
 2104   343  16.930   1.310   0.910
 2105   343  17.300   1.460         
 2106   343  16.890   0.790         
 2107   343  17.330   1.550         
 2108   343  19.780   1.640         
 2109   343  17.950   1.210         
 2110   343  13.360   0.380         
 2111   343  19.850   1.490         
 2112   343  18.920   1.230         
 2113   343  16.940   1.340         
 2114   343  17.900   1.090         
 2115   343  17.340   1.170   0.700
 2116   343  16.480   0.790         
 2117   343  17.230   1.080         
 2118   343  17.830   1.120         
 2119   343  19.820   1.700         
 2120   343  16.090   1.130   0.620
 2121   343  14.670   0.840         
 2122   343  13.440   0.620         
 2123   343  20.070   1.800         
 2124   343  16.360   1.140   0.570
 2125   343  20.580   1.640         
 2126   343  18.730   1.630         
 2127   343  20.630   1.690         
 2128   343  19.180   1.330         
 2129   343  19.080   2.540         
 2130   343  14.460   0.840         
 2131   343  15.940   0.850         
 2132   343  19.710   1.760         
 2133   343  18.550   2.440         
 2134   343  19.930   1.590         
 2135   343  18.590   1.720         
 2136   343  13.030   1.150   1.430
 2137   343  16.260   0.940         
 2138   343  18.840   1.200         
 2139   343  17.580   1.090   0.590
 2140   343  16.360   1.000         
 2141   343  20.220   1.510         
 2142   343  16.640   1.070         
 2143   343  13.300   0.590  -0.010
 2144   343  17.140   1.200         
 2145   343  19.390   1.520         
 2146   343  18.750   1.390   1.070
 2147   343  14.730   0.850         
 2148   343  18.160   2.460         
 2149   343  13.240   0.650  -0.010
 2150   343  16.880   1.010         
 2151   343  18.770   1.650         
 2152   343  19.810   1.960         
 2153   343  19.560   1.480         
 2154   343  19.120   1.610         
 2155   343  14.720   0.750         
 2156   343  20.410   1.540         
 2157   343  18.860   1.310         
 2158   343  17.170   1.000         
 2159   343  19.030   1.370         
 2160   343  13.400   0.380   0.450
 2161   343  18.620   1.310         
 2162   343  14.770   0.780         
 2163   343  19.810   1.650         
 2164   343  19.490   1.470         
 2165   343  18.630   1.220   0.450
 2166   343  18.710   1.470         
 2167   343  19.680   1.770         
 2168   343  16.190   1.100   0.540
 2169   343  13.100   0.750   0.550
 2170   343  17.700   1.200         
 2171   343  18.370   1.210   0.680
 2172   343  18.860   1.310         
 2173   343  19.630   1.530         
 2174   343  17.700   1.000         
 2175   343  20.490   1.650         
 2176   343  15.820   0.900   0.400
 2177   343  15.120   0.740         
 2178   343  19.060   1.680   0.780
 2179   343  15.170   0.650         
 2180   343  13.860   0.520   0.110
 2181   343  18.890   1.330         
 2182   343  15.470   0.640   0.490
 2183   343  18.260   1.110   0.610
 2184   343  16.000   1.110   1.060
 2185   343  16.910   1.330   1.020
 2186   343  17.190   1.140         
 2187   343  19.560   1.570         
 2188   343  16.690   0.820   0.450
 2189   343  18.900   1.260         
 2190   343  19.850   1.530         
 2191   343  17.290   1.080         
 2192   343  20.690   1.750         
 2193   343  15.460   0.950         
 2194   343  16.000   1.280         
 2195   343  19.230   1.520         
 2196   343  16.100   1.100         
 2197   343  17.770   1.080   1.160
 2198   343  20.750   2.000         
 2199   343  16.800   1.000   0.450
 2200   343  18.690   1.280         
 2201   343  17.250   1.050         
 2202   343  16.310   1.520         
 2203   343  17.790   1.190         
 2204   343  18.570   1.360         
 2205   343  16.300   0.850   0.450
 2206   343  16.300   1.020   0.800
 2207   343  16.460   1.000         
 2208   343  19.010   1.350         
 2209   343  18.460   1.360         
 2210   343  18.880   1.240         
 2211   343  20.600   1.820         
 2212   343  15.930   0.810         
 2213   343  16.950   1.130         
 2214   343  18.490   1.210   0.600
 2215   343  17.900   1.530   1.480
 2216   343  19.260   1.320         
 2217   343  18.120   1.200   0.770
 2218   343  18.160   1.320         
 2219   343  20.140   1.760         
 2220   343  19.250   1.530         
 2221   343  18.480   1.180         
 2222   343  18.070   1.070         
 2223   343  16.240   0.980   0.450
 2224   343  16.210   1.020   0.610
 2225   343  16.560   1.240   0.870
 2226   343  20.440   1.600         
 2227   343  17.580   1.260         
 2228   343  20.740   1.750         
 2229   343  18.620   1.170         
 2230   343  20.770   1.780         
 2231   343  18.150   1.580         
 2232   343  17.840   1.180   0.730
 2233   343  19.260   2.800  -0.550
 2234   343  14.200   0.690   0.230
 2235   343  18.930   1.630         
 2236   343  18.920   1.740         
 2237   343  17.710   1.130   0.600
 2238   343  19.060   1.380         
 2239   343  20.450   1.630         
 2240   343  19.320   1.500         
 2241   343  17.670   1.210         
 2242   343  19.070   1.410         
 2243   343  20.160   1.410         
 2244   343  20.600   2.140         
 2245   343  19.250   1.600         
 2246   343  16.290   0.850   0.730
 2247   343  20.080   1.660         
 2248   343  19.990   1.100         
 2249   343  17.780   1.360   1.120
 2250   343  14.230   0.810         
 2251   343  14.320   0.410   0.240
 2252   343  17.560   1.190   0.940
 2253   343  20.160   2.040         
 2254   343  16.300   0.930         
 2255   343  20.210   1.750         
 2256   343  20.840   1.620         
 2257   343  17.230   1.080         
 2258   343  17.050   0.980         
 2259   343  20.260   1.630         
 2260   343  18.850   1.280   0.750
 2261   343  19.420   1.510         
 2262   343  18.830   1.160         
 2263   343  19.180   1.450         
 2264   343  21.450   1.390         
 2265   343  14.220   0.540   0.480
 2266   343  19.230   1.610         
 2267   343  19.550   1.670         
 2268   343  16.090   0.790         
 2269   343  17.970   1.430         
 2270   343  19.370   1.690         
 2271   343  13.420   0.620   0.330
 2272   343  18.280   1.300         
 2273   343  19.010   1.520         
 2274   343  15.920   0.830   0.460
 2275   343  20.420   1.890         
 2276   343  15.730   0.950   0.490
 2277   343  19.580   1.360         
 2278   343  17.630   1.100   0.550
 2279   343  16.030   0.840         
 2280   343  18.220   1.280         
 2281   343  19.320   1.750         
 2282   343  18.770   1.220   0.530
 2283   343  19.810   1.410         
 2284   343  14.140   0.630   0.560
 2285   343  16.610   1.160   1.040
 2286   343  20.030   1.580         
 2287   343  17.360   1.340         
 2288   343  16.730   1.050         
 2289   343  18.760   1.390   1.060
 2290   343  18.320   1.600   1.680
 2291   343  20.410   1.270         
 2292   343  18.780   1.310         
 2293   343  20.420   1.750         
 2294   343  16.240   0.870         
 2295   343  18.570   1.110   0.530
 2296   343  19.390   1.440         
 2297   343  14.870   0.830         
 2298   343  18.410   1.370         
 2299   343  19.820   1.570         
 2300   343  14.890   0.880         
 2301   343  18.630   1.320         
 2302   343  19.470   1.450   0.450
 2303   343  18.590   1.360   0.780
 2304   343  19.560   1.720         
 2305   343  18.960   1.270         
 2306   343  18.130   1.200         
 2307   343  19.460   1.610         
 2308   343  18.960   1.340         
 2309   343  19.890   1.330         
 2310   343  18.600   1.280         
 2311   343  18.980   1.370         
 2312   343  18.740   1.630         
 2313   343  19.320   1.490         
 2314   343  20.260   1.580         
 2315   343  20.630   1.480         
 2316   343  16.670   1.400   1.420
 2317   343  19.660   1.420         
 2318   343  17.600   1.220         
 2319   343  17.480   1.070   0.510
 2320   343  19.010   1.460         
 2321   343  18.300   1.660   1.480
 2322   343  17.230   1.160         
 2323   343  17.260   1.040         
 2324   343  18.370   1.310         
 2325   343  20.160   1.490         
 2326   343  15.490   0.800         
 2327   343  17.690   1.590   1.050
 2328   343  20.240   1.540   0.190
 2329   343  19.450   1.370         
 2330   343  15.290   0.830   0.060
 2331   343  19.000   1.320         
 2332   343  20.390   1.620         
 2333   343  20.130   1.360         
 2334   343  21.020   1.450         
 2335   343  19.750   1.810         
 2336   343  18.280   1.250         
 2337   343  17.810   1.090   0.580
 2338   343  16.820   0.890         
 2339   343  20.260   1.360         
 2340   343  17.670   1.080   0.540
 2341   343  18.870   2.130         
 2342   343  16.790   1.060         
 2343   343  20.420   1.540         
 2344   343  18.270   1.290         
 2345   343  19.720   1.640         
 2346   343  19.820   1.620         
 2347   343  20.490   1.530         
 2348   343  20.620   1.660         
 2349   343  19.240   1.750         
 2350   343  17.600   1.510   1.460
 2351   343  19.760   1.600         
 2352   343  19.210   1.470   0.590
 2353   343  20.280   1.810         
 2354   343  14.370   0.880   0.380
 2355   343  20.010   1.860         
 2356   343  20.500   1.420         
 2357   343  18.080   2.030         
 2358   343  20.380   1.640         
 2359   343  19.990   1.490         
 2360   343  18.380   1.610         
 2361   343  19.960   1.620         
 2362   343  20.800   1.640         
 2363   343  19.620   1.480         
 2364   343  16.890   1.200   0.810
 2365   343  20.460   1.400         
 2366   343  20.010   1.590         
 2367   343  16.910   0.980   0.470
 2368   343  19.350   1.500         
 2369   343  20.740   1.530         
 2370   343  20.450   1.770         
 2371   343  19.280   1.380         
 2372   343  20.260   1.710         
 2373   343  19.330   1.290         
 2374   343  19.950   1.400         
 2375   343  20.320   1.670         
 2376   343  19.760   1.670         
 2377   343  18.130   1.300         
 2378   343  18.920   2.880  -0.580
 2379   343  20.560   1.520         
 2380   343  20.380   1.650         
 2381   343  16.310   0.950   0.470
 2382   343  16.860   1.100         
 2383   343  20.200   1.670         
 2384   343  18.270   1.060         
 2385   343  19.800   1.420         
 2386   343  17.980   1.050         
 2387   343  20.140   1.530         
 2388   343  19.920   1.430         
 2389   343  14.910   0.630   0.520
 2390   343  20.350   1.750         
 2391   343  20.180   1.610         
 2392   343  19.010   1.390         
 2393   343  19.850   1.710         
 2394   343  18.380   1.220         
 2395   343  19.620   1.630         
 2396   343  19.700   1.440         
 2397   343  20.650   1.600         
 2398   343  20.220   0.080         
 2399   343  18.420   1.330         
 2400   343  17.320   1.050   0.600
 2401   343  18.880   1.240         
 2402   343  14.290   0.920         
 2403   343  19.740   1.600         
 2404   343  17.670   0.980         
 2405   343  18.760   1.270         
 2406   343  14.690   0.670   0.260
 2407   343  19.660   1.240         
 2408   343  19.500   2.120         
 2409   343  18.600   1.350         
 2410   343  19.560   1.470         
 2411   343  20.670   1.640         
 2412   343  19.850   1.330         
 2413   343  18.840   1.320   0.920
 2414   343  19.130   1.450         
 2415   343  17.130   1.410   1.460
 2416   343  19.960   1.840         
 2417   343  15.610   0.810         
 2418   343  20.310   1.650         
 2419   343  20.640   1.970         
 2420   343  20.910   1.530         
 2421   343  20.190   1.530         
 2422   343  17.690   1.370         
 2423   343  20.380   1.670         
 2424   343  19.430   1.380         
 2425   343  19.560   1.470         
 2426   343  14.910   0.750   0.370
 2427   343  15.300   0.570         
 2428   343  16.410   0.980   0.750
 2429   343  19.010   1.310         
 2430   343  19.780   1.560         
 2431   343  19.270   1.380         
 2432   343  15.670   0.950   3.360
 2433   343  20.020   1.690         
 2434   343  17.980   1.150         
 2435   343  19.740   1.460         
 2436   343  18.690   1.550         
 2437   343  18.280   1.110         
 2438   343  17.950   1.270         
 2439   343  16.880   1.220         
 2440   343  19.480   2.600         
 2441   343  16.150   1.560         
 2442   343  17.790   1.070         
 2443   343  16.880   1.050         
 2444   343  20.760   1.830         
 2445   343  21.130   0.330         
 2446   343  15.280   1.470   1.160
 2447   343  19.990   1.400         
 2448   343  18.490   1.370         
 2449   343  19.490   1.550         
 2450   343  16.620   0.810         
 2451   343  19.710   1.590         
 2452   343  20.330   1.700         
 2453   343  18.770   1.370         
 2454   343  19.890   1.690         
 2455   343  20.450   1.900         
 2456   343  14.680   0.730   0.320
 2457   343  16.980   1.070         
 2458   343  19.590   1.420         
 2459   343  18.030   1.420