UBV CCD observations

  No    Ref    V       B-V     U-B

 0001   217  20.385   1.890         
 0002   217  19.886   1.080         
 0003   217  20.048   1.937         
 0004   217  17.068   1.203   0.231
 0005   217  20.031   1.358         
 0006   217  19.923   1.636         
 0007   217  18.216   1.340         
 0008   217  18.618   1.511         
 0009   217  19.525   1.404         
 0010   217  18.610   1.224         
 0011   217  19.015   1.349         
 0012   217  19.718   1.327         
 0013   217  19.651   1.363         
 0014   217  16.705   1.135   0.386
 0015   217  18.973   1.186         
 0016   217  19.926   1.313         
 0017   217  20.252   1.459         
 0018   217  20.552   1.511         
 0019   217  17.432   1.067   0.244
 0020   217  19.519   1.207         
 0021   217  19.352   1.109         
 0022   217  18.865   1.271         
 0023   217  18.503   1.492         
 0024   217  19.824   1.502         
 0025   217  18.683   1.712         
 0026   217  18.340   1.315         
 0027   217  20.196   1.196         
 0028   217  20.139   1.453         
 0029   217  19.488   1.388         
 0030   217  18.222   1.404         
 0031   217  17.739   1.177   0.422
 0032   217  19.529   1.664         
 0033   217  16.294   1.358   0.348
 0034   217  19.703   1.511         
 0035   217  17.662   1.396   0.572
 0036   217  19.457   1.147         
 0037   217  17.878   1.263   0.401
 0038   217  16.111   1.383   0.357
 0039   217  19.283   1.042         
 0040   217  18.728   1.417         
 0041   217  20.475   1.129         
 0042   217  15.954   0.979   0.226
 0043   217  19.959   2.034         
 0044   217  19.918   1.432         
 0045   217  19.526   1.319         
 0046   217  17.740   1.350         
 0047   217  19.317   0.994         
 0048   217  20.526   1.640         
 0049   217  16.262   1.541   0.736
 0050   217  17.680   1.198   0.529
 0051   217  16.849   1.158   0.483
 0052   217  19.334   1.355         
 0053   217  19.222   1.701         
 0054   217  12.460   1.869   0.530
 0055   217  18.042   1.479         
 0056   217  19.638   1.102         
 0057   217  20.466   1.409         
 0058   217  19.018   1.468         
 0059   217  17.210   1.195   0.389
 0060   217  20.118   1.422         
 0061   217  20.135   2.132         
 0062   217  18.271   1.311  -0.136
 0063   217  19.042   1.690         
 0064   217  20.250   1.456         
 0065   217  18.977   1.271         
 0066   217  19.126   1.556         
 0067   217  16.581   1.220   0.404
 0068   217  18.659   1.370         
 0069   217  18.605   1.219         
 0070   217  20.701   1.570         
 0071   217  20.108   1.193         
 0072   217  19.738   1.023         
 0073   217  18.657   1.276         
 0074   217  19.658   1.593         
 0075   217  17.337   1.634   0.412
 0076   217  19.822   1.711         
 0077   217  19.684   1.134         
 0078   217  16.066   1.155   0.551
 0079   217  17.187   1.198   0.404
 0080   217  17.099   1.152   0.414
 0081   217  19.071   1.697         
 0082   217  20.369   1.419         
 0083   217  18.095   1.506         
 0084   217  18.297   1.360         
 0085   217  17.751   1.958         
 0086   217  18.684   1.492         
 0087   217  19.502   1.275         
 0088   217  12.463   0.756   0.408
 0089   217  16.496   1.017   0.249
 0090   217  20.991   0.984         
 0091   217  17.741   1.075   0.140
 0092   217  20.827   0.859         
 0093   217  20.304   1.271         
 0094   217  19.268   1.318         
 0095   217  19.586   1.312         
 0096   217  17.087   1.399   0.764
 0097   217  20.278   1.151         
 0098   217  17.200   1.099   0.321
 0099   217  17.798   1.398   0.562
 0100   217  19.706   1.158         
 0101   217  17.248   1.029   0.316
 0102   217  20.109   1.173         
 0103   217  14.397   0.979   0.198
 0104   217  17.603   1.637         
 0105   217  18.790   1.174         
 0106   217  18.857   1.360         
 0107   217  19.396   1.117         
 0108   217  20.013   1.351         
 0109   217  19.579   1.737         
 0110   217  19.893   1.153         
 0111   217  17.953   1.076         
 0112   217  15.827   1.013   0.443
 0113   217  20.290   1.368         
 0114   217  16.414   1.017   0.285
 0115   217  15.808   1.300   0.685
 0116   217  14.711   1.675   0.648
 0117   217  19.875   1.005         
 0118   217  16.949   1.512   0.490
 0119   217  19.768   1.760         
 0120   217  16.532   0.913   0.351
 0121   217  18.620   0.943         
 0122   217  19.432   0.986         
 0123   217  19.948   1.456         
 0124   217  17.509   1.474   0.779
 0125   217  15.241   1.006   0.348
 0126   217  16.226   0.961   0.375
 0127   217  20.763   1.376         
 0128   217  19.775   1.201         
 0129   217  19.439   1.203         
 0130   217  16.605   1.145   0.363
 0131   217  19.795   1.984         
 0132   217  19.310   1.339         
 0133   217  17.512   0.942   0.263
 0134   217  19.153   1.639         
 0135   217  19.502   1.275         
 0136   217  18.193   1.076   0.561
 0137   217  20.587   0.929         
 0138   217  18.593   1.098  -0.325
 0139   217  17.408   1.067   0.314
 0140   217  15.815   0.873   0.208
 0141   217  19.577   0.823         
 0142   217  19.649   1.194         
 0143   217  19.871   1.549         
 0144   217  19.544   1.255         
 0145   217  18.271   1.793         
 0146   217  18.900   0.990         
 0147   217  19.456   1.771         
 0148   217  19.114   0.981  -0.013
 0149   217  19.041   1.490         
 0150   217  17.030   0.920   0.309
 0151   217  20.258   1.091         
 0152   217  18.395   1.193         
 0153   217  19.251   1.212         
 0154   217  17.084   1.284   0.660
 0155   217  18.857   1.098         
 0156   217  13.007   1.020   0.376
 0157   217  16.830   0.899   0.412
 0158   217  20.244   1.199         
 0159   217  19.294   1.566         
 0160   217  20.166   0.924         
 0161   217  15.396   0.823   0.253
 0162   217  12.222   2.185  -0.190
 0163   217  20.118   1.032         
 0164   217  18.870   0.977         
 0165   217  17.454   1.285   0.258
 0166   217  16.116   0.870   0.375
 0167   217  20.563   0.947         
 0168   217  18.596   1.000  -0.464
 0169   217  19.507   1.522         
 0170   217  19.699   1.234         
 0171   217  15.596   0.920   0.334
 0172   217  18.403   1.129         
 0173   217  14.928   0.948   0.277
 0174   217  17.431   1.231   0.046
 0175   217  16.698   0.979   0.278
 0176   217  18.807   0.910         
 0177   217  20.437   2.082         
 0178   217  19.359   1.341         
 0179   217  17.915   1.189         
 0180   217  20.316   1.152         
 0181   217  17.554   1.031   0.444
 0182   217  20.046   0.930         
 0183   217  16.516   0.980   0.478
 0184   217  17.803   1.107         
 0185   217  17.167   0.811   0.141
 0186   217  18.684   1.492         
 0187   217  19.585   1.679         
 0188   217  15.735   1.205   0.529
 0189   217  19.692   1.457         
 0190   217  19.688   1.004         
 0191   217  19.397   1.680         
 0192   217  18.328   1.070         
 0193   217  17.864   1.081  -0.224
 0194   217  15.051   0.784   0.293
 0195   217  15.615   0.886   0.294
 0196   217  19.267   1.040         
 0197   217  20.044   1.371         
 0198   217  16.640   1.277   0.721
 0199   217  18.999   1.400         
 0200   217  17.999   1.272   0.045
 0201   217  17.345   1.079   0.080
 0202   217  17.550   1.029   0.252
 0203   217  18.680   1.366         
 0204   217  15.148   0.860   0.295
 0205   217  18.447   1.083         
 0206   217  15.784   0.810   0.238
 0207   217  14.802   0.764   0.242
 0208   217  19.800   1.049         
 0209   217  20.084   1.459         
 0210   217  18.235   1.293         
 0211   217  19.941   1.361         
 0212   217  16.141   0.902   0.378
 0213   217  19.966   1.037         
 0214   217  16.303   0.861   0.157
 0215   217  15.994   0.959   0.279
 0216   217  16.553   0.850   0.171
 0217   217  19.591   1.377  -1.145
 0218   217  17.489   0.887   0.002
 0219   217  16.030   0.805   0.244
 0220   217  19.591   1.377         
 0221   217  19.359   1.016         
 0222   217  16.865   0.921   0.224
 0223   217  17.754   0.942   0.332
 0224   217  19.762   1.396         
 0225   217  17.874   1.059   0.328
 0226   217  20.385   1.890         
 0227   217  19.722   1.059         
 0228   217  21.062   0.740         
 0229   217  19.944   1.728         
 0230   217  19.989   1.306         
 0231   217  19.594   1.229         
 0232   217  19.674   1.087         
 0233   217  19.550   1.029         
 0234   217  16.545   0.790   0.145
 0235   217  20.113   1.920         
 0236   217  19.679   0.897         
 0237   217  18.812   1.241         
 0238   217  18.528   1.155         
 0239   217  17.583   1.044   0.572
 0240   217  19.660   1.277         
 0241   217  19.601   1.664         
 0242   217  20.587   1.281         
 0243   217  19.531   1.801         
 0244   217  13.915   1.373   0.745
 0245   217  14.740   0.908   0.188
 0246   217  20.089   1.290         
 0247   217  18.406   1.141         
 0248   217  19.128   1.209         
 0249   217  19.045   1.052         
 0250   217  13.856   1.355   0.859
 0251   217  16.133   0.784   0.084
 0252   217  15.609   0.808   0.264
 0253   217  16.742   0.832   0.196
 0254   217  19.891   1.179         
 0255   217  19.327   1.581         
 0256   217  18.086   1.325         
 0257   217  17.432   1.067   0.074
 0258   217  18.120   1.082   0.276
 0259   217  17.549   1.005   0.036
 0260   217  19.552   1.200         
 0261   217  13.013   1.572   0.880
 0262   217  15.587   0.768   0.285
 0263   217  17.932   0.883   0.047
 0264   217  18.919   1.618         
 0265   217  15.271   0.467   0.440
 0266   217  17.532   1.322   0.610
 0267   217  18.932   1.134         
 0268   217  19.734   1.088         
 0269   217  15.984   0.892   0.175
 0270   217  19.628   1.444         
 0271   217  16.371   1.211   0.518
 0272   217  17.429   0.924  -0.123
 0273   217  17.349   1.114   0.048
 0274   217  18.502   1.300         
 0275   217  19.336   1.603         
 0276   217  20.292   1.371         
 0277   217  20.141   1.835         
 0278   217  18.236   0.981         
 0279   217  19.409   1.993         
 0280   217  17.624   1.406         
 0281   217  16.136   0.833   0.080
 0282   217  17.305   0.870   0.178
 0283   217  14.774   0.506   0.474
 0284   217  16.037   1.049   0.165
 0285   217  19.852   1.396         
 0286   217  17.441   1.056   0.599
 0287   217  17.763   0.727  -0.216
 0288   217  16.282   0.767   0.156
 0289   217  14.496   0.735   0.228
 0290   217  20.588   1.844         
 0291   217  19.668   1.152         
 0292   217  15.929   0.788   0.175
 0293   217  16.553   0.802   0.269
 0294   217  19.481   1.524         
 0295   217  18.372   1.037         
 0296   217  18.381   0.627         
 0297   217  16.963   1.088   0.320
 0298   217  18.227   1.064         
 0299   217  17.717   0.807  -0.125
 0300   217  14.083   1.518   0.669
 0301   217  16.068   0.791   0.216
 0302   217  18.584   0.923         
 0303   217  19.718   1.312         
 0304   217  18.583   1.010         
 0305   217  21.024   0.728         
 0306   217  15.231   0.831   0.185
 0307   217  16.423   0.754   0.088
 0308   217  18.044   0.986  -0.003
 0309   217  18.599   0.951         
 0310   217  17.551   1.171   0.177
 0311   217  19.615   0.898         
 0312   217  18.691   0.737         
 0313   217  16.678   0.854   0.168
 0314   217  19.429   0.941         
 0315   217  19.166   1.157         
 0316   217  19.052   1.147         
 0317   217  18.692   1.305         
 0318   217  18.142   1.060         
 0319   217  18.254   1.184         
 0320   217  19.311   0.984         
 0321   217  18.346   0.827   0.206
 0322   217  16.184   0.833   0.117
 0323   217  19.566   1.250         
 0324   217  18.012   0.758  -0.081
 0325   217  20.528   0.932         
 0326   217  17.310   1.247   0.399
 0327   217  15.796   0.806   0.242
 0328   217  19.629   0.760         
 0329   217  19.771   1.917         
 0330   217  19.697   1.903         
 0331   217  20.327   0.808         
 0332   217  18.281   0.998  -0.218
 0333   217  18.974   1.452         
 0334   217  20.052   0.864         
 0335   217  15.651   0.749   0.296
 0336   217  17.822   1.107   0.128
 0337   217  20.249   1.215         
 0338   217  16.000   0.881   0.115
 0339   217  15.609   1.211   0.487
 0340   217  16.751   0.831   0.239
 0341   217  20.330   1.327         
 0342   217  17.178   1.250   0.665
 0343   217  18.167   0.994         
 0344   217  19.708   1.325         
 0345   217  19.968   1.101         
 0346   217  15.118   0.721   0.247
 0347   217  19.837   1.156         
 0348   217  19.712   1.348         
 0349   217  19.552   1.416         
 0350   217  14.661   0.366   0.388
 0351   217  16.085   0.802   0.170
 0352   217  14.504   0.934   0.153
 0353   217  19.143   1.043         
 0354   217  17.451   1.060   0.175
 0355   217  19.477   1.069         
 0356   217  19.142   0.935         
 0357   217  18.937   0.844         
 0358   217  13.159   0.697   0.220
 0359   217  14.427   1.011   0.426
 0360   217  19.708   1.032         
 0361   217  17.903   1.010         
 0362   217  17.136   1.366   0.355
 0363   217  16.731   0.827   0.377
 0364   217  19.632   2.002         
 0365   217  17.970   0.660   0.259
 0366   217  18.994   1.234         
 0367   217  17.794   0.900   0.208
 0368   217  18.730   1.144         
 0369   217  17.561   1.109   0.240
 0370   217  19.074   1.232         
 0371   217  13.373   0.808   0.162
 0372   217  20.037   1.783         
 0373   217  20.265   0.768         
 0374   217  17.911   1.031   0.410
 0375   217  13.334   0.313   0.331
 0376   217  16.092   1.361   0.657
 0377   217  15.093   1.177   0.916
 0378   217  19.515   1.463         
 0379   217  18.327   0.993         
 0380   217  20.112   0.827         
 0381   217  18.558   0.814         
 0382   217  14.701   0.821   0.136
 0383   217  18.521   1.103         
 0384   217  19.048   0.829         
 0385   217  17.846   1.039   0.389
 0386   217  19.856   1.093         
 0387   217  14.596   1.049   0.535
 0388   217  19.885   0.784         
 0389   217  17.209   1.122   0.370
 0390   217  18.723   0.955         
 0391   217  19.155   1.220         
 0392   217  18.334   1.093  -0.374
 0393   217  15.880   0.717   0.194
 0394   217  18.356   1.109         
 0395   217  19.858   0.921         
 0396   217  17.236   0.812   0.227
 0397   217  19.409   1.088         
 0398   217  15.462   0.799   0.093
 0399   217  15.466   0.811   0.186
 0400   217  20.622   1.411         
 0401   217  16.331   0.819   0.249
 0402   217  18.583   0.807  -0.632
 0403   217  17.245   1.313   0.667
 0404   217  16.987   1.065   0.617
 0405   217  19.774   1.282         
 0406   217  19.497   0.958         
 0407   217  17.114   0.875   0.061
 0408   217  19.651   1.560         
 0409   217  17.738   0.948   0.245
 0410   217  19.967   1.474         
 0411   217  15.378   0.746   0.215
 0412   217  19.423   1.114         
 0413   217  16.940   0.907   0.344
 0414   217  19.316   1.107         
 0415   217  14.731   1.318   0.641
 0416   217  14.575   1.130   0.536
 0417   217  18.926   1.092         
 0418   217  17.121   1.075   0.382
 0419   217  16.943   0.818   0.096
 0420   217  18.080   0.788  -0.209
 0421   217  18.390   0.934         
 0422   217  16.927   0.833   0.162
 0423   217  19.879   1.435         
 0424   217  18.419   1.179         
 0425   217  20.782   1.236         
 0426   217  14.587   0.802   0.051
 0427   217  19.942   0.977         
 0428   217  19.766   0.684         
 0429   217  19.104   1.142         
 0430   217  17.208   1.081   0.433
 0431   217  18.879   1.167         
 0432   217  19.986   1.624         
 0433   217  16.243   0.826   0.076
 0434   217  19.048   1.222         
 0435   217  19.641   0.963         
 0436   217  19.010   1.183         
 0437   217  15.078   0.768   0.237
 0438   217  19.511   0.784         
 0439   217  19.273   1.016         
 0440   217  17.493   0.855  -0.044
 0441   217  17.348   0.947  -0.075
 0442   217  18.104   0.872  -0.208
 0443   217  14.026   0.789   0.040
 0444   217  16.381   1.498   0.629
 0445   217  18.006   0.910         
 0446   217  15.865   1.244  -0.165
 0447   217  14.222   0.719   0.226
 0448   217  18.564   1.689         
 0449   217  19.658   1.754         
 0450   217  15.726   0.668   0.135
 0451   217  15.484   1.070   0.207
 0452   217  18.938   1.169         
 0453   217  19.065   0.989         
 0454   217  16.571   0.910   0.147
 0455   217  16.880   0.974   0.436
 0456   217  16.611   0.831   0.217
 0457   217  20.258   1.734         
 0458   217  18.611   0.964  -0.474
 0459   217  19.391   0.808         
 0460   217  14.708   1.088   0.787
 0461   217  17.222   1.582         
 0462   217  20.164   1.465         
 0463   217  18.219   1.096  -0.338
 0464   217  20.237   1.102         
 0465   217  15.663   0.745   0.197
 0466   217  16.671   0.888   0.250
 0467   217  11.082   1.285   0.740
 0468   217  16.954   0.801  -0.075
 0469   217  19.741   0.850         
 0470   217  18.383   1.152         
 0471   217  18.692   0.966         
 0472   217  20.707   0.851         
 0473   217  18.743   1.105         
 0474   217  19.603   1.263         
 0475   217  18.472   0.686         
 0476   217  18.876   1.188         
 0477   217  14.624   0.811   0.121
 0478   217  19.214   1.381         
 0479   217  12.804   1.759   0.577
 0480   217  17.156   1.067   0.402
 0481   217  19.016   1.277         
 0482   217  19.690   1.358         
 0483   217  19.003   1.287         
 0484   217  16.618   0.962   0.117
 0485   217  18.349   1.071         
 0486   217  19.391   1.413         
 0487   217  19.528   0.628         
 0488   217  16.139   0.816   0.054
 0489   217  20.335   0.709         
 0490   217  20.470   1.513         
 0491   217  19.871   0.967         
 0492   217  19.706   0.876         
 0493   217  19.071   0.999         
 0494   217  18.580   0.758  -0.060
 0495   217  19.541   1.067         
 0496   217  20.130   1.185         
 0497   217  15.304   0.707   0.125
 0498   217  19.256   0.905         
 0499   217  20.416   1.178         
 0500   217  17.388   0.909   0.069
 0501   217  17.734   0.950   0.238
 0502   217  16.181   0.996   0.084
 0503   217  16.245   0.945   0.081
 0504   217  15.918   0.826   0.179
 0505   217  17.238   1.152   0.356
 0506   217  19.663   1.463         
 0507   217  18.263   0.869         
 0508   217  17.519   1.029   0.627
 0509   217  16.133   0.784   0.219
 0510   217  15.934   0.864   0.094
 0511   217  19.399   0.873         
 0512   217  15.521   0.866   0.053
 0513   217  17.243   0.488   0.518
 0514   217  20.173   1.539         
 0515   217  16.284   0.834   0.015
 0516   217  18.450   1.173         
 0517   217  19.614   1.004         
 0518   217  20.596   1.178         
 0519   217  17.945   1.009   0.299
 0520   217  20.409   1.434         
 0521   217  18.745   1.167         
 0522   217  20.193   1.221         
 0523   217  19.186   1.086         
 0524   217  17.287   1.088   0.640
 0525   217  19.710   0.953         
 0526   217  14.420   0.791   0.227
 0527   217  18.483   1.615         
 0528   217  18.960   0.576         
 0529   217  19.542   0.839         
 0530   217  18.918   0.915         
 0531   217  17.491   0.958   0.045
 0532   217  20.003   1.361         
 0533   217  17.513   0.624   0.056
 0534   217  19.147   1.177         
 0535   217  20.040   0.886         
 0536   217  19.349   0.942         
 0537   217  18.129   1.001         
 0538   217  17.377   0.961   0.114
 0539   217  18.874   1.323         
 0540   217  18.539   0.802         
 0541   217  20.361   1.695         
 0542   217  15.925   1.126   0.425
 0543   217  20.117   0.817         
 0544   217  18.514   0.941         
 0545   217  18.429   1.562         
 0546   217  14.000   0.584   0.241
 0547   217  20.696   1.141         
 0548   217  20.321   1.153         
 0549   217  17.966   1.315         
 0550   217  16.726   0.819   0.106
 0551   217  13.577   1.393   0.795
 0552   217  19.645   1.386         
 0553   217  19.633   1.314         
 0554   217  18.710   0.925         
 0555   217  19.408   0.771         
 0556   217  17.402   1.195   0.629
 0557   217  18.326   1.104         
 0558   217  17.305   1.085   0.149
 0559   217  18.706   0.897   0.242
 0560   217  20.561   1.126         
 0561   217  19.511   0.968         
 0562   217  19.864   0.877         
 0563   217  16.692   0.856   0.171
 0564   217  20.689   0.916         
 0565   217  19.205   1.912         
 0566   217  19.818   1.533         
 0567   217  18.626   1.233         
 0568   217  19.640   1.720         
 0569   217  19.598   1.150         
 0570   217  16.683   0.759  -0.070
 0571   217  16.742   1.255   0.506
 0572   217  19.059   1.002         
 0573   217  19.675   0.904         
 0574   217  16.477   0.989   0.262
 0575   217  17.479   0.674   0.004
 0576   217  18.257   0.812  -0.112
 0577   217  19.333   1.434         
 0578   217  19.570   0.817         
 0579   217  17.738   1.153   0.154
 0580   217  20.808   1.165         
 0581   217  18.460   1.006         
 0582   217  16.572   1.227   0.630
 0583   217  20.005   1.885         
 0584   217  20.303   1.212         
 0585   217  19.644   1.161         
 0586   217  15.862   0.873   0.136
 0587   217  19.427   1.289         
 0588   217  18.011   1.039   0.201
 0589   217  17.867   0.919  -0.193
 0590   217  19.193   1.190         
 0591   217  19.666   1.422         
 0592   217  18.732   0.899         
 0593   217  19.886   1.244         
 0594   217  19.872   1.108         
 0595   217  17.171   0.624   0.194
 0596   217  19.633   0.796         
 0597   217  17.778   0.799  -0.165
 0598   217  20.260   0.807         
 0599   217  19.434   1.487         
 0600   217  16.506   0.862   0.217
 0601   217  14.692   1.040   0.406
 0602   217  20.318   1.298         
 0603   217  16.568   0.801   0.047
 0604   217  16.266   0.851   0.138
 0605   217  20.173   1.264         
 0606   217  17.228   1.517         
 0607   217  17.106   0.924   0.077
 0608   217  18.683   1.712         
 0609   217  16.700   0.709   0.136
 0610   217  17.851   1.059         
 0611   217  19.800   1.435         
 0612   217  18.628   1.215         
 0613   217  20.325   1.015         
 0614   217  19.652   0.963         
 0615   217  19.302   1.126         
 0616   217  17.784   0.910  -0.198
 0617   217  19.028   0.785         
 0618   217  14.569   0.571   0.247
 0619   217  17.586   0.918   0.093
 0620   217  19.133   0.835         
 0621   217  20.121   0.973         
 0622   217  18.822   1.139         
 0623   217  19.700   0.908         
 0624   217  19.361   0.864         
 0625   217  18.803   0.900         
 0626   217  19.987   0.875         
 0627   217  15.916   0.748   0.167
 0628   217  13.824   0.765   0.140
 0629   217  19.961   1.168         
 0630   217  18.352   1.607         
 0631   217  12.660   1.250   0.747
 0632   217  18.307   1.093         
 0633   217  15.774   1.344   0.687
 0634   217  19.963   1.737         
 0635   217  18.896   1.212         
 0636   217  18.167   1.113         
 0637   217  15.087   0.735   0.145
 0638   217  18.218   1.000  -0.381
 0639   217  20.228   1.120         
 0640   217  17.909   0.724   0.270
 0641   217  19.000   0.725         
 0642   217  18.817   1.144         
 0643   217  20.136   0.952         
 0644   217  18.844   0.878         
 0645   217  18.718   1.165         
 0646   217  19.878   0.962         
 0647   217  17.646   1.155   0.303
 0648   217  18.750   0.955  -0.845
 0649   217  17.206   1.161   0.142
 0650   217  19.482   1.572         
 0651   217  16.217   0.913   0.050
 0652   217  19.539   0.888         
 0653   217  15.647   0.719   0.144
 0654   217  15.714   1.191   0.505
 0655   217  17.058   0.935   0.135
 0656   217  20.193   1.297         
 0657   217  16.991   0.763   0.215
 0658   217  10.648   0.616  -0.143
 0659   217  19.885   0.741         
 0660   217  18.612   0.835         
 0661   217  20.120   1.274         
 0662   217  20.657   1.133         
 0663   217  18.419   1.158         
 0664   217  16.202   0.756  -0.016
 0665   217  18.370   1.022         
 0666   217  19.578   1.508         
 0667   217  16.666   0.871   0.120
 0668   217  19.020   1.328         
 0669   217  19.905   1.813         
 0670   217  20.104   1.510         
 0671   217  16.095   0.857   0.103
 0672   217  15.716   0.843   0.060
 0673   217  17.600   1.052   0.717
 0674   217  15.796   0.861   0.113
 0675   217  18.681   1.047  -0.261
 0676   217  19.026   1.013         
 0677   217  17.377   0.817   0.031
 0678   217  14.318   0.861   0.218
 0679   217  18.987   0.952         
 0680   217  17.957   1.152         
 0681   217  19.318   0.962         
 0682   217  19.273   1.085         
 0683   217  19.013   0.921         
 0684   217  19.784   0.805         
 0685   217  17.747   1.634         
 0686   217  20.481   0.742         
 0687   217  18.996   0.659         
 0688   217  17.963   1.103         
 0689   217  16.376   0.978   0.338
 0690   217  20.688   0.699         
 0691   217  18.357   0.861  -0.111
 0692   217  20.412   1.233         
 0693   217  18.024   1.220         
 0694   217  19.400   1.484         
 0695   217  16.779   0.799  -0.035
 0696   217  19.372   1.388         
 0697   217  15.613   1.224   0.495
 0698   217  18.069   0.807  -0.202
 0699   217  18.422   0.764  -0.038
 0700   217  18.475   0.862         
 0701   217  16.885   0.907   0.346
 0702   217  20.063   1.771         
 0703   217  17.763   1.126         
 0704   217  19.319   1.091         
 0705   217  16.398   0.575   0.195
 0706   217  19.808   1.029         
 0707   217  17.440   0.791   0.118
 0708   217  18.020   0.872  -0.067
 0709   217  15.695   0.699   0.272
 0710   217  18.670   0.721  -0.363
 0711   217  19.419   1.360         
 0712   217  15.681   0.831   0.031
 0713   217  20.163   0.838         
 0714   217  19.710   0.892         
 0715   217  20.042   1.314         
 0716   217  17.708   0.678   0.337
 0717   217  16.539   0.789   0.032
 0718   217  19.428   1.178         
 0719   217  19.531   1.801         
 0720   217  18.962   0.811         
 0721   217  18.653   1.264         
 0722   217  19.298   0.824         
 0723   217  16.952   1.322   0.678
 0724   217  19.136   0.811         
 0725   217  16.571   1.226   0.743
 0726   217  16.891   0.592   0.240
 0727   217  19.893   0.651         
 0728   217  20.005   0.940         
 0729   217  18.829   0.816  -0.852
 0730   217  16.505   1.039   0.417
 0731   217  15.500   1.036   0.332
 0732   217  19.283   0.931         
 0733   217  18.717   1.334         
 0734   217  17.965   0.859         
 0735   217  18.481   0.753         
 0736   217  19.861   0.768         
 0737   217  18.035   0.797  -0.324
 0738   217  19.208   1.615         
 0739   217  19.726   1.042