UBV CCD observations

  No    Ref    V       B-V     U-B

 0001   495  17.775   1.805         
 0002   495  16.729   1.660         
 0003   495  17.575   1.702         
 0004   495  16.557   1.603         
 0005   495  15.300   1.225         
 0006   495  15.391   1.222         
 0007   495  16.641   2.693         
 0008   495  14.413   1.088         
 0009   495  15.351   2.288         
 0010   495  14.960   1.175         
 0011   495  17.818   2.012         
 0012   495  16.269   1.692         
 0013   495  16.872   2.350         
 0014   495  18.476   1.720         
 0015   495  17.615   1.691         
 0016   495  15.949   2.117         
 0017   495  13.525   1.464         
 0018   495  15.059   1.473         
 0019   495  16.672   1.388         
 0020   495  17.011   2.274         
 0021   495  18.122   1.469         
 0022   495  18.294   1.493         
 0023   495  16.624   1.364         
 0024   495  18.073   1.516         
 0025   495  18.216   1.333         
 0026   495  17.678   1.352         
 0027   495  17.608   1.718         
 0028   495  14.145   1.415         
 0029   495  16.691   2.403         
 0030   495  16.290   1.354         
 0031   495  17.258   1.326         
 0032   495  18.000   2.000         
 0033   495  17.989   1.544         
 0034   495  17.964   1.591         
 0035   495  17.878   1.535         
 0036   495  15.664   1.465         
 0037   495  16.098   1.515         
 0038   495  17.999   1.923         
 0039   495  17.515   1.431         
 0040   495  14.714   1.320         
 0041   495  17.541   1.362         
 0042   495  16.553   1.600         
 0043   495  17.963   1.454         
 0044   495  17.715   2.573         
 0045   495  17.801   1.413         
 0046   495  17.046   2.260         
 0047   495  16.551   1.479         
 0048   495  17.345   1.297         
 0049   495  17.989   1.330         
 0050   495  13.970   0.969         
 0051   495  11.158   1.640         
 0052   495  18.425   1.655         
 0053   495  15.391   1.341         
 0054   495  17.283   1.444         
 0055   495  15.973   1.447         
 0056   495  17.012   1.081         
 0057   495  16.549   1.228         
 0058   495  15.096   2.006         
 0059   495  18.231   1.369         
 0060   495  16.945   2.167         
 0061   495  16.753   1.622         
 0062   495  15.412   1.301         
 0063   495  17.981   1.386         
 0064   495  16.823   1.285         
 0065   495  16.677   1.341         
 0066   495  17.249   1.316         
 0067   495  15.111   1.171         
 0068   495  17.629   1.389         
 0069   495  17.354   1.795         
 0070   495  17.429   1.571         
 0071   495  17.466   1.280         
 0072   495  17.070   1.355         
 0073   495  16.558   1.203         
 0074   495  16.562   1.502         
 0075   495  18.429   1.645         
 0076   495  16.361   1.365         
 0077   495  16.276   1.486         
 0078   495  17.387   1.463         
 0079   495  16.891   1.345         
 0080   495  18.094   1.434         
 0081   495  16.032   1.217         
 0082   495  15.660   1.743         
 0083   495  17.849   1.723         
 0084   495  18.408   1.658         
 0085   495  17.859   1.776         
 0086   495  18.177   1.610         
 0087   495  16.487   1.528         
 0088   495  17.735   1.562         
 0089   495  13.828   1.007         
 0090   495  17.807   1.780         
 0091   495  18.224   1.302         
 0092   495  17.174   1.219         
 0093   495  16.544   0.976         
 0094   495  15.557   1.255         
 0095   495  15.803   1.909         
 0096   495  17.367   1.410         
 0097   495  13.557   2.248         
 0098   495  16.782   1.229         
 0099   495  15.282   1.921         
 0100   495  17.776   1.378         
 0101   495  17.035   1.453         
 0102   495  15.848   0.908         
 0103   495  17.639   1.518         
 0104   495  16.741   1.538         
 0105   495  16.302   1.374         
 0106   495  17.590   1.442         
 0107   495  16.243   1.323         
 0108   495  14.223   2.247         
 0109   495  18.272   1.536         
 0110   495  16.294   1.105         
 0111   495  17.844   1.422         
 0112   495  13.954   0.830         
 0113   495  13.829   2.443         
 0114   495  18.462   1.821         
 0115   495  15.718   1.226         
 0116   495  17.597   1.401         
 0117   495  17.327   1.335         
 0118   495  16.126   1.161         
 0119   495  16.750   1.208         
 0120   495  18.403   2.014         
 0121   495  15.641   1.234         
 0122   495  18.507   1.932         
 0123   495  17.559   1.635         
 0124   495  15.879   1.137         
 0125   495  18.262   1.672         
 0126   495  17.396   1.279         
 0127   495  16.245   2.109         
 0128   495  17.390   1.414         
 0129   495  16.905   1.222         
 0130   495  18.484   1.469         
 0131   495  16.730   1.259         
 0132   495  16.694   1.110         
 0133   495  17.704   1.427         
 0134   495  18.419   1.377         
 0135   495  18.212   2.707         
 0136   495  18.146   1.365         
 0137   495  14.739   1.149         
 0138   495  17.900   1.537         
 0139   495  17.265   1.361         
 0140   495  18.810   1.796         
 0141   495  18.085   1.496         
 0142   495  15.277   1.030         
 0143   495  17.036   1.301         
 0144   495  14.028   1.747         
 0145   495  18.406   1.828         
 0146   495  18.352   0.650         
 0147   495  17.463   1.497         
 0148   495  15.322   1.300         
 0149   495  18.265   1.366         
 0150   495  18.832   1.830         
 0151   495  18.590   1.723         
 0152   495  16.376   1.349         
 0153   495  14.888   1.064         
 0154   495  16.547   1.221         
 0155   495  17.458   1.350         
 0156   495  17.698   1.634         
 0157   495  11.538   0.601         
 0158   495  15.566   1.273         
 0159   495  15.836   1.085         
 0160   495  17.781   1.282         
 0161   495  16.961   1.111         
 0162   495  17.268   2.095         
 0163   495  17.527   1.881         
 0164   495  17.901   1.901         
 0165   495  16.874   1.320         
 0166   495  16.984   1.418         
 0167   495  17.370   1.654         
 0168   495  18.321   1.711         
 0169   495  16.234   1.134         
 0170   495  16.887   1.218         
 0171   495  18.589   1.420         
 0172   495  17.708   1.552         
 0173   495  15.733   1.069         
 0174   495  17.479   1.599         
 0175   495  18.251   1.517         
 0176   495  18.188   1.066         
 0177   495  16.628   1.078         
 0178   495  18.627   1.500         
 0179   495  15.573   1.166         
 0180   495  17.154   1.312         
 0181   495  14.795   2.105         
 0182   495  17.458   1.379         
 0183   495  15.067   1.082         
 0184   495  17.044   1.474         
 0185   495  16.264   2.916         
 0186   495  15.160   2.253         
 0187   495  14.503   1.174         
 0188   495  15.831   1.065         
 0189   495  16.427   1.120         
 0190   495  18.975   1.504         
 0191   495  17.160   1.090         
 0192   495  17.313   1.276         
 0193   495  16.168   0.953         
 0194   495  17.538   1.218         
 0195   495  14.914   1.326         
 0196   495  15.658   1.357         
 0197   495  17.776   1.130         
 0198   495  18.276   1.743         
 0199   495  18.236   1.726         
 0200   495  17.923   1.998         
 0201   495  16.551   1.675         
 0202   495  16.793   0.954         
 0203   495  16.930   1.320         
 0204   495  18.489   1.609         
 0205   495  17.923   1.206         
 0206   495  16.695   1.135         
 0207   495  17.433   1.778         
 0208   495  15.829   1.383         
 0209   495  17.536   1.737         
 0210   495  17.225   1.496         
 0211   495  17.582   1.389         
 0212   495  16.739   1.450         
 0213   495  17.983   1.493         
 0214   495  17.632   1.324         
 0215   495  16.823   2.193         
 0216   495  17.277   2.310         
 0217   495  14.976   0.884         
 0218   495  18.351   1.826         
 0219   495  16.284   1.099         
 0220   495  18.574   1.865         
 0221   495  18.191   2.052         
 0222   495  14.407   0.974         
 0223   495  15.849   1.205         
 0224   495  16.402   1.176         
 0225   495  16.894   1.231         
 0226   495  17.237   2.387         
 0227   495  18.534   1.530         
 0228   495  17.933   1.699         
 0229   495  15.723   1.146         
 0230   495  16.009   1.164         
 0231   495  13.660   0.877         
 0232   495  18.285   1.495         
 0233   495  17.535   1.505         
 0234   495  17.610   1.912         
 0235   495  15.485   1.221         
 0236   495  18.002   1.792         
 0237   495  16.897   2.736