UBV CCD observations

  No    Ref    V       B-V     U-B

 0001   132  14.638   0.622   0.185
 0001   546  14.640   0.538  -0.011
 0002   132  16.830   0.876         
 0002   325  16.750   0.780   0.070
 0002   546  16.827   0.766  -0.106
 0003   132  16.944   0.709         
 0003   325  16.920   0.640         
 0003   546  16.979   0.595   0.168
 0004   132  16.834   0.813         
 0004   546  16.893   0.687         
 0005   132  16.138   1.020         
 0005   546  16.169   0.939   0.327
 0006   132  16.462   0.835         
 0006   325  16.460   0.670  -0.030
 0006   546  16.500   0.705   0.277
 0007   132  16.361   0.461         
 0007   325  16.320   0.310   0.210
 0007   546  16.371   0.381   0.131
 0008    61  16.848   0.972         
 0008   132  16.818   0.995         
 0008   325  16.790   0.770  -0.640
 0008   546  16.840   0.916   0.324
 0009    61  15.584   0.755         
 0009   132  15.642   0.744         
 0009   325  15.530   0.710   0.140
 0009   546  15.755   0.765   0.306
 0010    61  14.949   0.452         
 0010   132  14.909   0.504         
 0010   325  14.920   0.400   0.070
 0010   546  14.951   0.404   0.115
 0011   132  17.026   0.693         
 0011   325  16.990   0.680         
 0011   546  17.064   0.585   0.354
 0012    61  16.049   0.437         
 0012   132  16.005   0.495         
 0012   325  16.000   0.370   0.140
 0012   546  16.044   0.391  -0.015
 0013    61  15.517   0.374         
 0013   132  15.412   0.468         
 0013   546  15.453   0.362   0.134
 0014    61  16.343   0.304         
 0014   132  16.267   0.369         
 0014   325  16.010   0.330         
 0014   546  16.036   0.350   0.025
 0015    61  15.745   0.675         
 0015   132  15.736   0.674         
 0015   325  15.690   0.480   0.210
 0015   546  15.760   0.590   0.167
 0016    61  16.810   0.501         
 0016   132  16.751   0.566         
 0016   325  16.740   0.440   0.580
 0016   546  16.771   0.489   0.274
 0017    61  16.333   0.466         
 0017   132  16.310   0.524         
 0017   325  16.300   0.370   0.350
 0017   546  16.334   0.421   0.135
 0018    61  14.499   0.469         
 0018   132  14.445   0.521   0.431
 0018   325  14.430   0.440   0.190
 0018   546  14.469   0.428   0.171
 0019    61  15.748   0.572         
 0019   132  15.697   0.656         
 0019   325  15.690   0.500   0.160
 0019   546  15.709   0.542   0.044
 0020    61  15.228   1.215         
 0020   132  15.204   1.265         
 0020   325  15.170   1.110   0.800
 0020   546  15.201   1.195   0.771
 0021    61  16.571   0.619         
 0021   132  16.524   0.703         
 0021   325  16.530   0.610   1.390
 0021   546  16.529   0.602   0.101
 0022    61  14.598   0.298         
 0022   132  14.567   0.321  -0.081
 0022   325  14.570   0.210  -0.330
 0022   546  14.578   0.242  -0.415
 0023    61  16.777   0.753         
 0023   132  16.769   0.770         
 0023   325  16.740   0.670  -0.040
 0023   546  16.781   0.678   0.157
 0024    61  14.549   0.247         
 0024   132  14.525   0.280  -0.036
 0024   325  14.500   0.170  -0.300
 0024   546  14.543   0.199  -0.360
 0025    61  13.159   1.316         
 0025   132  13.113   1.381         
 0025   325  13.110   1.220   1.080
 0025   546  13.125   1.329   1.367
 0026    61  15.231   0.598         
 0026   132  15.182   0.648         
 0026   325  15.180   0.530   0.290
 0026   546  15.216   0.556   0.319
 0027    61  16.264   0.600         
 0027   132  16.296   0.603         
 0027   325  16.260   0.470   0.100
 0027   546  16.275   0.523   0.200
 0028    61  17.052   0.709         
 0028   132  16.974   0.780         
 0028   325  16.980   0.630   0.170
 0028   546  17.008   0.656   0.075
 0029    61  16.339   0.456         
 0029   132  16.335   0.507         
 0029   325  16.320   0.400   0.340
 0029   546  16.318   0.434   0.256
 0030   132  16.313   0.438         
 0030   546  16.356   0.352   0.203
 0031   132  15.950   0.383         
 0031   546  15.982   0.321   0.100
 0032   132  15.645   0.489         
 0032   325  15.650   0.380   0.130
 0032   546  15.678   0.419   0.204
 0033   132  15.594   0.547         
 0033   546  15.615   0.474   0.275
 0034    61  14.366   0.347         
 0034   132  14.332   0.388   0.012
 0034   325  14.300   0.260  -0.270
 0034   546  14.349   0.295  -0.264
 0035    61  15.631   0.396         
 0035   132  15.568   0.472         
 0035   325  15.520   0.320   0.110
 0035   546  15.550   0.368  -0.331
 0036   132  15.985   0.507         
 0036   546  15.957   0.368   0.155
 0037    61  16.577   0.352         
 0037   132  16.447   0.482         
 0037   325  16.450   0.330   0.220
 0037   546  16.466   0.379   0.091
 0038    61  15.124   0.290         
 0038   132  15.085   0.350   0.077
 0038   325  15.070   0.240  -0.210
 0038   546  15.111   0.249  -0.199
 0039    61  15.561   0.612         
 0039   132  15.519   0.658         
 0039   325  15.530   0.520   0.130
 0039   546  15.546   0.576  -0.029
 0040    61  15.131   0.268         
 0040   132  15.118   0.292         
 0040   325  15.090   0.200  -0.140
 0040   546  15.130   0.234  -0.246
 0041   132  17.068   0.587         
 0041   325  16.990   0.470   0.360
 0041   546  17.114   0.500   0.258
 0042   132  15.110   0.758         
 0042   546  15.126   0.698   0.276
 0043   132  16.343   0.556         
 0043   325  16.260   0.460         
 0043   546  16.338   0.471   0.183
 0044   132  16.251   0.635         
 0044   546  16.293   0.545   0.198
 0045    61  14.579   0.370         
 0045   132  14.654   0.401  -0.074
 0045   325  14.520   0.290  -0.350
 0045   546  14.575   0.303  -0.406
 0046    61  14.578   0.643         
 0046   132  14.549   0.688         
 0046   325  14.530   0.560         
 0046   546  14.571   0.595   0.017
 0047   132  16.523   0.585   0.296
 0047   325  16.520   0.440   0.430
 0047   546  16.549   0.503   0.284
 0048    61  14.016   1.146         
 0048   132  13.970   1.227         
 0048   325  13.950   1.030   0.670
 0048   546  13.985   1.124   0.805
 0049    61  15.904   0.322         
 0049   132  15.885   0.356         
 0049   325  15.880   0.240  -0.020
 0049   546  15.917   0.272  -0.087
 0050    61  13.169   0.256         
 0050   132  13.109   0.305  -0.279
 0050   325  13.100   0.190  -0.540
 0050   546  13.139   0.193  -0.599
 0051    61  15.544   0.335         
 0051   132  15.477   0.376         
 0051   325  15.460   0.220   0.050
 0051   546  15.491   0.282  -0.126
 0052   132  14.265   0.328  -0.173
 0052   546  14.299   0.224  -0.462
 0053   132  12.824   0.318  -0.258
 0053   325  12.810   0.190  -0.550
 0053   546  12.875   0.204  -0.566
 0054    61  14.377   1.273         
 0054   132  14.365   1.321         
 0054   325  14.340   1.160   1.040
 0054   546  14.347   1.272   1.347
 0055   132  13.473   0.273  -0.324
 0055   546  13.925   0.234  -0.404
 0056    61  12.404   0.227         
 0056   132  12.343   0.266  -0.301
 0056   325  12.340   0.160  -0.430
 0056   546  12.372   0.148  -0.658
 0057    61  12.329   0.173         
 0057   132  12.323   0.173  -0.355
 0057   325  12.300   0.060  -0.640
 0057   546  12.336   0.086  -0.801
 0058   132  16.175   0.548         
 0058   325  16.140   0.410   0.340
 0058   546  16.184   0.490   0.213
 0059   132  14.649   0.588         
 0059   546  14.698   0.487   0.133
 0060    61  11.088   0.252         
 0060   132  11.156   0.248  -0.329
 0060   325  11.050   0.150  -0.640
 0061   132  17.368                 
 0061   325  17.300   0.700  -0.310
 0061   546  17.291   0.685  -0.069
 0062   132  18.096                 
 0062   325  17.900   1.160         
 0062   546  17.983   0.994   0.813
 0063   132  17.447                 
 0063   325  17.300   0.610         
 0063   546  17.343   0.649   0.087
 0064   132  18.049                 
 0064   325  17.920   1.440         
 0064   546  17.985   1.233   0.315
 0065   132  17.668                 
 0065   325  17.660   0.940  -0.060
 0065   546  17.507   0.962         
 0066   132  17.424                 
 0066   325  17.000   0.940  -1.760
 0066   546  17.352   0.862   0.286
 0067   132  17.808                 
 0067   325  17.660   0.650         
 0067   546  17.608   0.666         
 0068   132  17.654                 
 0068   546  17.583   1.235  -1.092
 0069   325  14.510   0.290         
 0070    61  16.361   0.361         
 0070   325  16.300   0.310   0.040
 0071    61  16.771   0.875         
 0071   325  16.710   0.900  -0.060
 0071   546  16.713   0.815   0.216
 0072    61  16.560   0.511         
 0072   325  16.510   0.410   0.290
 0072   546  16.534   0.479   0.283
 0073    61  16.467   0.641         
 0073   325  16.400   0.630         
 0073   546  16.447   0.594   0.497
 0074    61  15.022   0.330         
 0074   325  14.990   0.290  -0.240
 0074   546  15.022   0.287  -0.213
 0075    61  15.805   1.069         
 0075   325  15.760   1.020   0.720
 0075   546  15.778   1.041   0.525
 0076    61  15.640   0.647         
 0076   325  15.620   0.600   0.080
 0076   546  15.649   0.616   0.089
 0077    61  15.225   0.666         
 0077   325  15.190   0.640         
 0077   546  15.215   0.606  -0.137
 0078   325  15.470   0.210  -0.090
 0078   546  15.504   0.323  -0.211
 0079   325  16.230   0.510  -0.070
 0079   546  16.252   0.625  -0.114
 0080   325  16.080   0.820   0.560
 0080   546  16.103   0.985   0.617
 0081   325  13.480   0.960   0.590
 0081   546  13.498   1.089   0.592
 0082   325  15.540   0.480  -0.040
 0082   546  15.547   0.545  -0.169
 0083   325  16.410   0.530  -0.080
 0083   546  16.378   0.620  -0.126
 0084   325  16.380   0.790         
 0084   546  16.405   0.802   0.228
 0085   325  15.080   0.660   0.160
 0086   325  15.740   0.630   0.350
 0086   546  15.790   0.655   0.096
 0087   325  15.310   0.440   0.190
 0087   546  15.327   0.532   0.124
 0088   325  13.300   1.140   0.920
 0088   546  13.362   1.221   1.159
 0089   325  15.940   0.290   0.170
 0090   325  15.190   0.670   0.140
 0090   546  15.209   0.727   0.015
 0091   325  15.490   0.240  -0.160
 0091   546  15.520   0.314  -0.203
 0092   325  15.470   0.540   0.130
 0092   546  15.532   0.623   0.086
 0093   325  15.360   0.250   0.040
 0094   325  10.850  -0.030  -0.190
 0094   546  10.931   0.028  -0.086
 0095   325  16.150   0.890   0.660
 0096   325  14.570   0.500         
 0097   325  12.300   0.210   0.020
 0097   546  12.402   0.250   0.107
 0098   325  14.960   0.560   0.160
 0098   546  15.083   0.625   0.077
 0099   325  15.530   0.420   0.120
 0100   325  16.180   0.730         
 0100   546  16.258   0.813   0.247
 0101   325  19.350   2.470         
 0101   546  19.337   1.214         
 0102   325  18.630   1.130         
 0102   546  18.737   0.914   0.705
 0103   546  17.528   1.108   1.047
 0104   325  16.610   0.880   0.520
 0104   546  16.546   1.053   1.012
 0106   325  17.950   1.500         
 0106   546  17.974   1.004   0.358
 0107   325  18.820   1.630         
 0107   546  18.825   1.044         
 0108   325  18.360   1.210         
 0108   546  18.388   0.747   0.363
 0109   325  14.870   0.640   0.300
 0109   546  14.929   0.611   0.272
 0110   325  16.230   0.980   0.090
 0110   546  16.262   0.956   0.239
 0111   325  16.160   0.640   0.270
 0111   546  16.146   0.668   0.151
 0112   325  15.600   1.040   0.210
 0113   325  17.640   0.740  -0.110
 0115   325  16.700   1.380         
 0116   325  19.050   1.530         
 0116   546  19.244   0.926         
 0117   325  20.670   2.310         
 0118   325  18.360   1.000         
 0118   546  18.335   0.793   0.156
 0119   325  17.930   1.230         
 0119   546  18.033   1.205         
 0120   325  17.230   0.870  -0.170
 0120   546  17.252   0.758   0.082
 0121   325  17.090   0.740         
 0121   546  17.126   0.694   0.119
 0122   325  19.170   0.950         
 0122   546  19.383   1.108         
 0123   325  18.490   1.140         
 0123   546  18.445   0.970         
 0124   325  17.120   0.740         
 0124   546  17.142   0.669   0.202
 0126   325  18.200   1.570         
 0126   546  18.184   1.029   0.484
 0128   325  17.500   1.020         
 0128   546  17.503   0.871   0.203
 0129   325  20.130   1.220         
 0129   546  19.866   1.076         
 0130   325  18.080   1.220         
 0130   546  18.093   0.910   0.233
 0131   546  19.099   0.870         
 0133   325  19.610   2.380         
 0133   546  19.805   1.302         
 0134   325  17.450   0.930         
 0134   546  17.424   0.638   0.352
 0135   325  15.110   1.180         
 0136   325  16.200   0.810   0.160
 0136   546  16.239   0.802   0.217
 0137   325  19.110   2.760         
 0137   546  19.065   0.688   0.321
 0138   325  17.590   0.960  -0.730
 0138   546  17.637   0.900   0.330
 0139   325  18.740   1.210  -1.220
 0139   546  18.684   1.206         
 0140   325  19.830   5.440         
 0140   546  19.741   1.130         
 0141   325  19.030   2.820         
 0141   546  19.006   1.235         
 0142   325  18.260   1.030  -0.430
 0143   325  17.270   1.190  -0.360
 0143   546  17.229   1.275   0.934
 0144   325  18.940   1.110         
 0144   546  18.878   0.997         
 0145   546  19.297   0.963         
 0146   325  17.090   0.990  -0.430
 0146   546  17.129   0.950   0.289
 0147   325  18.290   1.640         
 0147   546  18.339   1.359         
 0148   325  18.660   0.720         
 0148   546  18.706   0.990   0.539
 0149   325  18.150   1.230         
 0149   546  18.156   1.066   0.696
 0150   325  18.830   1.000         
 0151   325  18.480   1.470         
 0151   546  18.493   1.161         
 0152   546  18.305   0.959   0.427
 0153   325  19.160   1.830         
 0153   546  19.165   1.160         
 0154   325  19.850   1.530         
 0155   325  19.330   2.050         
 0156   325  18.170   0.860         
 0156   546  18.173   0.969   0.167
 0158   325  19.150   1.170         
 0158   546  19.127   1.289         
 0159   325  19.050   1.090         
 0159   546  19.004   0.831         
 0160   325  17.810   0.860         
 0160   546  17.790   1.025   0.621
 0161   325  20.140   2.560         
 0162   325  17.700   1.010  -1.010
 0162   546  17.702   1.066   0.523
 0163   325  18.920   0.430         
 0163   546  18.817   1.029         
 0164   325  18.780   0.780         
 0164   546  18.889   1.139         
 0165   325  18.120   1.090         
 0165   546  18.231   1.027   0.071
 0166   546  18.913   0.786         
 0167   325  19.680   0.310         
 0168   325  19.390  -1.130         
 0168   546  19.430   0.955         
 0169   325  18.010   0.750         
 0169   546  18.043   0.853   0.040
 0170   325  19.130   1.070         
 0171   325  20.210   0.600         
 0172   325  19.410   0.920         
 0172   546  19.356   1.094         
 0174   325  19.220   1.290         
 0174   546  19.250   1.253         
 0175   325  17.060   0.890  -0.700
 0175   546  17.090   1.002   0.355
 0176   325  19.840   0.500         
 0176   546  19.502   1.303         
 0177   325  17.750   1.210         
 0177   546  17.838   1.063   0.019
 0178   325  18.790   0.790         
 0178   546  18.738   0.958         
 0181   325  17.650   0.970         
 0181   546  17.667   0.815         
 0182   546  19.401   0.937         
 0183   546  19.654   1.031         
 0184   325  18.190   0.770         
 0184   546  18.186   0.721   0.142
 0185   325  16.140   0.360  -0.030
 0186   325  17.070   0.590         
 0186   546  17.233   0.809         
 0187   325  16.930   2.910         
 0188   325  19.940   0.890         
 0189   325  19.020   2.480         
 0189   546  18.895   1.552         
 0190   325  19.140   1.570         
 0190   546  19.233   1.114         
 0191   325  18.950   2.610         
 0191   546  19.220   1.271         
 0192   325  19.800   0.570         
 0192   546  19.779   1.204         
 0193   325  18.620   0.810         
 0193   546  18.601   1.044         
 0194   325  20.010   0.890         
 0195   325  18.700   0.680         
 0195   546  18.575   1.056   0.108
 0197   325  18.240   1.140         
 0197   546  18.260   1.212         
 0198   546  19.832   1.107         
 0199   325  17.760   0.770         
 0199   546  17.767   0.779   0.359
 0201   325  17.340   0.970         
 0201   546  17.344   1.030   0.844
 0202   325  18.350   1.030         
 0202   546  18.428   0.926   0.314
 0203   325  19.260   2.060         
 0203   546  19.304   2.030         
 0209   325  18.150   1.230         
 0209   546  18.263   0.950   0.304
 0210   325  20.600   0.100         
 0211   325  18.380   1.050         
 0211   546  18.419   0.906   0.453
 0212   325  19.510   1.040         
 0212   546  19.626   1.057         
 0213   325  21.000   1.070         
 0214   325  19.990   1.700         
 0216   325  18.270   1.120         
 0216   546  18.343   1.118         
 0217   325  18.660   2.000         
 0217   546  18.692   0.895         
 0218   546  20.020   1.180         
 0219   325  18.370   0.650         
 0219   546  18.344   0.821   0.199
 0220   325  20.050   1.500         
 0222   325  17.540   1.020         
 0222   546  17.622   0.874   0.255
 0223   546  19.563   1.127         
 0226   546  19.388   0.920         
 0227   325  18.650   1.510  -1.380
 0227   546  18.608   0.911         
 0228   325  17.610   0.750         
 0228   546  17.595   0.830   0.055
 0230   325  18.160   0.640         
 0230   546  18.131   0.736  -0.084
 0231   325  19.380   0.970         
 0231   546  19.435   1.712         
 0232   546  19.298   0.945         
 0233   546  19.661   1.078         
 0234   325  17.190   0.790         
 0234   546  17.219   0.936   0.414
 0239   325  17.640   1.070         
 0239   546  17.682   1.036   0.799
 0240   325  17.190   0.820         
 0240   546  17.211   0.868   0.174
 0241   325  18.910   3.040         
 0241   546  18.924   1.292         
 0245   325  16.950   0.800         
 0245   546  17.023   0.887   0.477
 0246   325  16.740   0.520         
 0246   546  16.826   0.516   0.175
 0248   325  18.560   1.760         
 0248   546  18.539   1.442         
 0252   325  20.080   0.830         
 0252   546  19.855   1.495         
 0255   325  18.000   0.410         
 0255   546  18.029   0.713  -0.233
 0256   325  17.770   3.490  -0.350
 0256   546  17.694   0.662  -0.057
 0257   325  16.800   0.540  -0.280
 0257   546  16.820   0.612  -0.049
 0258   325  16.730   0.760  -0.140
 0258   546  16.758   0.831   0.260
 0261   325  16.670   0.550   0.470
 0261   546  16.872   0.927   0.393
 0263   325  18.420   1.270         
 0263   546  18.464   1.005   0.270
 0266   325  18.190   1.120         
 0268   325  16.900   0.680         
 0268   546  16.932   0.663   0.012
 0269   325  17.570   0.900         
 0269   546  17.635   1.086   0.901
 0271   325  17.860   0.780         
 0271   546  17.940   0.790   0.515
 0274   325  17.620  -0.790         
 0274   546  17.709   0.880   0.089
 0275   325  16.090   0.440   0.090
 0275   546  16.182   0.459   0.162
 0276   325  18.570   1.620         
 0276   546  18.639   1.040         
 0278   325  19.690   0.780         
 0279   325  17.270   1.000         
 0279   546  17.350   1.006   0.603
 0282   546  15.247   0.369   0.229
 0284   325  18.560   1.900         
 0284   546  18.675   1.418         
 0286   325  17.790   0.960         
 0286   546  17.809   0.852   0.085
 0289   325  19.100   1.200         
 0289   546  18.993   1.025         
 0292   546  18.902   1.244         
 0301   325  15.580   1.340         
 0302   325  16.910   1.700         
 0302   546  17.087   2.716         
 0304   325  17.290   0.600  -0.080
 0304   546  17.301   0.671   0.226
 0305   325  17.390   0.720   0.320
 0305   546  17.405   0.969   0.089
 0308   325  19.200   1.930         
 0309   325  19.910   0.750         
 0309   546  19.541   1.308         
 0315   325  19.520   0.730  -1.600
 0315   546  19.392   1.113         
 0316   325  17.810   0.860         
 0316   546  17.940   1.234  -0.007
 0317   325  18.330   0.900         
 0317   546  18.319   0.927  -0.003
 0318   325  19.850   0.650         
 0318   546  19.422   0.850         
 0319   325  22.460  -2.670         
 0320   325  19.760   1.450         
 0320   546  19.287   1.117  -1.514
 0321   325  20.350   0.970         
 0321   546  19.889   0.790         
 0322   325  18.520   0.600         
 0322   546  18.710   0.867         
 0323   325  19.230   1.190         
 0324   325  18.120   0.240         
 0324   546  18.279   0.999         
 0325   325  18.870   0.350         
 0326   325  18.580   1.090         
 0326   546  18.827   1.454         
 0327   325  18.600   0.690         
 0327   546  18.412   1.448         
 0328   325  17.180   0.750         
 0329   325  18.060  -2.560         
 0330   325  18.230   0.970         
 0330   546  18.156   1.073   0.784
 0331   325  18.180   0.520         
 0331   546  18.407   0.846         
 0332   325  16.020   2.120  -0.450
 0333   325  19.210   1.230         
 0333   546  19.103   1.244         
 0334   325  17.610   0.730  -0.600
 0335   325  18.110  -0.320   0.190
 0336   325  19.280   0.220         
 0336   546  19.167   1.133         
 0338   325  18.400   0.340   0.240
 0338   546  18.565   0.890         
 0339   325  18.070   3.480         
 0339   546  18.381   0.895         
 0340   325  18.190   1.300  -0.910
 0340   546  18.251   1.174   0.058
 0342   325  20.790  -0.000         
 0343   325  19.890   0.580         
 0344   325  19.130   0.670         
 0344   546  19.150   0.731         
 0345   325  18.280   1.570         
 0345   546  18.322   1.390         
 0346   325  17.570   2.090         
 0347   325  19.920  -1.100         
 0348   325  19.250   1.580         
 0500   546   9.901   1.107   0.994
 0501   546  10.331   0.107  -0.479
 0502   546  10.390   1.267   1.459
 0503   546  11.017   1.114   1.096
 0504   546  11.020   2.257   2.457
 0505   546  11.217   0.263  -0.707
 0506   546  11.644   0.124  -0.351
 0507   546  11.783   1.000   0.450
 0508   546  11.842   1.040   0.724
 0509   546  11.997   1.119   1.181
 0510   546  12.031   0.349  -0.578
 0511   546  12.070   0.062   0.151
 0512   546  12.153   0.428  -0.040
 0513   546  12.238   0.359   0.204
 0514   546  12.264   1.490   1.697
 0515   546  12.440   0.564   0.159
 0516   546  12.446   0.366   0.020
 0517   546  12.591   0.166  -0.333
 0518   546  12.614   1.050   0.780
 0519   546  12.647   0.198  -0.545
 0520   546  12.664   0.175  -0.020
 0521   546  12.844   0.154  -0.301
 0522   546  12.888   0.217   0.054
 0523   546  12.910   0.897   0.696
 0524   546  12.988   1.557   1.722
 0525   546  12.991   0.144  -0.188
 0526   546  13.125   1.146   0.829
 0527   546  13.141   0.628   0.047
 0528   546  13.159   1.210   1.004
 0529   546  13.274   0.218   0.031
 0530   546  13.276   1.286   1.234
 0531   546  13.283   0.510   0.099
 0532   546  13.288   0.291   0.225
 0533   546  13.374   0.488  -0.132
 0534   546  13.400   0.589   0.079
 0535   546  13.445   0.584   0.093
 0536   546  13.468   0.375  -0.469
 0537   546  13.470   0.293  -0.073
 0538   546  13.471   0.253  -0.257
 0539   546  13.524   0.446   0.100
 0540   546  13.573   1.359   1.385
 0541   546  13.717   0.530  -0.450
 0542   546  13.726   0.565   0.261
 0543   546  13.784   0.356  -0.506
 0544   546  13.817   0.460   0.189
 0545   546  13.857   1.169   0.774
 0546   546  13.976   0.412   0.002
 0547   546  13.997   0.609  -0.041
 0548   546  14.060   0.431  -0.531
 0549   546  14.066   1.115   0.679
 0550   546  14.075   0.813   0.511
 0551   546  14.085   0.306   0.243
 0552   546  14.095   1.024   0.989
 0553   546  14.122   0.197  -0.001
 0554   546  14.124   0.562   0.074
 0555   546  14.143   0.263   0.211
 0556   546  14.160   0.499   0.256
 0557   546  14.178   1.621   1.949
 0558   546  14.199   0.577   0.118
 0559   546  14.240   1.114   0.811
 0560   546  14.243   0.586   0.069
 0561   546  14.256   1.153   0.195
 0562   546  14.267   0.453  -0.093
 0563   546  14.287   0.758  -0.297
 0564   546  14.356   0.516  -0.015
 0565   546  14.366   0.259  -0.234
 0566   546  14.388   0.266   0.163
 0567   546  14.438   0.565  -0.031
 0568   546  14.442   0.561   0.122
 0569   546  14.460   0.526  -0.083
 0570   546  14.483   0.555   0.003
 0571   546  14.509   0.559   0.060
 0572   546  14.509   0.343  -0.403
 0573   546  14.526   0.629   0.473
 0574   546  14.527   0.561   0.047
 0575   546  14.539   0.686   0.169
 0576   546  14.560   0.439   0.276
 0577   546  14.576   1.097   0.662
 0578   546  14.579   0.565  -0.418
 0579   546  14.581   0.552   0.073
 0580   546  14.595   0.403   0.263
 0581   546  14.598   0.354   0.133
 0582   546  14.617   0.610   0.237
 0583   546  14.633   0.712   0.225
 0584   546  14.642   0.522  -0.452
 0585   546  14.662   0.553   0.292
 0586   546  14.682   0.510  -0.323
 0587   546  14.687   0.629   0.100
 0588   546  14.712   0.368   0.217
 0589   546  14.728   0.704   0.255
 0590   546  14.760   0.521   0.025
 0591   546  14.778   0.610   0.232
 0592   546  14.784   0.465  -0.368
 0593   546  14.803   0.496   0.187
 0594   546  14.811   0.382   0.220
 0595   546  14.825   0.371   0.264
 0596   546  14.829   0.625  -0.018
 0597   546  14.847   0.312   0.211
 0598   546  14.848   0.525  -0.018
 0599   546  14.855   0.543         
 0600   546  14.870   0.563   0.334
 0601   546  14.900   1.104   0.842
 0602   546  14.917   0.592  -0.051
 0603   546  14.964   0.535   0.002
 0604   546  14.974   0.794   0.699
 0605   546  14.974   0.535  -0.022
 0606   546  14.980   0.380   0.235
 0607   546  15.015   0.575   0.035
 0608   546  15.018   0.419         
 0609   546  15.021   0.445  -0.384
 0610   546  15.026   0.893   0.525
 0611   546  15.029   0.716  -0.007
 0612   546  15.055   0.631   0.080
 0613   546  15.057   0.243   0.039
 0614   546  15.071   1.487   1.654
 0615   546  15.085   0.616   0.122
 0616   546  15.143   0.495   0.186
 0617   546  15.145   0.474   0.008
 0618   546  15.156   0.701   0.158
 0619   546  15.164   0.623   0.256
 0620   546  15.170   0.639   0.104
 0621   546  15.172   0.840  -0.107
 0622   546  15.173   0.327  -0.308
 0623   546  15.175   0.751  -0.060
 0624   546  15.181   0.911   0.148
 0625   546  15.232   0.381   0.208
 0626   546  15.251   0.651   0.194
 0627   546  15.263   0.585   0.126
 0628   546  15.327   1.033   0.954
 0629   546  15.331   0.343   0.122
 0630   546  15.348   0.381   0.349
 0631   546  15.348   1.156   0.915
 0632   546  15.355   1.736   1.426
 0633   546  15.364   0.466   0.245
 0634   546  15.369   0.681   0.057
 0635   546  15.373   0.496   0.015
 0636   546  15.377   0.342   0.201
 0637   546  15.384   0.583   0.066
 0638   546  15.402   1.084   1.035
 0639   546  15.403   0.565   0.058
 0640   546  15.413   0.596  -0.234
 0641   546  15.416   0.805   0.381
 0642   546  15.422   0.645   0.094
 0643   546  15.436   0.271  -0.019
 0644   546  15.465   0.598  -0.019
 0645   546  15.491   0.304  -0.103
 0646   546  15.548   0.589  -0.101
 0647   546  15.554   0.412  -0.164
 0648   546  15.556   0.610   0.149
 0649   546  15.562   0.719   0.401
 0650   546  15.570   1.034   1.047
 0651   546  15.571   0.683  -0.068
 0652   546  15.608   0.675  -0.029
 0653   546  15.615   0.711  -0.166
 0654   546  15.626   0.399   0.108
 0655   546  15.642   0.710   0.006
 0656   546  15.655   0.622   0.320
 0657   546  15.657   0.633   0.101
 0658   546  15.658   0.917   0.512
 0659   546  15.666   0.374   0.147
 0660   546  15.667   2.156   1.439
 0661   546  15.676   0.574  -0.056
 0662   546  15.680   0.641  -0.054
 0663   546  15.683   0.780  -0.249
 0664   546  15.696   0.666   0.050
 0665   546  15.709   0.704   0.219
 0666   546  15.711   0.802   0.334
 0667   546  15.719   0.621   0.146
 0668   546  15.724   0.470   0.200
 0669   546  15.725   0.808   0.500
 0670   546  15.727   0.586  -0.014
 0671   546  15.733   0.643   0.043
 0672   546  15.734   0.339   0.185
 0673   546  15.757   0.661   0.084
 0674   546  15.767   0.642   0.072
 0675   546  15.776   1.075   0.844
 0676   546  15.780   1.164   0.806
 0677   546  15.782   0.646   0.089
 0678   546  15.782   1.102   1.130
 0679   546  15.791   0.650  -0.115
 0680   546  15.796   0.494   0.075
 0681   546  15.797   0.919   0.211
 0682   546  15.802   0.664   0.190
 0683   546  15.802   0.491   0.099
 0684   546  15.818   0.717   0.116
 0685   546  15.823   0.386   0.244
 0686   546  15.825   0.439   0.218
 0687   546  15.832   0.695   0.011
 0688   546  15.840   0.717   0.177
 0689   546  15.885   0.682   0.121
 0690   546  15.890   0.649   0.186
 0691   546  15.896   0.571   0.351
 0692   546  15.900   0.531   0.205
 0693   546  15.910   0.800   0.494
 0694   546  15.910   0.688  -0.110
 0695   546  15.913   0.981   0.400
 0696   546  15.929   0.591   0.136
 0697   546  15.933   0.684   0.134
 0698   546  15.943   1.386   1.359
 0699   546  15.957   0.744   0.227
 0700   546  15.983   1.143   0.659
 0701   546  15.998   0.704   0.053
 0702   546  16.003   0.579  -0.079
 0703   546  16.017   0.620   0.139
 0704   546  16.018   0.810   0.249
 0705   546  16.019   0.495   0.183
 0706   546  16.022   0.909   0.039
 0707   546  16.041   0.434   0.108
 0708   546  16.050   0.483  -0.007
 0709   546  16.053   0.805   0.356
 0710   546  16.059   0.706  -0.018
 0711   546  16.062   0.894   0.452
 0712   546  16.070   0.697   0.215
 0713   546  16.080   0.454   0.105
 0714   546  16.084   0.795   0.255
 0715   546  16.087   0.745   0.207
 0716   546  16.089   0.561  -0.161
 0717   546  16.092   0.649  -0.137
 0718   546  16.093   0.631   0.075
 0719   546  16.100   0.864   0.596
 0720   546  16.101   0.731   0.108
 0721   546  16.128   0.872   0.363
 0722   546  16.140   0.588   0.241
 0723   546  16.143   0.933   0.723
 0724   546  16.145   0.682   0.077
 0725   546  16.152   0.813   0.452
 0726   546  16.161   0.689   0.224
 0727   546  16.175   0.607  -0.018
 0728   546  16.183   0.921   0.509
 0729   546  16.187   0.717   0.104
 0730   546  16.188   0.601  -0.092
 0731   546  16.192   0.699   0.206
 0732   546  16.197   0.630         
 0733   546  16.205   0.566  -0.062
 0734   546  16.208   1.200   1.064
 0735   546  16.216   1.574   1.216
 0736   546  16.219   0.701   0.001
 0737   546  16.231   0.932   0.186
 0738   546  16.233   0.746   0.157
 0739   546  16.234   0.607   0.139
 0740   546  16.241   0.790   0.255
 0741   546  16.260   0.636   0.223
 0742   546  16.271   0.686   0.095
 0743   546  16.282   0.611  -0.037
 0744   546  16.284   0.378   0.143
 0745   546  16.285   0.763   0.119
 0746   546  16.295   0.542   0.074
 0747   546  16.302   0.526  -0.025
 0748   546  16.305   0.642  -0.141
 0749   546  16.306   0.666   0.169
 0750   546  16.313   1.431   1.200
 0751   546  16.315   0.737   0.379
 0752   546  16.317   0.613   0.081
 0753   546  16.319   0.672  -0.050
 0754   546  16.344   0.489   0.159
 0755   546  16.353   0.404   0.187
 0756   546  16.359   1.147   0.213
 0757   546  16.375   0.941   0.328
 0758   546  16.375   0.658   0.068
 0759   546  16.377   1.534   1.248
 0760   546  16.377   0.689   0.354
 0761   546  16.379   1.040   0.424
 0762   546  16.394   0.640   0.172
 0763   546  16.405   0.695   0.336
 0764   546  16.411   0.828  -0.066
 0765   546  16.425   0.724   0.284
 0766   546  16.439   0.994   0.710
 0767   546  16.439   1.447   1.200
 0768   546  16.443   0.921   0.016
 0769   546  16.454   0.477  -0.124
 0770   546  16.462   0.745  -0.089
 0771   546  16.463   0.827   0.275
 0772   546  16.466   0.641   0.094
 0773   546  16.466   1.044   0.314
 0774   546  16.467   0.728   0.086
 0775   546  16.469   0.900   0.563
 0776   546  16.472   0.956   0.253
 0777   546  16.479   0.489   0.156
 0778   546  16.497   0.603   0.187
 0779   546  16.500   0.753   0.195
 0780   546  16.501   0.918   0.801
 0781   546  16.501   0.591   0.117
 0782   546  16.504   0.604  -0.002
 0783   546  16.507   0.786   0.129
 0784   546  16.514   0.610  -0.013
 0785   546  16.516   0.983   0.595
 0786   546  16.524   0.642  -0.051
 0787   546  16.526   0.984   0.872
 0788   546  16.531   1.243   0.754
 0789   546  16.538   0.855   0.375
 0790   546  16.541   0.455   0.319
 0791   546  16.546   0.798   0.249
 0792   546  16.551   0.848   0.508
 0793   546  16.559   0.601   0.167
 0794   546  16.559   0.650   0.046
 0795   546  16.563   0.802   0.112
 0796   546  16.577   0.571  -0.261
 0797   546  16.578   0.683  -0.028
 0798   546  16.581   0.704   0.159
 0799   546  16.586   1.021   1.001
 0800   546  16.590   0.927   0.786
 0801   546  16.592   0.619   0.125
 0802   546  16.593   0.672   0.007
 0803   546  16.595   1.768         
 0804   546  16.608   0.678  -0.055
 0805   546  16.616   0.715   0.013
 0806   546  16.621   0.777   0.297
 0807   546  16.628   0.726   0.214
 0808   546  16.633   1.146   0.636
 0809   546  16.635   0.588  -0.020
 0810   546  16.637   0.599  -0.707
 0811   546  16.639   0.688   0.071
 0812   546  16.645   0.601   0.285
 0813   546  16.662   0.494   0.288
 0814   546  16.670   0.648   0.013
 0815   546  16.681   0.695   0.149
 0816   546  16.688   0.817   0.478
 0817   546  16.688   0.850   0.284
 0818   546  16.695   0.529   0.236
 0819   546  16.700   0.899   0.630
 0820   546  16.714   1.134   0.388
 0821   546  16.721   0.681   0.066
 0822   546  16.731   0.766   0.101
 0823   546  16.734   0.737  -0.155
 0825   546  16.746   0.772   0.447
 0826   546  16.764   0.617   0.098
 0827   546  16.767   0.866   0.300
 0828   546  16.780   0.759   0.120
 0829   546  16.795   0.860   0.379
 0830   546  16.795   0.770   0.081
 0831   546  16.807   0.908   0.317
 0832   546  16.807   0.909   0.265
 0833   546  16.813   1.355         
 0834   546  16.814   0.773   0.166
 0835   546  16.815   0.845   0.395
 0836   546  16.816   0.865   0.393
 0837   546  16.819   0.657         
 0838   546  16.821   0.772   0.334
 0839   546  16.822   0.610   0.196
 0840   546  16.839   0.758   0.259
 0841   546  16.847   0.512   0.299
 0842   546  16.848   0.644  -0.014
 0843   546  16.851   0.680   0.191
 0844   546  16.861   0.566   0.382
 0845   546  16.862   0.773         
 0846   546  16.865   0.515   0.229
 0847   546  16.878   0.715  -0.315
 0848   546  16.878   0.558   0.006
 0849   546  16.880   0.732   0.199
 0850   546  16.884   0.568  -0.103
 0851   546  16.886   0.671   0.130
 0852   546  16.888   0.684   0.040
 0853   546  16.888   0.685   0.023
 0854   546  16.890   0.780   0.064
 0855   546  16.892   0.783   0.330
 0856   546  16.894   0.679   0.190
 0857   546  16.905   0.541   0.363
 0858   546  16.927   0.592   0.216
 0859   546  16.928   1.071   1.138
 0860   546  16.929   0.564  -0.083
 0861   546  16.940   0.835   0.247
 0862   546  16.946   0.795   0.160
 0863   546  16.949   0.720   0.034
 0864   546  16.951   0.673   0.137
 0865   546  16.953   0.772   0.018
 0866   546  16.955   0.661   0.199
 0867   546  16.955   0.667   0.034
 0868   546  16.956   0.710  -1.041
 0869   546  16.972   0.865   0.258
 0870   546  16.975   0.684   0.061
 0871   546  16.975   0.809   0.129
 0872   546  16.978   0.905   0.290
 0873   546  16.979   0.570  -0.013
 0874   546  16.987   0.767   0.211
 0875   546  16.990   0.659   0.073
 0876   546  16.992   0.868   0.295
 0877   546  16.993   0.696   0.029
 0878   546  16.995   0.813   0.270
 0879   546  16.998   0.525   0.179
 0880   546  17.005   0.774   0.090
 0881   546  17.005   0.572   0.029
 0882   546  17.010   0.895   0.733
 0883   546  17.010   0.850   0.298
 0884   546  17.022   1.209   1.300
 0885   546  17.026   0.730   0.370
 0886   546  17.029   0.823   0.176
 0887   546  17.035   0.833   0.113
 0888   546  17.045   0.782   0.262
 0889   546  17.052   0.855   0.509
 0890   546  17.053   1.169   0.758
 0891   546  17.055   0.740   0.017
 0892   546  17.056   1.350   1.114
 0893   546  17.059   0.587   0.007
 0894   546  17.060   0.867   0.291
 0895   546  17.070   0.956   0.624
 0896   546  17.073   0.770   0.118
 0897   546  17.075   0.782   0.098
 0898   546  17.093   0.962   0.280
 0899   546  17.096   0.809   0.285
 0900   546  17.100   0.726         
 0901   546  17.113   0.953   0.366
 0902   546  17.120   1.390   0.722
 0903   546  17.128   0.763   0.084
 0904   546  17.128   0.655  -0.113
 0905   546  17.138   0.631   0.011
 0906   546  17.139   0.611   0.112
 0907   546  17.145   0.964   0.665
 0908   546  17.155   0.716   0.147
 0909   546  17.158   0.589   0.129
 0910   546  17.161   0.774   0.290
 0911   546  17.168   1.154   0.241
 0912   546  17.173   0.588   0.383
 0913   546  17.175   0.567   0.242
 0914   546  17.193   0.716   0.146
 0915   546  17.197   1.455  -0.454
 0916   546  17.198   0.622   0.089
 0917   546  17.204   0.825   0.210
 0918   546  17.209   0.868   0.315
 0919   546  17.212   1.479   1.159
 0920   546  17.213   0.766   0.009
 0921   546  17.215   1.070   0.722
 0922   546  17.217   0.784   0.631
 0923   546  17.217   0.613   0.182
 0924   546  17.221   0.995   0.462
 0925   546  17.222   0.814   0.316
 0926   546  17.231   0.677  -0.031
 0927   546  17.234   0.846   0.304
 0928   546  17.238   1.023   0.995
 0929   546  17.241   0.787   0.176
 0930   546  17.245   0.936   0.337
 0932   546  17.248   0.704   0.106
 0933   546  17.264   0.764   0.408
 0934   546  17.267   0.745   0.250
 0935   546  17.270   0.814   0.177
 0936   546  17.275   0.705   0.256
 0937   546  17.279   0.677   0.050
 0938   546  17.290   0.885   0.234
 0939   546  17.291   0.608   0.041
 0940   546  17.295   0.773   0.373
 0941   546  17.295   1.060   0.864
 0942   546  17.300   0.773   0.175
 0943   546  17.300   0.784   0.415
 0944   546  17.302   0.785   0.170
 0945   546  17.307   1.386         
 0946   546  17.309   0.844   0.185
 0947   546  17.311   0.895   0.341
 0948   546  17.311   0.721   0.551
 0949   546  17.312   1.068   0.715
 0950   546  17.313   1.154         
 0951   546  17.313   1.378         
 0952   546  17.314   0.952   0.424
 0953   546  17.324   0.651   0.479
 0954   546  17.325   0.769   0.113
 0955   546  17.333   0.638   0.450
 0956   546  17.333   0.804   0.212
 0957   546  17.335   0.738   0.094
 0958   546  17.336   0.985   0.655
 0959   546  17.340   0.949   0.497
 0960   546  17.355   0.990   0.358
 0961   546  17.357   0.920   0.350
 0962   546  17.360   0.846   0.209
 0963   546  17.361   0.680   0.122
 0964   546  17.362   0.769   0.212
 0965   546  17.364   1.997         
 0966   546  17.364   0.716   0.326
 0967   546  17.367   0.893   0.400
 0968   546  17.367   0.713   0.141
 0969   546  17.368   0.712   0.040
 0970   546  17.370   0.784   0.186
 0971   546  17.371   1.086   0.925
 0972   546  17.375   0.822   0.286
 0973   546  17.375   0.766   0.408
 0974   546  17.378   0.700   0.041
 0975   546  17.381   0.863   0.054
 0976   546  17.382   0.842   0.560
 0977   546  17.383   0.853   0.254
 0978   546  17.385   1.248  -0.533
 0979   546  17.387   1.483  -0.001
 0980   546  17.388   0.802   0.074
 0981   546  17.391   1.091   1.235
 0982   546  17.399   0.837   0.149
 0983   546  17.402   0.973   0.650
 0984   546  17.408   1.747         
 0985   546  17.413   0.941   0.552
 0986   546  17.414   0.640   0.139
 0987   546  17.423   0.836   0.543
 0988   546  17.428   0.666   0.103
 0989   546  17.431   0.848  -0.709
 0990   546  17.431   0.973   0.760
 0991   546  17.433   0.675   0.211
 0992   546  17.439   0.663   0.147
 0993   546  17.447   0.790   0.114
 0994   546  17.452   1.485   0.411
 0995   546  17.457   0.794   0.106
 0996   546  17.464   0.801   0.108
 0997   546  17.472   0.819   0.119
 0998   546  17.475   0.704  -0.328
 0999   546  17.476   1.034   0.624
 1000   546  17.476   1.772         
 1001   546  17.480   0.750   0.209
 1002   546  17.486   0.714   0.050
 1003   546  17.488   0.925   0.264
 1004   546  17.491   0.712   0.145
 1005   546  17.492   0.670   0.337
 1006   546  17.498   0.768   0.302
 1007   546  17.499   1.000   0.587
 1008   546  17.506   0.771  -0.036
 1009   546  17.506   0.720   0.202
 1010   546  17.508   0.725   0.021
 1011   546  17.511   0.926   0.568
 1012   546  17.519   0.984   0.615
 1013   546  17.522   0.847   0.262
 1014   546  17.523   1.054   0.769
 1015   546  17.527   0.962   0.424
 1016   546  17.534   0.968   0.648
 1017   546  17.541   0.866   0.082
 1018   546  17.547   0.624  -0.043
 1019   546  17.552   1.158         
 1020   546  17.552   0.925   0.695
 1021   546  17.553   0.781         
 1022   546  17.553   0.760   0.383
 1023   546  17.564   0.677   0.026
 1024   546  17.565   0.774   0.216
 1025   546  17.567   0.738   0.094
 1026   546  17.575   1.094   0.818
 1027   546  17.579   0.799   0.092
 1028   546  17.580   0.739   0.198
 1029   546  17.584   0.788   0.013
 1030   546  17.588   0.772   0.128
 1031   546  17.588   0.780   0.284
 1032   546  17.593   0.757   0.056
 1033   546  17.596   0.909   0.283
 1034   546  17.598   0.725   0.064
 1035   546  17.622   0.990   0.531
 1036   546  17.627   0.643  -0.048
 1037   546  17.634   0.738   0.096
 1038   546  17.639   1.108   0.875
 1039   546  17.643   0.962   0.707
 1040   546  17.656   0.745   0.029
 1041   546  17.664   0.912   0.568
 1042   546  17.667   0.832  -0.362
 1043   546  17.667   1.018         
 1044   546  17.670   0.738   0.288
 1045   546  17.671   0.922   0.128
 1046   546  17.673   0.781   0.184
 1047   546  17.676   1.235   0.457
 1048   546  17.679   0.740   0.227
 1049   546  17.681   0.644  -0.367
 1050   546  17.682   0.712   0.016
 1051   546  17.683   0.705   0.385
 1052   546  17.688   0.795   0.343
 1053   546  17.696   1.137   1.437
 1054   546  17.697   0.737   0.517
 1055   546  17.707   0.773   0.096
 1056   546  17.708   0.671   0.283
 1057   546  17.712   0.888   0.383
 1058   546  17.717   0.992   0.327
 1059   546  17.722   0.712   0.189
 1060   546  17.729   0.975  -0.133
 1061   546  17.732   0.758   0.232
 1062   546  17.733   0.716   0.054
 1063   546  17.734   0.628  -0.050
 1064   546  17.734   0.852   0.222
 1065   546  17.737   0.853   0.212
 1066   546  17.739   1.008   1.320
 1067   546  17.741   0.769   0.328
 1068   546  17.745   0.680   0.166
 1069   546  17.749   1.056   0.574
 1070   546  17.752   0.790   0.323
 1071   546  17.755   0.698   0.065
 1072   546  17.755   0.753   0.172
 1073   546  17.757   0.739  -0.354
 1074   546  17.758   0.775   0.060
 1075   546  17.758   0.909   0.332
 1076   546  17.763   1.038   0.623
 1077   546  17.768   0.951   0.294
 1078   546  17.769   1.106   0.648
 1079   546  17.770   0.718   0.351
 1080   546  17.774   1.422         
 1081   546  17.775   0.801   0.055
 1082   546  17.786   1.145         
 1083   546  17.786   0.783   0.366
 1084   546  17.789   0.880  -0.071
 1085   546  17.789   1.064   0.837
 1086   546  17.791   0.984   0.541
 1087   546  17.806   0.993   0.624
 1088   546  17.807   0.855   0.131
 1089   546  17.807   0.976   0.599
 1090   546  17.811   0.599   0.078
 1091   546  17.813   1.082   0.683
 1092   546  17.818   0.901   0.330
 1093   546  17.830   0.968   0.577
 1095   546  17.837   0.798   0.257
 1096   546  17.839   0.985   0.705
 1097   546  17.846   0.788   0.086
 1098   546  17.847   0.823   0.168
 1099   546  17.848   0.688  -0.075
 1100   546  17.855   0.667  -0.010
 1101   546  17.860   1.201   1.358
 1102   546  17.866   0.850   0.347
 1103   546  17.868   0.735   0.160
 1104   546  17.868   0.840   0.631
 1105   546  17.876   0.794   0.075
 1106   546  17.887   1.942         
 1107   546  17.893   0.912   0.165
 1108   546  17.897   0.800   0.172
 1109   546  17.906   0.742   0.634
 1110   546  17.907   0.728   0.161
 1111   546  17.912   1.300         
 1112   546  17.914   0.874   0.464
 1113   546  17.919   0.679   0.114
 1114   546  17.929   0.834   0.425
 1115   546  17.932   0.795   0.061
 1116   546  17.933   0.812   0.121
 1117   546  17.934   0.813  -0.186
 1119   546  17.954   0.993   0.150
 1120   546  17.962   1.116         
 1121   546  17.965   0.910   0.162
 1122   546  17.967   0.874   0.474
 1123   546  17.971   0.741  -0.542
 1124   546  17.971   1.152         
 1125   546  17.972   0.943   0.224
 1126   546  17.987   0.974   0.517
 1127   546  18.003   1.066   0.939
 1128   546  18.005   0.726  -0.016
 1129   546  18.011   0.773   0.209
 1130   546  18.012   0.731   0.561
 1131   546  18.013   0.820   0.096
 1132   546  18.015   0.820   0.125
 1133   546  18.015   0.650  -0.024
 1134   546  18.016   0.976   0.761
 1135   546  18.033   0.917   0.384
 1136   546  18.037   0.870   0.241
 1137   546  18.038   0.993   0.411
 1138   546  18.044   0.746   0.018
 1139   546  18.047   1.468         
 1140   546  18.050   0.796   0.157
 1141   546  18.067   0.871         
 1142   546  18.069   0.911   0.310
 1143   546  18.070   0.878   0.291
 1144   546  18.081   1.227         
 1145   546  18.087   0.722  -0.009
 1146   546  18.088   0.733   0.376
 1147   546  18.092   1.072   0.511
 1148   546  18.097   1.194  -0.756
 1149   546  18.100   0.842   0.373
 1150   546  18.102   1.020         
 1151   546  18.106   0.901   0.308
 1152   546  18.117   1.054         
 1153   546  18.120   1.150         
 1154   546  18.121   0.846   0.044
 1155   546  18.121   0.876   0.081
 1156   546  18.121   1.248  -0.100
 1157   546  18.123   0.798   0.265
 1158   546  18.132   0.794  -0.361
 1159   546  18.135   0.822         
 1160   546  18.136   0.838  -0.052
 1161   546  18.141   0.834   0.021
 1162   546  18.142   0.885   0.252
 1163   546  18.145   0.823   0.631
 1164   546  18.146   0.759   0.130
 1165   546  18.149   1.085         
 1166   546  18.149   0.948         
 1167   546  18.150   0.776   0.849
 1168   546  18.154   0.819   0.346
 1169   546  18.154   0.990   0.600
 1170   546  18.156   0.766   0.294
 1171   546  18.156   0.814   0.002
 1172   546  18.163   0.969   0.496
 1173   546  18.163   1.042   0.430
 1174   546  18.170   0.882   0.477
 1175   546  18.176   0.749   0.203
 1176   546  18.179   0.955   0.360
 1177   546  18.183   1.676         
 1178   546  18.198   0.789  -0.028
 1179   546  18.201   0.925   0.489
 1180   546  18.201   1.003         
 1181   546  18.203   0.927   0.434
 1182   546  18.205   0.826   0.307
 1183   546  18.205   1.805         
 1184   546  18.210   0.905   0.107
 1185   546  18.216   0.929         
 1186   546  18.217   0.861   0.116
 1188   546  18.219   1.413         
 1189   546  18.219   1.049         
 1190   546  18.220   0.794   0.082
 1191   546  18.222   0.762   0.036
 1192   546  18.226   1.038   0.573
 1193   546  18.230   1.433         
 1194   546  18.233   1.123         
 1195   546  18.236   0.827   0.454
 1196   546  18.240   0.925         
 1197   546  18.245   0.722  -0.031
 1198   546  18.250   1.040   0.586
 1199   546  18.254   1.062         
 1200   546  18.259   1.037         
 1201   546  18.262   0.857   0.072
 1202   546  18.263   0.855   0.151
 1203   546  18.264   0.746   0.219
 1204   546  18.265   0.882   0.155
 1205   546  18.270   0.918   0.289
 1206   546  18.275   0.956   0.144
 1207   546  18.285   0.983         
 1208   546  18.288   1.096         
 1209   546  18.298   0.965  -0.014
 1210   546  18.303   0.914  -0.279
 1211   546  18.303   1.014         
 1212   546  18.307   0.950         
 1213   546  18.309   1.118         
 1214   546  18.316   1.049         
 1215   546  18.316   0.923   0.289
 1216   546  18.317   1.055   0.536
 1217   546  18.319   0.856   0.551
 1218   546  18.320   1.244         
 1219   546  18.325   1.036         
 1220   546  18.326   0.831  -0.346
 1221   546  18.332   1.535         
 1222   546  18.336   0.921   0.415
 1223   546  18.337   1.383         
 1224   546  18.338   1.163         
 1225   546  18.342   0.776   0.066
 1226   546  18.342   1.475         
 1227   546  18.350   1.029   0.557
 1228   546  18.356   1.024   0.558
 1229   546  18.358   1.040   0.491
 1230   546  18.360   0.981   0.509
 1231   546  18.363   0.878         
 1232   546  18.365   0.843         
 1233   546  18.368   1.115         
 1234   546  18.371   0.858   0.691
 1235   546  18.373   0.746   0.108
 1236   546  18.374   1.297         
 1237   546  18.375   0.750   0.046
 1238   546  18.377   0.977   0.208
 1239   546  18.377   1.063         
 1240   546  18.378   0.879   0.734
 1241   546  18.384   0.723         
 1242   546  18.392   1.328         
 1243   546  18.392   0.869   0.390
 1244   546  18.396   1.034   0.445
 1245   546  18.397   1.044         
 1246   546  18.400   0.845         
 1247   546  18.410   0.940         
 1248   546  18.415   1.049         
 1249   546  18.420   0.849   0.416
 1250   546  18.420   1.128         
 1251   546  18.423   1.042         
 1252   546  18.423   0.988         
 1253   546  18.424   0.993   0.321
 1254   546  18.427   1.038         
 1255   546  18.430   0.802   0.088
 1256   546  18.432   0.781   0.362
 1257   546  18.433   1.511         
 1259   546  18.437   0.766  -0.125
 1260   546  18.442   0.811         
 1261   546  18.443   0.843  -0.428
 1262   546  18.444   0.839   0.329
 1263   546  18.445   0.808   0.388
 1265   546  18.448   0.740   0.165
 1266   546  18.448   0.887   0.426
 1267   546  18.450   0.909         
 1268   546  18.450   1.024         
 1269   546  18.452   1.474         
 1270   546  18.455   0.906   0.500
 1271   546  18.464   0.900   0.304
 1272   546  18.466   0.769   0.199
 1273   546  18.467   1.141   0.523
 1274   546  18.469   0.977   0.148
 1275   546  18.471   0.887   0.153
 1276   546  18.477   0.709         
 1277   546  18.481   1.007         
 1278   546  18.485   0.967         
 1280   546  18.488   0.771   0.133
 1281   546  18.492   0.791   0.093
 1282   546  18.494   1.069         
 1284   546  18.495   0.841         
 1285   546  18.496   0.866   0.408
 1286   546  18.497   1.211         
 1287   546  18.502   1.956         
 1288   546  18.506   1.516         
 1289   546  18.510   0.924   0.374
 1290   546  18.512   1.453         
 1291   546  18.519   0.962         
 1292   546  18.520   0.784   0.396
 1293   546  18.521   1.048         
 1294   546  18.525   1.138         
 1295   546  18.528   0.941   0.307
 1296   546  18.541   1.097   0.304
 1297   546  18.544   0.774         
 1298   546  18.547   0.857   0.178
 1299   546  18.548   0.865         
 1300   546  18.549   0.765   0.271
 1301   546  18.551   0.817   0.033
 1302   546  18.551   1.090         
 1304   546  18.555   1.063         
 1305   546  18.558   0.986         
 1306   546  18.559   0.899   0.154
 1307   546  18.566   1.063         
 1308   546  18.572   1.393         
 1309   546  18.578   1.057         
 1310   546  18.580   1.108         
 1311   546  18.581   1.193         
 1312   546  18.584   0.935   0.516
 1313   546  18.584   0.985         
 1314   546  18.587   0.813   0.034
 1315   546  18.588   0.743         
 1316   546  18.588   1.258         
 1317   546  18.594   1.016  -0.109
 1318   546  18.595   0.834         
 1319   546  18.597   0.743         
 1320   546  18.600   0.843         
 1321   546  18.607   1.155   0.748
 1322   546  18.607   0.793         
 1323   546  18.608   1.642         
 1324   546  18.609   1.227         
 1325   546  18.612   0.843         
 1326   546  18.615   0.894         
 1327   546  18.615   1.326         
 1328   546  18.616   1.153         
 1329   546  18.617   0.798   0.527
 1330   546  18.619   1.005   0.348
 1331   546  18.620   0.836   0.070
 1332   546  18.621   1.541         
 1333   546  18.623   0.908         
 1334   546  18.623   1.002   0.555
 1335   546  18.630   1.151         
 1336   546  18.630   0.940         
 1337   546  18.631   0.753  -0.283
 1338   546  18.632   0.813         
 1339   546  18.643   1.064         
 1340   546  18.644   0.952         
 1341   546  18.647   0.817         
 1342   546  18.649   1.355         
 1343   546  18.651   0.872  -0.107
 1344   546  18.651   1.005         
 1345   546  18.651   0.887         
 1346   546  18.662   0.909         
 1347   546  18.664   1.142         
 1348   546  18.668   0.870  -0.049
 1349   546  18.675   0.897         
 1350   546  18.680   0.797         
 1351   546  18.683   0.913   0.337
 1352   546  18.689   0.995         
 1353   546  18.693   0.940   0.034
 1354   546  18.694   0.884  -0.267
 1355   546  18.698   0.826   0.165
 1356   546  18.708   0.856   0.061
 1357   546  18.711   0.973         
 1358   546  18.712   1.254         
 1359   546  18.727   1.082         
 1360   546  18.731   1.447         
 1361   546  18.732   0.931         
 1362   546  18.736   1.191         
 1363   546  18.736   1.313         
 1364   546  18.738   1.031         
 1365   546  18.740   0.958         
 1366   546  18.745   1.146         
 1367   546  18.746   0.820         
 1368   546  18.748   0.905         
 1369   546  18.751   0.904         
 1370   546  18.754   0.926         
 1372   546  18.756   0.924   0.099
 1373   546  18.758   0.986         
 1374   546  18.763   0.995         
 1375   546  18.763   1.377         
 1376   546  18.764   1.218         
 1377   546  18.766   0.921         
 1378   546  18.767   0.721         
 1379   546  18.769   1.046   0.490
 1380   546  18.770   0.948         
 1381   546  18.772   1.119         
 1382   546  18.775   0.986         
 1383   546  18.783   1.122         
 1384   546  18.788   0.912         
 1385   546  18.789   1.143         
 1386   546  18.794   1.062         
 1387   546  18.795   0.948         
 1388   546  18.797   0.960         
 1390   546  18.807   1.035         
 1391   546  18.810   0.993         
 1392   546  18.810   0.875         
 1393   546  18.811   1.507         
 1394   546  18.813   1.355         
 1395   546  18.815   0.816   0.176
 1396   546  18.815   0.959   0.422
 1397   546  18.816   0.821  -0.188
 1398   546  18.816   0.910   0.180
 1399   546  18.819   1.115         
 1400   546  18.819   0.908         
 1401   546  18.820   0.974         
 1402   546  18.823   0.953         
 1403   546  18.824   1.166         
 1404   546  18.826   0.829         
 1405   546  18.830   1.228         
 1406   546  18.833   1.033         
 1407   546  18.835   0.966         
 1408   546  18.839   1.161         
 1409   546  18.840   1.236         
 1410   546  18.845   1.078         
 1411   546  18.846   0.876   0.109
 1412   546  18.847   1.537         
 1413   546  18.852   0.811         
 1414   546  18.853   1.220         
 1415   546  18.857   1.012         
 1416   546  18.858   0.887   0.518
 1417   546  18.863   1.052         
 1418   546  18.868   1.825         
 1419   546  18.868   0.853  -0.033
 1420   546  18.871   0.823   0.136
 1421   546  18.876   1.350         
 1422   546  18.878   1.063         
 1423   546  18.881   1.512         
 1424   546  18.881   0.887         
 1425   546  18.884   1.671         
 1426   546  18.884   1.081         
 1427   546  18.890   1.602         
 1428   546  18.890   1.160         
 1429   546  18.892   0.767         
 1430   546  18.892   1.176         
 1431   546  18.894   0.928         
 1432   546  18.896   0.883         
 1433   546  18.898   0.999         
 1434   546  18.902   0.952         
 1435   546  18.904   0.993         
 1436   546  18.906   1.097         
 1437   546  18.907   1.215         
 1438   546  18.908   1.286         
 1439   546  18.910   1.114         
 1440   546  18.912   1.508         
 1441   546  18.915   1.026         
 1442   546  18.926   0.967         
 1443   546  18.927   0.875         
 1444   546  18.930   1.079         
 1445   546  18.936   0.915         
 1446   546  18.937   0.943         
 1447   546  18.939   0.947         
 1448   546  18.941   0.794  -0.247
 1449   546  18.942   0.967         
 1450   546  18.943   0.888         
 1451   546  18.946   0.950         
 1452   546  18.947   1.504         
 1453   546  18.947   1.015   0.218
 1454   546  18.947   0.883         
 1455   546  18.950   1.370         
 1456   546  18.957   0.877         
 1457   546  18.959   1.477         
 1458   546  18.963   0.866         
 1459   546  18.970   1.197         
 1460   546  18.973   0.864         
 1461   546  18.975   1.034         
 1462   546  18.980   1.053         
 1463   546  18.983   1.013         
 1464   546  18.985   1.309         
 1465   546  18.986   1.498         
 1466   546  18.987   1.027         
 1467   546  18.994   1.430         
 1468   546  18.995   1.698         
 1469   546  18.997   0.939   0.226
 1470   546  19.000   1.552         
 1471   546  19.003   1.214         
 1472   546  19.009   0.972         
 1473   546  19.009   1.066         
 1474   546  19.010   1.219         
 1475   546  19.015   1.089         
 1476   546  19.018   0.833         
 1477   546  19.022   0.727   0.326
 1478   546  19.024   0.889         
 1479   546  19.033   0.958         
 1480   546  19.040   1.581         
 1481   546  19.041   0.918  -0.225
 1482   546  19.044   1.010         
 1483   546  19.053   0.994         
 1484   546  19.054   1.600         
 1485   546  19.060   1.687         
 1486   546  19.067   1.067         
 1487   546  19.070   0.904         
 1488   546  19.071   0.877         
 1489   546  19.072   1.139         
 1490   546  19.077   1.108         
 1491   546  19.080   1.049         
 1492   546  19.083   0.962         
 1493   546  19.084   1.104         
 1494   546  19.087   1.292         
 1495   546  19.089   0.811         
 1496   546  19.092   0.987         
 1497   546  19.093   1.210         
 1498   546  19.093   1.597         
 1499   546  19.097   0.931         
 1500   546  19.102   0.863         
 1501   546  19.102   1.321         
 1502   546  19.103   1.289         
 1503   546  19.104   0.872         
 1504   546  19.105   1.373         
 1505   546  19.106   1.579         
 1506   546  19.107   0.903         
 1507   546  19.108   1.190         
 1508   546  19.111   1.097         
 1510   546  19.116   1.344         
 1511   546  19.124   1.139         
 1512   546  19.131   0.924         
 1513   546  19.137   1.152         
 1515   546  19.139   1.377         
 1516   546  19.146   1.120         
 1517   546  19.147   1.135         
 1518   546  19.149   0.884         
 1519   546  19.155   1.606         
 1520   546  19.156   1.063         
 1521   546  19.160   1.170         
 1522   546  19.161   1.167         
 1523   546  19.169   1.538         
 1524   546  19.173   0.997         
 1525   546  19.173   1.313         
 1526   546  19.173   1.144         
 1528   546  19.179   1.016         
 1529   546  19.180   1.128         
 1530   546  19.188   1.238         
 1531   546  19.192   1.381         
 1532   546  19.194   0.770         
 1533   546  19.194   1.010         
 1534   546  19.199   1.243         
 1535   546  19.208   0.990   0.159
 1536   546  19.209   0.958         
 1537   546  19.212   1.416         
 1538   546  19.214   1.161         
 1539   546  19.214   1.109         
 1540   546  19.215   1.300         
 1541   546  19.222   0.971         
 1542   546  19.223   1.025         
 1543   546  19.223   0.887         
 1544   546  19.235   0.904         
 1545   546  19.237   1.251         
 1546   546  19.242   1.199         
 1548   546  19.250   1.376         
 1549   546  19.250   1.065         
 1551   546  19.257   0.960         
 1552   546  19.257   0.957         
 1553   546  19.259   1.408         
 1554   546  19.259   0.884         
 1555   546  19.262   0.939         
 1556   546  19.269   0.996         
 1558   546  19.275   1.300         
 1559   546  19.275   1.218         
 1560   546  19.281   0.970         
 1562   546  19.281   0.956         
 1563   546  19.283   1.015         
 1564   546  19.285   1.513         
 1565   546  19.287   0.950         
 1566   546  19.294   0.864         
 1567   546  19.298   1.443         
 1568   546  19.299   1.319         
 1569   546  19.299   1.084         
 1570   546  19.303   0.920         
 1571   546  19.305   1.132         
 1572   546  19.308   1.060         
 1576   546  19.317   0.996         
 1577   546  19.318   1.298         
 1578   546  19.321   0.948         
 1579   546  19.323   1.034         
 1580   546  19.324   1.221         
 1581   546  19.324   0.944         
 1582   546  19.326   0.921         
 1583   546  19.328   1.044         
 1584   546  19.330   1.130         
 1586   546  19.332   0.582         
 1587   546  19.334   1.155         
 1588   546  19.336   1.061         
 1589   546  19.338   0.861         
 1590   546  19.339   1.234         
 1592   546  19.344   1.060         
 1593   546  19.351   1.073         
 1594   546  19.354   1.663         
 1595   546  19.355   1.068         
 1596   546  19.355   1.252         
 1598   546  19.359   1.268         
 1599   546  19.361   1.044         
 1601   546  19.367   1.616         
 1602   546  19.370   1.251         
 1605   546  19.376   1.229         
 1606   546  19.377   1.270         
 1607   546  19.378   1.136         
 1608   546  19.381   1.225         
 1609   546  19.382   1.297         
 1610   546  19.386   1.206         
 1612   546  19.390   1.043         
 1613   546  19.390   1.285         
 1615   546  19.394   1.484         
 1616   546  19.395   1.704         
 1617   546  19.401   1.381         
 1618   546  19.403   1.019         
 1620   546  19.410   0.976         
 1621   546  19.414   0.987         
 1622   546  19.416   0.781         
 1624   546  19.418   1.045         
 1625   546  19.418   1.067         
 1627   546  19.431   0.899         
 1628   546  19.436   0.902         
 1630   546  19.438   1.524         
 1631   546  19.453   1.157         
 1632   546  19.456   1.009         
 1633   546  19.461   1.069         
 1634   546  19.461   1.164         
 1635   546  19.462   1.040         
 1636   546  19.462   1.129         
 1641   546  19.484   1.245         
 1642   546  19.485   1.267         
 1645   546  19.489   1.285         
 1646   546  19.492   0.890         
 1647   546  19.494   1.376         
 1648   546  19.496   1.179         
 1650   546  19.500   1.265         
 1651   546  19.502   1.135         
 1652   546  19.508   1.115         
 1653   546  19.509   1.153         
 1654   546  19.512   1.338         
 1655   546  19.512   1.191         
 1656   546  19.513   1.032         
 1657   546  19.516   0.969         
 1658   546  19.517   1.005         
 1659   546  19.517   1.110         
 1660   546  19.518   1.167         
 1662   546  19.526   1.526         
 1664   546  19.532   1.597         
 1666   546  19.535   0.853         
 1667   546  19.542   1.266         
 1668   546  19.545   0.986         
 1669   546  19.547   1.143         
 1672   546  19.559   1.027         
 1674   546  19.564   1.015         
 1675   546  19.568   1.046         
 1676   546  19.570   1.528         
 1677   546  19.572   0.894         
 1678   546  19.573   0.859         
 1679   546  19.574   1.275         
 1680   546  19.576   1.345         
 1682   546  19.579   1.133         
 1683   546  19.583   1.108         
 1684   546  19.586   0.899         
 1685   546  19.595   1.039         
 1686   546  19.596   1.269         
 1687   546  19.599   1.007         
 1688   546  19.600   1.385         
 1689   546  19.601   1.232         
 1690   546  19.602   0.985         
 1691   546  19.603   1.486         
 1692   546  19.606   1.224         
 1693   546  19.611   1.177         
 1694   546  19.614   1.198         
 1696   546  19.615   1.378         
 1697   546  19.616   1.282         
 1698   546  19.622   0.998         
 1699   546  19.626   1.039         
 1701   546  19.627   1.553         
 1702   546  19.627   0.794         
 1703   546  19.630   0.989         
 1706   546  19.633   0.998         
 1707   546  19.635   0.922         
 1708   546  19.637   1.556         
 1709   546  19.640   0.906         
 1710   546  19.645   1.207         
 1712   546  19.647   1.491         
 1714   546  19.655   1.123         
 1715   546  19.658   1.126         
 1716   546  19.662   1.118         
 1717   546  19.663   0.990         
 1718   546  19.673   0.901         
 1719   546  19.677   1.107         
 1720   546  19.679   1.094         
 1721   546  19.680   1.285         
 1722   546  19.683   1.197         
 1723   546  19.684   0.657         
 1724   546  19.686   1.518         
 1727   546  19.694   1.164         
 1729   546  19.698   1.393         
 1730   546  19.704   1.145         
 1731   546  19.706   1.121         
 1732   546  19.708   1.117         
 1735   546  19.718   0.849         
 1736   546  19.725   1.211         
 1737   546  19.726   1.262         
 1738   546  19.727   1.078         
 1739   546  19.728   1.378         
 1740   546  19.739   1.009         
 1741   546  19.739   1.251         
 1743   546  19.741   0.976         
 1745   546  19.744   1.264         
 1748   546  19.746   1.153         
 1749   546  19.747   1.183         
 1750   546  19.755   1.051         
 1751   546  19.768   1.326         
 1754   546  19.770   1.297         
 1755   546  19.774   1.302         
 1758   546  19.778   1.245         
 1759   546  19.783   0.909         
 1760   546  19.783   1.891         
 1763   546  19.787   1.449         
 1765   546  19.788   0.927         
 1768   546  19.791   1.377         
 1772   546  19.804   1.534         
 1774   546  19.817   0.976         
 1775   546  19.820   1.205         
 1778   546  19.821   1.491         
 1779   546  19.828   1.218         
 1780   546  19.831   1.081         
 1782   546  19.835   1.159         
 1785   546  19.852   1.244         
 1787   546  19.856   1.127         
 1788   546  19.856   0.986         
 1789   546  19.859   1.311         
 1793   546  19.866   1.378         
 1794   546  19.872   0.902         
 1796   546  19.879   1.593         
 1798   546  19.885   1.152         
 1799   546  19.890   1.035         
 1800   546  19.893   1.192         
 1801   546  19.898   1.194         
 1802   546  19.900   1.311         
 1805   546  19.908   1.131         
 1806   546  19.910   1.100         
 1809   546  19.924   0.894         
 1817   546  19.947   1.062         
 1819   546  19.950   0.949         
 1820   546  19.961   1.052         
 1823   546  19.971   1.124         
 1825   546  19.974   1.083         
 1830   546  19.983   1.344         
 1832   546  19.985   0.950         
 1833   546  19.991   0.948         
 1836   546  20.011   0.986         
 1837   546  20.016   1.108         
 1838   546  20.023   1.135         
 1839   546  20.023   1.152         
 1842   546  20.031   1.036         
 1852   546  20.064   0.978         
 1854   546  20.075   0.997         
 1855   546  20.076   0.944         
 1861   546  20.111   0.977         
 1871   546  20.153   1.062         
 1874   546  20.163   1.101         
 1879   546  20.192   1.399         
 1880   546  20.200   1.358         
 1882   546  20.202   0.973         
 1883   546  20.217   1.127         
 1885   546  20.235   1.065         
 1886   546  20.238   1.305         
 1890   546  20.255   1.038         
 1891   546  20.256   1.024         
 1894   546  20.271   1.523         
 1895   546  20.322   1.499         
 1906   546  20.409   0.931         
 1909   546  20.466   1.044         
 1911   546  20.486   0.447         
 1920   546  20.672   1.070