UBV CCD observations

  No    Ref    V       B-V     U-B

 0001   547  12.318   1.231   1.212
 0002   547  12.577   1.600  -0.606
 0003   547  12.804   1.560  -0.839
 0004   547  12.828   1.449   1.444
 0005   547  13.116  -0.988   1.238
 0006   547  13.203  -0.929   0.301
 0007   547  13.476   1.477  -0.401
 0008   547  13.503  -0.489  -0.744
 0009   547  13.866          -0.943
 0010   547  13.919   4.146  -2.347
 0011   547  14.061  -0.850   0.216
 0012   547  14.066   1.579  -0.495
 0013   547  14.115   1.528  -0.384
 0014   547  14.249   1.555  -1.968
 0015   547  14.295   0.458  -0.012
 0016   547  14.312   0.554   0.283
 0017   547  14.494   0.947   0.537
 0018   547  14.557   0.549   0.270
 0019   547  14.584   0.677   0.124
 0020   547  14.673   1.033   0.658
 0021   547  14.705   0.592   0.304
 0022   547  14.751   0.588   0.290
 0023   547  14.835   2.103  -0.656
 0024   547  15.093   1.663  -0.505
 0025   547  15.093   4.081  -1.382
 0026   547  11.874   1.876   2.770
 0027   547  11.936   1.261   1.376
 0028   547  12.019  -1.077   1.095
 0029   547  12.031   1.575   2.009
 0030   547  12.640   0.757   0.370
 0031   547  12.836   0.907   0.530
 0032   547  12.839   0.193   1.915
 0033   547  12.876  -0.578   1.534
 0034   547  13.260   1.286   1.401
 0035   547  13.261   1.112   1.083
 0036   547  13.269   1.225   1.095
 0037   547  13.493   0.816   0.468
 0040   547  13.696   2.197   3.119
 0041   547  13.793   1.758   2.242
 0042   547  13.888   1.301   1.276
 0043   547  13.915   0.695   0.196
 0044   547  13.920   0.777   0.296
 0045   547  13.971   1.815   2.094
 0046   547  14.029   0.800   0.375
 0047   547  14.106   1.105   0.842
 0049   547  14.171   0.514   0.241
 0050   547  14.216   0.740   0.285
 0051   547  14.217   1.566   1.611
 0052   547  14.254  -0.142   0.848
 0053   547  14.310   0.499   0.221
 0054   547  14.311   0.513   0.236
 0055   547  14.525   0.757   0.220
 0056   547  14.542   0.507   0.244
 0057   547  14.547   1.369   1.130
 0058   547  14.559   0.564   0.244
 0059   547  14.563   0.511   0.206
 0060   547  14.572   0.846   0.502
 0061   547  14.642   0.529   0.262
 0062   547  14.680   0.714   0.236
 0063   547  14.681   1.131   0.755
 0064   547  14.682   0.754   0.196
 0065   547  14.686   0.423         
 0066   547  14.712   0.715   0.192
 0067   547  14.722   1.345   1.168
 0068   547  14.742   0.661   0.439
 0069   547  14.742   0.861   0.467
 0070   547  14.792   0.704   0.211
 0071   547  14.794   0.851   0.280
 0072   547  14.798  -0.112   0.370
 0073   547  14.824   1.609   1.564
 0074   547  14.842   0.720   0.232
 0075   547  14.846   0.612   0.283
 0076   547  14.870   1.491   1.158
 0077   547  14.883   0.537   0.246
 0078   547  14.890   0.773   0.320
 0079   547  14.903   0.619         
 0080   547  14.908   0.546   0.285
 0081   547  14.921   0.969   0.691
 0082   547  14.967   0.538   0.270
 0083   547  14.989   0.659   0.265
 0084   547  14.994   0.515   0.269
 0085   547  15.047   0.771   0.202
 0087   547  15.077   0.567   0.322
 0088   547   9.398   0.191  -0.158
 0089   547  10.739   0.400   0.066
 0090   547  12.044   0.502  -0.019
 0091   547  13.350   0.207   0.175
 0092   547  13.366   0.500  -0.022
 0093   547  13.674   0.239  -0.097
 0094   547  14.169   0.578   0.033
 0095   547  14.219   0.351   0.056
 0096   547  14.282   0.600   0.065
 0097   547  14.402   0.658   0.197
 0098   547  14.420   0.359  -0.047
 0099   547  14.626   0.366   0.080
 0100   547  14.913   0.592   0.050
 0101   547  12.962   0.419   0.106
 0102   547  13.637   0.646   0.123
 0103   547  13.777   0.487   0.179
 0104   547  13.906   0.493   0.158
 0105   547  13.999   0.538   0.096
 0106   547  14.082   0.436   0.132
 0107   547  14.142   0.474   0.183
 0108   547  14.151   0.478   0.168
 0109   547  14.176   0.440   0.173
 0110   547  14.268   0.535   0.113
 0111   547  14.373   0.479   0.087
 0112   547  14.393   0.426   0.168
 0113   547  14.455   0.458   0.194
 0114   547  14.466   0.469   0.197
 0115   547  14.490   0.521   0.142
 0116   547  14.625   0.433   0.201
 0117   547  14.650   0.551   0.120
 0118   547  14.652   0.593   0.143
 0119   547  14.687   0.520   0.132
 0120   547  14.767   0.406   0.172
 0121   547  14.814   0.594   0.098
 0122   547  14.851   0.567   0.101
 0123   547  14.873   0.626   0.110
 0124   547  14.921   0.590   0.094
 0125   547  15.030   0.444   0.144
 0126   547  15.091   0.719   0.167
 0127   547  15.099   0.516   0.254
 0128   547  15.109   0.735   0.291
 0129   547  15.120   0.653   0.316
 0130   547  15.128  -1.109         
 0131   547  15.131   0.774   0.288
 0133   547  15.178   0.771   0.235
 0134   547  15.200   0.663   0.199
 0135   547  15.201   0.499   0.218
 0136   547  15.210   0.506   0.245
 0137   547  15.216   0.701   0.134
 0138   547  15.222   0.545   0.277
 0139   547  15.225   0.557   0.244
 0140   547  15.247   2.431   3.308
 0141   547  15.247   0.714   0.222
 0142   547  15.251   0.596   0.324
 0143   547  15.252   0.519         
 0144   547  15.253   0.684   0.216
 0145   547  15.254  -0.493   0.139
 0146   547  15.284   1.152   1.200
 0147   547  15.289   0.551         
 0148   547  15.291   0.746   0.203
 0149   547  15.300   1.285   1.463
 0150   547  15.308   1.027   0.998
 0151   547  15.359   0.613   0.327
 0152   547  15.363   1.237   1.093
 0153   547  15.365   0.586   0.229
 0154   547  15.370   0.622   0.337
 0155   547  15.377   0.521   0.281
 0156   547  15.378   0.924         
 0157   547  15.394   0.742   0.250
 0158   547  15.402   0.675   0.112
 0159   547  15.414   1.449   1.263
 0160   547  15.426   0.738   0.214
 0161   547  15.436   0.723   0.152
 0162   547  15.437   0.828   0.352
 0163   547  15.450   0.591   0.165
 0164   547  15.457   2.154   0.581
 0165   547  15.471   1.066   0.983
 0166   547  15.472   0.866   0.289
 0167   547  15.475   0.814   0.383
 0168   547  15.486   0.749   0.211
 0169   547  15.496   2.261  -1.041
 0170   547  15.498   0.824   0.413
 0171   547  15.508   0.708   0.169
 0172   547  15.516   0.692   0.297
 0173   547  15.530   0.810   0.252
 0174   547  15.539   0.895   0.453
 0175   547  15.541   0.872   0.483
 0176   547  15.541   0.774   0.433
 0177   547  15.543   0.680   0.401
 0178   547  15.550   0.785   0.454
 0179   547  15.563   1.618   1.722
 0180   547  15.570   0.647   0.197
 0181   547  15.571   0.889   0.420
 0182   547  15.574   1.412   1.652
 0183   547  15.591   0.629   0.336
 0184   547  15.596   1.548   1.414
 0185   547  15.603   0.729   0.213
 0186   547  15.605   1.226   1.196
 0187   547  15.616  -0.809   0.363
 0188   547  15.631   0.646   0.137
 0189   547  15.636   0.833   0.352
 0190   547  15.638   2.285  -0.667
 0191   547  15.641   1.013   0.836
 0192   547  15.642   0.664   0.134
 0193   547  15.643   1.150   1.222
 0194   547  15.649   0.724   0.161
 0195   547  15.651   0.792   0.240
 0196   547  15.657   0.831   0.319
 0197   547  15.658   0.847   0.354
 0198   547  15.658   0.685   0.278
 0199   547  15.685   1.410   1.609
 0200   547  15.688   0.725   0.415
 0201   547  15.690   0.648   0.333
 0202   547  15.692   0.680   0.128
 0203   547  15.695   0.694   0.326
 0204   547  15.728   0.697   0.149
 0205   547  15.750   2.617         
 0206   547  15.751   0.754   0.223
 0207   547  15.752   0.883   0.408
 0208   547  15.761   0.591   0.356
 0209   547  15.774   0.720   0.354
 0210   547  15.789   1.520   1.306
 0211   547  15.798   0.875   0.419
 0212   547  15.814   0.844   0.232
 0214   547  15.818   0.683   0.327
 0215   547  15.824   0.637   0.279
 0216   547  15.829   2.070         
 0217   547  15.836  -1.210   0.769
 0218   547  15.845   0.886   0.581
 0219   547  15.851   0.718   0.137
 0220   547  15.858   0.868   0.370
 0221   547  15.876   0.856   0.398
 0222   547  15.882   0.659   0.244
 0223   547  15.896   1.504   0.190
 0224   547  15.901   2.016   2.250
 0225   547  15.908   0.743   0.180
 0226   547  15.911   0.672   0.290
 0227   547  15.913   0.677   0.319
 0228   547  15.919   1.334   1.550
 0229   547  15.921   0.702   0.385
 0230   547  15.926   0.753   0.206
 0231   547  15.927   0.656   0.233
 0232   547  15.932   0.893   0.376
 0233   547  15.941   0.719   0.191
 0234   547  15.959   0.766   0.267
 0235   547  15.966   1.645   1.546
 0236   547  15.969   0.670   0.250
 0237   547  15.982   0.890   0.338
 0238   547  15.982   0.994   0.607
 0239   547  15.987   0.689   0.378
 0240   547  15.996   0.705   0.323
 0241   547  16.009   0.820   0.370
 0242   547  16.009   0.637   0.103
 0243   547  16.019   0.788   0.390
 0244   547  16.020   2.576         
 0245   547  16.020   0.925   0.514
 0246   547  16.025   0.747   0.249
 0247   547  16.027   0.642   0.367
 0249   547  16.063   0.576   0.118
 0250   547  16.065   0.677   0.352
 0251   547  16.078   0.711  -0.850
 0252   547  16.078   0.627   0.323
 0254   547  16.088   1.043   0.920
 0255   547  16.090  -0.898   0.382
 0256   547  16.107   1.975   2.125
 0257   547  16.114   0.704   0.350
 0258   547  16.115   1.932   2.047
 0259   547  16.117   0.771   0.231
 0261   547  16.123   0.889   0.379
 0262   547  16.137   1.682   1.490
 0263   547  16.139   1.041   0.495
 0264   547  16.142   0.884   0.388
 0265   547  16.143   1.021   0.466
 0266   547  16.145  -0.732   0.275
 0267   547  16.151   0.828   0.363
 0268   547  16.158   2.224  -0.374
 0269   547  16.165   0.730   0.340
 0270   547  16.168   0.980   0.699
 0271   547  16.170   1.011   0.249
 0272   547  16.176   0.808   0.317
 0273   547  16.184   0.669   0.315
 0274   547  16.184  -0.936   0.314
 0275   547  16.187  -0.527   0.467
 0276   547  16.193   0.597   0.359
 0277   547  16.198   1.820   1.770
 0278   547  16.205   1.538   1.353
 0279   547  16.244   0.791   0.212
 0280   547  16.260  -0.541   0.429
 0281   547  16.262   0.755   0.312
 0283   547  16.267   0.898   0.343
 0284   547  16.269   0.755   0.490
 0285   547  16.269   0.713   0.207
 0286   547  16.272   0.951   0.580
 0287   547  16.274   0.998   0.718
 0288   547  16.275   0.655   0.356
 0289   547  16.276   1.678   1.235
 0290   547  16.280   0.728   0.183
 0291   547  16.283   1.447   1.476
 0293   547  16.292          -1.356
 0294   547  16.295   1.496   1.277
 0295   547  16.318   0.836   0.339
 0296   547  16.322   0.910   0.403
 0297   547  16.326   0.714   0.199
 0298   547  16.326   1.061   0.846
 0299   547  16.331   0.781   0.227
 0300   547  16.336   0.801   0.309
 0301   547  16.337   0.685   0.422
 0302   547  16.343   0.763   0.244
 0303   547  16.350   0.916   0.421
 0304   547  16.352   4.217  -1.382
 0305   547  16.356   0.820   0.246
 0306   547  16.364   1.996   2.096
 0307   547  16.364   0.924   0.359
 0308   547  16.367   0.775   0.441
 0309   547  16.378   0.751   0.193
 0310   547  16.396   0.642   0.358
 0311   547  16.399   1.024   0.472
 0312   547  16.405   0.903   0.344
 0313   547  16.405   0.824         
 0314   547  16.411   0.863   0.331
 0315   547  16.414   0.861   0.351
 0316   547  16.428   0.754   0.494
 0317   547  16.434   0.743   0.173
 0318   547  16.435   0.961   0.416
 0319   547  16.443   0.936   0.533
 0320   547  16.451   1.918   1.911
 0321   547  16.466   0.816   0.357
 0322   547  16.468   0.825   0.322
 0323   547  16.469   1.680         
 0324   547  16.478   0.900   0.351
 0325   547  16.481   1.019   0.733
 0326   547  16.482   0.681   0.333
 0328   547  16.501   0.895   0.379
 0329   547  16.510   0.711   0.463
 0330   547  16.520   0.987   0.568
 0331   547  16.524   0.780   0.332
 0332   547  16.528   0.802   0.321
 0333   547  16.531   2.174         
 0334   547  16.539   0.643   0.072
 0336   547  16.543   0.801   0.278
 0337   547  16.545   0.896   0.507
 0338   547  16.545   0.788   0.363
 0339   547  16.545   1.316   0.945
 0340   547  16.551   0.768   0.496
 0341   547  16.559   1.143   0.785
 0342   547  16.559   0.830   0.277
 0343   547  16.573   0.909   0.399
 0346   547  16.609   0.776   0.528
 0347   547  16.627   0.866   0.364
 0348   547  16.636   0.872   0.299
 0349   547  16.642   0.828   0.424
 0350   547  16.645   1.093   0.578
 0351   547  16.649   0.793   0.461
 0352   547  16.656   0.941   0.510
 0353   547  16.657   0.965   0.574
 0354   547  16.657   0.558   1.489
 0355   547  16.666   0.916   0.352
 0356   547  16.667   0.848   0.344
 0357   547  16.669   0.966   0.523
 0358   547  16.673   0.806   0.241
 0359   547  16.682   0.975   0.732
 0360   547  16.683   0.837   0.328
 0361   547  16.687   0.922   0.369
 0362   547  16.694   0.992   0.621
 0363   547  16.694   0.748   0.384
 0364   547  16.701   0.717   0.371
 0365   547  16.702   0.854   0.345
 0366   547  16.703   0.873   0.448
 0367   547  16.707   1.823   1.977
 0368   547  16.712   0.842   0.247
 0369   547  16.719   1.128   0.973
 0370   547  16.722   0.816   0.311
 0371   547  16.733   0.790   0.217
 0372   547  16.736   0.992   0.413
 0373   547  16.739   0.842   0.291
 0374   547  16.742   0.802   0.251
 0375   547  16.743   1.854   1.784
 0376   547  16.745   0.985   0.514
 0377   547  16.749   0.684   1.613
 0379   547  16.753   0.901   0.505
 0380   547  16.765   0.831   0.375
 0381   547  16.768   1.460   1.541
 0382   547  16.773   0.896   0.409
 0383   547  16.782   1.015   0.513
 0384   547  16.783   0.968   0.426
 0385   547  16.788   0.826   0.307
 0386   547  16.789   0.835   0.255
 0387   547  16.791   0.810   0.331
 0388   547  16.794   0.837   0.464
 0389   547  16.796   0.626   0.368
 0390   547  16.797   1.102   0.875
 0391   547  16.806   1.040   0.544
 0392   547  16.811   0.996   0.456
 0393   547  16.816   1.014   0.510
 0394   547  16.816   0.976   0.594
 0395   547  16.819   0.867   0.371
 0396   547  16.821   0.898   0.292
 0397   547  16.823   0.839   0.283
 0398   547  16.826   1.000   0.455
 0399   547  16.828   0.136   1.370
 0400   547  16.835   0.827   0.301
 0401   547  16.848   1.820   1.604
 0402   547  16.849   0.803   0.208
 0403   547  16.851   0.823   0.319
 0404   547  16.860   0.851   0.456
 0405   547  16.864   0.836   0.261
 0406   547  16.865   0.860   0.312
 0407   547  16.867   1.065   0.518
 0408   547  16.869   1.019   0.528
 0409   547  16.875   0.813   0.257
 0410   547  16.880   1.653   1.348
 0411   547  16.889   1.043   0.455
 0412   547  16.894   1.219   0.686
 0413   547  16.894   0.907   0.319
 0414   547  16.896   0.835   0.275
 0415   547  16.897   0.811   0.228
 0417   547  16.898   0.734   0.459
 0418   547  16.902   0.890   0.363
 0419   547  16.910   0.800   0.254
 0420   547  16.912   0.913   0.371
 0421   547  16.918   0.821   0.521
 0422   547  16.929   1.419   1.326
 0423   547  16.934   0.978   0.532
 0424   547  16.934   1.190   1.108
 0425   547  16.934   1.441   1.601
 0427   547  16.939   1.188   1.101
 0428   547  16.946   0.989   0.528
 0429   547  16.955   1.010   0.616
 0430   547  16.968   0.917   0.408
 0431   547  16.976   1.136   0.745
 0432   547  16.985   1.445   1.170
 0433   547  16.988   0.896   0.346
 0434   547  16.991   0.646   0.432
 0435   547  16.993   1.101   0.848
 0436   547  16.993   0.768   0.199
 0438   547  17.001   1.601   1.420
 0439   547  17.004   0.842   0.577
 0440   547  17.006   0.914   0.383
 0441   547  17.016   0.552   0.145
 0442   547  17.017   1.592   1.275
 0443   547  17.018   0.961   0.612
 0444   547  17.027   0.979   0.464
 0445   547  17.028   0.922   0.379
 0446   547  17.030   1.933         
 0447   547  17.035   0.924   0.405
 0448   547  17.037   0.780   0.339
 0449   547  17.038   1.980   2.118
 0450   547  17.038   0.887   0.596
 0451   547  17.045   0.885   0.479
 0452   547  17.046   1.824   1.689
 0453   547  17.049   0.915   0.327
 0454   547  17.057   0.873   0.315
 0455   547  17.062   1.703  -0.131
 0456   547  17.064   0.780   0.115
 0457   547  17.066   0.873   0.374
 0458   547  17.066   0.862   0.347
 0459   547  17.069   0.838   0.312
 0460   547  17.073   0.563   1.600
 0462   547  17.083   0.938   0.502
 0463   547  17.085   1.882   1.982
 0464   547  17.085   0.871   0.432
 0465   547  17.092   2.223         
 0466   547  17.108   0.831   0.405
 0467   547  17.108   0.925   0.398
 0468   547  17.116   1.092   0.541
 0469   547  17.118   0.981   0.655
 0470   547  17.121   1.037   0.407
 0471   547  17.122   0.990   0.388
 0472   547  17.124   1.221   1.046
 0473   547  17.126   0.848   0.365
 0474   547  17.132   1.032   0.569
 0475   547  17.134   1.102   0.729
 0476   547  17.140   1.169   0.928
 0477   547  17.141   0.918   0.367
 0478   547  17.153   1.088   0.723
 0479   547  17.153   0.876   0.341
 0480   547  17.155   1.719   1.632
 0481   547  17.156   0.837   0.539
 0482   547  17.163           0.467
 0483   547  17.169   2.013   2.127
 0484   547  17.169   0.937   0.310
 0485   547  17.172   0.930   0.395
 0486   547  17.173   1.794         
 0487   547  17.173   0.778   0.446
 0488   547  17.177   0.923   0.296
 0489   547  17.178   0.873   0.286
 0490   547  17.184   1.044   0.456
 0491   547  17.185   1.139   0.686
 0492   547  17.198  -0.543         
 0493   547  17.199   1.263   1.191
 0494   547  17.201   1.814         
 0495   547  17.203   0.972   0.368
 0496   547  17.208   0.806   0.528
 0498   547  17.215   0.920   0.448
 0499   547  17.217   0.910   0.363
 0500   547  17.230   0.864   0.316
 0501   547  17.232   1.115   0.751
 0502   547  17.235   1.305   1.389
 0503   547  17.237   1.372   1.440
 0504   547  17.238   0.803   0.184
 0505   547  17.240   1.017   0.599
 0506   547  17.244   0.874   0.330
 0507   547  17.250   1.025   0.694
 0508   547  17.254   1.140   0.704
 0509   547  17.259   0.930   0.374
 0510   547  17.262   0.933   0.300
 0511   547  17.271   1.129   0.731
 0512   547  17.271   1.409   0.930
 0513   547  17.279   0.872   0.220
 0514   547  17.281   0.958   0.397
 0515   547  17.281   0.902   0.392
 0516   547  17.282   1.266         
 0517   547  17.283   0.874   0.318
 0518   547  17.284   0.926   0.411
 0519   547  17.285   0.988   0.517
 0520   547  17.286   0.563   1.489
 0521   547  17.287   1.012   0.525
 0522   547  17.292   0.831   0.576
 0523   547  17.293   0.897   0.385
 0524   547  17.294   0.919   0.374
 0525   547  17.298   1.225   0.987
 0527   547  17.300   0.945   0.640
 0528   547  17.305   0.824         
 0529   547  17.306   0.934   0.366
 0530   547  17.306   1.281   1.307
 0531   547  17.314   0.992   0.367
 0532   547  17.317   0.306         
 0533   547  17.318   0.845   0.464
 0534   547  17.319   0.933   0.444
 0535   547  17.321   1.024   0.639
 0536   547  17.322   0.979   0.445
 0537   547  17.324   1.319   0.961
 0538   547  17.324   0.809   0.467
 0539   547  17.325   1.007   0.481
 0540   547  17.331   0.879   0.472
 0541   547  17.338   0.884   0.519
 0542   547  17.342   0.981   0.389
 0543   547  17.344   1.125   0.925
 0544   547  17.353   1.066   0.528
 0545   547  17.355   0.935   0.392
 0546   547  17.358   0.901   0.444
 0547   547  17.365   0.825   0.303
 0548   547  17.366   1.073   0.433
 0549   547  17.372   0.975   0.868
 0550   547  17.372   0.894   0.267
 0551   547  17.373   1.892   1.938
 0552   547  17.374   1.014   0.557
 0553   547  17.379   0.777   0.437
 0554   547  17.383   1.126   0.716
 0555   547  17.388   0.814   0.374
 0556   547  17.390   0.837   0.248
 0557   547  17.401   1.003   0.458
 0558   547  17.403   0.988   0.510
 0559   547  17.405   1.076   0.593
 0560   547  17.412   3.132         
 0561   547  17.413   0.929   0.415
 0562   547  17.419   0.953   0.372
 0563   547  17.424   1.019   0.614
 0564   547  17.429   0.951   0.377
 0565   547  17.430   0.968   0.481
 0566   547  17.431   1.870   1.743
 0567   547  17.436           0.491
 0568   547  17.438   0.867   0.294
 0569   547  17.442   0.890   0.341
 0571   547  17.445   1.347   1.153
 0572   547  17.454   1.135   0.905
 0573   547  17.454   0.985   0.456
 0575   547  17.468   1.014   0.730
 0576   547  17.469   1.008   0.474
 0577   547  17.470   1.473   1.462
 0578   547  17.476   0.984   0.412
 0579   547  17.476   1.012   0.500
 0581   547  17.482   1.020   0.384
 0582   547  17.485   1.887   1.875
 0583   547  17.487   1.038   0.463
 0584   547  17.493   0.990   0.396
 0585   547  17.493   0.982   0.409
 0587   547  17.496   0.988   0.364
 0588   547  17.504   1.073   0.770
 0589   547  17.505   0.924         
 0590   547  17.515   1.902         
 0591   547  17.518   1.047   0.420
 0592   547  17.518   1.048   0.576
 0593   547  17.521   1.540   1.554
 0594   547  17.525   1.013   0.462
 0595   547  17.526   1.039   0.452
 0596   547  17.526   1.347         
 0597   547  17.532   1.426   1.651
 0598   547  17.535   0.936   0.380
 0599   547  17.535   1.062   0.509
 0600   547  17.537   1.026   0.544
 0601   547  17.544   0.963   0.428
 0602   547  17.547   0.931   0.400
 0603   547  17.551   0.828   0.375
 0604   547  17.551   0.933   0.441
 0606   547  17.558   0.944   0.370
 0607   547  17.560   0.950   0.294
 0608   547  17.564   1.008   0.543
 0610   547  17.573   1.006   0.410
 0611   547  17.574   1.042   0.537
 0612   547  17.574   1.181         
 0613   547  17.575   1.361   1.363
 0614   547  17.579   1.232   0.973
 0615   547  17.581   1.016   0.533
 0616   547  17.582   0.969   0.440
 0617   547  17.583   0.821   0.418
 0618   547  17.588   0.952   0.366
 0619   547  17.589   0.858         
 0620   547  17.590   0.978   0.389
 0621   547  17.604   0.992   0.404
 0622   547  17.605   1.118         
 0623   547  17.608   0.937   0.440
 0624   547  17.614   1.037   0.495
 0625   547  17.614   0.958         
 0626   547  17.615   1.018   0.294
 0627   547  17.616   0.994         
 0628   547  17.622   1.131   0.596
 0629   547  17.623   1.241   0.934
 0630   547  17.627   1.320   0.898
 0631   547  17.628   1.101   0.584
 0632   547  17.629   1.732   1.325
 0633   547  17.632   1.169   0.944
 0634   547  17.635   1.011   0.379
 0635   547  17.637   1.132   0.755
 0636   547  17.638   1.094   0.572
 0637   547  17.643   0.968   0.406
 0638   547  17.644   1.060   0.471
 0639   547  17.644   1.499   1.228
 0640   547  17.646   1.347   1.360
 0641   547  17.647   0.983   0.513
 0642   547  17.650   1.236         
 0643   547  17.654   1.703   1.513
 0644   547  17.662   1.187   0.761
 0645   547  17.662   1.974         
 0646   547  17.663   0.792   0.588
 0647   547  17.665   0.967   0.349
 0648   547  17.666   1.068   0.625
 0649   547  17.673   1.406   0.989
 0650   547  17.674   1.946         
 0651   547  17.674   0.959   0.462
 0652   547  17.675   0.940   0.389
 0653   547  17.675   1.093         
 0654   547  17.679   1.621   1.249
 0655   547  17.682   1.670         
 0656   547  17.690   1.212   1.101
 0657   547  17.692   1.056   0.473
 0658   547  17.696   1.022   0.570
 0659   547  17.698   1.073   0.529
 0660   547  17.699   1.054   0.512
 0661   547  17.701   0.967   0.330
 0662   547  17.705   1.552   1.694
 0663   547  17.705   0.854   0.671
 0664   547  17.710   1.241   0.821
 0665   547  17.713   0.841   0.531
 0667   547  17.719   1.030   0.470
 0668   547  17.720   1.318         
 0669   547  17.720   0.913   0.328
 0670   547  17.721   1.833   1.600
 0671   547  17.724   1.539   1.548
 0672   547  17.733   0.960   0.298
 0673   547  17.734   1.592   1.558
 0674   547  17.734   1.545   1.149
 0675   547  17.734   1.057   0.581
 0676   547  17.736   1.104         
 0677   547  17.738   0.891   0.614
 0678   547  17.741   3.478   1.665
 0679   547  17.745   0.979   0.442
 0680   547  17.745   1.047   0.386
 0681   547  17.750   1.650   1.648
 0682   547  17.751   1.040         
 0683   547  17.756   0.846   0.545
 0684   547  17.757   3.502         
 0685   547  17.758   0.753   1.424
 0686   547  17.762   1.123   0.745
 0687   547  17.763   1.135   0.508
 0688   547  17.766   1.412   1.686
 0689   547  17.769   0.950   0.583
 0690   547  17.771   1.025   0.583
 0691   547  17.771   1.103   0.695
 0692   547  17.773   0.887   0.612
 0693   547  17.773   0.946   0.581
 0694   547  17.776   0.818   0.535
 0696   547  17.781   1.001   0.385
 0697   547  17.787   0.901   0.396
 0698   547  17.788   1.014   0.542
 0699   547  17.791   1.014   0.486
 0700   547  17.792   1.126   0.604
 0702   547  17.794   1.188   1.084
 0703   547  17.796   1.012   0.477
 0704   547  17.796   1.092   0.789
 0705   547  17.802   1.357   0.584
 0706   547  17.803   1.256   0.645
 0707   547  17.804   1.171   0.799
 0708   547  17.804   1.413   1.646
 0709   547  17.811   0.979   0.490
 0710   547  17.811   1.569   1.676
 0711   547  17.815   0.899   0.481
 0712   547  17.815   1.005   0.464
 0713   547  17.816   1.020   0.485
 0714   547  17.821   0.952   0.480
 0715   547  17.824   1.030   0.563
 0716   547  17.825   1.030   0.509
 0717   547  17.827   0.958         
 0718   547  17.835   1.091   0.532
 0719   547  17.836   1.935   1.733
 0720   547  17.838   1.849         
 0721   547  17.839   1.102   0.482
 0722   547  17.841           0.443
 0723   547  17.842   1.201   0.562
 0724   547  17.846   1.125   0.601
 0725   547  17.848   1.125   0.523
 0726   547  17.849   1.048   0.496
 0727   547  17.850   1.038   0.341
 0728   547  17.851   0.970   0.346
 0729   547  17.855   1.084   0.665
 0730   547  17.862   0.959   0.510
 0731   547  17.866   1.245   0.804
 0732   547  17.867   0.912   0.596
 0733   547  17.868   1.230   0.703
 0735   547  17.871   1.080   0.504
 0736   547  17.873   1.110   0.477
 0737   547  17.876   1.826   1.547
 0738   547  17.877   0.944   0.521
 0739   547  17.878   0.963   0.454
 0740   547  17.878   0.094   0.663
 0741   547  17.883   1.084   0.535
 0742   547  17.885   0.747   0.517
 0743   547  17.885   0.868   0.574
 0744   547  17.889   1.389   1.104
 0745   547  17.889   1.471   1.231
 0746   547  17.892   0.967   0.435
 0747   547  17.894   0.993         
 0748   547  17.895   1.122   0.388
 0750   547  17.900   0.986         
 0751   547  17.906   0.965   0.498
 0752   547  17.910   1.015   0.663
 0754   547  17.918   0.840   0.438
 0755   547  17.919   1.009   0.370
 0756   547  17.921   1.904         
 0757   547  17.926   1.324   1.140
 0758   547  17.927   0.945   0.376
 0760   547  17.931   1.034   0.451
 0761   547  17.935   1.100   0.946
 0762   547  17.936   0.884   0.505
 0763   547  17.941   1.180   0.674
 0764   547  17.943   1.095   0.451
 0765   547  17.945   1.569         
 0766   547  17.948   1.216   0.703
 0767   547  17.949   1.604   1.564
 0768   547  17.950   0.797   0.601
 0769   547  17.956   1.186   0.581
 0771   547  17.967   1.321   1.179
 0772   547  17.967   0.949   0.418
 0773   547  17.967   1.021   0.549
 0774   547  17.975   1.014   0.406
 0776   547  17.976   1.008         
 0777   547  17.977   1.018   0.529
 0779   547  17.981   0.875   0.622
 0780   547  17.983   0.987   0.648
 0781   547  17.984   1.107   0.542
 0782   547  17.984   1.160   0.549
 0783   547  17.997   0.969   0.427
 0784   547  17.997   0.990   0.765
 0785   547  17.998   1.075   0.391
 0786   547  18.011   1.273         
 0787   547  18.012   1.045   0.494
 0788   547  18.013   1.169   0.870
 0789   547  18.014   1.060   0.433
 0790   547  18.017   1.102   0.724
 0791   547  18.017   1.203   0.781
 0792   547  18.018   1.370   1.162
 0793   547  18.024   1.127   0.631
 0794   547  18.026   1.230   0.585
 0795   547  18.026   1.621         
 0796   547  18.026   1.426   1.104
 0798   547  18.028   1.093   0.654
 0799   547  18.030   1.222   0.618
 0800   547  18.031   0.973   0.425
 0801   547  18.031   0.985   0.407
 0803   547  18.033   0.929   0.568
 0804   547  18.033   0.108   0.739
 0805   547  18.034   1.388   1.283
 0806   547  18.038   1.042   0.465
 0807   547  18.039   1.046   0.495
 0808   547  18.046   0.992   0.495
 0809   547  18.046   1.055   0.485
 0810   547  18.048   1.245   0.716
 0811   547  18.050   1.072         
 0812   547  18.056   1.562   1.493
 0813   547  18.058   1.073   0.469
 0815   547  18.061   0.934   0.677
 0816   547  18.062   1.238   1.019
 0817   547  18.065   1.552   1.753
 0818   547  18.067   1.701   1.446
 0819   547  18.069   1.164   0.371
 0820   547  18.069   0.879   0.514
 0821   547  18.074   0.970   0.757
 0822   547  18.079   1.553   1.301
 0823   547  18.081   0.982   0.633
 0824   547  18.085   1.212   0.617
 0825   547  18.086   0.989   0.492
 0826   547  18.088   1.144   0.530
 0827   547  18.092   1.087   0.571
 0828   547  18.094   1.085   0.883
 0829   547  18.094   1.121   0.508
 0830   547  18.095   2.148   1.441
 0832   547  18.100   1.272   0.816
 0833   547  18.104   1.035         
 0834   547  18.106   1.895   0.026
 0835   547  18.109   1.015   0.369
 0836   547  18.110   1.594   1.392
 0837   547  18.110   1.114   0.548
 0838   547  18.110   0.900   0.502
 0839   547  18.114   1.060   0.564
 0840   547  18.119   1.062   0.751
 0841   547  18.133   1.171   0.576
 0842   547  18.133   1.015   0.399
 0843   547  18.138   1.257   0.786
 0844   547  18.139   1.244   0.909
 0845   547  18.140  -0.024   0.582
 0846   547  18.141   1.278   1.126
 0847   547  18.144   1.013   0.485
 0848   547  18.145   1.017   0.496
 0849   547  18.153   1.952         
 0850   547  18.155   1.044   0.464
 0851   547  18.159   1.195   0.882
 0852   547  18.163   1.365   1.341
 0853   547  18.164   1.348   1.259
 0854   547  18.167   0.800   0.440
 0855   547  18.167   1.075   0.526
 0856   547  18.178   1.069   0.507
 0858   547  18.184   1.102         
 0860   547  18.189   1.133   0.497
 0861   547  18.191   1.356   1.079
 0862   547  18.193   1.119   0.584
 0863   547  18.197   1.110   0.471
 0864   547  18.199   1.135   0.593
 0865   547  18.201   1.419   1.314
 0866   547  18.204   0.993   0.320
 0867   547  18.204           1.709
 0868   547  18.204   1.549   1.058
 0870   547  18.208   1.215   0.775
 0871   547  18.210   0.936   0.351
 0872   547  18.213   1.127   0.699
 0873   547  18.215   1.137   0.531
 0874   547  18.215   1.215   0.820
 0875   547  18.215   0.938   0.495
 0876   547  18.216   1.234   1.107
 0877   547  18.221   1.605         
 0878   547  18.222   1.064   0.277
 0879   547  18.223   1.171   0.667
 0880   547  18.230   1.395   0.972
 0881   547  18.232   1.609  -1.202
 0882   547  18.233   1.076         
 0883   547  18.233   1.166   0.791
 0884   547  18.236   1.485   0.936
 0885   547  18.238   1.046   0.249
 0886   547  18.238   1.046   0.289
 0887   547  18.238   1.143   0.502
 0888   547  18.240   1.057   0.442
 0889   547  18.244   1.073   0.500
 0890   547  18.246   1.553   1.290
 0891   547  18.247   1.166   0.651
 0892   547  18.247   1.120   0.684
 0893   547  18.251   0.990   0.608
 0894   547  18.253   1.224   0.541
 0895   547  18.255   1.082   0.667
 0896   547  18.255   0.937   0.628
 0897   547  18.257   1.119   0.440
 0899   547  18.267   1.035   0.394
 0900   547  18.271   1.079   0.625
 0901   547  18.271   1.412         
 0902   547  18.272   1.184   0.836
 0903   547  18.273   1.132   0.855
 0904   547  18.275   1.138   0.545
 0905   547  18.275   0.924   0.446
 0906   547  18.275   0.928   0.579
 0908   547  18.276   1.599   1.858
 0909   547  18.279   1.288   0.923
 0910   547  18.290   1.234   0.760
 0911   547  18.290   1.713   1.548
 0912   547  18.295   1.081   0.484
 0913   547  18.296   1.141   0.373
 0914   547  18.298   1.120   0.561
 0915   547  18.303   1.022   0.448
 0916   547  18.303   1.108   0.675
 0917   547  18.305   1.715         
 0918   547  18.309   1.240   1.088
 0919   547  18.309   0.978   0.703
 0921   547  18.316   1.156   0.546
 0922   547  18.316   1.262   1.342
 0924   547  18.321   1.028   0.449
 0925   547  18.321   1.130   0.588
 0926   547  18.324   1.239   0.915
 0927   547  18.324   1.066   0.626
 0928   547  18.325   0.904   0.547
 0929   547  18.332   0.965   0.373
 0930   547  18.335   1.153   0.851
 0931   547  18.337   1.471   1.588
 0932   547  18.337   1.193   0.454
 0933   547  18.339   1.019   0.481
 0934   547  18.342   1.247         
 0935   547  18.346   1.124   0.529
 0936   547  18.351   1.019   0.636
 0937   547  18.352   1.242   1.277
 0938   547  18.363   1.163   0.459
 0939   547  18.366   1.159   0.597
 0940   547  18.366   1.087   0.736
 0941   547  18.366   1.746   1.390
 0942   547  18.371   0.954   0.409
 0943   547  18.372   1.589   1.509
 0944   547  18.373   1.085   0.471
 0945   547  18.376   1.127   0.449
 0947   547  18.386   1.503   1.627
 0948   547  18.388   1.100   0.539
 0949   547  18.392   1.120   0.509
 0950   547  18.392   1.077   0.660
 0951   547  18.392   1.162   0.697
 0952   547  18.393   1.110   0.521
 0953   547  18.395   0.995         
 0954   547  18.395   1.559   1.557
 0955   547  18.396   1.166   0.702
 0957   547  18.398   1.118   0.475
 0958   547  18.400   1.145   0.558
 0959   547  18.401   1.114   0.558
 0960   547  18.403   1.656   1.342
 0961   547  18.404   2.143         
 0962   547  18.404   1.333   1.137
 0963   547  18.406   1.093   0.502
 0964   547  18.407   1.208   0.936
 0965   547  18.408   1.110   0.539
 0966   547  18.411   1.410   1.389
 0967   547  18.418   0.169   0.754
 0968   547  18.421   1.063   0.462
 0969   547  18.423   1.189   0.648
 0970   547  18.426   0.976   0.558
 0971   547  18.428   1.326   1.414
 0972   547  18.429   1.476   0.818
 0973   547  18.431   1.928         
 0974   547  18.431   1.205         
 0975   547  18.441   1.492         
 0976   547  18.444   1.657         
 0977   547  18.451   1.044   0.624
 0978   547  18.453   1.544   1.070
 0979   547  18.453   1.175   1.225
 0980   547  18.467   0.960   0.426
 0981   547  18.469   1.256   0.671
 0982   547  18.474   3.328         
 0984   547  18.478   1.254   0.638
 0985   547  18.479   1.170   0.639
 0986   547  18.480   0.941   0.439
 0988   547  18.485   1.372         
 0989   547  18.485   1.139   0.491
 0990   547  18.485   1.156         
 0991   547  18.487   0.870   0.496
 0992   547  18.499   1.605         
 0994   547  18.500   1.041   0.555
 0995   547  18.501   1.326   0.908
 0996   547  18.501   1.201   0.687
 0997   547  18.504   1.120   0.660
 0998   547  18.505   0.991   0.542
 0999   547  18.509   1.209   0.681
 1000   547  18.515   1.111   0.714
 1002   547  18.521   1.092   0.605
 1003   547  18.524   0.080   0.516
 1004   547  18.526   1.706         
 1005   547  18.540   0.984   0.454
 1006   547  18.540   1.755   1.514
 1007   547  18.542   1.071   0.633
 1008   547  18.543   1.528         
 1009   547  18.546   1.653   1.603
 1010   547  18.547   1.281   1.173
 1011   547  18.547   1.628   1.398
 1012   547  18.553   1.181   0.770
 1013   547  18.558   1.520   1.121
 1014   547  18.564   1.135   0.435
 1015   547  18.564   1.388   1.345
 1016   547  18.567   1.110   0.456
 1017   547  18.567   0.940   0.500
 1018   547  18.569   1.515   1.280
 1019   547  18.570   1.069   0.531
 1020   547  18.570   1.133   0.484
 1021   547  18.571   1.239   0.635
 1022   547  18.572   1.181   0.828
 1023   547  18.573   1.293   1.173
 1024   547  18.575   1.170   0.626
 1025   547  18.577   1.270   0.721
 1027   547  18.582   0.998   0.426
 1028   547  18.584   1.066         
 1029   547  18.585   1.251         
 1030   547  18.586   1.203   0.699
 1032   547  18.587   1.168   0.690
 1033   547  18.588   1.041   0.569
 1034   547  18.593   1.215   0.758
 1035   547  18.594   1.205   0.778
 1036   547  18.596   1.234   0.670
 1037   547  18.597   1.176   0.739
 1038   547  18.597   1.201   0.920
 1039   547  18.598   1.221   0.719
 1040   547  18.598   0.989   0.576
 1041   547  18.600   1.041   0.488
 1043   547  18.603   1.201   0.688
 1044   547  18.604   1.128   0.492
 1045   547  18.608   1.076   0.568
 1046   547  18.608   1.294   1.131
 1047   547  18.608   1.194   0.695
 1048   547  18.609   1.379         
 1049   547  18.609   1.180   0.589
 1050   547  18.611   1.200   0.807
 1051   547  18.611  -0.001   0.495
 1052   547  18.611   1.051   0.600
 1053   547  18.611   1.163         
 1054   547  18.613   0.109  -0.037
 1055   547  18.615   1.178   0.573
 1056   547  18.615   1.151   0.702
 1057   547  18.617   1.211   0.982
 1058   547  18.617   1.233   0.869
 1060   547  18.624   1.704   1.508
 1061   547  18.626  -0.044         
 1062   547  18.629   1.557         
 1063   547  18.632   1.314   0.876
 1064   547  18.632   1.057   0.499
 1065   547  18.632   1.067   0.589
 1066   547  18.637   1.310   0.976
 1067   547  18.639   0.992   0.600
 1068   547  18.641   1.467   1.094
 1069   547  18.647   1.088   0.515
 1070   547  18.649   1.587         
 1071   547  18.655   1.058   0.498
 1072   547  18.658   1.116   0.650
 1073   547  18.662   1.064   0.424
 1074   547  18.664  -0.725   0.408
 1075   547  18.665   1.046   0.697
 1076   547  18.666   1.218   0.742
 1077   547  18.669   1.087   0.677
 1078   547  18.669   1.141   0.607
 1079   547  18.669   0.923   0.554
 1080   547  18.671   1.157   0.546
 1081   547  18.671   1.166   0.617
 1082   547  18.673   1.093   0.798
 1083   547  18.675   1.104   0.609
 1084   547  18.675   1.242   0.594
 1085   547  18.677   1.238   0.797
 1086   547  18.679   1.159   0.488
 1087   547  18.681   1.238   0.771
 1088   547  18.681   1.128   0.688
 1089   547  18.686   1.261   1.126
 1090   547  18.686   1.281   0.738
 1091   547  18.688   1.229   0.673
 1092   547  18.688   1.178   0.528
 1093   547  18.691   1.128   0.665
 1094   547  18.692   1.085   0.564
 1095   547  18.693   1.041   0.594
 1096   547  18.695   1.799         
 1097   547  18.697   1.443         
 1098   547  18.705   1.324   0.915
 1099   547  18.708   1.171   0.501
 1100   547  18.710   1.140   0.631
 1101   547  18.710   1.295         
 1102   547  18.716   1.161   0.474
 1104   547  18.719   1.163   0.992
 1105   547  18.721   1.082   0.533
 1106   547  18.721   1.042   0.569
 1108   547  18.722   1.198   0.684
 1109   547  18.723   1.109   0.535
 1110   547  18.725   1.342   0.959
 1111   547  18.733   1.210         
 1112   547  18.735   1.257   0.472
 1113   547  18.735   1.003   0.606
 1114   547  18.735   1.224   0.612
 1115   547  18.737           1.253
 1116   547  18.739   1.575   1.670
 1117   547  18.739   1.187   0.752
 1118   547  18.742   1.090   0.580
 1119   547  18.743   0.978   0.480
 1120   547  18.744   0.986   0.476
 1121   547  18.746   1.044   0.606
 1122   547  18.752   1.180   1.022
 1123   547  18.752   1.162   0.616
 1124   547  18.753   1.242   0.704
 1126   547  18.756   0.990   0.513
 1127   547  18.758   1.189   0.693
 1128   547  18.758   1.759   1.448
 1129   547  18.759   0.980   0.706
 1130   547  18.762   1.306   0.893
 1131   547  18.763   1.027   0.682
 1133   547  18.765   1.085   0.467
 1134   547  18.769   1.335   0.736
 1135   547  18.770   1.213   0.791
 1136   547  18.772   1.341   0.847
 1137   547  18.773   1.172   0.609
 1138   547  18.774   1.085   0.588
 1139   547  18.775   1.279   0.517
 1140   547  18.778   1.500         
 1141   547  18.778   1.087   0.680
 1142   547  18.778   1.266         
 1143   547  18.781   1.171   0.578
 1145   547  18.789   1.256   0.587
 1146   547  18.790   1.206   0.572
 1147   547  18.793  -0.144         
 1148   547  18.794   1.373         
 1149   547  18.795   1.287   0.695
 1150   547  18.798   1.144   0.441
 1151   547  18.798   1.039   0.580
 1152   547  18.799   1.126   0.655
 1153   547  18.800   1.010   0.500
 1154   547  18.800   1.177   0.471
 1155   547  18.801   1.179   0.806
 1156   547  18.803   0.958   0.386
 1157   547  18.804   1.404         
 1158   547  18.804   1.047   0.580
 1159   547  18.810   1.055   0.534
 1160   547  18.811   1.249   0.796
 1161   547  18.811   0.543         
 1162   547  18.813   1.249   0.591
 1163   547  18.817   1.113   0.478
 1164   547  18.818   1.076   0.661
 1165   547  18.818   1.187   0.625
 1166   547  18.818   1.443         
 1167   547  18.822   1.222   0.756
 1168   547  18.827   1.434   0.471
 1169   547  18.828   0.867   0.631
 1170   547  18.830   1.139   0.500
 1171   547  18.831   1.284   0.698
 1172   547  18.834   1.438   0.851
 1173   547  18.834  -0.166   0.729
 1174   547  18.835   1.574         
 1175   547  18.837   1.102   0.451
 1176   547  18.837   1.663   1.401
 1178   547  18.847   1.036   0.689
 1179   547  18.848   1.023   0.507
 1180   547  18.849   1.153   0.650
 1181   547  18.854   1.322   0.830
 1182   547  18.857   1.390   1.010
 1183   547  18.857   0.949   0.473
 1184   547  18.858   1.262   0.879
 1185   547  18.860   1.213         
 1186   547  18.862   1.114   0.500
 1187   547  18.862   1.108   0.494
 1188   547  18.864   1.139   0.820
 1189   547  18.865   1.326   1.069
 1190   547  18.866   1.202   0.651
 1191   547  18.866   1.326         
 1192   547  18.868   0.976   0.683
 1193   547  18.869   1.316   0.996
 1194   547  18.869   1.460   1.278
 1195   547  18.871   1.266   0.722
 1196   547  18.873   1.334   1.080
 1197   547  18.877   1.249   0.652
 1198   547  18.878   1.229   0.763
 1199   547  18.878   1.148   0.617
 1200   547  18.878   1.206   0.776
 1202   547  18.882   1.439         
 1204   547  18.886   0.986  -0.200
 1205   547  18.886   1.177   0.436
 1206   547  18.890   1.305         
 1208   547  18.897   1.267   0.796
 1209   547  18.900   1.150   0.542
 1210   547  18.900   1.677   1.338
 1211   547  18.905   1.263   0.795
 1212   547  18.909   1.744         
 1213   547  18.909   1.602   1.224
 1214   547  18.909   1.189   0.648
 1215   547  18.910   1.277   1.026
 1216   547  18.910   1.310         
 1217   547  18.911   1.890         
 1218   547  18.913   1.244   0.569
 1219   547  18.913   1.181   0.486
 1220   547  18.913   1.563         
 1222   547  18.917   1.561   1.230
 1223   547  18.918   1.020   0.459
 1224   547  18.918   1.610         
 1225   547  18.919   1.686   1.619
 1226   547  18.919   1.156   0.803
 1227   547  18.921   1.361   0.814
 1228   547  18.922   1.365   0.585
 1230   547  18.925   1.191   0.664
 1231   547  18.932   1.236   0.679
 1232   547  18.932   1.203   0.720
 1233   547  18.933   1.164   0.640
 1234   547  18.935   1.166   0.699
 1235   547  18.936   1.507         
 1236   547  18.936   1.634         
 1237   547  18.936   1.285   0.433
 1238   547  18.938   1.939         
 1239   547  18.940   1.090   0.429
 1240   547  18.941   1.120   0.585
 1242   547  18.946   1.260         
 1243   547  18.946   1.190   0.527
 1244   547  18.948   1.206   0.509
 1245   547  18.949   1.227   0.578
 1246   547  18.951   1.268   0.645
 1247   547  18.952   1.116   0.602
 1248   547  18.955   1.276         
 1249   547  18.955   1.139   0.537
 1250   547  18.958   1.274   0.588
 1251   547  18.966   1.144   0.513
 1252   547  18.967   1.192   0.578
 1253   547  18.972   1.093   0.471
 1254   547  18.974   1.274   0.588
 1255   547  18.976   1.300   0.791
 1257   547  18.978   1.861         
 1258   547  18.980   1.029   0.592
 1259   547  18.981   1.364   0.836
 1260   547  18.981           0.459
 1261   547  18.984   1.128   0.783
 1262   547  18.985   1.218   0.616
 1264   547  18.988   1.091   0.554
 1265   547  18.988   1.175   0.985
 1266   547  18.990   1.435         
 1267   547  18.992   1.238         
 1268   547  18.995   1.476         
 1269   547  18.997   1.291         
 1270   547  18.997   1.170   0.568
 1271   547  18.997   1.152   0.629
 1272   547  18.999   1.423   1.139
 1273   547  19.002   1.456         
 1274   547  19.003   1.412         
 1275   547  19.004   1.357   1.604
 1276   547  19.006   1.121   0.814
 1277   547  19.006   1.174   0.622
 1278   547  19.007   1.256   0.678
 1279   547  19.007   1.111   0.548
 1280   547  19.008   1.230   0.482
 1281   547  19.009   1.232   0.780
 1282   547  19.010   1.072   0.313
 1283   547  19.010   1.197   0.564
 1284   547  19.012  -0.156         
 1285   547  19.013   1.166   0.533
 1286   547  19.025   1.685         
 1287   547  19.029   1.125   0.535
 1288   547  19.030   1.342   0.832
 1289   547  19.032   0.911   0.367
 1290   547  19.032   1.516   0.785
 1291   547  19.032   1.085   0.822
 1292   547  19.032   1.231   0.625
 1293   547  19.033   1.170   0.543
 1294   547  19.035   1.440         
 1295   547  19.035   1.922         
 1296   547  19.036   1.075   0.580
 1297   547  19.037   1.227         
 1298   547  19.037   0.946   0.576
 1299   547  19.038   1.725         
 1300   547  19.039   1.194   0.596
 1301   547  19.040   1.174   0.558
 1302   547  19.041   1.286   0.718
 1303   547  19.044   1.907         
 1304   547  19.047   1.249   0.645
 1305   547  19.049   1.157   0.631
 1306   547  19.049   1.110         
 1307   547  19.049   1.044   0.615
 1308   547  19.051   1.413         
 1309   547  19.054   1.362         
 1310   547  19.056   1.384         
 1311   547  19.060   1.120   0.463
 1312   547  19.060   1.280   0.819
 1313   547  19.061   1.351   1.094
 1314   547  19.062   1.109   0.501
 1315   547  19.064   1.269   1.281
 1316   547  19.066   0.093  -0.248
 1317   547  19.074   1.138   0.806
 1318   547  19.075   1.701   1.487
 1319   547  19.078   1.252   0.584
 1320   547  19.079   1.043   0.323
 1321   547  19.079   1.273         
 1322   547  19.083   1.338   1.077
 1323   547  19.085   1.199   0.822
 1324   547  19.085   1.406         
 1325   547  19.088   1.791         
 1326   547  19.091   0.867   0.499
 1327   547  19.093   1.182   0.452
 1328   547  19.098   1.326         
 1329   547  19.104   1.450   1.063
 1330   547  19.107   1.483         
 1331   547  19.107   1.278         
 1332   547  19.110   1.080   0.609
 1334   547  19.111   1.821         
 1335   547  19.111   1.248         
 1336   547  19.114   1.383         
 1337   547  19.115   1.383         
 1339   547  19.117   1.276   0.861
 1340   547  19.119   0.803         
 1341   547  19.121   1.489         
 1342   547  19.122   1.172   0.876
 1343   547  19.124   1.045   0.593
 1344   547  19.125   1.433         
 1345   547  19.125   1.196   1.020
 1346   547  19.126   1.726   2.089
 1347   547  19.128   1.370         
 1348   547  19.131   0.862         
 1349   547  19.132   1.243   0.680
 1350   547  19.133   0.691   0.504
 1351   547  19.134   1.118   0.555
 1352   547  19.136   0.952         
 1353   547  19.138   1.376   1.004
 1354   547  19.141   1.341   1.109
 1355   547  19.143   1.881   0.118
 1356   547  19.144   3.189         
 1357   547  19.144   1.249         
 1358   547  19.145   1.191   0.706
 1359   547  19.147   1.615         
 1360   547  19.148   1.363         
 1361   547  19.148   1.418   0.668
 1362   547  19.149   1.408         
 1363   547  19.153   1.338   0.597
 1364   547  19.154   1.273   0.795
 1365   547  19.154   1.103   0.476
 1366   547  19.156   1.189   0.605
 1367   547  19.159   1.410         
 1368   547  19.161   1.128   0.496
 1370   547  19.163   1.306         
 1371   547  19.163   1.285   0.782
 1373   547  19.170   1.015   0.579
 1374   547  19.171   1.305         
 1375   547  19.172   1.162   0.489
 1376   547  19.178   1.266   0.843
 1377   547  19.181   1.160         
 1378   547  19.182   1.099   0.484
 1379   547  19.183   1.317   0.842
 1380   547  19.184   1.519         
 1382   547  19.192   1.407   0.967
 1383   547  19.194   1.168   0.545
 1384   547  19.195   1.397         
 1385   547  19.203   1.194   0.553
 1386   547  19.205   1.364   0.705
 1388   547  19.207   1.288   0.663
 1389   547  19.210   1.525         
 1390   547  19.214   1.418         
 1391   547  19.215   1.306   0.623
 1392   547  19.215   1.229   0.856
 1393   547  19.216   1.263   0.779
 1394   547  19.217   1.161   0.688
 1395   547  19.220   1.220   0.612
 1396   547  19.222   1.498         
 1398   547  19.224   1.267         
 1399   547  19.224   1.422   0.920
 1400   547  19.224   1.388         
 1401   547  19.227   1.102   0.672
 1402   547  19.228   1.159   0.553
 1403   547  19.230   1.653         
 1404   547  19.231  -0.073   0.579
 1405   547  19.235   1.306         
 1407   547  19.237   1.255   0.674
 1408   547  19.240   1.358         
 1409   547  19.240   1.361         
 1410   547  19.241   1.305   0.982
 1411   547  19.241   1.189   0.473
 1412   547  19.244   1.444         
 1413   547  19.244   1.544         
 1414   547  19.251   1.550         
 1415   547  19.251   1.778         
 1416   547  19.252   1.297   0.662
 1417   547  19.253   1.183   0.882
 1419   547  19.254   1.521   0.898
 1420   547  19.254   1.370         
 1422   547  19.255   1.446   1.093
 1423   547  19.256   1.366         
 1424   547  19.258   1.260         
 1425   547  19.260   1.566         
 1426   547  19.261   1.095   0.410
 1427   547  19.264   1.223         
 1428   547  19.266   1.309   0.628
 1430   547  19.268   1.301         
 1431   547  19.269   1.427   1.297
 1432   547  19.272   1.162   0.776
 1433   547  19.281   1.239   0.774
 1434   547  19.283   1.496   1.322
 1435   547  19.285   1.449         
 1436   547  19.286   1.793         
 1437   547  19.287   1.209   0.446
 1438   547  19.287   1.292         
 1439   547  19.289   1.703         
 1440   547  19.290   1.380         
 1441   547  19.292   1.553         
 1443   547  19.296   1.237   0.800
 1444   547  19.298   1.212   0.937
 1445   547  19.299   1.155         
 1446   547  19.300   1.235   0.729
 1447   547  19.305   1.583   1.230
 1448   547  19.305   1.750         
 1449   547  19.305   1.025         
 1450   547  19.306   1.890         
 1452   547  19.313   1.332   0.855
 1456   547  19.324   1.572   1.239
 1457   547  19.325   1.242         
 1458   547  19.326   1.635         
 1459   547  19.328   1.244   0.622
 1460   547  19.329   1.460   0.785
 1461   547  19.333   1.185   0.548
 1462   547  19.335   1.120         
 1463   547  19.336   0.982         
 1464   547  19.336   1.543         
 1465   547  19.337   1.272   0.786
 1466   547  19.339   1.364   0.546
 1467   547  19.340   1.640         
 1468   547  19.340   1.287   0.940
 1469   547  19.340   1.409         
 1470   547  19.347   1.589   0.614
 1472   547  19.348   1.720         
 1473   547  19.349   1.357         
 1474   547  19.349   1.144         
 1475   547  19.350   1.274         
 1476   547  19.351   1.089   0.425
 1477   547  19.353   1.471         
 1478   547  19.354   1.400         
 1479   547  19.360   1.111   0.486
 1480   547  19.360   1.536         
 1481   547  19.362   1.075   0.476
 1482   547  19.368   1.359   0.647
 1483   547  19.368   1.741         
 1484   547  19.370   1.188   0.602
 1486   547  19.375   1.215         
 1487   547  19.376   1.310   0.563
 1488   547  19.376   1.231   0.558
 1490   547  19.378   1.097   0.917
 1491   547  19.378   1.369         
 1492   547  19.380   1.407         
 1493   547  19.380   1.285         
 1495   547  19.383   1.237         
 1496   547  19.384   1.464         
 1497   547  19.385   1.200         
 1499   547  19.387   1.275         
 1501   547  19.393   1.561   1.134
 1502   547  19.393   1.407   0.749
 1503   547  19.393   1.308         
 1505   547  19.399   1.186         
 1506   547  19.401   1.523         
 1507   547  19.403   1.443   0.838
 1508   547  19.403   1.307         
 1509   547  19.403   1.175   0.587
 1510   547  19.405   1.399         
 1511   547  19.408   1.425         
 1512   547  19.408   1.325   0.763
 1513   547  19.408   1.703         
 1514   547  19.408   1.301         
 1515   547  19.410   1.108   0.507
 1516   547  19.411   1.319   0.791
 1517   547  19.418   1.459         
 1518   547  19.418   1.451   0.986
 1519   547  19.418   1.532         
 1520   547  19.418   1.538         
 1521   547  19.422   1.189         
 1522   547  19.422   1.402         
 1524   547  19.424   1.481         
 1525   547  19.425   1.305         
 1527   547  19.427   1.268   0.782
 1528   547  19.430   1.390         
 1529   547  19.432   1.311         
 1530   547  19.432   1.290   0.562
 1531   547  19.435   1.213   0.549
 1532   547  19.435   1.300         
 1533   547  19.435   1.254   0.690
 1534   547  19.439   1.450   1.027
 1535   547  19.443   1.830         
 1536   547  19.443   1.416         
 1537   547  19.444   1.509   0.692
 1538   547  19.447  -0.347   0.489
 1539   547  19.448   1.170   0.712
 1540   547  19.451   1.063   0.624
 1541   547  19.452   1.272   0.520
 1542   547  19.452   1.109   0.543
 1543   547  19.455   1.424         
 1544   547  19.455   1.620         
 1545   547  19.458   1.304   0.758
 1546   547  19.460   1.135   0.545
 1547   547  19.462   1.328   0.603
 1548   547  19.462   1.391         
 1549   547  19.464   1.405         
 1550   547  19.464   1.174   0.587
 1551   547  19.465   1.687         
 1552   547  19.469   1.518   0.704
 1553   547  19.471   1.245         
 1554   547  19.472   1.563         
 1555   547  19.472   1.089         
 1556   547  19.472   1.757         
 1557   547  19.479   1.230   0.645
 1558   547  19.479   1.232         
 1559   547  19.482           0.491
 1560   547  19.482   1.445         
 1561   547  19.483   1.321         
 1562   547  19.487   1.155   0.490
 1563   547  19.487   1.267   0.637
 1564   547  19.489   1.143         
 1565   547  19.491   0.594         
 1566   547  19.491   1.356         
 1567   547  19.491   1.388   0.857
 1568   547  19.493   1.232   0.650
 1569   547  19.493   1.175         
 1570   547  19.494   1.200         
 1571   547  19.494   1.364         
 1572   547  19.497   1.147         
 1573   547  19.498   1.449         
 1574   547  19.498   1.420         
 1575   547  19.499   1.398         
 1576   547  19.502   1.203   0.544
 1577   547  19.505   1.400         
 1578   547  19.505   1.262         
 1579   547  19.507   1.410   1.202
 1580   547  19.512   1.918         
 1581   547  19.513   1.845         
 1582   547  19.514   1.159         
 1585   547  19.519   1.264   0.742
 1586   547  19.519   1.304   0.534
 1587   547  19.520   1.298         
 1588   547  19.521   1.130   0.709
 1589   547  19.522   1.877         
 1590   547  19.524   1.345   0.556
 1591   547  19.524   1.338         
 1592   547  19.525   1.430         
 1593   547  19.525   1.409   0.664
 1594   547  19.527   1.272         
 1595   547  19.528   1.689   1.636
 1596   547  19.530   1.373         
 1597   547  19.532   1.632         
 1599   547  19.534   1.701         
 1600   547  19.535   1.397         
 1601   547  19.536   1.122         
 1602   547  19.536   1.322   0.517
 1603   547  19.537   1.852         
 1604   547  19.537   1.646         
 1605   547  19.539   1.251   0.686
 1606   547  19.541   1.356         
 1607   547  19.541   1.559         
 1608   547  19.541   1.461         
 1609   547  19.544   1.801         
 1610   547  19.544   1.550         
 1611   547  19.544   1.890         
 1612   547  19.548   1.342         
 1615   547  19.558   1.251         
 1616   547  19.559   1.837         
 1617   547  19.560   1.435         
 1619   547  19.563   1.172   0.646
 1620   547  19.566   1.430   0.978
 1621   547  19.566   1.382         
 1622   547  19.567   1.616         
 1624   547  19.570   1.632   1.327
 1625   547  19.570   1.368   0.679
 1628   547  19.574   1.173         
 1629   547  19.577   1.584         
 1630   547  19.580   1.109   0.463
 1631   547  19.580   1.446   0.302
 1632   547  19.581   0.894   0.962
 1633   547  19.587   1.307         
 1634   547  19.587   1.088         
 1635   547  19.588   1.359   0.477
 1636   547  19.590   1.179   0.502
 1637   547  19.592   1.650         
 1638   547  19.592   1.349         
 1639   547  19.592   1.258         
 1640   547  19.594   1.654         
 1641   547  19.595   1.187   0.590
 1642   547  19.599   1.579   1.528
 1643   547  19.603   1.413   0.699
 1645   547  19.606   1.387   1.071
 1646   547  19.606   1.235         
 1647   547  19.609   1.437   1.027
 1648   547  19.613   1.221   0.544
 1649   547  19.615   1.694         
 1650   547  19.616   1.526         
 1651   547  19.617   1.255         
 1652   547  19.618   1.574         
 1653   547  19.620   1.265   0.583
 1654   547  19.624   1.522         
 1656   547  19.628   1.386   0.941
 1657   547  19.628   1.122   0.650
 1658   547  19.629   1.889   1.319
 1659   547  19.631   1.196   0.595
 1660   547  19.632   1.850   1.577
 1661   547  19.636   1.309         
 1662   547  19.638   1.366   0.403
 1663   547  19.639   1.233         
 1664   547  19.641   1.422         
 1666   547  19.644   1.196   0.425
 1667   547  19.644   1.803   1.056
 1668   547  19.649   1.394         
 1669   547  19.650   1.341         
 1670   547  19.651   1.109   0.993
 1671   547  19.653   1.916         
 1672   547  19.656   1.529         
 1673   547  19.659   1.333   0.487
 1674   547  19.660   1.440         
 1675   547  19.660   1.121   0.569
 1676   547  19.661   1.280   0.625
 1677   547  19.662   1.226         
 1678   547  19.662   1.329         
 1679   547  19.664   1.536         
 1680   547  19.664   1.258   0.303
 1681   547  19.664   1.179         
 1682   547  19.666   1.244         
 1683   547  19.666   1.262         
 1684   547  19.667   1.347         
 1685   547  19.668   1.484         
 1686   547  19.670   1.367         
 1687   547  19.671   1.712         
 1688   547  19.671   1.764         
 1690   547  19.677   1.262   0.998
 1691   547  19.679   1.238   0.701
 1693   547  19.688   1.288         
 1694   547  19.688   1.342   1.094
 1697   547  19.695   1.384         
 1698   547  19.696   1.348         
 1699   547  19.699   1.306         
 1702   547  19.703   1.299   0.417
 1703   547  19.703   1.424   0.723
 1704   547  19.703   1.426         
 1705   547  19.706   1.170   0.518
 1706   547  19.706   1.291   0.637
 1707   547  19.707   1.384         
 1708   547  19.709   1.489         
 1709   547  19.709   1.297         
 1711   547  19.717   1.267   0.517
 1712   547  19.718   1.156         
 1713   547  19.720   1.410         
 1714   547  19.722   1.283         
 1715   547  19.722   1.567   0.309
 1716   547  19.722   1.247   0.403
 1718   547  19.727   1.464         
 1720   547  19.729   1.546         
 1721   547  19.729   1.261         
 1722   547  19.730   1.538   0.774
 1723   547  19.731   1.518         
 1724   547  19.732   1.377         
 1725   547  19.734   1.409   1.072
 1726   547  19.736   1.224   0.636
 1728   547  19.741   1.343   0.443
 1730   547  19.750   1.357         
 1731   547  19.754   1.246         
 1733   547  19.759   1.226   0.556
 1734   547  19.760   1.358         
 1735   547  19.766   1.386         
 1736   547  19.767   1.246         
 1737   547  19.768   1.491   0.596
 1738   547  19.770   1.547         
 1739   547  19.776   1.939   0.962
 1740   547  19.777   1.139         
 1741   547  19.778   1.125   0.532
 1742   547  19.778   1.416         
 1743   547  19.781   1.215   0.601
 1744   547  19.782   1.261         
 1745   547  19.783   1.412         
 1746   547  19.786   1.762         
 1747   547  19.799   1.438         
 1748   547  19.801   1.412         
 1749   547  19.801   1.681         
 1752   547  19.805   1.381   0.585
 1753   547  19.806   1.206         
 1754   547  19.810   1.829         
 1755   547  19.811   1.066         
 1756   547  19.812   1.343         
 1757   547  19.813   1.230         
 1758   547  19.813   1.319         
 1759   547  19.814   2.084         
 1761   547  19.821   1.373         
 1762   547  19.823   1.333         
 1763   547  19.825   1.419         
 1764   547  19.826   1.401         
 1766   547  19.831   1.660         
 1767   547  19.832   1.286         
 1769   547  19.834   1.561         
 1770   547  19.835   1.342         
 1771   547  19.837   1.234         
 1772   547  19.837   1.176         
 1774   547  19.841   1.296         
 1775   547  19.842   1.539   0.859
 1776   547  19.842   1.422         
 1777   547  19.843   1.722         
 1781   547  19.846   1.380         
 1783   547  19.847   1.573   1.454
 1785   547  19.848   1.270         
 1786   547  19.848   1.531         
 1789   547  19.853   1.320         
 1790   547  19.854   1.292         
 1792   547  19.858   1.406         
 1794   547  19.862   1.211         
 1795   547  19.867   1.153         
 1796   547  19.868   1.341         
 1797   547  19.870   1.185         
 1798   547  19.870   1.329         
 1799   547  19.871   1.390         
 1800   547  19.872   1.317         
 1801   547  19.873   1.227   0.630
 1802   547  19.876   1.379         
 1803   547  19.877   1.532         
 1804   547  19.878   1.090   0.471
 1805   547  19.878   1.249   0.440
 1806   547  19.882   1.098         
 1807   547  19.884   1.371         
 1808   547  19.889   1.698   0.452
 1809   547  19.891   1.285   0.447
 1811   547  19.892   1.357   1.064
 1812   547  19.894   1.371         
 1814   547  19.895   0.338         
 1815   547  19.895   1.377         
 1816   547  19.896   1.561         
 1818   547  19.900   1.603         
 1821   547  19.907   1.447         
 1822   547  19.909   1.384         
 1823   547  19.910   1.232         
 1826   547  19.912   1.330   0.713
 1829   547  19.922   1.296         
 1830   547  19.923   1.450         
 1831   547  19.930   1.903         
 1833   547  19.932   1.310         
 1834   547  19.932   1.510         
 1836   547  19.939   1.388         
 1837   547  19.940   1.356         
 1840   547  19.942   1.730         
 1841   547  19.946   1.243         
 1843   547  19.948   1.486         
 1844   547  19.950   0.869         
 1846   547  19.958   1.451   0.461
 1848   547  19.961   1.279         
 1849   547  19.972   0.992         
 1850   547  19.980   1.521         
 1851   547  19.984   1.330   0.730
 1852   547  19.987   1.304         
 1856   547  19.993   1.106         
 1858   547  20.002   1.324   0.693
 1859   547  20.003   1.540         
 1860   547  20.006   1.214         
 1862   547  20.007   1.248         
 1863   547  20.009   1.410         
 1864   547  20.010   1.450         
 1865   547  20.011   1.340         
 1866   547  20.013   1.684         
 1867   547  20.014   1.757         
 1868   547  20.017   1.226  -0.138
 1869   547  20.019   1.485         
 1871   547  20.022   1.385         
 1872   547  20.022   1.277   1.058
 1874   547  20.024   1.659         
 1875   547  20.026   1.583         
 1876   547  20.026   1.713         
 1878   547  20.040   1.719         
 1879   547  20.041   1.179         
 1884   547  20.045   1.638         
 1886   547  20.054   1.650         
 1887   547  20.058   0.779   0.152
 1888   547  20.060   1.418         
 1892   547  20.072   1.670         
 1894   547  20.073   1.210         
 1895   547  20.074   1.298         
 1896   547  20.076   1.368   0.947
 1898   547  20.078   1.853         
 1899   547  20.083   1.202         
 1900   547  20.083   1.250   0.410
 1901   547  20.083   1.230         
 1902   547  20.084   1.072         
 1903   547  20.087   1.244         
 1906   547  20.093   1.409         
 1909   547  20.101   0.982         
 1910   547  20.104   1.716         
 1911   547  20.105   1.248         
 1912   547  20.105   1.317         
 1914   547  20.107   1.415         
 1917   547  20.113   1.511         
 1919   547  20.119   1.582         
 1921   547  20.126   1.560         
 1925   547  20.133   1.233         
 1927   547  20.137   1.336         
 1929   547  20.141   1.219         
 1930   547  20.142   1.687         
 1932   547  20.144   1.372         
 1935   547  20.158   1.840         
 1939   547  20.167   1.393         
 1941   547  20.169   1.589         
 1953   547  20.189   1.441         
 1959   547  20.201   1.293         
 1960   547  20.203   1.779         
 1962   547  20.209   1.239         
 1963   547  20.215   1.438         
 1965   547  20.222   1.133         
 1970   547  20.235   1.565         
 1971   547  20.239   1.656         
 1973   547  20.244   1.419         
 1974   547  20.249   1.532         
 1975   547  20.250   1.465         
 1976   547  20.251   0.703         
 1978   547  20.258   1.997         
 1980   547  20.265   1.935         
 1982   547  20.271   1.446         
 1983   547  20.277   1.889         
 1984   547  20.279   1.500         
 1985   547  20.284   1.891         
 1987   547  20.287   1.217         
 1989   547  20.290   1.581         
 1992   547  20.299   1.316         
 1999   547  20.321   1.483         
 2005   547  20.338   1.458         
 2007   547  20.341   1.668   1.274
 2008   547  20.347   1.490         
 2011   547  20.350   1.472   0.128
 2013   547  20.356   1.057         
 2016   547  20.374   1.816         
 2025   547  20.400   1.736         
 2029   547  20.412   1.153         
 2030   547  20.421   1.608         
 2036   547  20.434   1.301   0.605
 2037   547  20.440   1.659         
 2038   547  20.448   1.479         
 2039   547  20.451   1.277         
 2041   547  20.466   1.415         
 2046   547  20.486   1.385         
 2051   547  20.501   1.481         
 2053   547  20.506   0.762         
 2055   547  20.511   1.133         
 2056   547  20.515   1.495         
 2060   547  20.528   1.481   0.724
 2065   547  20.542   1.638         
 2069   547  20.568   1.345         
 2071   547  20.579   0.892   0.464
 2072   547  20.583   1.308         
 2076   547  20.608   1.413         
 2082   547  20.631   1.686         
 2083   547  20.634   1.824         
 2085   547  20.649   1.580         
 2088   547  20.656   1.343         
 2090   547  20.674   1.488         
 2094   547  20.712   1.346         
 2098   547  20.738   2.119         
 2099   547  20.742   1.699         
 2105   547  20.795   1.579  -3.128
 2110   547  20.834   1.445         
 2113   547  20.888   0.907         
 2123   547  21.028   1.439         
 2125   547  21.052   1.505         
 2133   547  21.146   1.839         
 2135   547  21.238   2.296