UBV CCD observations

  No    Ref    V       B-V     U-B

 0001   450  17.138   1.204         
 0001   546  17.123   0.950   0.254
 0002   450  17.299   1.236         
 0002   546  17.298   0.984   0.327
 0003   450  16.402   1.020         
 0003   546  16.412   0.762   0.504
 0005   450  20.330   1.575         
 0005   546  20.353   0.824   1.572
 0006   450  20.918   1.642         
 0006   546  20.836   0.803   1.609
 0007   450  20.052   1.532         
 0007   546  20.134   1.354   0.884
 0008   450  19.440   1.388         
 0008   546  19.478   1.145   0.480
 0009   546  20.942   0.993   1.830
 0010   450  20.722   1.818         
 0010   546  20.616   0.869   1.699
 0011   450  20.420   2.027         
 0011   546  20.467   1.085   2.092
 0012   546  21.369   0.938   1.865
 0013   450  16.677   1.218         
 0013   546  16.678   0.949   0.270
 0014   450  18.075   1.244         
 0014   546  18.083   1.013   0.195
 0015   450  18.733   1.259         
 0015   546  18.741   1.005   0.234
 0016   450  18.312   1.220         
 0016   546  18.321   0.966   0.293
 0017   450  18.398   1.367         
 0017   546  18.401   1.070   0.276
 0018   450  20.970   1.655         
 0018   546  20.984   0.890   1.561
 0019   450  17.751   1.345         
 0019   546  17.753   1.071   0.272
 0020   450  19.304   1.454         
 0020   546  19.304   1.199   0.754
 0021   450  17.415   1.713         
 0021   546  17.408   1.490   0.665
 0023   450  18.994   1.539         
 0023   546  19.015   1.331   0.979
 0024   450  17.715   1.235         
 0024   546  17.714   0.979   0.244
 0026   450  19.579   1.516         
 0026   546  19.560   1.307   0.716
 0027   450  20.354   1.439         
 0027   546  20.426   1.224   0.794
 0028   450  17.412   1.383         
 0028   546  17.419   1.105   0.346
 0029   546  21.081   1.002   1.979
 0030   450  15.314   1.796         
 0030   546  15.306   1.618   0.999
 0031   450  17.647   1.233         
 0031   546  17.638   1.217   1.014
 0032   450  18.281   1.306         
 0032   546  18.286   1.086   0.302
 0033   450  19.771   1.423         
 0033   546  19.764   1.097   0.256
 0034   450  20.242   1.544         
 0034   546  20.286   1.319   0.810
 0035   450  19.062   1.944         
 0035   546  19.044   1.657   0.982
 0036   546  21.486   0.881   1.677
 0037   450  21.037   1.661         
 0037   546  21.002   0.847   1.562
 0038   450  17.724   1.253         
 0038   546  17.718   0.967   0.210
 0039   450  17.515   1.313         
 0039   546  17.514   0.994   0.560
 0040   450  20.006   1.590         
 0040   546  19.936   1.215   0.744
 0041   450  19.716   1.491         
 0041   546  19.756   1.258   0.785
 0042   450  15.931   0.995         
 0042   546  16.003   0.867   0.361
 0043   450  18.373   1.282         
 0043   546  18.357   1.020   0.237
 0044   450  16.038   0.927         
 0044   546  16.040   0.788   0.127
 0045   450  19.958   1.573         
 0045   546  19.883   1.271   0.771
 0046   450  19.111   1.495         
 0046   546  19.087   1.342   0.763
 0047   450  18.646   1.497         
 0047   546  18.631   1.193   0.397
 0048   450  19.783   1.614         
 0048   546  19.834   1.247   0.695
 0049   450  17.774   1.166         
 0049   546  17.762   0.935   0.167
 0051   450  20.670   1.886         
 0051   546  20.679   0.980   1.906
 0052   546  21.019   0.953   1.936
 0053   450  20.358   1.642         
 0053   546  20.378   0.775   1.604
 0054   450  18.713   1.462         
 0054   546  18.735   1.120   0.450
 0055   450  20.484   1.676         
 0055   546  20.456   0.843   1.636
 0056   450  17.149   1.169         
 0056   546  17.142   0.918   0.225
 0057   450  17.474   1.372         
 0057   546  17.473   1.108   0.328
 0058   450  18.565   1.298         
 0058   546  18.599   0.981   0.277
 0059   450  17.046   1.413         
 0059   546  17.038   1.139   0.407
 0060   450  19.261   1.346         
 0060   546  19.272   1.136   0.294
 0061   450  15.441   1.795         
 0061   546  15.437   1.602   1.002
 0062   450  20.208   1.676         
 0062   546  20.241   1.339   0.862
 0063   546  21.035   0.960   1.797
 0064   450  18.523   1.284         
 0064   546  18.537   1.034   0.206
 0065   450  15.424   0.891         
 0065   546  15.421   0.785   0.160
 0066   450  18.161   1.306         
 0066   546  18.180   1.080   0.350
 0067   450  18.425   1.254         
 0067   546  18.410   1.009   0.101
 0068   450  19.299   1.492         
 0068   546  19.294   1.212   0.750
 0069   450  19.316   1.313         
 0069   546  19.290   1.114   0.080
 0070   450  18.227   1.447         
 0070   546  18.241   1.172   0.312
 0071   450  20.712   1.641         
 0071   546  20.728   0.886   1.681
 0072   450  16.816   1.260         
 0072   546  16.803   1.013   0.275
 0073   450  19.463   1.563         
 0073   546  19.483   1.309   0.760
 0074   546  21.639   1.251   2.793
 0075   450  17.422   1.218         
 0075   546  17.421   0.967   0.254
 0076   450  18.029   1.170         
 0076   546  18.027   0.875   0.398
 0077   450  18.495   1.379         
 0077   546  18.495   1.122   0.278
 0078   546  20.771   1.307   0.795
 0079   450  19.844   1.506         
 0079   546  19.888   1.311   0.784
 0080   450  18.653   1.281         
 0080   546  18.669   1.054   0.213
 0081   546  21.404   0.998   1.964
 0082   450  17.752   1.553         
 0082   546  17.748   1.210   0.430
 0083   450  18.385   1.254         
 0083   546  18.376   1.161   0.779
 0084   450  16.756   1.941         
 0084   546  16.752   1.680   0.995
 0085   450  20.529   1.690         
 0085   546  20.505   0.892   1.651
 0086   450  18.957   1.446         
 0086   546  18.998   1.151   0.316
 0087   546  20.312   1.387   0.885
 0088   450  19.896   1.801         
 0088   546  19.921   1.489         
 0089   450  20.606   1.704         
 0089   546  20.665   0.910   1.704
 0091   450  19.362   1.594         
 0091   546  19.390   1.256   0.715
 0092   450  20.453   1.604         
 0092   546  20.563   0.834   1.674
 0093   450  19.486   1.457         
 0093   546  19.655   1.300   0.677
 0094   450  19.603   1.575         
 0094   546  19.636   1.288   0.848
 0095   546  20.997   0.833   1.626
 0096   450  15.189   0.959         
 0096   546  15.206   0.834   0.181
 0097   450  20.755   1.805         
 0097   546  20.627   0.852   1.570
 0098   546  21.339   0.947   1.692
 0099   546  20.684   0.858   1.648
 0100   450  18.155   1.388         
 0100   546  18.148   1.104   0.352
 0101   450  20.114   1.650         
 0101   546  20.213   1.373   0.893
 0103   450  20.680   1.767         
 0103   546  20.860   0.980   1.850
 0104   450  19.218   1.565         
 0104   546  19.198   1.323   0.776
 0105   450  16.746   1.363         
 0106   450  19.566   1.573         
 0106   546  19.568   1.390   0.822
 0108   450  12.777   1.696         
 0108   546  12.786   1.652   1.161
 0109   450  18.397   1.381         
 0109   546  18.419   1.081   0.280
 0110   450  18.318   1.474         
 0110   546  18.270   1.130   0.232
 0111   450  18.816   1.435         
 0111   546  18.807   1.156   0.691
 0112   450  20.778   1.826         
 0112   546  20.862   0.955   1.859
 0114   450  18.093   1.352         
 0114   546  18.099   1.069   0.306
 0116   546  21.397   0.599   1.441
 0117   450  19.688   1.503         
 0117   546  19.709   1.221   0.792
 0118   450  17.830   1.374         
 0118   546  17.840   1.083   0.287
 0119   450  17.595   1.471         
 0119   546  17.593   1.161   0.338
 0121   450  19.272   1.526         
 0121   546  19.299   1.348   0.775
 0123   546  21.420   1.037   1.975
 0124   450  17.613   1.370         
 0124   546  17.605   1.097   0.321
 0125   450  19.095   1.385         
 0125   546  19.097   1.135  -0.052
 0126   450  18.589   1.339         
 0126   546  18.590   1.057   0.337
 0127   450  19.768   1.658         
 0127   546  19.792   1.291   0.804
 0128   450  20.286   1.699         
 0128   546  20.327   0.893   1.809
 0129   450  20.256   1.595         
 0129   546  20.318   0.799   1.669
 0130   450  19.138   1.319         
 0130   546  19.130   1.136   0.096
 0131   450  20.979   1.684         
 0131   546  20.979   0.878   1.677
 0132   546  21.119   0.871   1.886
 0133   450  19.640   1.413         
 0133   546  19.702   1.249   0.750
 0134   450  18.714   1.470         
 0134   546  18.711   1.167   0.313
 0135   546  21.172   0.770   1.440
 0136   450  16.214   1.414         
 0136   546  16.218   1.274   0.828
 0137   450  18.563   1.468         
 0137   546  18.556   1.174   0.361
 0138   450  18.059   1.150         
 0138   546  18.051   0.921   0.227
 0139   450  17.473   1.386         
 0139   546  17.476   1.102   0.292
 0140   450  17.920   1.387         
 0140   546  17.929   1.111   0.277
 0141   450  18.973   1.258         
 0141   546  18.999   1.054   0.194
 0142   450  20.006   1.438         
 0142   546  20.009   1.290   0.707
 0143   450  20.340   1.664         
 0143   546  20.409   1.395   0.957
 0146   450  21.023   2.120         
 0147   450  18.902   1.419         
 0147   546  18.927   1.158   0.241
 0148   450  17.738   1.397         
 0148   546  17.730   1.131   0.378
 0150   450  19.553   1.328         
 0150   546  19.565   1.135   0.679
 0152   450  17.451   1.248         
 0152   546  17.468   0.973   0.558
 0153   450  19.128   1.546         
 0153   546  19.126   1.173   0.298
 0154   450  19.809   1.490         
 0154   546  19.852   1.151   0.760
 0155   450  17.737   1.494         
 0155   546  17.716   1.204   0.359
 0156   546  20.899   0.978   1.967
 0157   450  18.727   1.066         
 0157   546  18.726   0.888   0.404
 0158   450  18.201   1.238         
 0158   546  18.193   0.981   0.165
 0159   450  19.138   1.443         
 0159   546  19.107   1.145   0.450
 0160   450  20.076   1.444         
 0160   546  20.091   1.249   0.754
 0161   450  17.579   2.115         
 0161   546  17.541   1.804   0.842
 0162   450  18.175   1.349         
 0162   546  18.178   1.062   0.282
 0163   450  20.978   1.796         
 0163   546  20.874   0.816   1.906
 0164   450  17.941   1.176         
 0164   546  17.969   0.937   0.199
 0165   450  19.774   1.392         
 0165   546  19.780   1.159   0.724
 0166   450  18.567   1.145         
 0166   546  18.572   0.924   0.291
 0167   450  18.589   1.271         
 0167   546  18.618   1.051   0.215
 0168   450  17.126   1.092         
 0168   546  17.270   0.782   0.212
 0169   450  17.101   1.182         
 0169   546  17.098   0.953   0.261
 0170   546  22.031   1.371   2.640
 0171   450  15.747   1.679         
 0171   546  15.750   1.522   0.986
 0172   450  18.344   1.369         
 0172   546  18.357   1.237   0.731
 0173   450  17.672   1.479         
 0173   546  17.688   1.171   0.334
 0174   450  18.371   1.416         
 0174   546  18.349   1.122   0.494
 0175   450  20.214   1.598         
 0175   546  20.143   1.459   0.804
 0176   450  18.487   1.503         
 0176   546  18.483   1.155   0.423
 0177   450  19.156   1.281         
 0177   546  19.175   1.090   0.360
 0178   450  20.184   1.675         
 0178   546  20.208   0.834   1.752
 0179   450  20.896   1.856         
 0179   546  20.868   0.935   1.790
 0180   450  19.903   1.409         
 0180   546  19.976   1.267   0.737
 0181   450  20.066   2.140         
 0181   546  20.051   1.055   2.083
 0182   450  17.701   1.355         
 0182   546  17.705   1.091   0.301
 0183   450  16.584   0.958         
 0183   546  16.593   0.758   0.202
 0184   450  20.105   1.636         
 0184   546  20.165   1.374   0.861
 0185   450  17.989   1.420         
 0185   546  17.999   1.120   0.319
 0186   450  19.141   1.341         
 0186   546  19.177   1.175   0.702
 0187   450  17.581   1.255         
 0187   546  17.552   1.001   0.273
 0188   450  17.672   1.335         
 0188   546  17.703   1.099   0.370
 0189   450  17.185   1.761         
 0189   546  17.179   1.539   0.784
 0190   450  18.482   1.474         
 0190   546  18.495   1.122   0.450
 0191   450  19.357   1.574         
 0191   546  19.410   1.260   0.766
 0192   450  19.018   1.665         
 0192   546  19.000   1.493   0.881
 0193   450  17.968   1.439         
 0193   546  17.960   1.149   0.286
 0194   546  18.773   1.103   0.058
 0196   450  20.639   1.687         
 0197   546  20.069   1.271   0.759
 0198   450  15.503   1.872         
 0198   546  15.507   1.706   1.180
 0199   450  18.400   1.394         
 0199   546  18.403   1.132   0.200
 0200   450  17.594   1.310         
 0200   546  17.624   1.045   0.306
 0201   450  15.383   1.807         
 0201   546  15.372   1.582   0.865
 0202   450  19.328   1.587         
 0202   546  19.483   1.239   0.804
 0203   450  19.451   1.568         
 0203   546  19.485   1.344   0.776
 0204   450  16.488   0.805         
 0204   546  16.498   0.651   0.438
 0205   450  15.004   1.024         
 0205   546  15.010   0.925   0.490
 0206   450  18.839   1.384         
 0206   546  18.829   1.109   0.555
 0207   450  19.128   1.533         
 0207   546  19.018   1.235   0.185
 0208   546  21.093   0.860   1.669
 0209   450  19.346   1.362         
 0209   546  19.329   1.156   0.668
 0210   450  19.563   1.520         
 0210   546  19.621   1.324   0.776
 0211   450  17.284   1.391         
 0211   546  17.306   1.093   0.348
 0212   546  19.895   1.355   0.727
 0213   450  18.395   1.404         
 0213   546  18.396   1.096   0.400
 0214   546  21.184   0.876   1.904
 0215   450  17.707   1.356         
 0215   546  17.716   1.091   0.332
 0217   450  17.285   1.329         
 0217   546  17.288   1.056   0.298
 0218   450  20.160   1.570         
 0218   546  20.255   1.378   0.797
 0219   450  19.306   1.410         
 0219   546  19.409   1.187   0.222
 0220   450  19.790   1.483         
 0220   546  19.861   1.400   0.801
 0221   450  18.518   1.387         
 0221   546  18.548   1.124   0.258
 0222   450  20.246   1.310         
 0222   546  20.214   1.085   0.682
 0223   546  21.294   0.958   1.747
 0224   450  18.788   1.555         
 0224   546  18.794   1.287   0.603
 0225   450  20.111   1.443         
 0225   546  20.175   1.270   0.761
 0226   450  19.548   1.530         
 0226   546  19.558   1.364   0.777
 0227   450  18.341   1.356         
 0227   546  18.374   1.056   0.292
 0228   450  20.156   1.544         
 0228   546  20.288   1.252   0.825
 0229   546  20.801   0.812   1.583
 0230   450  19.290   1.438         
 0230   546  19.326   1.344   0.374
 0231   450  17.941   1.131         
 0231   546  17.923   0.994   0.371
 0232   546  18.881   1.137   0.564
 0233   450  19.379   1.737         
 0233   546  19.338   1.253   0.660
 0234   450  19.694   1.392         
 0234   546  19.695   1.192   0.692
 0235   450  20.139   1.597         
 0235   546  20.263   1.459   0.896
 0236   450  15.220   1.736         
 0236   546  15.211   1.567   0.964
 0237   546  21.099   0.831   1.665
 0238   450  18.261   1.290         
 0238   546  18.295   1.070   0.319
 0239   546  21.432   1.736         
 0240   546  18.733   1.127   0.724
 0241   450  19.302   1.379         
 0241   546  19.298   1.199   0.677
 0242   546  10.339   0.991   0.503
 0243   450  17.146   1.074         
 0243   546  17.150   0.907   0.200
 0244   450  18.232   1.886         
 0244   546  18.229   1.456   0.906
 0246   450  17.037   1.224         
 0246   546  17.045   0.993   0.250
 0247   546  18.207   1.046  -0.079
 0248   450  18.246   1.239         
 0248   546  18.265   1.037   0.261
 0249   450  18.133   1.283         
 0249   546  18.126   0.992   0.213
 0250   450  20.827   1.737         
 0250   546  20.846   0.808   1.601
 0251   546  20.093   0.849   1.648
 0252   450  18.794   1.369         
 0252   546  18.786   1.146   0.198
 0253   450  18.876   1.577         
 0253   546  18.998   1.218   0.755
 0254   450  17.388   1.456         
 0254   546  17.410   1.163   0.339
 0255   450  19.203   1.272         
 0255   546  19.240   1.149   0.628
 0256   450  20.676   1.575         
 0257   450  17.066   1.313         
 0257   546  17.078   1.052   0.332
 0258   450  17.050   1.267         
 0258   546  17.072   1.012   0.322
 0259   450  19.409   1.602         
 0259   546  19.313   1.258   0.724
 0260   450  18.158   1.379         
 0260   546  18.155   1.054   0.304
 0261   546  20.395   0.886   1.712
 0262   450  21.622   1.186         
 0262   546  21.511   0.699   1.128
 0263   450  15.073   1.703         
 0263   546  15.056   1.505   0.769
 0264   450  17.147   1.331         
 0264   546  17.207   1.052   0.290
 0265   450  15.744   0.851         
 0265   546  15.777   0.705   0.445
 0266   450  14.959   1.802         
 0266   546  14.970   1.662   1.186
 0267   546  21.112   0.918   1.763
 0268   546  21.777   0.614   1.478
 0269   450  20.452   1.672         
 0269   546  20.510   0.881   1.728
 0270   450  17.692   1.291         
 0270   546  17.701   0.994   0.368
 0271   450  14.940   1.762         
 0271   546  14.934   1.600   1.074
 0272   546  21.339   1.146   2.276
 0273   450  17.806   1.168         
 0273   546  17.811   0.984   0.283
 0274   450  15.043   1.639         
 0274   546  15.047   1.518   0.986
 0275   450  19.777   1.531         
 0275   546  19.813   1.398   0.747
 0276   450  20.770   1.696         
 0276   546  20.854   0.988   1.792
 0277   450  20.390   1.417         
 0277   546  20.456   1.381   0.754
 0278   450  17.379   1.341         
 0278   546  17.377   1.074   0.292
 0279   450  17.084   1.322         
 0279   546  17.062   1.060   0.289
 0280   450  17.960   1.254         
 0280   546  17.957   0.992   0.257
 0281   450  20.076   1.480         
 0281   546  20.102   1.355   0.778
 0282   450  20.321   1.597         
 0282   546  20.376   0.903   1.594
 0283   546  20.808   0.948   1.874
 0284   450  17.507   1.391         
 0284   546  17.527   1.091   0.310
 0285   546  20.254   0.746   1.740
 0286   450  18.766   1.614         
 0286   546  18.774   1.454   0.860
 0287   450  20.533   1.579         
 0287   546  20.588   0.886   1.571
 0288   450  18.619   1.375         
 0288   546  18.618   1.135   0.252
 0289   450  18.755   1.341         
 0289   546  18.778   1.142   0.178
 0290   450  20.179   1.425         
 0290   546  20.129   1.313   0.785
 0291   450  20.153   1.510         
 0291   546  20.157   1.257   0.742
 0292   450  18.394   1.386         
 0292   546  18.402   1.106   0.423
 0293   450  17.849   1.179         
 0293   546  17.859   0.962   0.240
 0294   450  15.150   1.638         
 0294   546  15.159   1.530   1.101
 0295   450  17.145   1.303         
 0295   546  17.162   1.030   0.299
 0296   450  16.868   1.256         
 0296   546  16.872   1.019   0.298
 0297   450  18.658   1.446         
 0297   546  18.583   1.159   0.297
 0298   450  20.284   1.512         
 0298   546  20.276   1.241   0.785
 0299   450  19.841   1.579         
 0299   546  19.929   1.266   0.793
 0300   450  19.833   1.422         
 0300   546  19.911   1.193   0.779
 0301   450  20.644   1.740         
 0302   450  16.893   1.395         
 0302   546  16.991   1.010   0.376
 0303   450  20.568   2.335         
 0303   546  20.490   1.120   2.285
 0304   450  17.178   1.332         
 0304   546  17.225   0.943   0.294
 0305   450  19.611   1.448         
 0305   546  19.682   1.273   0.779
 0306   450  19.332   1.176         
 0306   546  19.385   1.064   0.223
 0308   450  19.435   1.521         
 0308   546  19.459   1.340   0.075
 0309   450  16.413   1.761         
 0309   546  16.409   1.544   0.858
 0310   450  17.553   1.232         
 0310   546  17.522   0.971   0.271
 0311   450  18.810   1.379         
 0311   546  18.824   1.265   0.685
 0312   450  17.437   1.272         
 0312   546  17.444   0.966   0.220
 0313   450  20.582   2.253         
 0313   546  20.606   1.153   2.314
 0314   546  19.590   1.278   0.716
 0315   450  17.362   1.227         
 0315   546  17.357   0.974   0.258
 0316   546  21.288   1.020   1.989
 0317   450  18.643   1.334         
 0317   546  18.691   1.080   0.179
 0318   450  16.972   1.312         
 0318   546  16.973   1.046   0.294
 0319   450  19.723   1.427         
 0319   546  19.760   1.226   0.711
 0321   450  21.215   1.875         
 0322   450  18.219   1.811         
 0322   546  18.282   1.390   0.887
 0323   450  17.190   1.224         
 0323   546  17.170   0.979   0.313
 0324   450  20.044   1.387         
 0324   546  19.968   1.245   0.746
 0325   450  15.165   1.692         
 0325   546  15.159   1.547   1.004
 0326   450  20.515   1.483         
 0326   546  20.535   0.788   1.511
 0327   450  20.341   1.583         
 0327   546  20.350   1.399   0.797
 0328   450  20.450   1.517         
 0328   546  20.430   1.251   0.783
 0329   450  17.882   1.218         
 0329   546  17.889   1.004   0.282
 0330   546  21.610   1.166   2.120
 0331   450  20.262   1.240         
 0332   450  18.520   1.404         
 0332   546  18.547   1.171   0.209
 0333   450  17.825   1.279         
 0333   546  17.840   1.040   0.247
 0334   450  17.803   1.245         
 0334   546  17.818   0.989   0.299
 0335   450  17.364   1.242         
 0335   546  17.347   0.967   0.226
 0336   450  15.287   1.766         
 0336   546  15.295   1.594   1.037
 0337   546  21.103   0.765   1.489
 0338   450  19.955   1.470         
 0338   546  19.893   1.250   0.758
 0339   450  17.183   1.163         
 0339   546  17.180   0.945   0.226
 0340   450  18.314   1.133         
 0340   546  18.312   0.978   0.307
 0341   450  17.300   1.173         
 0341   546  17.346   0.992   0.276
 0342   450  20.258   1.561         
 0342   546  20.209   1.290   0.804
 0343   546  21.489   1.009   1.965
 0344   450  17.281   1.234         
 0344   546  17.281   0.999   0.288
 0345   450  17.829   1.182         
 0345   546  17.834   0.953   0.270
 0347   450  18.711   1.400         
 0347   546  18.712   1.129   0.093
 0348   450  17.695   1.277         
 0348   546  17.772   0.936   0.179
 0349   450  20.831   1.986         
 0349   546  20.980   1.079   1.964
 0350   450  18.532   1.215         
 0350   546  18.554   1.005   0.254
 0351   450  16.788   1.268         
 0351   546  16.785   1.009   0.264
 0352   450  19.694   1.403         
 0352   546  19.678   1.260   0.716
 0353   450  18.495   1.902         
 0353   546  18.489   1.534   0.978
 0354   450  18.857   1.340         
 0354   546  18.867   1.080   0.278
 0355   450  18.251   1.956         
 0355   546  18.227   1.662   0.949
 0356   450  17.081   1.168         
 0356   546  17.066   0.930   0.253
 0357   450  16.751   1.146         
 0357   546  16.761   0.928   0.240
 0359   450  16.634   1.053         
 0359   546  16.641   0.974   0.521
 0360   450  19.092   1.393         
 0360   546  19.157   1.203   0.703
 0362   546  20.193   1.581   0.863
 0363   450  17.268   1.536         
 0363   546  17.281   1.321   0.531
 0365   450  18.799   1.384         
 0365   546  18.804   1.257   0.711
 0366   450  19.518   1.365         
 0366   546  19.512   1.085  -0.214
 0367   450  20.006   1.739         
 0367   546  19.979   1.358   0.857
 0368   450  20.197   1.479         
 0368   546  20.198   1.333   0.812
 0369   450  18.117   1.170         
 0369   546  18.139   0.950   0.121
 0370   450  21.365   1.771         
 0370   546  21.256   0.821   1.596
 0371   450  20.817   1.795         
 0371   546  20.830   0.945   1.779
 0372   450  18.765   1.115         
 0372   546  18.760   1.057   0.135
 0373   450  17.871   1.150         
 0373   546  17.888   1.037   0.485
 0374   450  14.960   1.608         
 0374   546  14.957   1.472   0.905
 0375   450  20.756   1.912         
 0375   546  20.731   0.860   1.801
 0376   450  17.625   1.240         
 0376   546  17.636   0.969   0.301
 0378   450  15.493   1.607         
 0378   546  15.514   1.500   0.974
 0379   450  18.382   1.265         
 0379   546  18.390   1.089   0.311
 0380   450  20.212   1.693         
 0380   546  20.321   1.517   0.913
 0382   450  20.196   1.513         
 0382   546  20.146   1.239   0.776
 0383   450  18.625   1.157         
 0383   546  18.608   0.964   0.231
 0384   450  20.604   1.554         
 0384   546  20.714   0.831   1.637
 0385   450  18.082   1.264         
 0385   546  18.105   1.022   0.246
 0386   450  17.881   1.331         
 0386   546  17.897   1.073   0.495
 0387   450  19.220   1.391         
 0387   546  19.229   1.194   0.395
 0389   450  18.889   1.318         
 0389   546  18.854   1.058   0.335
 0390   450  17.293   1.134         
 0390   546  17.309   0.913   0.246
 0391   450  17.093   1.215         
 0391   546  17.105   0.960   0.248
 0392   450  16.860   1.244         
 0392   546  16.961   1.006   0.172
 0393   450  18.688   1.658         
 0393   546  18.693   1.484   0.908
 0395   450  17.020   1.212         
 0395   546  17.055   0.988   0.235
 0397   450  19.393   1.433         
 0397   546  19.384   1.285   0.194
 0398   546  21.322   0.930   1.695
 0399   546  21.325   0.925   1.718
 0400   450  15.197   0.661         
 0400   546  15.196   0.536   0.219
 0401   450  18.191   1.195         
 0401   546  18.231   0.969   0.204
 0402   450  19.993   1.385         
 0402   546  19.990   1.245   0.749
 0404   450  17.553   1.099         
 0404   546  17.563   0.896   0.218
 0405   546  21.603   0.948   1.697
 0406   450  20.133   1.703         
 0406   546  20.151   0.842   1.688
 0407   450  16.741   1.149         
 0407   546  16.762   0.937   0.263
 0408   450  17.229   1.190         
 0408   546  17.211   1.064   0.571
 0409   450  20.657   1.457         
 0409   546  20.704   0.849   1.681
 0410   450  17.915   1.147         
 0410   546  17.886   0.930   0.181
 0411   450  20.456   1.510         
 0411   546  20.541   0.778   1.564
 0412   450  13.262   1.289         
 0412   546  13.274   1.235   0.830
 0413   546  21.326   0.839   1.682
 0414   546  20.363   0.794   1.656
 0415   450  15.728   0.532         
 0415   546  15.728   0.457   0.322
 0416   450  17.207   1.007         
 0416   546  17.290   0.898   0.208
 0417   546  21.588   1.304   2.479
 0418   450  17.039   1.184         
 0418   546  17.060   1.113   0.787
 0419   450  16.541   1.201         
 0419   546  16.549   0.954   0.234
 0420   450  17.605   1.093         
 0420   546  17.600   0.890   0.183
 0421   450  20.230   1.675         
 0421   546  20.230   1.448   0.840
 0422   450  18.009   1.191         
 0422   546  17.994   0.944   0.236
 0423   546  19.667   1.435   0.905
 0424   450  18.559   1.788         
 0424   546  18.548   1.428   0.921
 0425   450  18.785   1.299         
 0425   546  18.822   1.010   0.346
 0428   450  16.879   1.172         
 0428   546  16.884   0.945   0.217
 0429   450  14.782   0.527         
 0429   546  14.783   0.442   0.304
 0430   450  17.692   1.042         
 0430   546  17.695   0.800   0.481
 0431   450  18.918   1.282         
 0431   546  18.929   1.073   0.175
 0432   450  19.602   1.288         
 0432   546  19.630   1.127   0.698
 0433   450  19.920   1.476         
 0433   546  19.936   1.218   0.713
 0434   450  19.790   1.324         
 0434   546  19.808   1.261   0.684
 0436   450  18.989   1.402         
 0436   546  19.001   1.174   0.457
 0437   450  14.959   1.615         
 0437   546  14.950   1.472   0.955
 0438   450  16.363   0.981         
 0438   546  16.368   0.796   0.311
 0439   450  20.826   1.450         
 0439   546  21.011   0.982   1.732
 0440   450  18.477   1.187         
 0440   546  18.476   0.969   0.167
 0443   546  21.356   1.177   2.322
 0444   450  18.121   1.274         
 0444   546  18.162   1.051   0.169
 0445   450  14.461   0.804         
 0445   546  14.459   0.618   0.441
 0446   450  20.625   1.261         
 0446   546  20.715   1.230   0.754
 0447   450  20.129   1.684         
 0447   546  20.129   1.373   0.834
 0449   450  19.301   1.461         
 0449   546  19.365   1.244   0.702
 0450   450  20.826   1.586         
 0450   546  20.828   0.761   1.541
 0452   450  21.130   2.086         
 0452   546  21.156   1.124   2.080
 0453   450  17.701   1.121         
 0453   546  17.697   0.901   0.259
 0454   450  17.370   1.190         
 0454   546  17.375   0.928   0.256
 0455   546  21.756   1.224   2.644
 0456   450  17.149   0.972         
 0456   546  17.138   0.874   0.252
 0457   450  20.962   1.776         
 0457   546  20.945   0.872   1.752
 0458   450  17.741   1.370         
 0458   546  17.765   1.087   0.372
 0459   450  18.683   1.305         
 0459   546  18.674   1.084   0.231
 0460   450  19.556   1.327         
 0460   546  19.566   1.131   0.691
 0461   450  20.883   1.309         
 0461   546  20.766   0.913   0.570
 0462   450  18.323   2.226         
 0462   546  18.278   1.588   1.155
 0463   450  19.744   1.334         
 0463   546  19.725   1.121   0.683
 0464   546  21.038   0.754   1.572
 0465   546  21.268   1.380   3.075
 0466   450  17.468   1.127         
 0466   546  17.459   0.880   0.182
 0467   450  18.705   1.270         
 0467   546  18.733   1.025   0.170
 0468   450  19.922   1.236         
 0468   546  19.928   1.372   1.223
 0470   450  17.779   1.083         
 0470   546  17.776   0.864   0.255
 0472   450  19.983   1.575         
 0472   546  19.940   1.312   0.810
 0473   450  19.181   1.321         
 0473   546  19.166   1.140   0.260
 0474   450  19.819   1.424         
 0474   546  19.814   1.218   0.723
 0475   450  17.989   1.178         
 0475   546  17.999   0.946   0.244
 0476   546  21.247   0.479   1.260
 0477   450  19.282   1.246         
 0477   546  19.327   1.123   0.626
 0478   450  19.648   1.404         
 0478   546  19.661   1.156   0.572
 0479   450  21.404   0.452         
 0481   450  19.140   1.268         
 0481   546  19.099   1.095   0.152
 0482   450  19.874   1.718         
 0482   546  19.933   0.923   1.752
 0483   450  21.052   1.845         
 0483   546  20.994   1.035   1.797
 0484   450  19.337   1.311         
 0484   546  19.342   1.123   0.650
 0485   450  19.659   1.489         
 0485   546  19.658   1.103   0.678
 0487   450  20.967   1.546         
 0487   546  21.036   0.839   1.585
 0488   450  18.936   1.286         
 0488   546  18.940   1.028   0.411
 0489   450  20.578   1.701         
 0490   546  21.344   0.804   1.581
 0491   450  20.945   1.933         
 0491   546  21.006   1.070   1.803
 0492   450  18.977   1.251         
 0492   546  18.978   1.056   0.259
 0493   450  18.134   1.260         
 0493   546  18.152   1.026   0.178
 0494   450  19.604   1.434         
 0494   546  19.603   1.062   0.344
 0495   450  19.176   1.320         
 0495   546  19.185   1.098   0.351
 0496   450  16.957   1.199         
 0496   546  16.955   0.930   0.249
 0497   450  19.638   1.357         
 0497   546  19.729   1.139   0.694
 0498   546  21.450   0.859   1.580
 0499   546  20.915   0.325   1.467
 0500   450  19.509   1.605         
 0500   546  19.412   0.973   0.826
 0501   450  17.731   1.090         
 0501   546  17.785   1.194   0.222
 0502   450  20.816   1.866         
 0502   546  20.983   1.011   2.049
 0503   450  17.400   1.084         
 0503   546  17.397   0.880   0.220
 0504   450  17.741   1.139         
 0504   546  17.753   1.019   0.519
 0505   450  20.033   2.814         
 0505   546  20.075   1.294   2.823
 0506   546  21.978   1.184   2.115
 0507   450  20.947   1.494         
 0507   546  20.863   0.766   1.416
 0508   450  19.284   1.917         
 0508   546  19.318   1.649   0.977
 0509   450  21.018   1.716         
 0509   546  20.983   0.852   1.621
 0510   450  19.411   1.324         
 0510   546  19.415   1.096   0.642
 0512   546  21.601   0.917   1.728
 0513   450  19.650   1.433         
 0513   546  19.763   1.259   0.670
 0514   546  20.975   0.985   0.742
 0515   546  21.230   0.880   1.782
 0516   450  16.964   1.129         
 0516   546  16.968   0.909   0.205
 0517   450  20.097   1.882         
 0517   546  20.022   0.861   1.739
 0519   450  20.453   2.215         
 0519   546  20.507   1.068   2.237
 0520   450  19.644   1.468         
 0520   546  19.674   1.353   0.878
 0521   450  19.890   1.385         
 0521   546  19.909   1.137   0.704
 0522   450  16.914   1.138         
 0522   546  16.916   0.910   0.269
 0523   450  20.812   1.554         
 0523   546  20.880   0.823   1.606
 0524   450  18.503   1.211         
 0524   546  18.510   0.979   0.266
 0525   450  17.953   1.114         
 0525   546  17.969   0.872   0.087
 0526   450  20.016   1.305         
 0526   546  19.977   1.068   0.520
 0527   450  17.479   1.143         
 0527   546  17.478   0.896   0.233
 0528   450  19.366   1.991         
 0528   546  19.388   1.618   1.005
 0529   450  15.793   0.920         
 0529   546  15.800   0.868   0.338
 0530   450  17.713   1.195         
 0530   546  17.723   0.910   0.185
 0532   450  15.607   1.555         
 0532   546  15.607   1.421   0.896
 0533   450  20.240   1.426         
 0533   546  20.322   1.111   0.712
 0534   450  17.168   1.087         
 0534   546  17.202   0.850   0.216
 1000   546  11.238   1.325   1.006
 1001   546  12.789   0.437   0.074
 1002   546  12.937   1.437   1.407
 1003   546  13.147   0.637   0.103
 1004   546  13.914   0.703   0.140
 1005   546  14.085   1.762   1.423
 1006   546  14.109   0.433   0.123
 1007   546  14.223   0.622   0.253
 1008   546  14.294   0.633   0.093
 1009   546  14.600   1.599   1.191
 1010   546  14.948   0.843   0.343
 1011   546  15.044   1.501   1.008
 1012   546  15.056   0.529   0.361
 1013   546  15.180   0.492   0.332
 1014   546  15.274   0.499   0.303
 1015   546  15.286   1.449   0.956
 1016   546  15.349   0.787   0.148
 1017   546  15.387   0.471   0.187
 1018   546  15.408   0.501   0.337
 1019   546  15.456   0.806   0.245
 1020   546  15.470   0.608   0.215
 1021   546  15.706   0.774   0.274
 1022   546  15.906   0.530   0.311
 1023   546  15.961   1.425   0.738
 1024   546  15.978   0.706   0.132
 1025   546  16.011   0.554   0.357
 1026   546  16.029   0.961   0.638
 1027   546  16.066   0.752   0.053
 1028   546  16.124   1.011   0.691
 1029   546  16.147   0.520   0.360
 1030   546  16.267   1.389   0.774
 1031   546  16.294   0.832   0.225
 1032   546  16.355   0.585   0.429
 1033   546  16.396   1.128   0.376
 1034   546  16.419   1.356   1.527
 1035   546  16.466   0.754   0.168
 1036   546  16.474   1.272  -0.454
 1037   546  16.476   1.396   0.764
 1038   546  16.481   0.644   0.407
 1039   546  16.496   0.770   0.094
 1040   546  16.509   0.627   0.427
 1041   546  16.561   1.884   1.676
 1042   546  16.587   0.652   0.393
 1043   546  16.632   0.800   0.126
 1044   546  16.632   1.013   0.611
 1045   546  16.686   1.350   0.722
 1046   546  16.715   0.903   0.214
 1047   546  16.730   0.830   0.209
 1048   546  16.737   0.775   0.129
 1049   546  16.812   0.770   0.263
 1050   546  16.833   0.906   0.204
 1051   546  16.858   0.931   0.221
 1052   546  16.888   0.698   0.358
 1053   546  16.912   0.856   0.175
 1054   546  16.924   1.054   0.301
 1055   546  16.950   0.892   0.217
 1056   546  16.990   0.881   0.219
 1057   546  17.053   0.885   0.238
 1058   546  17.057   0.987   0.546
 1059   546  17.059   0.988  -0.265
 1060   546  17.068   1.078   0.553
 1061   546  17.073   0.720   0.075
 1062   546  17.100   1.770   1.062
 1063   546  17.110   0.886   0.233
 1064   546  17.119   0.736   0.339
 1065   546  17.121   1.044   0.546
 1066   546  17.149   0.888   0.345
 1067   546  17.184   0.707   0.393
 1068   546  17.195   0.914   0.231
 1069   546  17.202   0.736   0.348
 1070   546  17.243   0.761   0.288
 1071   546  17.259   0.944   0.240
 1072   546  17.264   0.735   0.380
 1073   546  17.268   0.924   0.373
 1074   546  17.288   0.884   0.192
 1075   546  17.310   0.876   0.189
 1076   546  17.328   1.003   0.276
 1077   546  17.335   0.854   0.183
 1078   546  17.341   0.870   0.178
 1079   546  17.356   0.898   0.225
 1080   546  17.400   1.017   0.588
 1081   546  17.438   0.859   0.206
 1082   546  17.446   0.852   0.341
 1083   546  17.451   0.875   0.188
 1084   546  17.502   0.880   0.213
 1085   546  17.537   0.892   0.228
 1086   546  17.545   1.025   0.083
 1087   546  17.572   1.082   0.518
 1088   546  17.607   0.896   0.187
 1089   546  17.624   0.832  -0.247
 1090   546  17.629   0.912   0.157
 1091   546  17.661   0.919  -0.340
 1092   546  17.663   0.897   0.265
 1093   546  17.675   1.731   0.699
 1094   546  17.687   1.027   0.275
 1095   546  17.701   0.931   0.259
 1096   546  17.701   0.898   0.244
 1097   546  17.719   1.160   0.438
 1098   546  17.759   0.919   0.211
 1099   546  17.767   0.891   0.198
 1100   546  17.793   1.544   0.847
 1101   546  17.812   1.074   0.238
 1102   546  17.814   0.875   0.399
 1103   546  17.817   1.347   1.292
 1104   546  17.822   0.963   0.244
 1105   546  17.831   1.032   0.612
 1106   546  17.838   1.052   0.429
 1107   546  17.849   0.837   0.130
 1108   546  17.870   0.915   0.340
 1109   546  17.894   1.070   2.147
 1110   546  17.905   0.923   0.187
 1111   546  17.925   1.113   0.351
 1112   546  17.951   1.180   0.975
 1113   546  17.958   0.749   0.446
 1114   546  17.963   1.455   0.734
 1115   546  18.036   1.074   0.544
 1116   546  18.067   0.919   0.231
 1117   546  18.108   1.042   0.661
 1118   546  18.113   0.950   0.196
 1119   546  18.122   0.905   0.194
 1120   546  18.142   1.437   0.649
 1121   546  18.148   0.958   0.273
 1122   546  18.167   0.880   0.571
 1123   546  18.215   1.060   0.315
 1124   546  18.220   1.236   0.425
 1125   546  18.222   1.017   0.170
 1126   546  18.234   1.124   0.372
 1127   546  18.277   0.735   1.668
 1128   546  18.280   0.942   0.196
 1129   546  18.295   1.030   0.225
 1130   546  18.300   1.042   0.349
 1131   546  18.309   1.012   1.888
 1132   546  18.324   0.889   0.204
 1133   546  18.336   0.917   0.276
 1134   546  18.349   1.018   0.427
 1135   546  18.376   0.947   0.259
 1136   546  18.379   0.988   0.258
 1137   546  18.393   0.869   0.553
 1138   546  18.393   0.929   0.220
 1139   546  18.394   0.918   0.240
 1140   546  18.399   1.049   0.213
 1141   546  18.416   1.076   0.283
 1142   546  18.423   1.042   0.200
 1143   546  18.428   0.996   0.237
 1144   546  18.432   1.023   0.243
 1145   546  18.448   0.956   0.187
 1146   546  18.462   0.947   0.188
 1147   546  18.472   1.009   0.336
 1148   546  18.475   1.112   0.225
 1149   546  18.529   1.178   0.630
 1150   546  18.535   1.073   0.426
 1151   546  18.541   0.978   0.290
 1152   546  18.575   1.579   0.930
 1153   546  18.577   0.719   1.416
 1154   546  18.584   0.969   0.212
 1155   546  18.584   0.987   0.662
 1156   546  18.622   1.538   0.898
 1157   546  18.642   0.985   0.241
 1158   546  18.653   1.074   0.240
 1159   546  18.670   0.972   0.680
 1160   546  18.683   1.466   0.859
 1161   546  18.685   1.059   0.182
 1162   546  18.691   1.031   0.210
 1163   546  18.693   0.953   0.242
 1164   546  18.697   0.981   0.260
 1165   546  18.701   0.985   0.381
 1166   546  18.727   1.071   0.281
 1167   546  18.763   1.012   0.291
 1168   546  18.797   1.206   0.525
 1169   546  18.816   1.048   0.183
 1170   546  18.843   1.192   0.763
 1171   546  18.855   1.381   0.617
 1172   546  18.863   1.237   0.228
 1173   546  18.873   1.132   0.443
 1174   546  18.877   1.083   0.248
 1175   546  18.887   1.108   0.349
 1176   546  18.897   1.178   0.684
 1177   546  18.902   1.016   0.317
 1178   546  18.912   1.053   0.199
 1179   546  18.912   1.564   0.928
 1180   546  18.933   1.092   0.500
 1181   546  18.945   1.019   0.112
 1182   546  18.945   1.137   0.305
 1183   546  18.955   0.931   0.107
 1184   546  18.957   1.016   0.220
 1185   546  18.962   1.100   0.399
 1186   546  18.979   1.084   0.338
 1187   546  18.995   1.085   0.186
 1188   546  19.000   1.106   0.213
 1189   546  19.018   1.069   0.333
 1190   546  19.022   0.328   1.594
 1191   546  19.051   1.025   0.346
 1192   546  19.051   1.409   0.853
 1193   546  19.054   1.166   0.667
 1194   546  19.063   1.066   0.593
 1195   546  19.099   1.219   0.494
 1196   546  19.103   1.042   0.135
 1197   546  19.115   1.099   0.247
 1198   546  19.122   1.211   0.409
 1199   546  19.128   1.032   0.299
 1200   546  19.138   1.303   0.758
 1201   546  19.164   1.149   0.140
 1202   546  19.168   1.658   1.023
 1203   546  19.186   0.967   0.329
 1204   546  19.187   1.097   0.205
 1205   546  19.275   1.096   0.473
 1206   546  19.292   1.040   0.263
 1207   546  19.310   1.352   0.705
 1208   546  19.315   1.042   0.661
 1209   546  19.344   1.338   0.799
 1210   546  19.351   1.115   0.291
 1211   546  19.356   1.052   0.238
 1212   546  19.373   1.108   0.658
 1213   546  19.377   1.291   0.748
 1214   546  19.400   1.149   0.709
 1215   546  19.409   1.083   0.615
 1216   546  19.413   1.182   0.471
 1217   546  19.440   1.186   0.718
 1218   546  19.460   1.230   0.731
 1219   546  19.462   1.444   0.862
 1220   546  19.462   1.186   0.706
 1221   546  19.483   1.127   0.180
 1222   546  19.489   0.998   0.054
 1223   546  19.504   1.115   0.410
 1224   546  19.514   1.102   0.656
 1225   546  19.522   1.373   0.790
 1226   546  19.536   1.203   0.718
 1227   546  19.549   1.184   0.309
 1228   546  19.553   1.576   0.979
 1229   546  19.564   1.104   0.247
 1230   546  19.569   1.149   0.722
 1231   546  19.570   1.098   0.628
 1232   546  19.574   1.117   0.628
 1233   546  19.579   1.229   0.144
 1234   546  19.637   1.197   0.727
 1235   546  19.645   1.025   0.593
 1236   546  19.658   1.253   0.742
 1237   546  19.670   1.085   0.662
 1238   546  19.696   1.375   0.798
 1239   546  19.702   1.206   0.695
 1240   546  19.708   1.565   0.924
 1241   546  19.714   1.265   0.704
 1242   546  19.723   1.206   0.682
 1243   546  19.723   1.288   0.649
 1244   546  19.731   1.196  -0.332
 1245   546  19.733   1.852   1.021
 1246   546  19.734   1.287   0.773
 1247   546  19.752   1.314   0.685
 1248   546  19.753   0.869   0.556
 1249   546  19.770   1.302   0.662
 1250   546  19.777   1.174   0.702
 1251   546  19.800   1.422   0.796
 1252   546  19.802   1.222   0.671
 1253   546  19.833   1.139   0.711
 1254   546  19.845   1.243   0.747
 1255   546  19.846   1.128   0.696
 1256   546  19.847   1.218   0.702
 1257   546  19.850   1.050   0.660
 1258   546  19.855   1.622   1.108
 1259   546  19.866   1.207   0.710
 1260   546  19.872   1.205   0.652
 1261   546  19.881   0.651   1.371
 1262   546  19.883   1.085   0.713
 1263   546  19.893   1.216   0.721
 1264   546  19.898   1.239   0.762
 1265   546  19.900   1.165   0.710
 1266   546  19.907   1.102   0.056
 1267   546  19.933   1.407   0.838
 1268   546  19.939   0.947   0.612
 1269   546  19.953   1.129   0.710
 1270   546  19.961   1.295   0.663
 1271   546  19.962   1.330   0.877
 1272   546  19.967   1.000   0.622
 1273   546  20.022   1.145   0.679
 1274   546  20.045   1.107   0.676
 1275   546  20.046   1.223   0.868
 1276   546  20.077   1.277   0.720
 1277   546  20.121   1.116   0.702
 1278   546  20.143   1.343   0.740
 1279   546  20.150   1.207   0.741
 1280   546  20.158   1.241   0.699
 1281   546  20.159   1.264   0.750
 1282   546  20.194   0.546   1.382
 1283   546  20.200   1.322   0.864
 1284   546  20.214   1.412   0.999
 1285   546  20.228   1.239   0.738
 1286   546  20.230   1.031   2.100
 1287   546  20.321   0.779   1.523
 1288   546  20.329   1.166   0.754
 1289   546  20.332   1.199   0.753
 1290   546  20.338   1.318   0.796
 1291   546  20.339   1.277   0.780
 1292   546  20.340   0.928   1.631
 1293   546  20.343   1.461   0.918
 1294   546  20.351   1.145   0.731
 1295   546  20.351   0.545   1.576
 1296   546  20.358   1.024   0.691
 1297   546  20.361   1.195   0.756
 1298   546  20.366   1.232   0.743
 1299   546  20.366   1.244   0.744
 1300   546  20.375   1.347   0.867
 1301   546  20.381   1.326   0.802
 1302   546  20.382   0.934   1.833
 1303   546  20.394   1.710   1.195
 1304   546  20.404   1.228   0.810
 1305   546  20.406   0.886   1.736
 1306   546  20.444   1.330   0.942
 1307   546  20.444   1.207   0.697
 1308   546  20.444   1.615   1.064
 1309   546  20.445   1.135   0.732
 1310   546  20.462   0.776   1.545
 1311   546  20.479   1.171   2.550
 1312   546  20.485   1.335   0.801
 1313   546  20.487   0.732   1.512
 1314   546  20.491   1.162   0.756
 1315   546  20.504   0.984   0.814
 1316   546  20.526   1.252   0.830
 1317   546  20.534   0.844   1.710
 1318   546  20.550   0.740   1.530
 1319   546  20.568   1.083   0.746
 1320   546  20.589   0.701   1.370
 1321   546  20.594   1.110   0.809
 1322   546  20.595   0.737   1.485
 1323   546  20.603   1.170   0.722
 1324   546  20.608   0.766   1.644
 1325   546  20.617   0.599   1.483
 1326   546  20.620   0.573   1.371
 1327   546  20.631   0.881   1.694
 1328   546  20.654   0.926   1.876
 1329   546  20.670   0.772   1.946
 1330   546  20.670   0.804   1.470
 1331   546  20.676   1.097   2.349
 1332   546  20.685   0.764   1.532
 1333   546  20.693   1.505         
 1334   546  20.716   0.972   1.799
 1335   546  20.722   1.436   3.141
 1336   546  20.728   1.419   0.830
 1337   546  20.734   0.850   1.632
 1338   546  20.741   1.180   0.726
 1339   546  20.747   0.985   1.839
 1340   546  20.747   0.873   1.679
 1341   546  20.757   0.731   1.502
 1342   546  20.761   0.830   1.531
 1343   546  20.773   0.894   1.702
 1344   546  20.782   1.143   2.396
 1345   546  20.790   1.022   0.833
 1346   546  20.812   0.708   1.457
 1347   546  20.839   0.964   0.859
 1348   546  20.846   1.164   2.486
 1349   546  20.853   0.808   1.753
 1350   546  20.863   0.901   1.773
 1351   546  20.866   0.928   1.717
 1352   546  20.876   0.996   0.648
 1353   546  20.876   0.845   1.587
 1354   546  20.896   0.833   1.687
 1355   546  20.904   1.032   1.798
 1356   546  20.930   0.718   1.347
 1357   546  20.931   0.802   1.542
 1358   546  20.935   0.855   1.670
 1359   546  20.940   0.917   1.727
 1360   546  20.940   0.888   1.462
 1361   546  20.951   0.776   1.475
 1362   546  20.968   0.655   1.387
 1363   546  20.970   0.752   1.328
 1364   546  20.971   0.903   1.667
 1365   546  20.975   0.831   1.518
 1366   546  20.994   0.755   1.478
 1367   546  21.006   1.149   0.798
 1368   546  21.014   0.899   1.652
 1369   546  21.030   0.926   1.761
 1370   546  21.033   1.381   2.950
 1371   546  21.035   0.860   1.702
 1372   546  21.046   0.816   1.490
 1373   546  21.059   1.209   2.794
 1374   546  21.061   0.957   1.922
 1375   546  21.069   1.027   2.237
 1376   546  21.078   0.906   1.645
 1377   546  21.081   0.559   1.646
 1378   546  21.103   0.995   1.951
 1379   546  21.104   0.775   1.462
 1380   546  21.112   0.954   1.708
 1381   546  21.113   0.667   1.578
 1382   546  21.119   0.943   1.737
 1383   546  21.124   0.927   1.742
 1384   546  21.124   0.815   1.640
 1385   546  21.144   1.369   2.484
 1386   546  21.170   1.342   2.960
 1387   546  21.178   0.848   1.755
 1388   546  21.189   0.925   1.692
 1389   546  21.198   0.863   1.668
 1390   546  21.203   0.737   1.649
 1391   546  21.210   0.777   1.613
 1392   546  21.211   0.743   1.431
 1393   546  21.212   0.769   1.476
 1394   546  21.215   0.960   2.231
 1395   546  21.217   0.980   1.793
 1396   546  21.236   0.952   1.653
 1397   546  21.255   0.943   1.761
 1398   546  21.274   0.850   1.752
 1399   546  21.276   1.047   2.087
 1400   546  21.286   0.976   1.716
 1401   546  21.289   0.729   1.757
 1402   546  21.311   1.003   2.025
 1403   546  21.331   0.945   1.752
 1404   546  21.352   0.964   1.686
 1405   546  21.363   0.910   1.703
 1406   546  21.373   1.005   1.788
 1407   546  21.392   0.976   1.759
 1408   546  21.398   0.766   1.638
 1409   546  21.421   1.011   1.659
 1410   546  21.425   0.988   1.781
 1411   546  21.428   1.311   2.979
 1412   546  21.432   0.883   1.825
 1413   546  21.435   0.821   1.621
 1414   546  21.442   0.994   1.756
 1415   546  21.454   1.137   2.340
 1416   546  21.454   1.085   1.844
 1417   546  21.464   1.135   1.962
 1418   546  21.468   1.059   2.090
 1419   546  21.469   1.020   1.767
 1420   546  21.475   1.080   1.792
 1421   546  21.481   0.570   1.522
 1422   546  21.486   0.767   1.774
 1423   546  21.488   0.869   1.736
 1424   546  21.515   0.923   1.737
 1425   546  21.518   1.198   2.627
 1426   546  21.538   1.015   1.943
 1427   546  21.540   1.035   2.033
 1428   546  21.579   0.867   1.616
 1429   546  21.580   0.973   1.646
 1430   546  21.582   0.983   2.069
 1431   546  21.590   0.888   1.627
 1432   546  21.612   0.787   1.318
 1433   546  21.612   1.030   2.214
 1434   546  21.615   1.063   1.998
 1435   546  21.631   0.760   1.685
 1436   546  21.636   1.356   2.988
 1437   546  21.642   0.811   1.526
 1438   546  21.656   1.252   2.764
 1439   546  21.682   1.025   1.928
 1440   546  21.687   1.137   2.150
 1441   546  21.689   1.117   2.272
 1442   546  21.696   0.909   1.629
 1443   546  21.705   1.122   2.075
 1444   546  21.719   1.008   2.081
 1445   546  21.729   0.765   1.732
 1446   546  21.756   1.212   2.138
 1447   546  21.757   0.884   1.742
 1448   546  21.758   1.088   2.374
 1449   546  21.778   1.104   2.304
 1450   546  21.794   1.460   2.929
 1451   546  21.799   1.105   1.727
 1452   546  21.800   0.929   1.871
 1453   546  21.809   1.122   2.070
 1454   546  21.817   0.875   1.895
 1455   546  21.840   1.081   2.014
 1456   546  21.886   1.188   2.119
 1457   546  21.888   0.977   1.786
 1458   546  21.925   1.143   2.039
 1459   546  21.953   1.009   2.057
 1460   546  21.959   1.071   1.901
 1461   546  21.973   0.994   2.049
 1462   546  21.990   1.120   2.167
 1463   546  22.009   0.854   2.061
 1464   546  22.012   1.535   3.196