UBV CCD observations

  No    Ref    V       B-V     U-B

 0001   234  19.350   1.650         
 0002   234  17.450   1.230         
 0003   234  18.070   1.470         
 0004   234  19.680   1.270         
 0005   234  17.340   1.240         
 0006   234  17.950   1.320         
 0007   234  17.950   1.340         
 0008   234  14.670   1.430   0.680
 0009   234  16.080   1.160         
 0010   234  15.940   1.060   0.400
 0011   234  16.100   1.430         
 0012   234  16.640   1.200         
 0013   234  16.860   1.110         
 0014   234  18.110   1.590         
 0015   234  18.820   1.510         
 0016   234  18.160   1.420         
 0017   234  19.010   1.610         
 0018   234  19.020   2.430         
 0019   234  17.980   1.220         
 0020   234  16.190   1.210   0.310
 0021   234  19.020   1.280         
 0022   234  15.860   1.420         
 0023   234  16.080   1.400         
 0024   234  17.210   1.040         
 0025   234  17.650   1.230         
 0026   234  15.920   1.110   0.350
 0027   234  18.910   1.950         
 0028   234  18.370   1.460         
 0029   234  18.560   1.660         
 0030   234  17.280   1.250         
 0031   234  15.360   1.020   0.250
 0032   234  18.320   1.570         
 0033   234  18.740   1.920         
 0034   234  17.740   1.550         
 0035   234  15.190   1.080   0.370
 0036   234  14.850   1.110   0.220
 0037   234  18.980   1.300         
 0038   234  18.660   1.580         
 0039   234  17.700   1.370         
 0040   234  17.890   1.250         
 0041   234  15.940   1.270         
 0042   234  18.950   1.650         
 0043   234  19.310   1.980         
 0044   234  17.190   1.230         
 0045   234  16.980   1.350         
 0046   234  13.850   1.060   0.220
 0047   234  15.740   1.230   0.580
 0048   234  17.430   1.450         
 0049   234  16.600   1.250         
 0050   234  18.490   1.650         
 0051   234  17.200   1.280         
 0052   234  15.370   1.180   0.340
 0053   234  15.760   1.260         
 0054   234  18.940   1.950         
 0055   234  19.090   1.820         
 0056   234  18.480   1.510         
 0057   234  17.080   1.250         
 0058   234  19.250   1.870         
 0059   234  16.570   1.150         
 0060   234  14.850   1.040   0.220
 0061   234  16.840   1.300         
 0063   234  17.600   1.440         
 0064   234  16.010   1.090   0.320
 0065   234  17.430   1.360         
 0066   234  17.930   1.690         
 0067   234  16.740   1.270         
 0068   234  15.820   1.100         
 0069   234  13.640   2.330         
 0070   234  17.020   1.340         
 0071   234  18.530   1.400         
 0072   234  18.540   2.200         
 0073   234  16.530   1.130         
 0074   234  18.870   1.630         
 0075   234  15.520   1.340   0.600
 0076   234  13.620   2.290         
 0077   234  17.910   1.370         
 0078   234  16.130   1.290         
 0079   234  16.880   1.140         
 0080   234  15.530   1.060   0.230
 0081   234  18.450   1.440         
 0082   234  17.190   1.220         
 0083   234  15.480   1.130   0.470
 0084   234  17.510   1.380         
 0085   234  18.070   1.200         
 0086   234  14.540   1.170   0.460
 0087   234  17.160   1.290         
 0088   234  16.170   1.110   0.330
 0089   234  17.380   1.290         
 0090   234  16.900   1.300         
 0091   234  18.160   1.260         
 0092   234  17.960   1.240         
 0093   234  13.820   1.110   0.340
 0094   234  18.410   1.690         
 0095   234  17.710   1.180         
 0096   234  19.440   1.640         
 0097   234  18.800   1.410         
 0098   234  18.050   1.420         
 0099   234  18.160   1.550         
 0100   234  19.080   1.330         
 0101   234  14.310   0.710   0.170
 0102   234  19.330   1.370         
 0103   234  18.580   1.220         
 0104   234  18.690   1.860         
 0105   234  15.520   1.170         
 0106   234  16.010   1.190   0.250
 0107   234  18.310   1.430         
 0108   234  16.860   1.270         
 0109   234  18.630   1.270         
 0110   234  17.480   1.400         
 0111   234  18.020   1.430         
 0112   234  16.960   2.530         
 0113   234  18.700   1.450         
 0114   234  18.220   1.890         
 0115   234  17.890   1.580         
 0116   234  18.970   1.260         
 0117   234  15.640   2.770         
 0118   234  18.300   1.500         
 0119   234  19.180   1.470         
 0120   234  18.610   1.420         
 0121   234  17.190   1.330         
 0122   234  17.110   2.270         
 0123   234  17.940   1.300