%
%
%Name/ID           Right Ascn. Declination    V     B-V    U-B    Sp     
%                  Hr Mn Sec     °  '  "
N1500-01416       04 35 55.2   +16 30 33    0.87  +1.53  +1.96  K5.7III
N1500-01172       04 28 39.7   +15 52 15    3.41  +0.18  +0.15  A7III
N1500-01104       04 28 37.0   +19 10 50    3.54  +1.02  +0.88  G9.5III
N1500-01009       04 19 47.6   +15 37 39    3.65  +0.98  +0.79  G9.3III
N1500-01267       04 22 56.0   +17 32 33    3.76  +0.98  +0.83  G9III
N1500-01170       04 28 34.4   +15 57 44    3.85  +0.96  +0.73  G9.6III
N1500-01126       04 17 15.7   +20 34 42    4.19  +0.26  +0.11  A8
N0730-01547       04 38 09.4   +12 30 39    4.27  +0.12  +0.13  A4V
N1500-01246       04 25 29.4   +17 55 41    4.28  +0.12  +0.04  A3V
N1500-01176       04 26 20.8   +15 37 06    4.50  +0.25  +0.14  A8V
N0730-01151       04 33 50.9   +14 50 40    4.66  +0.24  +0.09  A8V
N1500-01418       04 39 16.4   +15 55 04    4.68  +0.16  +0.12  A5.5V
N0730-00993       04 26 36.5   +14 42 50    4.69  +0.98  +0.72  G7IIIe
N1500-01169       04 30 33.6   +16 11 38    4.78  +0.17  +0.13  A6IV
N1500-01244       04 24 05.7   +17 26 39    4.80  +0.15  +0.13  A6IV
N1500-01168       04 28 26.3   +16 21 35    4.96  +1.13  +1.10  K1III
N0730-01116       04 28 50.2   +13 02 51    5.03  +0.23  +0.12  A6
N0730-01118       04 28 48.0   +13 02 00    5.03  +0.23  +0.12  A6
N1500-01419       04 39 09.1   +15 48 00    5.07  +0.15  +0.20  A7
N1500-01010       04 20 36.3   +15 05 45    5.26  +0.22  +0.10  A9IV
N0730-01153       04 30 37.3   +13 43 28    5.41  +0.26  +0.10  F0V
N0730-01548       04 40 03.4   +12 11 51    5.46  -0.12  -0.49  B8IV
N1500-01174       04 30 38.8   +15 41 31    5.48  +0.26  +0.10  A8
N1500-01175       04 30 08.6   +15 38 16    5.58  +0.32  +0.10  F0V
N0730-00750       04 19 57.7   +14 02 07    5.59  +0.28  +0.08  A9V
N1500-01008       04 23 25.1   +16 46 38    5.64  +0.30  +0.11  F1III
N0730-00995       04 22 03.5   +14 04 38    5.72  +0.32  +0.10  F2III
N1500-01417       04 38 09.4   +16 02 00    5.79  +0.31  +0.06  F0IV-V
N0730-01283       04 27 28.7   +11 12 44    5.88  +0.05  -0.33  B8IV
N1500-00867       04 07 59.4   +17 20 23    5.89  +1.50  +1.81* K5III
N0730-01152       04 28 23.4   +14 44 27    5.90  +0.32  +0.06  F0IV
N1500-01625       04 22 22.7   +20 49 16    5.91  +1.66  -0.75* B3V
N1500-00065       04 07 32.5   +15 11 46    5.93  +0.40  +0.02  F2V
N0730-00417       04 09 01.6   +13 23 54    5.95  +0.05  -0.06  B9.5V
N1500-01106       04 24 57.1   +19 02 31    5.97  +0.37  +0.04  F4V
N1500-00348       04 19 54.8   +16 31 21    5.99  +0.56  +0.09  F9V
N1500-01624       04 23 32.4   +20 58 55    5.99  +0.03  -0.26  B8IV-V
N1500-01542       04 46 16.8   +18 44 05    6.01  +1.21  +1.32  K4III
N1500-00074       04 07 41.9   +15 09 47    6.01  +0.40  +0.02  F2V
N1500-01173       04 31 51.7   +15 51 06    6.02  +0.34  +0.03  F2V
N1500-00873       04 12 31.4   +17 16 38    6.09  +1.08  +0.96  K0III
N1500-01268       04 20 25.1   +18 44 34    6.11  +0.37  +0.03  F2V
N0730-00027       04 20 52.7   +13 51 52    6.18  +0.46  +0.00  F5V
N1500-00791       04 28 59.7   +16 09 33    6.20  +0.53  +0.06  F7V
N1500-00086       04 33 32.9   +18 01 00    6.25  +0.07  -0.10  B9IVn
N0730-00078       04 13 49.8   +12 45 15    6.25  +1.16  +1.12  K0
N1500-00128       04 15 46.2   +15 24 03    6.32  +0.40  +0.02  F3V
N1500-00663       04 36 34.7   +19 45 36    6.34  +0.74  +0.33  A8
N1500-00357       04 35 42.6   +19 52 55    6.35  +0.72  +0.40  G5II-III
N1500-01171       04 25 37.3   +15 56 28    6.46  +0.49  +0.02  F7V
N1500-00763       04 30 46.7   +16 08 55    6.51  +0.43  +0.01  F5V
N1500-00191       04 16 48.7   +16 12 52    6.56  +1.11  +1.00  K1III
N0730-00994       04 21 34.8   +14 24 35    6.61  +0.41  +0.00  F4V
N1500-00312       04 10 42.3   +18 25 24    6.62  +0.42  -0.01  F6V
N0730-00651       04 33 46.6   +13 15 07    6.62  +0.43  -0.01  F5V
N1500-01214       04 36 40.7   +15 52 09    6.65  +0.44  +0.01  F5V
N0730-01201       04 42 59.3   +14 48 52    6.67  +0.90  +0.45  G5III
N0730-00519       04 14 18.2   +12 20 54    6.74  +0.68  +0.12* G2V
N0730-00777       04 29 42.8   +10 31 19    6.79  +0.09  -0.37  B5V
N1500-00295       04 21 32.2   +18 25 04    6.80  +0.44  +0.00  F5V
N1500-00251       04 21 31.6   +21 02 24    6.80  +0.44  -0.01  F5V
N1500-01011       04 18 42.0   +16 32 00    6.84  +0.56  +0.09  F7V
N1500-00557       04 29 30.2   +17 51 48    6.91  +0.45  +0.00  F6V
N0730-00531       04 17 43.0   +13 50 12    6.93  +1.04  +0.56  G5III
N1500-00465       04 11 03.4   +16 38 49    6.95  +0.55  -0.47* B7IV
N1500-00806       04 24 22.2   +17 04 44    6.97  +0.44  +0.00  F6V
N1500-00755       04 22 44.1   +15 03 23    6.99  +0.56  +0.09  F9V
N1500-00294       04 29 20.5   +17 32 42    7.03  +0.50  +0.04  F7V
N1500-00323       04 42 37.1   +18 44 22    7.04  +0.67  +0.27  G5V
N0730-00700       04 30 57.1   +10 45 06    7.04  +0.47  +0.00  F5V
N1500-00306       04 25 27.9   +18 53 04    7.10  +0.68  +0.24  G5V
N1500-00583       04 30 17.9   +19 50 26    7.10  +0.47  +0.01  F6V
N1500-00006       04 42 51.6   +18 43 14    7.12  +0.67  +0.27  G5V
N1500-01048       04 27 35.9   +15 35 21    7.42  +0.54  +0.06  F8V
N0730-00039       04 19 47.3   +13 05 09    7.47  +1.63  +1.79* M3III
N1500-00439       04 20 12.9   +19 14 01    7.48  +0.56  +0.05  G0V
N1500-00224       04 26 05.8   +15 31 28    7.49  +0.54  +0.08  F8V
N1500-00314       04 26 31.3   +17 09 18    7.50  +1.32  +0.88* G8II
N0730-00062       04 27 46.0   +11 44 11    7.50  +0.56  +0.06  F8V
N1500-00327       04 18 01.8   +18 15 25    7.51  +0.67  +0.22  G5V
N0730-00175       04 19 44.6   +14 16 27    7.52  +0.97  +0.85  G8III
N0730-00514       04 14 19.6   +14 32 55    7.53  +1.80  +1.58* M5III
N1500-00112       04 37 31.9   +15 08 47    7.54  +0.62  +0.11  G1V
N0730-00765       04 23 41.5   +13 49 43    7.58  +1.13  +0.56* G5III
N0730-00146       04 24 12.3   +14 45 31    7.61  +0.60  +0.12  G1V
N1500-00272       04 07 54.7   +16 31 51    7.62  +0.10  -0.08  B9V
N1500-00457       04 08 49.5   +17 17 31    7.66  +0.12  +0.06  A2V
N0730-00671       04 24 04.4   +12 58 21    7.68  +1.03  +0.84* K0III
N1500-00843       04 30 05.2   +16 10 18    7.70  +1.96  +2.39  M3III
N0730-00881       04 29 32.5   +13 53 41    7.72  +1.22  +1.08  K2III
N1500-00485       04 49 32.0   +15 53 19    7.74  +0.58  +0.11  F8V
N1500-01313       04 28 42.2   +20 40 39    7.74  +0.15  -0.32  B5V
N1500-01049       04 29 48.1   +17 40 39    7.76  +0.25  -0.42* B7V
N0730-00829       04 31 29.2   +13 54 13    7.77  +0.54  +0.06  F9V
N1500-01152       04 24 28.2   +16 53 11    7.80  +0.60  +0.13  G1V
N1500-00758       04 22 44.6   +16 47 28    7.84  +0.67  +0.22  G7V
N1500-00022       04 28 48.2   +17 17 08    7.85  +0.61  +0.13  G1V
N1500-00686       04 06 16.0   +15 41 53    7.85  +0.60  +0.10  G0V
N0730-00235       04 07 18.8   +13 32 18    7.86  +0.31  +0.10  F0V
N1500-00278       04 34 35.2   +15 30 17    7.90  +0.64  +0.15  G1V
N1500-01426       04 39 52.2   +17 29 22    7.91  +1.32  +1.15  K5III
N0730-00225       04 38 57.2   +14 06 20    7.96  +0.66  +0.20  G5V
N0730-00351       04 14 27.1   +12 26 07    8.06  +0.64  +0.17  G1V
N1500-00059       04 26 24.5   +16 51 12    8.06  +0.63  +0.17  G5V
N1500-00504       04 34 52.7   +18 24 49    8.07  +0.20  -0.16  B7.5III
N1500-00241       04 26 40.0   +16 44 49    8.12  +0.66  +0.20  G6V
N0730-00248       04 22 37.9   +14 54 36    8.13  +1.54  +1.89* M2III
N1500-01179       04 28 24.0   +16 11 00    8.17  +1.47  +1.41  M1III
N1500-00872       04 14 20.9   +19 34 48    8.18  +0.50  +0.04  F8V
N0730-00612       04 46 33.7   +14 31 54    8.20  +0.41  +0.00* F2V
N0730-00988       04 30 08.3   +14 18 25    8.23  +0.54  +0.01* F7V
N1500-01037       04 42 58.5   +17 18 40    8.23  +1.70  +1.99  M4III
N1500-00569       04 24 12.7   +16 22 44    8.24  +0.58  +0.12  G0V
N1500-01102       04 46 30.3   +15 28 20    8.30  +0.66  +0.21  G5V
N1500-00006       04 17 38.8   +16 56 53    8.34  +0.77  +0.33  G8V
N1500-00461       04 21 42.6   +19 28 07    8.37  +0.40  -0.05  F5V
N1500-00096       04 36 27.6   +18 39 57    8.39  +0.28  +0.12  A7V
N1500-00352       04 19 07.9   +17 31 30    8.46  +0.72  +0.30  G8V
N0730-00597       04 14 25.5   +14 37 30    8.46  +0.70  +0.24  G5V
N1500-00737       04 12 38.2   +17 50 05    8.50  +1.43  +1.27  M1III
N1500-00459       04 38 31.1   +18 44 01    8.51  +0.23  -0.12  B8III
N1500-00398       04 33 58.4   +15 09 49    8.51  +0.84  +0.49  K0V
N1500-00711       04 28 37.1   +19 44 27    8.60  +0.75  +0.34  G8V
N1500-00428       04 31 15.6   +20 08 00    8.60  +0.74  +0.35  G8V
N1500-00325       04 18 57.9   +19 54 25    8.62  +0.74  +0.33  G9V
N1500-01286       04 32 59.3   +15 49 09    8.64  +0.75  +0.34  G8V
N0730-01113       04 35 33.9   +12 06 02    8.66  +0.69  +0.20* G5V
N0730-00336       04 08 18.4   +13 31 26    8.77  +0.84  +0.55* K1V
N1500-01056       04 47 43.2   +15 11 28    8.88  +1.12  +0.75  K2III
N1500-00148       04 30 34.8   +15 44 03    8.89  +0.84  +0.49  K1V
N0730-00860       04 39 36.2   +13 07 26    8.93  +0.83  +0.26  K0V
N1500-01012       04 32 50.0   +16 00 22    8.94  +0.88  +0.55  K1V
N1500-00697       04 29 31.5   +17 53 36    8.96  +0.83  +0.49  K0V
N0730-00083       04 06 51.9   +13 43 57    8.98  +0.68  +0.38* G5IV
N1500-00829       04 25 47.4   +18 01 03    9.01  +0.94  +0.66  K2V
N0730-00423       04 28 04.3   +13 52 05    9.03  +0.84  +0.51  K0V
N1500-00245       04 27 17.6   +16 30 41    9.06  +0.86  +0.54  K1V
N1500-00073       04 10 13.6   +17 22 09    9.07  +1.08  +0.98  K5V
N1500-00883       04 29 57.6   +16 40 23    9.10  +0.86  +0.54  K2V
N0730-00390       04 23 56.5   +14 24 47    9.10  +1.43  +1.16* K2III
N0730-00194       04 23 32.2   +14 40 14    9.12  +0.86  +0.54  K1V
N1500-00850       04 32 40.3   +17 51 42    9.20  +0.64  +0.02* F8V
N1500-00441       04 04 37.4   +16 37 39    9.20  +0.47  +0.06  F5V
N0730-00797       04 36 41.1   +11 54 45    9.20  +1.20  +1.08* K7V
N1500-00240       04 12 48.5   +19 53 51    9.26  +0.98  +0.84  K2V
N1500-00508       04 39 38.8   +18 34 40    9.31  +0.34  +0.28  A1IV
N1500-00966       04 38 31.7   +19 04 41    9.35  +0.31  +0.23  A2V
N1500-01175       04 36 05.2   +15 41 03    9.37  +0.87  +0.60  K1V
N1500-00912       04 23 22.7   +19 39 32    9.40  +0.91  +0.64* K2V
N1500-00149       04 33 37.9   +16 45 45    9.40  +0.89  +0.62  K2V
N0730-00425       04 26 48.1   +10 52 16    9.45  +1.04  +0.87  K5V
N1500-00210       04 40 25.4   +16 30 50    9.47  +1.09  +0.92  K5V
N0730-00104       04 27 46.9   +14 25 04    9.52  +0.93  +0.71  K2V
N1500-01027       04 31 37.0   +17 42 36    9.56  +0.97  +0.77  K2V
N1500-01301       04 46 49.3   +17 44 55    9.60  +0.97  +0.77  K3V
N1500-00498       04 18 19.1   +16 05 18    9.61  +0.96  +0.81  K3V
N0730-00560       04 25 53.3   +11 56 02    9.68  +0.32  +1.24* SV#
N1500-00944       04 34 32.1   +15 49 40    9.69  +0.91  +0.68  K2V
N0730-00800       04 34 25.9   +12 44 09    9.70  +0.58  -0.04  G0V
N0730-01117       04 28 42.0   +13 06 00    9.73  +0.91  +0.64* K2V
N0730-00115       04 22 35.8   +11 12 55    9.81  +1.19  +1.15  K5V
N0730-00680       04 22 25.6   +11 18 20    9.81  +1.18  +1.16  K5V
N1500-00879       04 43 15.6   +17 04 09    9.86  +1.00  +0.85  K3V
N1500-00414       04 07 43.1   +16 31 08    9.94  +1.02  +0.89  K3V
N1500-00991       04 26 50.4   +16 20 00    9.95  +1.47  +1.56  K3III
N1500-01212       04 24 16.8   +18 00 11    9.99  +1.06  +0.95  K4V
N1500-00789       04 32 21.6   +18 12 58   10.00  +0.61  +0.06* G0V
N1500-00707       04 18 21.8   +17 25 19   10.01  +1.11  +0.99  K5V
N0730-00945       04 39 50.9   +12 43 43   10.06  +1.07  +1.00  K5V
N1500-01189       04 45 08.2   +19 08 10   10.10  +0.36  +0.00  B8IV
N1500-00057       04 27 58.8   +18 30 02   10.14  +1.05  +0.96  K3V
N1500-01300       04 38 24.8   +17 32 33   10.17  +1.15  +1.11  K5V
N1500-01053       04 45 33.0   +18 57 42   10.20  +0.24  -0.09  B7V
N1500-00861       04 26 26.9   +16 30 47   10.26  +1.50  +1.44  K2III
N1500-00469       04 31 25.2   +18 16 17   10.28  +0.77  +0.23  G8IV
N1500-00128       04 25 00.1   +16 59 06   10.30  +1.03  +0.93  K4V
N1500-00971       04 29 30.9   +16 14 42   10.32  +1.12  +1.11  K5V
N1500-00913       04 27 10.6   +17 50 43   10.34  +0.79  +0.31  K1IV
N1500-00866       04 13 34.1   +19 51 28   10.38  +2.04  +2.36  M8III
N0730-00594       04 27 25.2   +14 15 39   10.43  +1.10  +0.96  K5V
N0730-00389       04 26 42.7   +12 41 12   10.48  +1.36  +1.25  M0V
N0730-00639       04 26 54.2   +13 08 18   10.48  +1.06  +0.79* K3V
N1500-00004       04 07 01.1   +15 20 07   10.49  +1.18  +0.79* K3V
N1500-01204       04 32 40.8   +19 06 49   10.50  +1.10  +1.03  K5V
N1500-00180       04 18 20.8   +20 21 38   10.55  +1.29  +1.22  K7V
N0730-00593       04 05 24.2   +14 56 11   10.59  +1.01  +0.91  K5V
N1500-00595       04 28 50.7   +16 17 21   10.71  +1.36  +1.17  K8V
N0730-00186       04 14 51.8   +13 03 18   10.73  +1.16  +1.08* K5V
N1500-01346       04 33 41.8   +19 00 51   10.75  +1.20  +1.17  K5V
N1500-00651       04 17 25.0   +19 01 48   10.83  +1.22  +1.08* K5V
N1500-01254       04 35 55.3   +16 32 37   10.83  +1.26  +1.08* K7V
N1500-00902       04 23 25.2   +15 45 48   10.84  +1.11  +1.18  K5V
N0730-00290       04 32 25.5   +13 06 48   10.91  +1.19  +1.01  K5V
N0730-00614       04 22 54.3   +14 55 49   10.92  +0.86  +0.46  K0V
N0730-00934       04 32 39.5   +12 13 02   10.93  +0.75  +0.23  G8V
N1500-01331       04 35 14.2   +18 21 36   10.95  +0.82  +0.35  F8IV
N1500-01225       04 31 21.9   +17 39 10   11.00  +3.75  +0.65* G7III*#
N0730-00889       04 23 54.3   +14 03 07   11.00  +1.27  +1.30  K5.5V
N1500-00239       04 37 49.8   +20 04 09   11.03  +0.88  +0.54  K2V
N1500-00924       04 31 52.4   +15 29 59   11.03  +1.29  +1.18  K7V
N1500-00666       04 06 16.1   +17 07 16   11.06  +1.29  +1.17  K7V
N1500-00804       04 27 32.3   +15 21 56   11.07  +0.81  +0.45* K0V
N1500-00546       04 15 33.5   +15 42 23   11.08  +1.45  +1.08  M2V
N1500-00992       04 22 13.7   +19 08 29   11.11  +0.94  +0.72  K4V
N1500-00433       04 28 10.7   +16 28 16   11.13  +1.37  +1.24  M0IV
N1500-00396       04 34 50.0   +20 23 41   11.14  +1.31  +1.23  K8V
N1500-00247       04 26 20.2   +16 32 36   11.15  +0.70  +0.20  G1V
N1500-01391       04 47 53.7   +16 59 27   11.19  +1.41  +1.23  M1V
N1500-00142       04 27 56.7   +19 03 40   11.21  +1.25  +1.08* K7V
N0730-01183       04 41 29.6   +13 13 17   11.24  +1.46  +1.28  M1V
N1500-00136       04 26 47.5   +21 14 06   11.24  +1.36  +1.08* K5V
N1500-00997       04 27 06.2   +16 15 52   11.25  +0.58  +0.44  G0III
N1500-00250       04 42 49.9   +16 30 39   11.30  +1.27  +1.16  M0V
N1500-00222       04 08 10.9   +16 52 23   11.48  +1.42  +1.25  M1V
N1500-00581       04 25 24.9   +17 54 56   11.53  +1.31  +0.79  K5.5V
N0730-00623       04 15 10.3   +14 23 55   11.54  +1.38  +1.29  M0V
N0730-00026       04 47 35.3   +14 53 21   11.54  +1.35  +1.29  M0V
N1500-00767       04 27 59.2   +16 15 12   11.54  +1.58  +1.32  K0III
N1500-00364       04 24 48.0   +15 52 30   11.68  +1.43  +1.21* M0.5V
N1500-00903       04 22 27.9   +20 33 15   11.70  +1.08  +1.00  K3V
N0730-00587       04 13 09.5   +14 44 30   11.73  +0.84  +0.43  K2V
N0730-00227       04 34 11.0   +11 33 29   11.77  +1.40  +1.22* M0V
N1500-00867       04 31 29.0   +17 43 08   11.84  +1.43  +1.08* K7V
N1500-00092       04 16 13.0   +18 53 05   11.90  +1.45  +1.22  M1V
N1500-01178       04 25 36.0   +16 23 00   11.91  +1.47  +1.36  K1III
N1500-00134       04 28 52.3   +15 58 54   11.96  +1.44  +1.20* M1V
N0730-00488       04 18 46.9   +13 21 59   12.00  +1.45  +1.20* M1V
N1500-00284       04 34 43.3   +15 15 55   12.02  +1.01  +0.48  K3V
N1500-01195       04 32 09.3   +17 57 23   12.06  +1.23  +1.45* K7IV
N1500-00604       04 32 15.8   +18 01 39   12.11  +1.40  +1.12  K7IV
N0730-00366       04 25 54.2   +14 59 55   12.14  +1.45  +1.20* M1V
N1500-01071       04 31 42.0   +15 37 09   12.17  +1.47  +1.21* M0.5V
N1500-00641       04 31 58.6   +18 18 41   12.18  +1.40  +1.12  K7IV
N1500-00989       04 28 33.1   +17 41 13   12.20  +1.47  +0.97  M1V
N1500-00897       04 32 30.3   +17 31 41   12.23  +1.36  +1.45* K7IV
N1500-00664       04 18 51.7   +17 23 17   12.28  +1.13  +0.88  K7IV
N0730-00506       04 29 31.1   +11 13 18   12.32  +1.44  +1.19  M0V
N1500-00260       04 29 12.2   +15 16 27   12.33  +1.40  +1.20* M0.9V
N1500-00176       04 20 19.8   +17 30 56   12.34  +1.30  +1.08* K7V
N0730-00550       04 31 38.2   +14 59 42   12.37  +1.36  +1.22* M0V
N1500-00020       04 25 52.0   +15 30 01   12.38  +1.45  +1.20* M1V
N1500-00690       04 23 59.0   +16 43 18   12.38  +1.47  +1.28  M1.5V
N0730-00799       04 34 05.2   +14 13 04   12.39  +1.43  +1.22* M0V
N0730-01505       04 38 17.1   +12 49 50   12.40  +0.96  +0.55  K2V
N1500-00712       04 34 37.1   +15 11 37   12.42  +1.45  +1.22* M0V
N1500-00648       04 31 27.2   +17 06 25   12.53  +1.18  +1.03  K5IV
N1500-00749       04 19 17.3   +17 15 00   12.62  +1.35  +1.25  K7IV
N1500-00232       04 34 18.0   +18 30 07   12.67  +1.03  +0.48  G8IV
N1500-00193       04 30 04.4   +16 51 12   12.79  +1.52  +1.18* M2V
N1500-00266       04 25 10.1   +18 57 41   12.82  +1.41  +1.20* M1V
N0730-00262       04 19 20.0   +14 18 59   12.84  +1.43  +1.20* M1V
N1500-01033       04 22 39.4   +18 16 10   12.86  +1.61  +1.19* M1.5V
N1500-00658       04 22 08.4   +19 15 22   12.90  +1.70  +1.23* M4.5V
N0730-00300       04 17 47.6   +13 39 43   12.98  +1.46  +1.20* M1V
N1500-01558       04 37 47.2   +19 38 41   13.01  +1.22  +1.05  K7V
N1500-00212       04 27 16.5   +17 14 31   13.05  +1.48  +1.20* M1V
N1500-00958       04 32 43.7   +18 02 57   13.22  +1.50  +1.34  K7IV
N0730-00200       04 33 26.9   +13 02 44   13.22  +1.38  +1.20* M1V
N1500-01084       04 25 13.4   +17 16 06   13.22  +1.53  +1.17  M2V
N1500-00045       04 29 00.9   +18 40 26   13.25  +1.49  +0.97  M2V
N1500-00756       04 18 21.5   +16 58 47   13.26  +1.11  +0.76  K5IV
N1500-00359       04 36 38.8   +18 36 57   13.27  +1.55  +1.18* M2V
N0730-00210       04 23 50.2   +14 55 18   13.37  +1.54  +1.20* M3V
N0730-00127       04 06 34.5   +13 32 57   13.52  +1.47  +1.20* M1V
N1500-01165       04 36 04.1   +18 53 20   13.56  +1.51  +1.18* M2V
N1500-00980       04 39 59.4   +19 19 10   13.59  +1.54  +1.18* M2V
N1500-00851       04 29 48.9   +18 15 54   13.67  +1.45  +1.20  M1V
N0730-00933       04 23 00.6   +13 17 56   13.74  +1.65  +1.18* M2V
N0730-00012       04 12 43.5   +11 51 51   13.86  -0.05  -0.88  DA3
N1500-00007       04 20 47.8   +15 14 10   13.86  +1.56  +1.18* M2V
N1500-00119       04 26 32.0   +16 52 13   13.89  +0.31  -0.61  S
N0730-00592       04 13 49.5   +14 41 26   13.91  +0.23  -0.18  S
N1500-00507       04 32 23.6   +17 45 03   13.95  +0.33  -0.69  DA2V
N1500-00498       04 12 21.6   +16 15 04   13.99  +1.47  +1.18* M2V
N1500-01166       04 38 54.6   +19 10 57   14.00  +1.52  +1.18* M2V
N1500-00363       04 17 54.9   +16 32 41   14.01  +1.53  +1.18* M2V
N0730-00392       04 30 57.2   +12 18 14   14.01  +1.58  +1.20* M3V
N0730-00913       04 24 43.9   +10 46 20   14.02  +1.53  +1.18* M2V
N1500-00986       04 28 43.1   +16 57 50   14.02  -0.09  -0.97  DA2
N1500-00058       04 16 04.4   +18 50 53   14.07  +1.52  +1.18* M2V
N1500-00355       04 35 24.5   +17 51 43   14.12  +1.56  +0.99  M2IV
N1500-00592       04 10 03.9   +18 01 04   14.14  +0.17  -0.58  DA4
N0730-00394       04 33 44.9   +12 42 41   14.18  -0.03  -0.89  DA3
N0730-00724       04 33 52.8   +12 41 54   14.18  -0.03  -0.89  DA3
N1500-00309       04 28 09.8   +18 42 14   14.22  +1.58  +1.20* M3V
N1500-01019       04 29 00.0   +16 20 47   14.26  +1.51  +1.18* M2V
N0730-00008       04 18 08.4   +13 19 53   14.27  +1.54  +1.18* M2V
N1500-00769       04 23 57.9   +16 20 37   14.29  -0.02  -0.84  DA3
N1500-00875       04 23 49.2   +16 19 22   14.29  -0.02  -0.84  DA3
N1500-00114       04 16 54.3   +16 21 25   14.37  +1.57  +1.18* M2V
N0730-00447       04 17 28.0   +14 54 04   14.47  +1.58  +1.20* M3V
N1500-00888       04 30 26.7   +17 28 22   14.48  +1.52  +1.18* M2V
N1500-00426       04 14 29.7   +18 43 49   14.54  +1.54  +1.18* M2V
N1500-01324       04 37 25.7   +19 23 43   14.65  +1.75  +1.20* M3V
N0730-00432       04 30 17.3   +14 44 43   14.68  +1.56  +1.20* M3V
N0730-00868       04 29 16.1   +12 21 38   14.72  +1.59  +1.18* M2V
N1500-01088       04 26 08.0   +15 08 29   14.72  -0.15  -0.89  S
N1500-00931       04 23 42.9   +15 52 52   14.76  +1.59  +1.18* M2V
N1500-00557       04 12 07.5   +17 37 35   14.77  +1.65  +1.22* M4V
N1500-00461       04 41 18.5   +15 58 49   14.79  +1.60  +1.20* M3V
N0730-00746       04 40 23.8   +13 58 46   14.83  -0.09  +1.58* DB4III#
N0730-00535       04 35 39.1   +13 17 24   14.84  +1.56  +1.18* M2V
N1500-00034       04 25 48.6   +19 01 44   14.85  +1.51  +1.18* M2V
N1500-00051       04 38 38.2   +17 04 26   14.87  +1.73  +1.22* M4V
N0730-00852       04 23 23.7   +14 25 41   14.94  +1.59  +1.20* M3V
N0730-00326       04 35 05.4   +13 07 23   14.94  +1.57  +1.20* M3V
N1500-00821       04 22 49.3   +20 31 55   14.97  +1.64  +1.20* M3V
N1500-00558       04 24 21.0   +15 51 43   14.98  +1.58  +1.20* M3V
N0730-00396       04 17 36.8   +14 31 11   15.00  +1.63  +1.20* M3V
N0730-00503       04 32 47.9   +12 04 42   15.02  +1.34  +1.20* M1V
N1500-00779       04 15 56.5   +16 57 19   15.03  +1.63  +1.20* M3V
N0730-01040       04 30 16.0   +12 27 52   15.06  +1.50  +1.18* M2V
N1500-00931       04 32 42.9   +19 02 27   15.07  +1.72  +1.22* M4V
N0730-01437       04 44 56.9   +14 21 50   15.08  +0.18  -0.75  S
N1500-00747       04 11 18.6   +15 58 36   15.09  +1.57  +1.20* M3V
N1500-00631       04 23 54.3   +15 07 44   15.09  +1.66  +1.20* M3V
N1500-00140       04 26 04.2   +17 07 15   15.11  +1.52  +1.18* M2V
N1500-00321       04 31 21.4   +16 23 42   15.14  +1.53  +1.20* M3V
N1500-00848       04 34 02.2   +16 51 43   15.14  +1.58  +1.20* M1V
N1500-00660       04 15 19.1   +16 42 57   15.20  +1.58  +1.20* M3V
N0730-00813       04 25 51.5   +13 30 10   15.21  +1.50  +1.20* M3V
N1500-00605       04 28 14.6   +16 39 09   15.22  +1.68  +1.22* M4V
N0730-00737       04 40 36.9   +14 00 08   15.25  +0.29  +1.24* DAV#
N1500-00372       04 31 58.0   +17 36 26   15.25  +1.57  +1.18* M2V
N1500-01212       04 35 56.5   +19 48 52   15.25  +1.57  +1.20* M3V
N0730-00018       04 16 32.8   +14 09 02   15.32  +1.62  +1.22* M4V
N0730-00499       04 17 41.9   +12 24 49   15.32  +1.79  +1.24* M5V
N1500-00035       04 37 41.7   +16 48 07   15.33  +1.57  +1.20* M3V
N1500-01053       04 27 28.6   +17 47 39   15.34  +1.53  +1.20* M3V
N1500-00563       04 09 23.9   +17 06 30   15.35  +0.09  -0.65  DA4
N1500-00480       04 09 09.4   +17 04 53   15.35  +0.09  -0.65  DA4
N1500-00346       04 24 38.3   +15 54 35   15.36  +1.74  +1.22* M4V
N0730-00334       04 25 56.8   +12 12 58   15.41  +0.76  +1.24* DC8V#
N0730-00099       04 18 44.7   +12 31 53   15.42  +1.62  +1.20* M3V
N0730-00649       04 27 48.9   +14 08 40   15.44  +1.57  +1.20* M3V
N1500-00723       04 32 30.8   +17 57 33   15.45  +1.55  +1.18* M2V
N1500-00624       04 21 34.1   +16 51 23   15.46  +1.65  +1.20* M3V
N0730-00823       04 33 35.4   +11 59 35   15.55  +1.49  +1.18* M2V
N1500-00544       04 17 51.5   +15 13 38   15.55  +1.57  +1.20* M3V
N1500-00986       04 11 06.0   +18 54 00   15.60  +1.73  +1.20* M3V
N0730-00680       04 21 35.0   +14 43 47   15.64  +1.50  +1.18* M2V
N1500-00044       04 15 15.6   +15 01 50   15.65  +1.05  +0.32  M1V*#
N1500-01107       04 27 42.0   +19 27 00   15.68  +1.86  +1.24* M5V
N1500-00447       04 16 41.5   +16 50 05   15.75  +1.77  +1.22* M4V
N1500-00784       04 12 59.6   +15 16 09   15.79  +1.60  +1.20* M3V
N0730-01098       04 31 37.0   +12 11 39   15.80  +1.53  +1.18* M2V
N1500-01015       04 23 12.0   +15 42 00   15.82  +1.77  +1.22* M4V
N1500-00146       04 39 52.9   +15 19 46   15.83  -0.06  -0.75  DA
N1500-00378       04 25 49.3   +17 33 30   15.84  +1.73  +1.22* M4V
N1500-00213       04 26 17.2   +18 00 28   15.95  +1.74  +1.22* M4V
N1500-01269       04 18 12.0   +17 25 00   16.10  +1.80  +1.24* M5V
N1500-01328       04 35 21.2   +15 22 51   16.11  +1.77  +1.24* M5V
N1500-01180       04 27 00.0   +15 22 00   16.13  +1.69  +1.24* M5V
N1500-00167       04 09 55.0   +15 26 24   16.16  +1.80  +1.24* M6V
N0730-01127       04 30 24.6   +14 15 57   16.17  +1.63  +1.22* M4V
N1500-01013       04 18 12.0   +16 05 00   16.19  +1.80  +1.24* M5V
N0730-00998       04 25 48.0   +14 59 00   16.25  +1.58  +1.20* M3V
N0730-00818       04 21 24.7   +12 05 48   16.34  +1.74  +1.24* M5V
N0730-01154       04 28 24.0   +13 49 00   16.34  +1.43  +1.20* M3V
N1500-00345       04 25 17.8   +16 20 22   16.37  +1.66  +1.20* M3V
N1500-01270       04 22 24.0   +17 57 00   16.40  +1.70  +1.24* M5V
N0730-01141       04 33 17.4   +13 45 16   16.50  +0.29  -0.86  DA
N0730-00751       04 20 12.0   +13 10 00   16.57  +1.76  +1.24* M5V
N0730-00997       04 20 54.0   +14 51 00   16.62  +1.62  +1.20* M3V
N1500-01012       04 21 42.0   +15 29 00   16.62  +0.14  -0.57  DA4
N0730-00479       04 24 26.9   +13 55 18   16.63  +1.87  +1.24* M7V
N1500-00154       04 24 21.7   +18 59 00   16.64  +1.87  +1.24* M6V
N1500-01014       04 23 00.0   +15 12 00   16.68  +1.66  +1.20* M3V
N1500-00908       04 14 06.0   +15 51 00   16.69  +1.93  +1.24* M7V
N0730-01155       04 30 42.0   +14 39 00   17.13  +2.10  +1.24* M6V
N0730-00996       04 26 42.0   +14 12 00   17.56  +0.39  -0.76  DA
N0730-01549       04 40 54.0   +12 22 00   17.70  +0.19  +1.24* DAV#
