UBV CCD observations

  No    Ref    V       B-V     U-B

 0218   164  13.065   1.252         
 0219   164  14.605   1.384         
 0220   164  12.295   0.902         
 0221   164  13.217   1.099         
 0222   164  14.405   1.310         
 0223   164  12.700   1.265         
 0224   164  14.426   1.316         
 0225   164  14.142   1.267         
 0226   164  13.752   1.386         
 0227   164  13.572   1.267         
 0228   164  13.880   1.237         
 0229   164  17.955   1.591         
 0230   164  13.040   1.050         
 0231   164  14.045   1.463         
 0232   164  18.718   1.460         
 0233   164  13.657   1.391         
 0234   164  14.401   1.463         
 0235   164  18.654   1.641         
 0236   164  12.613   0.780