UBV CCD observations

  No    Ref    V       B-V     U-B

 0037    57  11.360   0.490         
 0038    57  10.730   0.500         
 0039    57   9.370   0.250         
 0042    57  10.900   1.380         
 0043    57   9.080   0.150         
 0049    57   7.690   0.030         
 0050    57   9.070   0.240         
 0053    57  11.440   0.500         
 0057    57  11.130   0.480         
 0058    57   7.590   0.010         
 0064    57   7.350   0.020         
 0065    57  10.590   0.420         
 0066    57  10.420   0.280         
 0073    57   7.120   0.030         
 0076    57   8.210   0.120         
 0081    57   8.860   0.120         
 0082    57   8.000   0.060         
 0083    57  10.240   0.280         
 0087    57  11.530   0.200         
 0088    57  10.890   0.400         
 0089    57   9.840   0.200         
 0129    57  11.890   0.670         
 0130    57  12.170   0.800         
 0131    57  13.450   0.820         
 0133    57  12.260   0.780         
 0140    57  12.000   0.720         
 0142    57  12.120   0.600         
 0146    57  11.680   0.430         
 0150    57  12.930   1.310         
 0154    57  12.260   0.600         
 0163    57  12.720   0.770         
 0164    57  12.850   1.390         
 0165    57  12.240   1.560         
 0167    57  13.230   0.660         
 0175    57  11.950   0.640         
 0176    57  12.240   0.460         
 0178    57  13.260   0.670         
 0181    57  13.780   0.730         
 0185    57  12.330   1.170         
 0187    57  12.930   1.210         
 0188    57  12.650   0.770         
 0189    57  11.660   0.630         
 0194    57  12.680   0.610         
 0198    57  12.650   0.380         
 0201    57  11.990   0.780         
 0202    57  11.820   0.260         
 0204    57  12.570   0.400         
 0205    57  12.630   1.030         
 0206    57  12.940   0.840         
 0207    57  12.420   0.740         
 0208    57  12.930   0.750         
 0213    57  13.620   0.720         
 0221    57  12.330   2.090         
 0222    57  12.840   0.520         
 0223    57  12.560   0.730         
 0226    57  12.390   0.670         
 0230    57  12.790   1.260         
 0233    57  12.750   1.200         
 0235    57  11.960   0.470         
 0237    57  11.910   0.790         
 0239    57  13.830   0.570         
 0243    57  13.110   0.610         
 0244    57  12.350   0.750         
 0246    57  11.640   1.170         
 0247    57  12.770   0.480         
 0250    57  12.820   1.220         
 0252    57  13.240   0.690         
 0253    57  12.320   1.700         
 0254    57  13.450   0.730         
 0256    57  13.610   0.640         
 0257    57  13.080   0.860         
 0259    57  13.630   0.780         
 0261    57  13.250   0.800         
 0262    57  13.220   0.640         
 0270    57  12.230   0.630         
 0273    57  11.960   0.680         
 0276    57  12.720   1.660         
 0279    57  13.430   0.880         
 0282    57  12.910   1.070         
 0284    57  13.030   1.620         
 0289    57  13.680   0.920         
 0290    57  13.440   1.110         
 0292    57  14.280   0.710         
 0296    57  13.700   0.890         
 0297    57  14.030   0.810         
 0299    57  13.590   0.870         
 0300    57  13.840   1.180         
 0305    57  14.020   0.770         
 0306    57  12.520   1.650         
 0307    57  12.380   0.550         
 0313    57  13.740   1.250         
 0317    57  13.570   1.530         
 0322    57  13.610   1.420         
 0332    57  14.030   1.530         
 0335    57  13.750   0.780         
 0339    57  13.710   1.220         
 0340    57  13.220   1.210         
 0341    57  13.640   1.160         
 0347    57  13.170   1.400         
 0352    57  13.880   1.330         
 0353    57  13.180   1.200         
 0360    57  13.540   1.660         
 0364    57  14.090   0.780         
 0373    57  13.790   1.200         
 0381    57  13.520   0.910         
 0384    57  13.850   1.290         
 0385    57  13.700   0.730         
 0388    57  13.400   1.380         
 0391    57  13.800   1.660         
 0393    57  13.690   1.310         
 0394    57  12.730   1.490         
 0397    57  13.470   0.570         
 0403    57  13.590   0.690         
 1056    57  14.030   1.100         
 1057    57  14.210   0.670         
 1058    57  14.080   0.690         
 1059    57  14.130   1.270         
 1061    57  13.960   1.470         
 1062    57  13.410   1.350         
 1064    57  14.320   0.950         
 1065    57  13.770   1.220         
 1066    57  14.220   1.180         
 1067    57  15.120   1.140         
 1068    57  14.350   0.730         
 1069    57  14.400   1.460         
 1070    57  14.850   1.260         
 1073    57  14.610   1.070         
 1076    57  12.600   1.170         
 1077    57  15.000   1.250         
 1083    57  15.350   1.290         
 1084    57  15.390   0.860         
 1085    57  14.270   0.790         
 1088    57  14.970   1.230         
 1089    57  14.470   1.200         
 1090    57  12.630   1.760         
 1091    57  14.390   1.240         
 1094    57  14.260   1.010         
 1096    57  14.460   1.350         
 1097    57  14.930   1.380         
 1099    57  15.350   1.350         
 1100    57  14.370   1.060         
 1101    57  14.500   1.510         
 1103    57  14.010   1.510         
 1104    57  14.330   1.380         
 1109    57  13.090   1.710         
 1110    57  14.900   1.220         
 1112    57  15.800   0.700         
 1113    57  14.770   1.200         
 1117    57  14.890   1.230         
 1119    57  14.150   1.320         
 1120    57  14.640   1.370         
 1121    57  14.870   1.370         
 1122    57  15.190   1.130         
 1123    57  15.500   1.260         
 1126    57  15.010   1.440         
 1128    57  14.580   0.770         
 1129    57  14.040   1.450         
 1132    57  14.210   1.220         
 1133    57  14.980   1.320         
 1137    57  14.730   1.550         
 1142    57  14.380   1.160         
 1143    57  14.160   1.400         
 1146    57  14.190   1.120         
 1152    57  13.840   1.200         
 1153    57  13.960   0.850         
 1160    57  13.770   1.630         
 1165    57  13.400   0.900         
 1166    57  13.790   0.970         
 1167    57  13.720   1.100         
 1168    57  13.880   1.170         
 1170    57  13.480   0.920         
 1184    57  16.380   1.760         
 1185    57  14.540   1.300         
 1190    57  15.350   1.240         
 1193    57  16.200   1.460         
 1194    57  15.480   1.480         
 1196    57  15.230   1.150         
 1199    57  14.590   1.010         
 1201    57  16.380   1.970         
 1203    57  14.940   1.150         
 1206    57  15.320   1.610         
 1207    57  15.500   1.240         
 1208    57  14.540   1.270         
 1211    57  14.980   1.540         
 1213    57  14.800   1.140         
 1214    57  15.490   1.280         
 1215    57  14.600   1.210         
 1221    57  14.590   1.180         
 1222    57  14.820   1.220         
 1232    57  15.920   1.610         
 1250    57  14.930   1.260         
 1254    57  15.340   1.380         
 1263    57  14.710   1.140         
 1267    57  14.830   1.040         
 1271    57  15.670   1.460         
 1276    57  14.980   1.150         
 1282    57  15.730   1.280         
 1287    57  14.630   1.160         
 1289    57  14.960   1.220         
 1290    57  14.880   1.410         
 1293    57  15.040   1.680         
 1295    57  14.670   1.190         
 1296    57  15.490   1.230         
 1297    57  14.530   1.300         
 1302    57  14.500   1.510         
 1306    57  14.670   1.140         
 1308    57  14.560   1.330         
 1309    57  16.800   1.620         
 1310    57  15.420   1.330         
 1316    57  16.200   1.580         
 1317    57  16.080   1.660         
 1322    57  15.330   1.270         
 1324    57  14.670   1.460         
 1326    57  14.940   1.150         
 1327    57  15.340   1.660         
 1328    57  15.890   1.190         
 1331    57  15.180   1.140         
 1332    57  14.540   1.090         
 1339    57  15.220   1.150         
 1346    57  15.520   1.220         
 1349    57  14.650   1.110         
 1352    57  14.620   1.080         
 1366    57  15.680   1.230         
 1375    57  14.680   1.160         
 1377    57  15.000   1.320         
 1382    57  15.400   1.420         
 1383    57  15.750   1.370         
 1389    57  14.940   1.310         
 1390    57  14.830   1.180         
 1395    57  14.500   1.260         
 1396    57  15.430   1.540         
 1397    57  14.800   1.120         
 1401    57  14.750   1.440         
 1402    57  14.600   1.150         
 1405    57  15.600   1.440         
 1409    57  15.540   1.630         
 1411    57  16.200   1.770         
 2011   206  14.370   0.860         
 2031   206  17.230   1.080         
 2032   206  18.270   0.920         
 2033   206  17.980   0.870         
 2034   206  17.310   0.760         
 2035   206  13.600   0.840         
 2036   206  15.210   0.970         
 2037   206  17.750   0.740         
 2038   206  19.100   1.570         
 2041   206  15.050   1.170         
 2042   206  15.830   0.900         
 2043   206  15.450   0.890         
 2044   206  16.660   0.940         
 2045   206  19.170   1.010         
 2061   206  15.800   1.190         
 2062   206  16.970   0.700         
 2063   206  15.790   0.930         
 2071   206  14.260   1.160         
 2072   206  18.980   1.270         
 2073   206  15.330   1.010         
 2081   206  19.180   0.360         
 2082   206  20.120   0.850         
 2083   206  19.550   0.930         
 2084   206  20.500   1.970         
 2085   206  15.570   0.960         
 2086   206  16.780   0.650         
 2091   206  14.800   0.920         
 2092   206  15.610   0.590         
 2093   206  18.780   0.550         
 2094   206  13.320   0.670         
 2101   206  16.920   0.130         
 2111   206  16.810   0.800         
 2112   206  17.940   0.810         
 2113   206  18.780   1.050         
 2114   206  18.400   1.280         
 2115   206  17.770   1.010         
 2140   206  13.600   1.360         

==============================

UBV photographic observations

  No    Ref    V     B-V    U-B

 0031   267  10.57   1.40        
 0033   267  11.16   0.67        
 0036   267   9.56   1.32        
 0037   267  11.33   0.58        
 0038   267  10.68   0.61        
 0039   267   9.39   0.30        
 0040   267  10.09   1.39        
 0042   267  10.90   1.38        
 0043   267   9.07   0.19        
 0044   267  10.12   0.11        
 0047   267   9.78   0.55        
 0048   267  11.59   0.51        
 0050   267   9.07   0.26        
 0051   267   9.85   0.35        
 0053   267  11.43   0.51        
 0057   267  11.17   0.46        
 0060   267  11.31   0.69        
 0063   267  10.58   0.39        
 0065   267  10.58   0.47        
 0066   267  10.41   0.34        
 0070   267  10.16   1.34        
 0071   267  10.95   0.60        
 0074   267  10.46   1.43        
 0084   267   9.77   0.64        
 0086   267  10.39   0.57        
 0087   267  11.48   0.26        
 0088   267  10.89   0.40        
 0089   267   9.88   0.18        
 0092   267  10.76   1.61        
 0093   267  11.24   0.75        
 0100   267  11.37   0.57        
 0102   267   9.32   0.08        
 0118   267  10.32   0.24        
 0120   267  10.19   1.01        
 0126   267  11.42   1.99        
 0127   267  11.97   1.94        
 0128   267  13.54   0.79        
 0129   267  11.87   0.70        
 0130   267  12.18   0.79        
 0131   267  13.35   1.00        
 0132   267  13.56   0.18        
 0133   267  12.28   0.81        
 0134   267  13.44   0.49        
 0135   267  12.90   1.51        
 0136   267  11.76   1.95        
 0137   267  13.46   0.88        
 0138   267  12.98   1.30        
 0139   267  10.98   0.58        
 0140   267  11.92   0.90        
 0141   267  12.68   1.59        
 0142   267  12.09   0.60        
 0143   267  12.84   0.74        
 0144   267  12.56   1.41        
 0145   267  13.74   0.66        
 0146   267  11.70   0.45        
 0147   267  11.14   1.36        
 0148   267  13.44   0.94        
 0149   267  12.07   1.30        
 0150   267  12.93   1.31        
 0151   267  12.01   0.61        
 0152   267  12.11   1.31        
 0153   267  13.55   0.99        
 0154   267  12.26   0.60        
 0155   267  12.53   1.18        
 0156   267  12.65   0.56        
 0157   267  12.96   1.22        
 0158   267  12.28   0.64        
 0159   267  12.82   0.69        
 0160   267  12.43   0.89        
 0161   267  12.86   1.72        
 0162   267  13.20   1.23        
 0163   267  12.64   0.85        
 0164   267  12.74   1.83        
 0165   267  12.24   1.56        
 0166   267  13.57   0.69        
 0167   267  13.19   0.83        
 0168   267  13.45   0.92        
 0169   267  12.89   1.17        
 0170   267  11.60   0.78        
 0171   267  13.31   1.23        
 0172   267  11.90   0.80        
 0173   267  12.77   0.60        
 0174   267  11.92   0.64        
 0175   267  11.73   0.75        
 0176   267  12.13   0.51        
 0177   267  12.34   0.86        
 0178   267  13.30   0.61        
 0179   267  13.43   0.73        
 0180   267  12.90   1.67        
 0181   267  13.73   0.82        
 0182   267  11.68   1.59        
 0183   267  13.14   0.89        
 0184   267  11.98   0.65        
 0185   267  12.25   1.28        
 0186   267  12.45   2.03        
 0187   267  12.91   1.45        
 0188   267  12.60   0.75        
 0189   267  11.60   0.67        
 0190   267  12.65   0.21        
 0191   267  12.20   1.25        
 0192   267  12.42   1.35        
 0193   267  12.18   1.27        
 0194   267  12.64   0.71        
 0195   267  11.98   1.43        
 0196   267  12.34   0.82        
 0197   267  12.47   1.72        
 0198   267  12.57   0.42        
 0199   267  12.53   0.92        
 0200   267  12.70   1.40        
 0201   267  11.97   0.71        
 0202   267  11.65   0.44        
 0203   267  12.26   1.33        
 0204   267  12.42   0.45        
 0206   267  12.89   0.86        
 0207   267  12.31   0.75        
 0208   267  12.90   0.84        
 0209   267  13.17   0.66        
 0211   267  13.39   1.02        
 0212   267  11.79   0.67        
 0213   267  13.59   0.78        
 0214   267  11.85   2.37        
 0215   267  13.62   0.83        
 0216   267  13.52   0.68        
 0217   267  12.90   0.90        
 0218   267  11.88   1.56        
 0219   267  12.87   0.83        
 0220   267  11.99   2.16        
 0221   267  12.33   2.09        
 0222   267  12.66   0.59        
 0223   267  12.54   0.65        
 0224   267  11.90   1.19        
 0225   267  12.86   0.54        
 0226   267  12.45   0.62        
 0227   267  11.61   0.37        
 0228   267  12.42   0.73        
 0229   267  13.28   0.61        
 0230   267  12.70   1.62        
 0231   267  12.96   0.66        
 0232   267  11.85   1.59        
 0233   267  12.71   1.44        
 0234   267  13.31   0.59        
 0235   267  11.89   0.48        
 0236   267  12.40   1.40        
 0237   267  11.90   0.79        
 0238   267  12.07   1.39        
 0239   267  13.87   0.50        
 0240   267  12.00   0.84        
 0241   267  13.15   0.84        
 0242   267  13.04   0.98        
 0243   267  13.05   0.68        
 0245   267  11.68   0.93        
 0246   267  11.64   1.17        
 0247   267  12.79   0.37        
 0248   267  12.04   2.04        
 0249   267  13.28   0.86        
 0250   267  12.72   1.33        
 0251   267  12.26   1.52        
 0252   267  13.14   0.79        
 0253   267  12.32   1.70        
 0254   267  13.45   0.82        
 0255   267  12.57   0.58        
 0256   267  13.57   0.75        
 0257   267  13.01   0.86        
 0258   267  13.56   0.65        
 0259   267  13.57   0.88        
 0260   267  13.48   0.72        
 0261   267  12.92   1.02        
 0262   267  13.24   0.62        
 0263   267  11.99   0.63        
 0264   267  13.04   0.32        
 0265   267  11.70   0.29        
 0266   267  12.51   0.45        
 0267   267  12.23   0.72        
 0268   267  12.98   0.35        
 0269   267  12.08   1.82        
 0270   267  12.26   0.52        
 0271   267  10.86   0.90        
 0272   267  12.08   1.27        
 0273   267  12.05   0.58        
 0274   267  11.94   0.16        
 0408   267  11.16   0.88        
 0409   267  10.62   1.29