UBV CCD observations

  No    Ref    V       B-V     U-B

 0001   495  18.028   1.351         
 0002   495  17.404   1.615         
 0003   495  17.986   1.784         
 0004   495  18.058   1.477         
 0005   495  17.640   1.482         
 0006   495  16.695   0.930         
 0007   495  18.314   1.480         
 0008   495  17.566   1.475         
 0009   495  17.823   1.974         
 0010   495  17.991   1.475         
 0011   495  16.925   1.595         
 0012   495  17.312   1.184         
 0013   495  16.505   1.352         
 0014   495  16.110   1.197         
 0015   495  15.396   1.117         
 0016   495  16.605   2.954         
 0017   495  16.636   1.188         
 0018   495  16.760   1.415         
 0019   495  17.948   1.785         
 0020   495  15.944   1.261         
 0021   495  13.921   0.688         
 0022   495  18.522   1.488         
 0023   495  18.136   1.316         
 0024   495  17.202   1.256         
 0025   495  16.606   1.512         
 0026   495  16.389   1.353         
 0027   495  17.146   2.153         
 0028   495  16.188   0.970         
 0029   495  17.492   1.269         
 0030   495  16.856   1.568         
 0031   495  17.291   1.371         
 0032   495  18.274   1.242         
 0033   495  17.259   1.026         
 0034   495  15.894   1.456         
 0035   495  17.474   1.346         
 0036   495  17.433   1.456         
 0037   495  15.434   1.073         
 0038   495  15.622   1.081         
 0039   495  18.802   1.846         
 0040   495  16.250   1.111         
 0041   495  15.928   1.535         
 0042   495  18.572   1.562         
 0043   495  12.911   0.600         
 0044   495  14.297   1.250         
 0045   495  15.962   1.274         
 0046   495  18.061   1.414         
 0047   495  17.342   1.501         
 0048   495  18.203   0.321         
 0049   495  15.203   0.812         
 0050   495  16.399   2.818         
 0051   495  17.317   1.980         
 0052   495  18.454   1.133         
 0053   495  16.938   1.216         
 0054   495  17.485   2.072         
 0055   495  17.394   1.094         
 0056   495  18.280   1.586         
 0057   495  18.343   1.620         
 0058   495  17.071   1.403         
 0059   495  14.859   1.079         
 0060   495  17.871   1.428         
 0061   495  17.680   1.478         
 0062   495  17.040   1.116         
 0063   495  15.530   1.199         
 0064   495  16.405   1.059         
 0065   495  15.793   0.865         
 0066   495  17.119   1.135         
 0067   495  18.348   1.277         
 0068   495  16.527   1.279         
 0069   495  17.849   1.811         
 0070   495  15.493   0.870         
 0071   495  17.806   2.120         
 0072   495  18.144   1.409         
 0073   495  17.329   1.404         
 0074   495  18.586   1.120         
 0075   495  17.586   1.422         
 0076   495  16.277   0.901         
 0077   495  12.861   0.856         
 0078   495  15.235   0.741         
 0079   495  17.484   2.030         
 0080   495  16.223   0.989         
 0081   495  16.726   2.064         
 0082   495  17.524   2.326         
 0083   495  17.242   0.978         
 0084   495  16.775   0.816         
 0085   495  16.678   1.195         
 0086   495  18.733   1.928         
 0087   495  18.042   1.322         
 0088   495  16.922   1.092         
 0089   495  18.188   1.766         
 0090   495  17.410   1.378         
 0091   495  18.053   1.616         
 0092   495  17.220   1.575         
 0093   495  17.346   1.425         
 0094   495  15.597   0.725         
 0095   495  17.035   1.651         
 0096   495  13.988   0.959         
 0097   495  18.023   1.314         
 0098   495  18.295   1.606         
 0099   495  15.431   0.781         
 0100   495  17.917   1.280         
 0101   495  16.754   1.265         
 0102   495  17.380   1.918         
 0103   495  14.779   1.113         
 0104   495  16.398   1.270         
 0105   495  15.509   1.187         
 0106   495  17.701   1.880         
 0107   495  14.201   2.702         
 0108   495  15.433   1.042         
 0109   495  16.498   0.896         
 0110   495  15.538   0.928         
 0111   495  17.382   1.857         
 0112   495  16.513   1.288         
 0113   495  16.535   1.107         
 0114   495  16.991   1.831         
 0115   495  18.533   1.571         
 0116   495  14.136   0.714         
 0117   495  17.109   1.409         
 0118   495  14.540   1.861         
 0119   495  18.417   1.625         
 0120   495  15.848   0.906         
 0121   495  16.962   1.398         
 0122   495  12.422   2.323         
 0123   495  15.071   1.014         
 0124   495  17.188   1.675         
 0125   495  15.740   1.368         
 0126   495  17.152   1.177         
 0127   495  17.752   1.253         
 0128   495  15.649   1.088         
 0129   495  13.791   1.341         
 0130   495  17.963   1.886         
 0131   495  15.744   2.174         
 0132   495  16.851   1.553         
 0133   495  17.557   1.487         
 0134   495  15.668   1.063         
 0135   495  17.267   1.614         
 0136   495  17.251   1.694         
 0137   495  18.622   1.351         
 0138   495  17.931   1.101         
 0139   495  17.331   2.017         
 0140   495  18.297   1.227         
 0141   495  17.881   1.572         
 0142   495  17.506   1.447         
 0143   495  16.311   1.008         
 0144   495  18.500   1.660         
 0145   495  14.969   1.049         
 0146   495  15.283   0.997         
 0147   495  18.052   1.244         
 0148   495  13.985   0.949         
 0149   495  17.628   1.350         
 0150   495  18.055   1.480         
 0151   495  17.853   1.816         
 0152   495  15.918   1.237         
 0153   495  18.215   1.069         
 0154   495  17.447   1.696         
 0155   495  16.316   2.055         
 0156   495  17.855   1.287         
 0157   495  18.618   1.671         
 0158   495  16.882   1.276         
 0159   495  16.024   1.173         
 0160   495  13.962   1.013         
 0161   495  14.978   1.301         
 0162   495  17.852   1.305         
 0163   495  15.742   1.756         
 0164   495  16.799   0.930         
 0165   495  12.086   0.631         
 0166   495  16.215   1.006         
 0167   495  18.486   1.850         
 0168   495  16.783   1.198         
 0169   495  16.895   0.789         
 0170   495  15.562   1.148         
 0171   495  16.281   1.369         
 0172   495  16.466   0.889         
 0173   495  18.504   1.432         
 0174   495  18.050   1.077         
 0175   495  15.859   1.183         
 0176   495  18.317   1.169         
 0177   495  15.302   0.777         
 0178   495  17.481   1.583         
 0179   495  16.947   1.508         
 0180   495  16.280   1.100         
 0181   495  15.421   0.729         
 0182   495  15.568   1.820         
 0183   495  17.999   3.148         
 0184   495  18.571   0.964         
 0185   495  16.704   1.239         
 0186   495  16.465   0.797         
 0187   495  17.122   1.392         
 0188   495  18.619   1.428         
 0189   495  16.311   1.976         
 0190   495  17.897   1.316         
 0191   495  18.839   1.525         
 0192   495  17.451   1.910         
 0193   495  16.934   1.240         
 0194   495  16.394   0.897         
 0195   495  16.295   1.194         
 0196   495  18.565   1.254         
 0197   495  18.534   1.426         
 0198   495  18.359   1.343         
 0199   495  15.839   1.131         
 0200   495  16.413   0.734         
 0201   495  14.493   0.975         
 0202   495  15.515   1.420         
 0203   495  15.274   1.160         
 0204   495  18.258   1.282         
 0205   495  18.117   1.523         
 0206   495  14.582   0.880         
 0207   495  17.863   1.831         
 0208   495  17.143   1.621         
 0209   495  16.003   0.986         
 0210   495  15.940   1.192         
 0211   495  18.396   1.430         
 0212   495  17.672   1.168         
 0213   495  15.141   1.052         
 0214   495  17.233   1.180         
 0215   495  14.675   0.960         
 0216   495  17.656   1.605         
 0217   495  17.788   1.324         
 0218   495  16.717   2.101         
 0219   495  18.192   0.121         
 0220   495  17.669   1.530         
 0221   495  17.349   1.110         
 0222   495  16.555   1.087         
 0223   495  17.870   1.451         
 0224   495  11.183   3.051         
 0225   495  18.054   1.963         
 0226   495  17.719   1.081         
 0227   495  16.985   1.092         
 0228   495  18.398   2.307         
 0229   495  16.555   0.965         
 0230   495  18.811   1.831         
 0231   495  18.112   1.233         
 0232   495  18.102   1.150         
 0233   495  16.563   1.063         
 0234   495  17.827   1.678         
 0235   495  17.146   0.992         
 0236   495  18.034   1.219         
 0237   495  16.176   1.103         
 0238   495  17.892   1.751         
 0239   495  17.362   1.121         
 0240   495  16.921   2.028         
 0241   495  17.336   1.810         
 0242   495  17.682   1.053         
 0243   495  17.393   1.142         
 0244   495  17.154   1.428         
 0245   495  14.496   1.853         
 0246   495  15.463   2.374         
 0247   495  16.628   1.299         
 0248   495  16.871   1.308         
 0249   495  16.517   1.066         
 0250   495  18.374   1.262         
 0251   495  17.485   1.485         
 0252   495  17.421   2.442         
 0253   495  17.594   2.155         
 0254   495  16.120   1.807         
 0255   495  16.919   0.738         
 0256   495  17.419   1.620         
 0257   495  17.922   1.731         
 0258   495  15.914   0.767         
 0259   495  15.663   1.138         
 0260   495  18.435   1.353         
 0261   495  18.348   1.169         
 0262   495  15.862   1.237         
 0263   495  14.684   0.673         
 0264   495  15.758   0.891         
 0265   495  18.354   1.428         
 0266   495  18.255   1.599         
 0267   495  17.462   1.390         
 0268   495  13.523   0.610         
 0269   495  16.934   1.460         
 0270   495  15.393   0.851         
 0271   495  18.296   2.160         
 0272   495  16.904   1.258         
 0273   495  14.246   1.898         
 0274   495  16.515   1.096         
 0275   495  18.526   1.648         
 0276   495  18.894   1.092         
 0277   495  16.894   1.665         
 0278   495  15.528   1.237         
 0279   495  15.715   1.452         
 0280   495  18.324   1.413         
 0281   495  15.530   2.540         
 0282   495  18.249   1.834         
 0283   495  18.495   1.747         
 0284   495  15.063   0.820         
 0285   495  17.664   1.394         
 0286   495  17.844   1.311         
 0287   495  17.679   1.682         
 0288   495  17.197   1.139         
 0289   495  17.802   1.279         
 0290   495  16.114   0.869         
 0291   495  16.160   1.433         
 0292   495  15.278   0.869         
 0293   495  17.473   1.411         
 0294   495  16.070   1.347         
 0295   495  17.892   1.219         
 0296   495  17.498   1.208         
 0297   495  17.867   1.376         
 0298   495  15.809  -0.362         
 0299   495  13.980   0.674         
 0300   495  17.413   1.054         
 0301   495  17.257   1.803         
 0302   495  18.365   1.340         
 0303   495  14.792   1.025         
 0304   495  17.575   1.309         
 0305   495  17.945   1.679         
 0306   495  15.174   1.061         
 0307   495  18.567   1.664         
 0308   495  17.416   0.878         
 0309   495  14.926   1.064         
 0310   495  17.797   1.437         
 0311   495  18.448   1.627         
 0312   495  16.693   1.425         
 0313   495  18.393   1.793         
 0314   495  16.861   2.256         
 0315   495  17.124   1.965         
 0316   495  17.972   1.164         
 0317   495  14.634   2.272         
 0318   495  18.198   1.153         
 0319   495  17.043   0.787         
 0320   495  17.559   1.837         
 0321   495  16.736   1.279         
 0322   495  15.989   1.438         
 0323   495  18.321   1.415         
 0324   495  17.789   3.763         
 0325   495  13.323   0.796         
 0326   495  16.032   1.093         
 0327   495  18.022   1.439         
 0328   495  15.151   1.049         
 0329   495  15.489   0.978         
 0330   495  12.741   0.700         
 0331   495  18.163   1.467         
 0332   495  16.392   1.654         
 0333   495  15.494   0.907         
 0334   495  18.699   1.313         
 0335   495  16.681   1.527         
 0336   495  17.396   1.268         
 0337   495  14.805   1.542         
 0338   495  14.746   0.727         
 0339   495  17.432   2.299         
 0340   495  14.496   1.189         
 0341   495  18.060   1.336         
 0342   495  16.239   1.259         
 0343   495  16.444   1.256         
 0344   495  17.635   1.142         
 0345   495  16.568   0.923         
 0346   495  18.053   1.407         
 0347   495  14.272   0.891         
 0348   495  17.275   2.189         
 0349   495  18.596   1.280         
 0350   495  15.200   0.757         
 0351   495  11.327   0.595         
 0352   495  17.009   1.133         
 0353   495  17.705   1.935         
 0354   495  18.019   1.502         
 0355   495  17.505   1.638         
 0356   495  16.713   2.475         
 0357   495  14.810   2.069         
 0358   495  15.088   1.062         
 0359   495  16.763   1.283         
 0360   495  17.290   1.246         
 0361   495  17.719   1.371         
 0362   495  14.931   1.854         
 0363   495  17.017   1.108         
 0364   495  15.648   1.698         
 0365   495  17.285   1.298         
 0366   495  18.178   1.290         
 0367   495  16.793   1.545         
 0368   495  17.744   1.462         
 0369   495  17.900   2.350         
 0370   495  16.345   1.367         
 0371   495  17.309   1.256         
 0372   495  17.733   1.679         
 0373   495  14.572   1.774         
 0374   495  16.245   1.166         
 0375   495  17.131   1.211         
 0376   495  17.890   1.004         
 0377   495  15.301   2.001         
 0378   495  17.910   1.399         
 0379   495  14.920   2.175         
 0380   495  17.656   1.243         
 0381   495  16.974   1.288         
 0382   495  16.971   1.839         
 0383   495  17.831   1.625         
 0384   495  17.442   1.053         
 0385   495  16.565   1.166         
 0386   495  17.047   1.008         
 0387   495  17.263   1.151         
 0388   495  17.975   1.421         
 0389   495  16.051   0.781         
 0390   495  17.747   1.170         
 0391   495  18.813   1.289         
 0392   495  17.092   1.569         
 0393   495  17.933   1.278         
 0394   495  17.368   1.676         
 0395   495  17.655   1.211         
 0396   495  16.594   1.465         
 0397   495  15.855   1.088         
 0398   495  18.964   1.335         
 0399   495  13.967   2.091         
 0400   495  17.324   2.334         
 0401   495  16.464   2.096         
 0402   495  18.365   1.149         
 0403   495  15.738   1.012         
 0404   495  16.919   1.000         
 0405   495  16.898   1.016         
 0406   495  16.675   0.962         
 0407   495  15.914   1.401         
 0408   495  18.795   1.475         
 0409   495  18.054   1.260         
 0410   495  16.976   1.431         
 0411   495  11.543   0.672         
 0412   495  18.437   1.516         
 0413   495  17.919   1.388         
 0414   495  18.003   1.236         
 0415   495  17.131   1.039         
 0416   495  16.009   2.052         
 0417   495  15.972   1.256         
 0418   495  12.784   0.759         
 0419   495  18.191   1.920         
 0420   495  17.552   1.377         
 0421   495  14.955   0.735         
 0422   495  18.426   1.577         
 0423   495  15.156   2.188         
 0424   495  18.634   1.338         
 0425   495  16.641   1.333         
 0426   495  17.881   1.747         
 0427   495  17.791   1.424         
 0428   495  17.240   1.176         
 0429   495  17.884   1.208         
 0430   495  15.137   1.002         
 0431   495  17.251   1.277         
 0432   495  16.535   1.742         
 0433   495  15.206   1.116         
 0434   495  16.917   0.965         
 0435   495  15.220   0.932         
 0436   495  11.088   0.621         
 0437   495  15.852   1.992         
 0438   495  15.569   0.785         
 0439   495  15.380   1.007         
 0440   495  16.672   0.881         
 0441   495  15.579   1.063         
 0442   495  16.567   0.983         
 0443   495  16.147   1.039         
 0444   495  17.546   1.251         
 0445   495  16.453   1.082         
 0446   495  15.424   1.404         
 0447   495  17.011   1.113         
 0448   495  17.874   1.484         
 0449   495  16.281   1.789         
 0450   495  16.457   1.159         
 0451   495  18.657   1.746         
 0452   495  16.494   1.301         
 0453   495  13.359   0.733         
 0454   495  16.583   1.997         
 0455   495  16.993   1.355         
 0456   495  16.275   1.392         
 0457   495  15.155   0.831         
 0458   495  17.837   1.100         
 0459   495  17.212   1.565         
 0460   495  17.031   1.373         
 0461   495  16.492   1.172         
 0462   495  17.436   1.272         
 0463   495  17.634   1.192         
 0464   495  18.819   1.475         
 0465   495  17.306   1.206         
 0466   495  16.264   0.883         
 0467   495  16.518   1.341         
 0468   495  16.970   2.079         
 0469   495  18.061   1.075         
 0470   495  17.234   1.346         
 0471   495  15.781   0.996         
 0472   495  18.026   1.389         
 0473   495  17.005   1.192         
 0474   495  16.147   1.204         
 0475   495  16.987   1.519         
 0476   495  16.678   1.430         
 0477   495  18.531   1.357         
 0478   495  17.044   0.927         
 0479   495  16.594   1.225         
 0480   495  17.425   1.386         
 0481   495  16.737   1.371         
 0482   495  16.944   1.071         
 0483   495  16.412   1.348         
 0484   495  16.424   1.126         
 0485   495  16.360   2.064         
 0486   495  14.618   0.639         
 0487   495  13.431   0.803         
 0488   495  17.794   1.676         
 0489   495  15.013   2.866         
 0490   495  18.457   1.777         
 0491   495  16.695   1.093         
 0492   495  16.996   1.281         
 0493   495  18.292   1.484         
 0494   495  15.149   1.154         
 0495   495  17.909   2.480         
 0496   495  16.824   1.484         
 0497   495  18.214   1.672         
 0498   495  18.570   0.386         
 0499   495  18.803   1.694         
 0500   495  16.746   1.259         
 0501   495  15.746   0.956         
 0502   495  18.148   1.345         
 0503   495  12.460   0.694         
 0504   495  18.226   1.333         
 0505   495  17.840   1.466         
 0506   495  18.530   1.310         
 0507   495  17.709   1.669         
 0508   495  14.676   0.761         
 0509   495  17.035   1.484         
 0510   495  18.421   1.453         
 0511   495  17.875   1.493         
 0512   495  16.669   1.421         
 0513   495  18.003   1.214         
 0514   495  18.564   1.850         
 0515   495  17.367   1.412         
 0516   495  15.175   0.620         
 0517   495  17.070   1.037         
 0518   495  17.613   2.138         
 0519   495  17.103   1.785         
 0520   495  16.258   1.347         
 0521   495  17.309   2.025         
 0522   495  17.525   1.758         
 0523   495  17.542   1.426         
 0524   495  16.149   0.744         
 0525   495  15.664   0.922         
 0526   495  17.459   1.840         
 0527   495  15.897   0.887         
 0528   495  15.417   0.930         
 0529   495  16.718   0.987         
 0530   495  17.915   1.628         
 0531   495  14.881   1.025         
 0532   495  17.626   1.218         
 0533   495  15.277   0.837         
 0534   495  14.165   0.758         
 0535   495  14.465   0.934         
 0536   495  16.424   0.989         
 0537   495  17.041   1.330         
 0538   495  18.019   1.842         
 0539   495  15.986   0.897         
 0540   495  18.377   1.341         
 0541   495  18.626   1.810         
 0542   495  18.783   1.445         
 0543   495  19.213   1.936         
 0544   495  15.631   1.206         
 0545   495  17.005   1.457         
 0546   495  14.823   1.143         
 0547   495  17.777   1.448         
 0548   495  16.840   0.867         
 0549   495  18.597   1.557         
 0550   495  18.405   1.508         
 0551   495  18.157   1.484         
 0552   495  17.709   0.855         
 0553   495  18.033   1.411         
 0554   495  14.224   0.786         
 0555   495  16.192   0.999         
 0556   495  17.939   0.926         
 0557   495  14.527   1.729         
 0558   495  17.688  -0.208         
 0559   495  17.509   1.238         
 0560   495  16.694   0.948         
 0561   495  16.538   1.206         
 0562   495  18.101   1.229         
 0563   495  17.380   0.975         
 0564   495  17.940   1.562         
 0565   495  14.560   0.914         
 0566   495  17.960   1.152         
 0567   495  18.253   1.410         
 0568   495  17.962   1.194         
 0569   495  17.982   1.284         
 0570   495  17.410   1.533         
 0571   495  18.834   1.487         
 0572   495  15.903   1.316         
 0573   495  17.968   1.318         
 0574   495  13.964   0.711         
 0575   495  18.684   1.106         
 0576   495  17.264   1.574         
 0577   495  13.704   0.635         
 0578   495  16.990   1.621         
 0579   495  15.849   1.204         
 0580   495  17.861   1.567         
 0581   495  17.945   1.430         
 0582   495  18.408   1.430         
 0583   495  16.024   1.176         
 0584   495  17.797   1.577         
 0585   495  18.971   1.163         
 0586   495  16.024   0.925         
 0587   495  18.107   1.695         
 0588   495  16.693   1.245         
 0589   495  16.302   1.090         
 0590   495  18.689   1.404         
 0591   495  16.791   0.960         
 0592   495  13.832   0.662         
 0593   495  16.400   1.361         
 0594   495  16.782   2.027         
 0595   495  14.517   0.773         
 0596   495  15.886   1.124         
 0597   495  17.584   1.332         
 0598   495  15.513   1.766         
 0599   495  17.135   1.009         
 0600   495  16.230   1.388         
 0601   495  15.787   0.799         
 0602   495  15.753   0.866         
 0603   495  17.188   1.738         
 0604   495  15.512   1.247         
 0605   495  13.609   0.946         
 0606   495  16.868   1.147         
 0607   495  17.139   1.620         
 0608   495  16.820   1.351         
 0609   495  17.167   1.465         
 0610   495  17.550   1.645         
 0611   495  17.176   1.280         
 0612   495  15.861   0.640         
 0613   495  14.739   0.891         
 0614   495  17.184   1.026         
 0615   495  14.314   1.027         
 0616   495  15.470   1.031         
 0617   495  18.111   1.446         
 0618   495  17.500   1.806         
 0619   495  11.138   3.625         
 0620   495  14.870   0.855         
 0621   495  18.645   1.620         
 0622   495  15.001   1.280         
 0623   495  17.056   1.425         
 0624   495  15.978   1.388         
 0625   495  15.619   0.835         
 0626   495  18.063   1.245         
 0627   495  17.690   1.570         
 0628   495  15.784   0.748         
 0629   495  12.153   1.153         
 0630   495  17.001   1.148         
 0631   495  17.134   1.422         
 0632   495  13.627   0.679         
 0633   495  18.937   1.431         
 0634   495  18.051   1.536         
 0635   495  18.235   1.461         
 0636   495  15.589   2.195         
 0637   495  16.643   1.471         
 0638   495  16.570   2.163         
 0639   495  15.670   0.801         
 0640   495  10.879   0.542         
 0641   495  17.895   1.550         
 0642   495  14.153   1.063         
 0643   495  18.242   1.337         
 0644   495  17.360   1.300         
 0645   495  16.712   1.073         
 0646   495  17.654   0.582         
 0647   495  16.310   0.785         
 0648   495  14.944   0.710         
 0649   495  16.075   1.057         
 0650   495  14.880   0.729         
 0651   495  17.196   1.325         
 0652   495  15.453   0.850         
 0653   495  18.099   1.543         
 0654   495  17.817   1.088         
 0655   495  17.979   1.193         
 0656   495  16.527   1.319         
 0657   495  17.920   1.303         
 0658   495  15.879   0.844         
 0659   495  18.089   1.367         
 0660   495  17.904   1.482         
 0661   495  13.578   0.845         
 0662   495  18.288   1.682         
 0663   495  19.078   2.632         
 0664   495  17.377   1.254         
 0665   495  16.449   1.511         
 0666   495  18.249   1.381         
 0667   495  14.785   0.786         
 0668   495  15.345   0.808         
 0669   495  16.960   1.125         
 0670   495  17.428   1.451         
 0671   495  17.626   1.685         
 0672   495  16.083   1.200         
 0673   495  14.517   0.968         
 0674   495  16.973   1.244         
 0675   495  14.589   0.783         
 0676   495  16.690   1.414         
 0677   495  18.025   1.680         
 0678   495  18.338   1.413         
 0679   495  17.535   1.219         
 0680   495  18.021   1.425         
 0681   495  17.748   1.067         
 0682   495  15.448   0.990         
 0683   495  17.395   1.405         
 0684   495  17.056   1.390         
 0685   495  15.035   1.026         
 0686   495  18.041   1.593         
 0687   495  15.404   0.655         
 0688   495  16.164   1.273         
 0689   495  13.980   0.760         
 0690   495  16.836   1.482         
 0691   495  15.358   0.900         
 0692   495  13.685   1.637         
 0693   495  16.936   1.831         
 0694   495  11.648   0.659         
 0695   495  14.388   0.756         
 0696   495  14.483   0.706         
 0697   495  18.725  -0.376         
 0698   495  14.353   1.718         
 0699   495  14.609   1.950         
 0700   495  14.242   0.560         
 0701   495  15.439   1.741         
 0702   495  13.362   0.737         
 0703   495  17.273   1.803         
 0704   495  16.156   0.907         
 0705   495  17.323   1.306         
 0706   495  16.948   0.894         
 0707   495  17.996   1.482         
 0708   495  18.659   1.838         
 0709   495  15.476   1.003         
 0710   495  12.123   0.869         
 0711   495  18.305   1.162         
 0712   495  17.477   1.208         
 0713   495  16.853   2.376         
 0714   495  17.746   1.326         
 0715   495  17.356   1.678         
 0716   495  18.358   1.637         
 0717   495  16.887   0.043         
 0718   495  13.588   0.751         
 0719   495  11.101   0.692         
 0720   495  15.733   0.900         
 0721   495  17.996   1.311         
 0722   495  17.963   1.475         
 0723   495  18.492   0.915         
 0724   495  16.993   2.278         
 0725   495  17.538   1.260         
 0726   495  16.944   1.243         
 0727   495  17.916   2.352         
 0728   495  17.875   1.247         
 0729   495  17.163   1.481         
 0730   495  18.160   1.941         
 0731   495  18.584   1.326         
 0732   495  17.559   1.472         
 0733   495  15.032   1.121         
 0734   495  17.208   1.173         
 0735   495  14.138   1.962         
 0736   495  14.430   0.690         
 0737   495  14.659   1.921         
 0738   495  16.059   0.984         
 0739   495  18.703   1.661         
 0740   495  14.040   1.662         
 0741   495  18.378   1.567         
 0742   495  18.355   1.230         
 0743   495  18.106   1.105         
 0744   495  13.754   0.735         
 0745   495  12.576   1.008         
 0746   495  17.903   1.658         
 0747   495  15.077   1.879         
 0748   495  14.883   0.719         
 0749   495  17.531   1.522         
 0750   495  17.361   1.869         
 0751   495  17.085   1.079         
 0752   495  16.477   1.137         
 0753   495  16.591   1.208         
 0754   495  16.910   1.325         
 0755   495  16.462   1.327         
 0756   495  18.048   1.681         
 0757   495  18.061   1.513         
 0758   495  18.078   1.488         
 0759   495  18.352   1.560         
 0760   495  18.487   1.435         
 0761   495  18.824   1.949         
 0762   495  18.073   1.243         
 0763   495  18.812   1.543         
 0764   495  15.514   1.348         
 0765   495  15.826   1.891         
 0766   495  17.877   1.330         
 0767   495  15.954   1.875         
 0768   495  16.212   0.947         
 0769   495  16.201   1.285         
 0770   495  16.743   0.986         
 0771   495  17.876   1.506         
 0772   495  16.906   1.222         
 0773   495  16.082   1.060         
 0774   495  18.690   1.376         
 0775   495  17.291   1.187         
 0776   495  18.144   1.542         
 0777   495  17.813   1.228         
 0778   495  18.265   1.704         
 0779   495  15.661   0.909         
 0780   495  15.856   0.952         
 0781   495  16.834   1.271         
 0782   495  16.525   1.065         
 0783   495  17.858   1.290         
 0784   495  15.719   0.833         
 0785   495  17.374   1.613         
 0786   495  14.721   0.835         
 0787   495  18.057   1.482         
 0788   495  10.842   0.611         
 0789   495  17.263   1.365         
 0790   495  18.251   1.355         
 0791   495  18.375   1.331         
 0792   495  16.908   1.059         
 0793   495  16.280   1.385         
 0794   495  14.074   0.765         
 0795   495  18.644   1.598         
 0796   495  16.623   1.641         
 0797   495  17.316   1.439         
 0798   495  18.715   1.037         
 0799   495  15.987   1.198         
 0800   495  17.955   1.437         
 0801   495  16.078   0.830         
 0802   495  18.502   1.385         
 0803   495  16.916   1.268         
 0804   495  18.375   1.111         
 0805   495  17.969   1.368         
 0806   495  17.080   1.162         
 0807   495  15.270   0.945         
 0808   495  17.687   1.640         
 0809   495  17.764   1.317         
 0810   495  16.115   1.016         
 0811   495  16.804   0.872         
 0812   495  16.062   0.923         
 0813   495  16.916   0.993         
 0814   495  16.217   1.309         
 0815   495  15.526   1.196         
 0816   495  16.016   0.714         
 0817   495  12.290   0.586         
 0818   495  15.097   1.617         
 0819   495  15.337   0.746         
 0820   495  18.309   1.428         
 0821   495  15.523   1.039         
 0822   495  17.808   1.118         
 0823   495  15.716   0.815         
 0824   495  18.857   2.791         
 0825   495  18.159   1.617         
 0826   495  16.648   1.663         
 0827   495  17.921   1.321         
 0828   495  17.833   1.145         
 0829   495  17.273   1.454         
 0830   495  16.283   2.074         
 0831   495  18.068   1.235         
 0832   495  16.551   0.919         
 0833   495  14.929   1.099         
 0834   495  15.315   1.176         
 0835   495  16.149   1.772         
 0836   495  17.672   1.493         
 0837   495  16.291   1.402         
 0838   495  17.055   2.124         
 0839   495  17.532   1.357         
 0840   495  17.152   1.091         
 0841   495  18.071   1.441         
 0842   495  15.157   1.158         
 0843   495  17.570   1.408         
 0844   495  16.761   1.405         
 0845   495  17.099   1.038         
 0846   495  16.568   1.799         
 0847   495  17.707   1.396         
 0848   495  16.853   1.558         
 0849   495  18.819   1.118         
 0850   495  15.854   1.332         
 0851   495  15.998   0.983         
 0852   495  14.780   0.694         
 0853   495  17.490   1.590         
 0854   495  17.373   1.061         
 0855   495  14.499   2.172         
 0856   495  18.935   1.280         
 0857   495  17.346   1.191         
 0858   495  18.176   1.550         
 0859   495  18.369   1.931         
 0860   495  16.508   0.804         
 0861   495  16.052   1.483         
 0862   495  18.182   1.773         
 0863   495  15.168   0.854         
 0864   495  15.899   1.877         
 0865   495  16.944   1.694         
 0866   495  18.079   1.833         
 0867   495  16.385   1.133         
 0868   495  15.290   1.228         
 0869   495  16.378   0.765         
 0870   495  18.512   0.999         
 0871   495  18.294   1.484         
 0872   495  16.738   1.297         
 0873   495  16.340   0.920         
 0874   495  18.012   1.721         
 0875   495  18.254   1.310         
 0876   495  17.521   1.479         
 0877   495  17.935   1.595         
 0878   495  19.150   2.147         
 0879   495  14.455   0.746         
 0880   495  18.254   1.804         
 0881   495  18.260   1.375         
 0882   495  13.621   1.022         
 0883   495  13.711   1.995         
 0884   495  18.157   1.298         
 0885   495  17.036   1.803         
 0886   495  16.188   1.173         
 0887   495  15.962   1.175         
 0888   495  16.910   1.671         
 0889   495  15.172   0.842         
 0890   495  16.827   1.542         
 0891   495  13.752   1.064         
 0892   495  15.576   1.738         
 0893   495  18.197   1.403         
 0894   495  18.680   1.436         
 0895   495  15.577   1.812         
 0896   495  17.544   1.624         
 0897   495  16.439   1.848         
 0898   495  15.657   1.259         
 0899   495  15.642   1.797         
 0900   495  15.910   0.938         
 0901   495  17.669   1.679         
 0902   495  17.998   1.251         
 0903   495  17.301   1.435         
 0904   495  16.833   1.128         
 0905   495  17.877   1.617         
 0906   495  14.086   1.838         
 0907   495  17.183   1.350         
 0908   495  16.716   1.444         
 0909   495  17.684   1.468         
 0910   495  14.712   0.724         
 0911   495  16.516   1.019         
 0912   495  16.461   1.259         
 0913   495  17.927   1.578         
 0914   495  17.486   1.032         
 0915   495  15.080   1.147         
 0916   495  16.962   1.178         
 0917   495  17.471   1.396         
 0918   495  17.524   1.364         
 0919   495  17.714   1.402         
 0920   495  16.475   1.089         
 0921   495  18.259   1.769         
 0922   495  15.579   1.596         
 0923   495  17.889   1.187         
 0924   495  17.105   0.905         
 0925   495  17.556   1.366         
 0926   495  18.300   1.423         
 0927   495  18.223   0.948         
 0928   495  16.218   0.569         
 0929   495  17.225   1.415         
 0930   495  14.555   0.733         
 0931   495  15.617   2.303         
 0932   495  17.779   1.981         
 0933   495  16.379   0.828         
 0934   495  17.867   1.301         
 0935   495  15.590   0.822         
 0936   495  18.389   1.259         
 0937   495  18.087   1.318         
 0938   495  14.957   1.799         
 0939   495  18.677   1.420         
 0940   495  18.263   1.230         
 0941   495  16.689   1.303         
 0942   495  17.548   1.606         
 0943   495  15.526   0.822         
 0944   495  18.885   1.257         
 0945   495  16.732   0.922         
 0946   495  17.760   1.894         
 0947   495  15.114   1.859         
 0948   495  16.806   1.145         
 0949   495  17.849   1.237         
 0950   495  17.763   1.222         
 0951   495  16.422   0.910         
 0952   495  16.501   0.798         
 0953   495  18.263   1.718         
 0954   495  17.708   1.887         
 0955   495  16.423   1.421         
 0956   495  17.130   1.113         
 0957   495  18.493   1.831         
 0958   495  17.872   1.643         
 0959   495  17.869  -0.199         
 0960   495  17.732   1.636         
 0961   495  16.282   2.380         
 0962   495  15.115   1.737         
 0963   495  17.433   1.390         
 0964   495  18.704  -0.138         
 0965   495  18.156   1.271         
 0966   495  16.077   1.853         
 0967   495  16.701   2.285         
 0968   495  16.615   2.014         
 0969   495  17.131   1.109         
 0970   495  16.871   0.963         
 0971   495  17.200   1.025         
 0972   495  15.798   0.922         
 0973   495  16.512   1.590         
 0974   495  17.041   0.855         
 0975   495  17.112   1.821         
 0976   495  15.562   0.910         
 0977   495  17.228   1.659         
 0978   495  18.069   1.622         
 0979   495  17.153   1.147         
 0980   495  16.691   2.218         
 0981   495  17.997   1.093         
 0982   495  15.182   1.312         
 0983   495  16.984   1.228         
 0984   495  17.459   1.298         
 0985   495  18.466   1.180         
 0986   495  15.196   1.718         
 0987   495  18.574   1.359         
 0988   495  18.460   1.376         
 0989   495  18.236   1.504         
 0990   495  17.490   1.233         
 0991   495  16.869   1.029         
 0992   495  15.750   0.792         
 0993   495  16.561   1.183         
 0994   495  15.386   1.689         
 0995   495  13.908   1.801         
 0996   495  16.999   1.084         
 0997   495  18.283   1.637         
 0998   495  17.326   1.087         
 0999   495  17.746   2.016         
 1000   495  15.422   0.898         
 1001   495  17.850   1.501         
 1002   495  17.239   1.337         
 1003   495  18.506   1.172         
 1004   495  13.074   0.608         
 1005   495  18.989   1.291         
 1006   495  17.103   1.250         
 1007   495  18.432   1.227         
 1008   495  17.093   1.174         
 1009   495  17.111   1.199         
 1010   495  16.793   2.166         
 1011   495  16.273   1.447         
 1012   495  17.975   1.651         
 1013   495  17.828   1.474         
 1014   495  18.688   1.526         
 1015   495  18.240   1.329         
 1016   495  17.876   1.178         
 1017   495  18.665   1.351         
 1018   495  16.679   1.369         
 1019   495  16.245   1.589         
 1020   495  17.679   1.154         
 1021   495  17.407   1.266         
 1022   495  14.356   1.724         
 1023   495  18.356   1.446         
 1024   495  15.052   1.069         
 1025   495  18.105   1.244         
 1026   495  15.876   1.511         
 1027   495  18.086   1.363         
 1028   495  17.599   1.602         
 1029   495  16.328   1.299         
 1030   495  17.488   1.044         
 1031   495  14.582   0.915         
 1032   495  16.928   1.515         
 1033   495  18.252   1.654         
 1034   495  16.122   0.771         
 1035   495  17.298   1.383         
 1036   495  17.930   1.557         
 1037   495  13.603   2.079         
 1038   495  17.661   1.238         
 1039   495  15.226   1.469         
 1040   495  16.281   1.387         
 1041   495  14.512   1.139         
 1042   495  17.392   1.893         
 1043   495  18.206   1.367         
 1044   495  18.161   1.513         
 1045   495  17.598   1.463         
 1046   495  15.928   1.278         
 1047   495  16.617   1.133         
 1048   495  18.521   1.286         
 1049   495  17.239   1.418         
 1050   495  18.593   1.793         
 1051   495  16.802   1.487         
 1052   495  17.869   1.387         
 1053   495  17.381   1.154         
 1054   495  13.994   1.806         
 1055   495  18.635   1.489         
 1056   495  18.860   1.265         
 1057   495  17.398   2.607         
 1058   495  18.344   1.356         
 1059   495  18.276   1.560         
 1060   495  18.567   2.686         
 1061   495  17.748   1.327         
 1062   495  15.044   1.696         
 1063   495  16.945   1.360         
 1064   495  17.553   1.498         
 1065   495  18.231   1.157         
 1066   495  18.519   1.487         
 1067   495  17.122   1.422         
 1068   495  16.173   1.298         
 1069   495  18.920   1.338         
 1070   495  16.078   0.752         
 1071   495  13.782   0.637         
 1072   495  17.631   0.626         
 1073   495  17.681   1.509         
 1074   495  16.943   1.769         
 1075   495  18.562   1.420         
 1076   495  15.851   2.867         
 1077   495  17.898   1.555         
 1078   495  18.126   1.302         
 1079   495  18.120   1.969         
 1080   495  16.990   1.416         
 1081   495  18.996   1.219         
 1082   495  18.421   1.509         
 1083   495  13.581   0.645         
 1084   495  16.052   1.701         
 1085   495  18.059   1.606         
 1086   495  18.079   1.235         
 1087   495  16.178   0.803         
 1088   495  18.197   1.607         
 1089   495  18.406   1.224         
 1090   495  13.945   1.153         
 1091   495  18.410   1.237         
 1092   495  17.833   1.462         
 1093   495  17.673   1.556         
 1094   495  18.025   1.304         
 1095   495  15.663   1.034         
 1096   495  17.087   1.091         
 1097   495  18.753   1.527         
 1098   495  18.774   1.116         
 1099   495  17.516   1.109         
 1100   495  18.531   1.216         
 1101   495  18.275   1.932         
 1102   495  14.744   1.441         
 1103   495  16.918   1.192         
 1104   495  15.656   0.734         
 1105   495  15.621   0.890         
 1106   495  16.227   1.073         
 1107   495  15.676   1.363         
 1108   495  11.781   0.768         
 1109   495  16.430   1.483         
 1110   495  18.543   1.409         
 1111   495  15.346   1.837         
 1112   495  17.629   1.448         
 1113   495  16.086   0.866         
 1114   495  14.425   0.787         
 1115   495  17.857   1.060         
 1116   495  16.108   1.886         
 1117   495  18.651   1.296         
 1118   495  15.110   0.776         
 1119   495  16.914   1.443         
 1120   495  17.013   1.430         
 1121   495  17.343   1.218         
 1122   495  17.969   1.187         
 1123   495  17.791   1.706         
 1124   495  14.794   0.864         
 1125   495  18.663   1.743         
 1126   495  17.499   1.409         
 1127   495  15.762   1.280         
 1128   495  16.707   1.402         
 1129   495  17.542   1.284         
 1130   495  15.822   1.073         
 1131   495  16.067   1.072         
 1132   495  17.100   1.431         
 1133   495  17.495   1.526         
 1134   495  17.333   1.131         
 1135   495  15.940   0.840         
 1136   495  18.601   1.286         
 1137   495  17.024   2.014         
 1138   495  16.680   1.239         
 1139   495  18.137   2.123         
 1140   495  16.281   0.904         
 1141   495  17.276   1.407         
 1142   495  16.323   1.004         
 1143   495  17.795   1.377         
 1144   495  15.851   1.825         
 1145   495  16.900   2.012         
 1146   495  17.472   1.436         
 1147   495  17.571   1.311         
 1148   495  17.446   1.234         
 1149   495  16.919   1.379         
 1150   495  14.882   0.576         
 1151   495  16.007   0.868         
 1152   495  14.888   0.826         
 1153   495  16.841   1.249         
 1154   495  15.199   0.798         
 1155   495  17.963   1.391         
 1156   495  15.484   0.631         
 1157   495  18.173   1.254         
 1158   495  18.611   1.710         
 1159   495  16.500   1.482         
 1160   495  17.760   1.328         
 1161   495  15.296   0.978         
 1162   495  17.753   1.324         
 1163   495  17.451   1.133         
 1164   495  18.024   1.331         
 1165   495  17.443   0.833         
 1166   495  18.065   1.423         
 1167   495  18.092   1.559         
 1168   495  17.472   1.300         
 1169   495  15.078   0.798         
 1170   495  16.343   1.281         
 1171   495  17.894   1.370         
 1172   495  18.049   1.297         
 1173   495  17.820   1.907         
 1174   495  15.720   1.104         
 1175   495  18.330   1.355         
 1176   495  14.903   1.188         
 1177   495  16.572   1.179         
 1178   495  14.905   0.880         
 1179   495  15.600   1.211         
 1180   495  16.529   1.342         
 1181   495  17.078   1.275         
 1182   495  18.375   1.454         
 1183   495  18.001   1.692         
 1184   495  14.978   1.224         
 1185   495  13.683   0.792         
 1186   495  16.479   1.289         
 1187   495  15.733   1.846         
 1188   495  17.954   1.211         
 1189   495  18.308   1.641         
 1190   495  16.227   1.298         
 1191   495  18.608   1.537         
 1192   495  14.523   1.984         
 1193   495  16.813   1.146         
 1194   495  13.965   1.917         
 1195   495  14.718   0.969         
 1196   495  19.020   1.636         
 1197   495  18.367   1.820         
 1198   495  17.414   2.337         
 1199   495  17.929   1.426         
 1200   495  16.530   1.856         
 1201   495  15.921   0.730         
 1202   495  18.069   1.398         
 1203   495  13.489   0.554         
 1204   495  15.620   1.827         
 1205   495  16.497   0.957         
 1206   495  16.717   1.295         
 1207   495  16.823   1.353         
 1208   495  17.571   1.181         
 1209   495  18.369   1.220         
 1210   495  12.616   0.720         
 1211   495  17.130   1.099         
 1212   495  18.265   1.630         
 1213   495  16.843   2.952         
 1214   495  17.718   1.388         
 1215   495  16.712   1.198         
 1216   495  17.687   1.341         
 1217   495  13.151   0.817         
 1218   495  18.095   1.172         
 1219   495  17.783   1.612         
 1220   495  18.266   1.332         
 1221   495  18.430   2.082         
 1222   495  17.065   2.013         
 1223   495  17.685   1.309         
 1224   495  17.600   1.352         
 1225   495  15.923   1.279         
 1226   495  18.131   1.466         
 1227   495  15.617   1.274         
 1228   495  15.531   0.810         
 1229   495  18.068   1.426         
 1230   495  17.534   1.015         
 1231   495  17.550   1.588         
 1232   495  18.053   1.206         
 1233   495  17.750   1.450         
 1234   495  16.194   0.936         
 1235   495  15.902   1.006         
 1236   495  17.136   1.289         
 1237   495  16.983   1.197         
 1238   495  16.014   1.146         
 1239   495  18.703   1.327         
 1240   495  18.211   1.364         
 1241   495  18.016   1.842         
 1242   495  15.238   0.771         
 1243   495  18.624   1.630         
 1244   495  16.509   1.068         
 1245   495  12.006   0.545         
 1246   495  18.397   1.307         
 1247   495  18.321   1.566         
 1248   495  16.999   1.110         
 1249   495  17.637   1.278         
 1250   495  17.808   1.232         
 1251   495  17.724   1.429         
 1252   495  15.741   0.913         
 1253   495  18.644   1.179         
 1254   495  18.475   1.262         
 1255   495  18.205   1.721         
 1256   495  16.228   1.889         
 1257   495  16.589   1.366         
 1258   495  15.749   1.033         
 1259   495  17.152   1.337         
 1260   495  15.636   1.978         
 1261   495  17.100   2.293         
 1262   495  17.102   1.327         
 1263   495  17.297   1.644         
 1264   495  17.394   1.083         
 1265   495  17.250   1.234         
 1266   495  18.254   1.334         
 1267   495  16.647   1.047         
 1268   495  17.443   1.746         
 1269   495  17.264   1.076         
 1270   495  16.082   2.091         
 1271   495  16.896   1.651         
 1272   495  18.274   1.849         
 1273   495  18.267   1.615         
 1274   495  18.663   2.455         
 1275   495  18.177   1.493         
 1276   495  17.371   1.350         
 1277   495  16.816   1.008         
 1278   495  18.817   1.331         
 1279   495  17.947   1.419         
 1280   495  17.958   1.328         
 1281   495  16.893   1.186         
 1282   495  17.911   1.197         
 1283   495  15.909   0.726         
 1284   495  15.697   0.873         
 1285   495  15.211   1.691         
 1286   495  17.400   1.519         
 1287   495  17.350   1.056         
 1288   495  15.777   0.889         
 1289   495  13.807   1.044         
 1290   495  18.385   1.527         
 1291   495  16.580   1.384         
 1292   495  16.843   1.214         
 1293   495  17.728   1.325         
 1294   495  13.765   0.608         
 1295   495  17.646   1.481         
 1296   495  17.557   1.303         
 1297   495  14.550   0.754         
 1298   495  17.795   1.208         
 1299   495  18.100   1.516         
 1300   495  18.536   1.295         
 1301   495  16.695   1.082         
 1302   495  17.733   1.537         
 1303   495  18.025   1.766         
 1304   495  17.790   1.808         
 1305   495  17.353   1.636         
 1306   495  17.191   1.181         
 1307   495  14.721   0.861         
 1308   495  13.870   1.804         
 1309   495  17.256   1.214         
 1310   495  18.188   1.178         
 1311   495  16.478   0.905         
 1312   495  17.299   1.555         
 1313   495  14.685   0.953         
 1314   495  15.179   0.673         
 1315   495  15.709   0.660         
 1316   495  18.146   1.395         
 1317   495  17.127   1.252         
 1318   495  15.476   1.306         
 1319   495  18.661   1.706         
 1320   495  16.631   1.156         
 1321   495  16.459   2.757         
 1322   495  18.769   1.612         
 1323   495  18.645   0.789         
 1324   495  13.883   2.747         
 1325   495  17.175   1.175         
 1326   495  17.279   1.412         
 1327   495  18.029   1.613         
 1328   495  18.339   1.458         
 1329   495  16.419   1.253         
 1330   495  17.976   1.258         
 1331   495  16.013   1.888         
 1332   495  16.388   1.212         
 1333   495  16.121   1.415         
 1334   495  16.906   1.453         
 1335   495  16.553   1.804         
 1336   495  17.738   1.177         
 1337   495  18.562   1.371         
 1338   495  18.108   1.463         
 1339   495  16.918   2.018         
 1340   495  17.915   1.327         
 1341   495  18.042   1.342         
 1342   495  18.377   1.289         
 1343   495  16.773   1.312         
 1344   495  17.371   1.385         
 1345   495  17.873   1.406         
 1346   495  18.165   1.581         
 1347   495  17.921   1.783         
 1348   495  16.906   0.937         
 1349   495  16.830   1.669         
 1350   495  15.843   2.108         
 1351   495  15.452   0.709         
 1352   495  16.829   1.563         
 1353   495  13.528   2.152         
 1354   495  16.335   1.253         
 1355   495  15.209   1.800         
 1356   495  17.544   1.155         
 1357   495  17.999   1.341         
 1358   495  18.765   1.144         
 1359   495  17.040   1.999         
 1360   495  17.689   1.409         
 1361   495  17.421   1.157         
 1362   495  17.690   1.490         
 1363   495  18.736   1.433         
 1364   495  18.242   1.473         
 1365   495  17.091   2.041         
 1366   495  18.074   1.417         
 1367   495  14.803   0.970         
 1368   495  15.686   1.143         
 1369   495  18.140   1.264         
 1370   495  11.276   0.369         
 1371   495  16.778   1.580         
 1372   495  17.466   0.969         
 1373   495  18.389   1.372         
 1374   495  16.866   1.012         
 1375   495  16.660   1.395         
 1376   495  14.893   0.647         
 1377   495  17.134   1.176         
 1378   495  16.533   1.554         
 1379   495  17.353   1.935         
 1380   495  16.054   0.820         
 1381   495  15.391   1.794         
 1382   495  17.561   1.335         
 1383   495  15.645   0.768         
 1384   495  17.202   1.463         
 1385   495  18.786   1.222         
 1386   495  16.789   1.112         
 1387   495  17.399   0.807         
 1388   495  17.898   1.062         
 1389   495  14.736   1.725         
 1390   495  16.411   0.872         
 1391   495  16.387   0.895         
 1392   495  17.866   1.814         
 1393   495  18.145   1.641         
 1394   495  18.010   1.387         
 1395   495  18.213   1.418         
 1396   495  16.858   1.316         
 1397   495  17.226   1.009         
 1398   495  17.991   1.333         
 1399   495  17.651   1.154         
 1400   495  16.582   0.928