UBV CCD observations

  No    Ref    V       B-V     U-B

 0001   264  10.237   1.032   0.629
 0002   264  10.703   1.061   0.687
 0003   264  11.436   0.059  -0.730
 0004   264  11.682   0.101  83.874
 0005   264  12.171   0.063  -0.153
 0006   264  12.561   0.308  -0.606
 0007   264  12.490   0.372   0.062
 0008   264  12.269   1.316   1.165
 0009   264  12.155   1.449   1.471
 0010   264  12.315   1.243   1.106
 0011   264  12.346   1.352   1.209
 0012   264  12.777   0.244   0.157
 0013   264  12.939   0.280   0.119
 0014   264  12.653   1.231   1.083
 0015   264  12.968   0.344   0.259
 0016   264  13.286   0.653   0.015
 0017   264  13.403   0.477  -0.052
 0018   264  13.143   1.188   0.751
 0019   264  12.982   1.323   1.402
 0020   264  13.276   1.242   0.938
 0021   264  13.551   0.623   0.362
 0022   264  13.357   1.250   0.966
 0023   264  13.679   0.330   0.175
 0024   264  13.797   0.208  -0.014
 0025   264  13.800   0.497   0.204
 0026   264  13.958   0.929   0.442
 0027   264  13.976   1.058   0.607
 0028   264  14.216   0.244   0.116
 0029   264  14.079   0.991   0.511
 0030   264  14.388   1.019   0.086
 0031   264  14.215   1.194   0.783
 0032   264  14.356   1.027   0.461
 0033   264  14.383   1.129   0.530
 0034   264  14.668   0.808   0.004
 0035   264  14.685   0.750   0.115
 0036   264  14.688   0.530  -0.060
 0037   264  14.667   0.624   0.242
 0038   264  14.687   0.617   0.034
 0039   264  14.716   0.618  -0.078
 0040   264  14.720   0.494  -0.012
 0041   264  14.780   0.395   0.190
 0042   264  14.776   0.656   0.101
 0043   264  14.753   0.791   0.130
 0044   264  14.820   0.621   0.015
 0045   264  14.765   0.578   0.395
 0046   264  14.758   0.804   0.289
 0047   264  14.841   0.387   0.183
 0048   264  14.863   0.369   0.167
 0049   264  14.879   0.539   0.103
 0050   264  14.878   0.651   0.005
 0051   264  14.920   0.637  -0.031
 0052   264  14.938   0.581  -0.026
 0053   264  14.961   0.654   0.060
 0054   264  14.942   0.430   0.296
 0055   264  14.992   0.584   0.053
 0056   264  14.891   0.923   0.394
 0057   264  14.964   0.825   0.266
 0058   264  15.016   0.530   0.246
 0059   264  15.068   0.519   0.079
 0060   264  15.177   0.639  -0.011
 0061   264  15.176   0.613   0.051
 0062   264  15.243   0.634  -0.041
 0063   264  15.164   0.887   0.315
 0064   264  15.264   0.523   0.070
 0065   264  15.122   1.094   0.662
 0066   264  15.316   0.662   0.035
 0067   264  15.176   1.213   1.020
 0068   264  15.371   0.684   0.047
 0069   264  15.368   0.457   0.219
 0070   264  15.439   0.654  -0.058
 0071   264  17.684   4.210  73.928
 0072   264  15.477   0.656  -0.087
 0073   264  15.484   0.582   0.024
 0074   264  15.443   0.782   0.241
 0075   264  15.526   0.624   0.038
 0076   264  15.586   0.619  -0.041
 0077   264  15.587   0.627   0.023
 0078   264  15.613   0.748   0.106
 0079   264  15.691   0.616  -0.063
 0080   264  15.521   0.944   0.515
 0081   264  15.680   0.670  -0.007
 0082   264  15.636   0.742   0.125
 0083   264  15.677   0.666   0.007
 0084   264  15.621   0.807   0.246
 0085   264  15.612   0.908   0.340
 0086   264  15.693   0.743   0.170
 0087   264  15.646   0.816   0.275
 0088   264  15.790   1.602   1.072
 0089   264  15.677   0.927   0.558
 0090   264  15.799   0.675   0.049
 0091   264  15.783   0.758   0.084
 0092   264  15.664   1.206   1.053
 0093   264  15.843   0.575   0.039
 0094   264  15.477   1.555   1.186
 0095   264  15.881   0.628   0.119
 0096   264  15.877   0.706   0.077
 0097   264  15.911   0.679   0.082
 0098   264  15.924   0.716   0.008
 0099   264  15.903   0.816   0.166
 0100   264  15.971   0.922   0.151
 0101   264  15.969   0.841   0.330
 0102   264  15.930   0.891   0.490
 0103   264  16.010   0.793   0.170
 0104   264  16.039   0.655   0.191
 0105   264  16.078   0.675   0.058
 0106   264  16.073   0.758   0.236
 0107   264  16.155   0.618   0.027
 0108   264  16.085   0.804   0.213
 0109   264  16.136   0.795   0.116
 0110   264  16.180   0.714   0.114
 0111   264  16.166   0.745   0.128
 0112   264  16.151   0.902   0.308
 0113   264  16.203   0.736   0.079
 0114   264  16.121   1.185  78.348
 0115   264  16.257   0.704   0.082
 0116   264  16.266   0.793   0.118
 0117   264  16.473   1.082   0.324
 0118   264  16.310   0.860   0.153
 0119   264  16.300   0.858   0.283
 0120   264  16.361   0.741   0.006
 0121   264  16.356   0.703   0.047
        264  18.295   3.257  74.199
 0123   264  16.285   1.232   1.099
 0124   264  16.447   1.368   1.021
 0125   264  16.405   0.797   0.158
 0126   264  16.425   0.740   0.024
 0127   264  16.557   1.142   0.820
 0128   264  16.411   0.879   0.366
 0129   264  16.507   0.758   0.074
 0130   264  16.524   0.786  78.311
 0131   264  16.714   1.476   1.312
 0132   264  16.525   0.801   0.108
 0133   264  16.860   1.785   1.190
 0134   264  16.525   0.973   0.509
 0135   264  16.803   1.473  77.385
 0136   264  16.605   0.830   0.306
 0137   264  16.659   0.885   0.223
 0138   264  16.671   0.843   0.291
 0139   264  16.627   0.915   0.417
 0140   264  16.688   0.798   0.102
 0141   264  16.725   0.985   0.524
 0142   264  16.821   1.091   0.343
 0143   264  16.716   0.862   0.202
 0144   264  16.783   0.727   0.068
 0145   264  16.719   0.931   0.490
 0146   264  16.770   0.730   0.145
 0147   264  16.731   0.863   0.382
 0148   264  16.826   0.753  -0.010
 0149   264  16.830   0.794   0.125
 0150   264  18.339   2.826  74.558
 0151   264  18.088   2.317  75.289
 0152   264  16.895   0.879   0.252
 0153   264  16.894   0.911  77.818
 0154   264  16.909   0.753   0.026
 0155   264  16.925   1.145   1.132
 0156   264  16.917   0.881   0.291
 0157   264  17.962   2.534  75.215
 0158   264  17.065   1.240   0.679
 0159   264  16.923   0.880   0.424
 0160   264  16.991   0.829  -0.005
 0161   264  16.941   1.012   0.471
 0162   264  16.965   0.845   0.246
 0163   264  16.955   0.850   0.169
 0164   264  16.971   0.881   0.327
 0165   264  16.970   0.830   0.259
 0166   264  17.054   0.995   0.230
 0167   264  17.239   1.090   0.155
 0168   264  17.078   0.932   0.181
 0169   264  17.062   0.896   0.364
 0170   264  17.041   0.909   0.371
 0171   264  17.038   1.006   0.654
 0172   264  18.317   2.411  74.969
 0173   264  17.234   1.031   0.300
 0174   264  17.179   0.730  -0.176
 0175   264  17.103   0.930   0.384
 0176   264  18.002   1.985  75.687
 0177   264  17.203   1.131   1.079
 0178   264  17.443   1.439   0.915
 0179   264  17.448   1.525   1.072
 0180   264  17.292   1.069   0.192
 0181   264  17.246   0.839   0.114
 0182   264  17.230   0.770   0.123
 0183   264  17.268   0.915   0.060
 0184   264  17.238   0.976   0.515
 0185   264  17.249   1.045   0.620
 0186   264  17.253   0.881   0.324
 0187   264  17.276   0.828   0.022
 0188   264  17.288   1.079   0.929
 0189   264  18.312   2.265  75.111
        264  18.329   2.210  75.145
 0191   264  17.387   0.840   0.176
        264  21.428  81.636  -2.345
 0193   264  18.715   1.870  75.070
 0194   264  17.423   0.900   0.050
 0195   264  17.834   1.639  76.182
 0196   264  17.429   1.061   0.517
 0197   264  17.456   1.065   1.175
 0198   264  17.451   0.993   0.749
 0199   264  17.788   1.472   0.692
 0200   264  17.453   0.861   0.251
 0201   264  17.457   0.930   0.432
        264  17.969   1.574  76.106
        264  19.452   2.369  73.855
 0204   264  17.467   0.994   0.375
 0205   264  17.651   1.034   0.744
 0206   264  17.565   0.837   0.379
 0207   264  17.772   1.392  76.477
 0208   264  17.804   1.154   0.743
 0209   264  17.620   1.182   0.815
        264  21.795  81.237  -2.345
 0211   264  17.570   0.867   0.312
 0212   264  17.612   0.876   0.251
 0213   264  17.759   1.313   1.188
 0214   264  17.832   1.409   1.160
        264  17.948   1.546  76.153
 0216   264  17.640   0.861   0.055
 0217   264  17.819   1.178   0.531
 0218   264  17.917   1.242   0.744
 0219   264  18.394   1.837  75.428
 0220   264  17.690   1.067   0.540
 0221   264  17.806   1.300   1.195
 0222   264  17.741   1.060   0.371
 0223   264  17.752   0.937   0.391
 0224   264  17.769   1.103   0.899
 0225   264  18.339   1.488  75.810
 0226   264  17.762   0.970   0.710
 0227   264  17.807   0.895   0.245
        264  18.463   1.681  75.503
 0229   264  17.769   1.009   0.580
 0230   264  17.771   0.848   0.358
 0231   264  17.977   1.101  76.541
 0232   264  17.829   1.056  76.732
        264  19.157   2.787  73.762
 0234   264  18.003   1.258   1.003
 0235   264  18.035   1.107   0.844
 0236   264  18.222   1.360  76.049
 0237   264  17.886   0.917   0.355
        264  21.435  81.628  -2.345
 0239   264  17.963   0.912   0.271
 0240   264  17.922   0.967  76.722
 0241   264  18.391   1.463   0.431
 0242   264  17.970   1.079   0.545
 0243   264  18.862   1.969  74.828
 0244   264  18.150   1.161  76.309
 0245   264  18.089   1.407  76.140
 0246   264  17.957   1.029   0.475
 0247   264  18.005   1.017  76.591
 0248   264  18.051   1.190  76.382
 0249   264  18.067   1.208   0.542
 0250   264  18.026   1.023   0.504
 0251   264  18.916   2.074  74.675
 0252   264  18.222   1.242   0.348
 0253   264  18.285   1.514  75.841
 0254   264  18.066   0.924  -0.102
 0255   264  18.366   1.271   0.399
 0256   264  18.161   0.975   0.068
 0257   264  18.062   0.907   0.283
 0258   264  18.076   1.051   0.682
 0259   264  18.198   1.140   0.377
        264  94.682  79.001  73.562
 0261   264  18.120   1.064   0.559
 0262   264  18.312   1.142  -0.071
 0263   264  18.122   1.035   0.487
 0264   264  18.122   1.025   0.454
 0265   264  18.127   0.958   0.393
 0266   264  18.214   1.187   0.172
 0267   264  18.203   1.126   0.916
 0268   264  18.174   0.979   0.418
 0269   264  18.287   1.229   0.738
 0270   264  18.728   1.505  75.399
 0271   264  18.398   1.365  75.866
 0272   264  18.255   1.026  76.328
 0273   264  19.185   1.654  74.795
 0274   264  18.224   0.988   0.530
 0275   264  19.215   1.999  74.442
 0276   264  18.252   1.120   0.600
 0277   264  18.362   1.115  76.135
 0278   264  18.586   1.419  75.623
 0279   264  18.280   0.963   0.405
 0280   264  18.496   1.297  75.829
 0281   264  18.323   1.172  -0.774
 0282   264  18.324   1.063  76.224
 0283   264  18.520   1.347  75.758
 0284   264  18.845   1.413  75.366
 0285   264  18.420   1.142  76.052
 0286   264  18.377   1.044   0.753
 0287   264  18.584   1.414  75.630
 0288   264  18.429   1.151  76.034
 0289   264  18.385   1.022   0.629
 0290   264  18.663   1.268  75.687
        264  23.279  79.626  -2.345
 0292   264  18.635   1.336  75.652
 0293   264  18.574   1.266   0.750
 0294   264  18.391   1.039   0.654
 0295   264  19.020   1.443  75.160
 0296   264  18.460   1.006  76.138
        264  94.600  -81.731   0.724
        264  22.231  80.764  -2.345
 0299   264  18.619   1.227  75.771
        264  23.740  79.126  -2.345
 0301   264  18.528   1.211  75.877
 0302   264  19.820   1.841  73.975
        264  94.611  -81.358  -1.316
 0304   264  19.366   1.742  74.529
 0305   264  18.692   1.439  75.497
 0306   264  18.541   1.257  75.821
 0307   264  18.463   1.031   0.561
 0308   264  18.494   1.013   0.410
        264  21.402  81.664  -2.345
 0310   264  18.767   1.307  75.545
 0311   264  18.886   1.440  75.299
        264  22.514  80.457  -2.345
        264  22.379  80.603  -2.345
 0314   264  18.809   0.907  75.876
 0315   264  18.556   1.135   0.642
 0316   264  18.592   1.038   0.612
 0317   264  19.108   1.593  74.931
        264  21.627  81.419  -2.345
 0319   264  18.670   1.318  75.632
 0320   264  18.876   1.075  75.651
        264  23.127  79.791  -2.345
 0322   264  18.652   1.273  75.693
 0323   264  18.871   1.428  75.326
 0324   264  18.717   1.210  75.686
 0325   264  18.782   1.186  75.642
 0326   264  18.815   1.354  75.451
 0327   264  19.405   2.070  74.182
 0328   264  18.663   1.429  75.537
 0329   264  18.870   1.475  75.283
        264  23.570  79.310  -2.345
 0331   264  18.973   1.449  75.202
 0332   264  20.213   1.668  73.737
 0333   264  19.681   2.193  73.787
 0334   264  19.406   1.520  74.695
 0335   264  19.329   1.661  74.642
 0336   264  18.995   1.467  75.164
 0337   264  19.083   1.339  75.193
 0338   264  18.722   1.189  75.700
 0339   264  18.908   1.532  75.191
        264  23.190  79.722  -2.345
 0341   264  19.410   1.881  74.354
 0342   264  19.158   0.238  76.148
        264  23.275  79.630  -2.345
 0344   264  19.045   1.709  74.885
        264  20.540  -0.276  75.225
 0346   264  20.220   1.657  73.741
        264  21.911  81.111  -2.345
        264  94.643  -80.287  -2.444
 0349   264  18.832   1.104  75.669
 0350   264  19.080   1.474  75.070
 0351   264  19.567   2.744  73.386
 0352   264  18.817   1.177  -0.467
 0353   264  19.641   2.034  73.976
 0354   264  18.946   1.211  75.452
 0355   264  19.347   1.507  74.768
 0356   264  19.548   1.552  74.522
        264  23.008  79.920  -79.482
 0358   264  19.246   1.307  75.058
 0359   264  19.571   0.012   0.668
 0360   264  19.238   1.217  75.150
 0361   264  18.999   1.218  75.391
 0362   264  19.989   2.986  72.731
 0363   264  19.314   1.721  74.601
 0364   264  19.053   1.276  75.283
 0365   264  19.909   1.769  73.951
 0366   264  19.510   1.448  74.658
 0367   264  19.910   1.963  73.770
 0368   264  19.138   1.473  75.012
 0369   264  19.133   1.415  75.071
        264  94.698  -78.443  73.023
 0371   264  19.764   1.694  74.170
        264  24.172  78.657  -2.345
 0373   264  18.976   1.155  75.474
        264  94.629  -80.764  -1.456
 0375   264  20.252   2.641  72.787
 0376   264  19.187   1.359  75.069
        264  94.662  -79.647  74.186
 0378   264  19.428   1.408  74.779
 0379   264  19.055   1.305  75.254
 0380   264  19.147   1.177   0.439
 0381   264  19.132   1.203  75.272
 0382   264  19.099   1.228  75.282
        264  21.465  81.596  -78.294
 0384   264  19.568   1.670  74.391
        264  94.644  -80.241  -2.008
        264  21.915  81.107  -2.345
        264  94.672  -79.313  73.863
 0388   264  19.091   1.427  75.104
        264  22.943  79.991  -2.345
        264  22.729  80.223  -2.345
 0391   264  19.075   1.246  75.289
 0392   264  19.749   1.633  74.242
 0393   264  20.991   1.564  73.044
        264  22.864  80.076  -2.345
 0395   264  19.158   1.219  75.229
 0396   264  19.549   1.176  74.872
 0397   264  19.553   1.595  74.477
 0398   264  19.419   1.088  -0.130
 0399   264  19.230   1.397  74.990
        264  23.352  79.546  -2.345
 0401   264  19.077   1.048  75.472
 0402   264  19.329   1.300  74.980
 0403   264  19.732   1.604  74.286
        264  22.616  80.346  -2.345
        264  24.077  78.760  -2.345
 0406   264  19.763   1.548  74.307
 0407   264  19.328   1.375  74.911
        264  23.112  79.807  -79.276
 0409   264  19.344   1.457  74.818
 0410   264  19.609   1.548  74.464
        264  94.632  -80.645  -1.363
 0412   264  19.245   1.131  75.224
 0413   264  19.668   1.414  74.529
 0414   264  19.459   1.541  74.622
        264  22.691  80.265  -2.345
 0416   264  19.309   1.330  74.973
 0417   264  19.891   1.440  74.278
 0418   264  20.468   1.835  73.322
 0419   264  19.446   1.467  74.705
 0420   264  19.305   1.398  74.913
        264  22.838  80.105  -2.345
        264  22.005  81.009  -2.345
 0423   264  19.506   1.956  74.186
        264  24.271  78.548  -2.345
 0425   264  19.793   1.516  74.306
 0426   264  19.319   1.182  75.101
 0427   264  19.645   1.634  74.347
        264  22.167  80.833  -2.345
 0429   264  19.376   1.436  74.805
        264  21.911  81.111  -2.345
 0431   264  19.293   0.947  75.347
 0432   264  19.547   1.492  74.579
 0433   264  19.818   2.034  73.796
        264  94.655  -79.887  -1.915
 0435   264  20.286   1.877  73.468
 0436   264  19.443   1.250  74.911
 0437   264  19.586   1.427  74.601
 0438   264  19.633   1.372  74.604
 0439   264  19.754   1.537  74.326
        264  94.634  -80.605  -1.099
 0441   264  19.438   0.713  -1.100
        264  94.631  -80.707  -1.035
 0443   264  19.496   1.127  74.973
        264  22.874  80.066  -2.345
        264  22.480  80.494  -2.345
        264  22.653  80.306  -2.345
 0447   264  19.440   1.689  74.502
 0448   264  20.468   1.671  73.476
        264  22.550  80.417  -2.345
 0450   264  19.633   1.639  74.354
 0451   264  19.662   1.274  74.666
 0452   264  20.015   2.411  73.243
 0453   264  19.837   1.521  74.256
 0454   264  20.239   1.466  73.901
 0455   264  19.610   1.433  74.570
 0456   264  19.421   0.887  75.273
 0457   264  19.559   1.253  74.790
 0458   264  19.501   0.992  75.094
        264  23.961  78.885  -2.345
        264  22.501  80.471  -2.345
        264  22.107  80.899  -2.345
 0462   264  19.825   0.251  75.458
 0463   264  19.700   1.189  74.707
 0464   264  19.611   1.424  74.577
 0465   264  19.949   1.865  73.821
 0466   264  20.203   1.459  73.943
        264  23.136  79.781  -2.345
        264  23.017  79.910  -2.345
 0469   264  19.861   1.571  74.186
        264  23.169  79.745  -2.345
 0471   264  19.710   1.397  74.502
        264  22.162  80.839  -2.345
 0473   264  19.677   1.379  74.552
 0474   264  19.629   0.365  75.551
 0475   264  19.710   1.358  74.539
 0476   264  19.632   1.378  74.599
        264  23.201  79.710  -2.345
 0478   264  19.795   0.951  74.833
 0479   264  19.709   1.422  74.479
 0480   264  19.712   0.394  75.439
        264  24.711  78.071  -2.345
 0482   264  19.681   0.375  75.488
 0483   264  19.520   0.595  75.446
        264  24.509  78.290  -2.345
        264  22.569  80.397  -2.345
 0486   264  20.583   0.441  74.509
 0487   264  19.194   1.073  75.329
 0488   264  20.414   1.613  73.585
 0489   264  20.258   1.736  73.628
 0490   264  19.724   1.190  74.682
        264  22.356  80.628  -2.345
        264  22.792  80.154  -2.345
 0493   264  19.784   0.838  -1.192
 0494   264  20.500   1.533  73.572
        264  22.718  80.235  -2.345
        264  22.089  80.918  -2.345
        264  22.782  80.166  -2.345
        264  22.738  80.213  -2.345
 0499   264  19.933   1.498  74.181
 0500   264  20.779   1.332  73.477
 0501   264  20.307   1.111  74.163
        264  23.290  79.614  -2.345
        264  22.232  80.763  -2.345
        264  22.638  80.321  -2.345
 0505   264  19.929   1.434  74.245
 0506   264  19.966   1.435  74.207
 0507   264  19.790   1.012  74.781
        264  23.133  79.784  -2.345
 0509   264  19.973   1.339  74.289
        264  23.006  79.922  -2.345
        264  22.480  80.494  -2.345
 0512   264  20.237   1.685  73.696
        264  23.623  79.252  -2.345
 0514   264  20.797   1.332  73.459
 0515   264  19.986   1.449  74.173
        264  22.830  80.113  -2.345
        264  22.440  80.537  -2.345
 0518   264  20.041   1.893  73.701
 0519   264  20.500   1.422  73.675
 0520   264  20.232   1.801  73.594
        264  94.685  -78.900  73.465
        264  22.684  80.272  -2.345
 0523   264  19.770   1.243  74.586
 0524   264  20.517   1.847  73.260
 0525   264  22.702  80.252  -2.345
        264  23.332  79.568  -2.345
 0527   264  19.980   1.692  73.952
        264  22.302  80.686  -2.345
 0529   264  19.997   0.972  74.608
 0530   264  19.702   0.427  75.419
 0531   264  20.000   0.192  75.336
 0532   264  19.961   1.121  74.505
        264  94.630  -80.727  75.230
        264  23.281  79.624  -2.345
        264  22.972  79.960  -2.345
 0536   264  21.318   0.617  73.598
 0537   264  20.014   1.274  74.308
 0538   264  20.215   1.604  73.795
        264  22.784  80.164  -2.345
 0540   264  20.126   1.598  73.891
        264  22.854  80.087  -2.345
        264  23.063  79.861  -2.345
        264  22.889  80.049  -2.345
 0544   264  19.916   1.857  73.863
 0545   264  20.765   1.498  73.336
 0546   264  19.843   0.692  75.028
 0547   264  19.757   0.741  75.068
        264  94.646  -80.182  74.703
        264  94.652  -79.989  74.516
        264  23.263  79.643  -2.345
        264  23.066  79.857  -2.345
 0552   264  19.911   1.179  74.501
 0553   264  21.219   1.481  72.889
 0554   264  20.302   1.538  73.768
 0555   264  20.636   0.852  74.070
 0556   264  19.963   0.738  74.862
        264  23.594  79.283  -2.345
        264  22.586  80.378  -2.345
        264  94.662  -79.657  -1.426
 0560   264  20.110   1.385  74.107
 0561   264  20.569   1.968  73.095
        264  94.667  -79.482  -1.799
        264  23.739  79.127  -2.345
        264  23.245  79.663  -2.345
 0565   264  20.458   1.483  73.661
 0566   264  20.246   1.593  73.775
 0567   264  19.849   0.296  75.391
 0568   264  20.739   1.205  73.636
 0569   264  21.188   1.386  73.010
        264  23.357  79.541  -2.345
 0571   264  21.257   1.414  72.914
        264  23.003  79.926  -2.345
        264  22.931  80.004  -2.345
 0574   264  20.155   1.238  74.198
        264  23.750  79.114  -2.345
        264  23.637  79.237  -2.345
        264  22.828  80.115  -2.345
        264  22.575  80.390  -2.345
        264  24.309  78.507  -2.345
 0580   264  20.384   1.086  74.108
        264  23.080  79.842  -2.345
        264  22.797  80.149  -2.345
        264  23.155  79.761  -2.345
        264  23.300  79.603  -2.345
 0585   264  20.901   1.428  73.263
        264  23.722  79.145  -2.345
 0587   264  20.678   1.847  73.097
        264  23.167  79.747  -2.345
 0589   264  20.249   1.273  74.070
 0590   264  20.317   1.332  73.946
 0591   264  20.484   1.116  73.978
        264  23.420  79.473  -2.345
        264  23.170  79.744  -2.345
 0594   264  20.214   1.267  74.112
        264  22.919  80.016  -2.345
        264  23.018  79.909  -2.345
        264  22.827  80.116  -2.345
 0598   264  21.093   0.617  73.826
 0599   264  20.358   1.280  73.952
        264  23.699  79.170  -2.345
 0601   264  20.318   0.330  74.883
 0602   264  20.255   0.693  74.608
        264  23.585  79.294  -2.345
        264  94.681  -79.008  73.568
        264  23.455  79.435  -2.345
        264  23.143  79.774  -2.345
 0607   264  20.286   1.678  73.654
        264  23.678  79.193  -2.345
 0609   264  20.718  -0.469  75.225
        264  22.330  80.657  -2.345
 0611   264  20.508   0.287  74.730
 0612   264  20.694   1.659  73.257
 0613   264  20.302   1.898  73.432
        264  24.158  78.672  -2.345
 0615   264  20.570   1.080  73.925
 0616   264  20.448   1.360  73.787
 0617   264  20.250   0.376  74.909
        264  23.592  79.286  -2.345
        264  22.907  80.030  -2.345
 0620   264  20.718   2.206  72.721
        264  24.002  78.841  -2.345
        264  94.640  -80.376  74.890
        264  23.730  79.136  -2.345
        264  22.912  80.025  -2.345
        264  23.380  79.516  -2.345
        264  23.119  79.800  -2.345
        264  22.946  79.987  -2.345
 0628   264  20.695   1.557  73.352
 0629   264  20.255   1.945  73.435
 0630   264  20.875  -0.393  74.993
 0631   264  20.742   1.124  73.710
        264  23.123  79.796  -2.345
        264  23.197  79.715  -2.345
        264  23.293  79.611  -2.345
 0635   264  20.468   1.058  74.050
        264  23.159  79.757  -2.345
        264  22.922  80.013  -2.345
        264  23.689  79.180  -2.345
        264  23.148  79.768  -2.345
        264  94.660  -79.731  74.267
 0641   264  20.887   1.367  73.335
        264  94.652  -79.974  74.502
        264  24.275  78.544  -2.345
        264  24.769  78.008  -2.345
 0645   264  20.502   1.920  73.208
        264  23.572  79.308  -2.345
 0647   264  20.371   0.323  74.836
 0648   264  20.590   0.937  74.039
        264  24.051  78.787  -2.345
        264  23.320  79.581  -77.905
        264  23.042  79.883  -2.345
        264  23.349  79.550  -2.345
        264  23.790  79.071  -2.345
 0654   264  20.862   1.668  73.077
        264  23.808  79.051  -2.345
 0656   264  20.426   1.538  73.642
        264  23.160  79.755  -2.345
        264  94.658  -79.796  -0.548
        264  23.114  79.805  -2.345
        264  23.571  79.309  -2.345
        264  23.675  79.196  -2.345
        264  23.615  79.261  -2.345
        264  23.748  79.116  -2.345
        264  94.695  -78.547  73.123
        264  22.786  80.162  -2.345
 0666   264  20.637   0.555  74.348
 0667   264  21.302   1.582  72.711
        264  22.895  80.043  -2.345
        264  24.143  78.687  -2.345
        264  24.332  78.482  -2.345
        264  23.540  79.342  -2.345
        264  22.878  80.062  -2.345
 0673   264  20.574   0.556  74.411
 0674   264  20.876   1.443  73.274
        264  23.737  79.129  -2.345
        264  23.528  79.355  -2.345
        264  24.145  78.685  -2.345
 0678   264  20.769   0.858  73.931
        264  23.501  79.384  -2.345
        264  22.814  80.131  -2.345
 0681   264  21.023   0.788  73.737
        264  23.650  79.223  -2.345
        264  23.483  79.404  -2.345
 0684   264  20.497   1.553  73.556
        264  24.357  78.455  -2.345
        264  23.725  79.142  -2.345
        264  24.132  78.700  -2.345
        264  24.070  78.767  -2.345
 0689   264  20.684   0.887  73.989
        264  23.881  78.972  -2.345
        264  23.893  78.960  -2.345
        264  24.753  78.026  -2.345
        264  23.617  79.259  -2.345
 0694   264  21.294   1.270  73.011
        264  23.667  79.205  -2.345
        264  24.301  78.516  -2.345
 0697   264  21.070   0.300  74.147
        264  24.322  78.494  -2.345
 0699   264  21.395   0.644  73.494
        264  94.678  -79.137  73.693
        264  24.705  78.077  -2.345
        264  94.718  -77.797  72.399
 0703   264  21.297   0.616  73.620
 0704   264  21.744   0.358  73.408
        264  23.642  79.232  -2.345
 0706   264  21.615   0.356  73.540
        264  94.684  -78.915  73.479
        264  24.652  78.135  -2.345