UBV CCD observations

  No    Ref    V       B-V     U-B

 0001   341  14.710   0.690         
 0002   341  13.610   1.190         
 0003   341  15.120   0.580         
 0004   341  15.980   0.720         
 0005   341  17.590   1.810         
 0006   341  17.340   0.960         
 0007   341  16.630   1.070         
 0008   341  16.190   0.610         
 0009   341  17.740   1.760         
 0010   341  17.500   1.100         
 0011   341  17.580   1.120         
 0012   341  14.300   0.400         
 0013   341  16.370   0.730         
 0014   341  16.250   1.550         
 0015   341  15.200   0.600         
 0016   341  16.300   0.800         
 0017   341  15.940   0.660         
 0018   341  13.870   0.430         
 0019   341  17.340   0.960         
 0020   341  16.530   1.370         
 0021   341  17.410   0.890         
 0022   341  15.970   0.630         
 0023   341  17.300   0.500         
 0024   341  17.190   1.110         
 0025   341  15.660   0.740         
 0026   341  17.400   1.100         
 0027   341  16.230   0.770         
 0028   341  16.760   0.640         
 0029   341  17.220   0.980         
 0030   341  17.360   0.940         
 0031   341  16.880   0.820         
 0032   341  17.270   1.630         
 0033   341  14.490   0.410         
 0034   341  17.020   1.480         
 0035   341  16.070   1.530         
 0036   341  17.240   0.960         
 0037   341  16.560   0.740         
 0038   341  17.550   1.550         
 0039   341  17.050   0.850         
 0040   341  16.570   0.730         
 0041   341  15.870   1.730         
 0042   341  17.810   1.190         
 0043   341  16.650   0.750         
 0044   341  17.480   1.120         
 0045   341  16.840   0.760         
 0046   341  14.830   0.370         
 0047   341  17.350   0.950         
 0048   341  16.900   1.000         
 0049   341  16.990  -0.290         
 0050   341  15.690   0.510         
 0051   341  15.960   0.240         
 0052   341  17.050   1.750         
 0053   341  16.180   0.620         
 0054   341  17.670   0.830         
 0055   341  15.940   0.560         
 0056   341  17.080   1.720         
 0057   341  17.690   1.710         
 0058   341  16.660   1.540         
 0059   341  16.680   0.720         
 0060   341  16.330   1.270         
 0061   341  17.370   0.830         
 0062   341  17.510   1.190         
 0063   341  17.750   1.050         
 0064   341  17.440   0.860         
 0065   341  16.650   0.850         
 0066   341  15.670   1.030         
 0067   341  16.440   0.660         
 0068   341  16.860   0.840         
 0069   341  17.060   0.840         
 0070   341  14.280   2.320         
 0071   341  12.830   1.370         
 0072   341  12.050   0.750         
 0073   341  11.860   0.840         
 0074   341  12.570   0.330