UBV CCD observations

  No    Ref    V       B-V     U-B

 0020   221  14.426   0.481   0.218
 0021   221  14.627   0.453   0.134
 0022   221  13.183   0.524   0.190
 0023   221  11.010   1.310   1.154
 0024   221  13.528   0.517   0.221
 0025   221  12.929   0.385   0.186
 0026   221  15.415   0.371   0.218
 0027   221  14.893   0.597   0.072
 0028   221  14.342   0.467   0.160
 0029   221  12.618   0.818   0.352
 0030   221  14.475   0.491   0.111
 0031   221  13.200   0.528   0.181
 0040   221  14.572   0.505   0.152
 0041   221  15.246   0.572   0.080
 0043   221  16.162   0.671  -0.001
 0044   221  14.551   0.474   0.126
 0045   221  14.261   1.755   1.404
 0046   221  13.872   0.450   0.201
 0054   221  15.083   0.671   0.059
 0055   221  13.884   0.444   0.141
 0056   221  13.225   1.103   0.637
 0057   221  14.358   0.484   0.134
 0058   221  16.288   0.743   0.004
 0059   221  12.640   0.750   0.165
 0060   221  10.246   1.072   0.732
 0061   221  10.859   0.446   0.088
 0062   221  11.782   0.259   0.083
 0082   221  14.975   1.143   0.896
 0084   221  13.313   1.106   0.589
 0086   221  14.807   0.729   0.018
 0087   221  13.806   1.148   0.675
 0106   221  13.682   0.415   0.118
 0107   221  11.679   1.091   0.679
 0108   221  15.122   0.500   0.049
 0109   221  13.869   0.438   0.150
 0110   221  12.763   0.956   0.477
 0111   221  14.113   0.413   0.146
 0112   221  14.517   0.538   0.017
 0113   221  13.948   0.504   0.041
 0114   221  11.661   1.908   0.887
 0115   221  15.527   0.772   0.127
 0116   221  15.342   0.778   0.015
 0117   221  14.830   0.416   0.060
 0118   221  13.033   0.882   0.492
 0119   221  15.345   0.542   0.081
 0120   221  15.620   0.581   0.014
 0121   221  12.800   1.025   0.723
 0122   221  15.798   0.524   0.073
 0123   221  14.064   0.463   0.118
 0124   221  13.534   0.483   0.130
 0125   221  14.903   0.486   0.135
 0126   221  15.014   0.574   0.029
 0127   221  12.005   1.262   1.060
 0128   221  15.530   0.664   0.043
 0129   221  15.103   0.518   0.081
 0130   221  12.687   1.099   0.742
 0131   221  15.075   0.536   0.065
 0132   221  14.671   0.509   0.088
 0133   221  15.553   0.627   0.108
 0134   221  15.934   0.615  -0.017
 0135   221  14.639   0.504   0.128
 0136   221  14.547   0.521   0.092
 0137   221  14.937   0.507   0.064
 0138   221  14.118   0.427   0.142
 0139   221  13.401   0.492   0.183
 0140   221  13.663   0.425   0.122
 0141   221  13.769   0.466   0.142
 0142   221  15.527   0.588   0.126
 0143   221  14.885   0.815   0.508
 0144   221  13.227   0.391   0.184
 0145   221  13.234   1.050   0.696
 0146   221  13.403   0.525   0.178
 0147   221  14.417   0.465   0.098
 0148   221  14.155   0.405   0.161
 0149   221  13.638   0.402   0.181
 0150   221  12.600   0.668   0.394
 0151   221  12.852   0.982   0.609
 0152   221  16.336   0.543   0.197
 0153   221  15.231   0.535   0.007
 0155   221  13.714   0.790   0.470
 0156   221  15.738   0.558   0.125
 0157   221  14.492   0.545   0.096
 0158   221  14.809   0.468   0.187
 0159   221  14.160   1.023   0.699
 0160   221  12.617   0.927   0.602
 0161   221  15.420   0.471   0.100
 0162   221  16.002   0.656   0.230
 0163   221  13.903   0.337   0.246
 0164   221  13.974   0.396   0.203
 0190   221  14.151   0.341   0.266
 0193   221  14.233   0.425   0.244
 0194   221  13.926   0.614   0.209
 0195   221  14.049   0.358   0.211
 0196   221  14.119   0.382   0.166
 0197   221  15.281   0.465   0.108
 0198   221  13.439   0.365   0.247
 0199   221  16.266   0.586   0.116
 0200   221  13.995   0.403   0.182
 0202   221  14.681   0.969   0.751
 0203   221  15.937   0.485   0.112
 0204   221  15.462   0.433   0.004
 0205   221  14.570   0.463   0.078
 0208   221  14.684   0.459   0.015
 0209   221  14.324   0.356   0.245
 0210   221  14.043   0.335   0.168
 0211   221  13.189   1.048   0.786
 0212   221  14.664   0.391   0.129
 0213   221  13.290   0.970   0.635
 0214   221  15.636   0.505   0.037
 0215   221  14.220   0.298   0.167
 0216   221  14.636   0.425   0.088
 0217   221  13.478   0.331   0.189
 0218   221  14.680   0.336   0.141
 0219   221  13.943   0.307   0.222
 0220   221  14.492   0.416   0.256
 0221   221  15.185   0.399   0.056
 0222   221  13.611   0.348         
 0248   221  16.001   0.478   0.037
 0301   221  17.784   0.890   0.249
 0302   221  18.286   1.255         
 0303   221  17.239   0.566   0.241
 0304   221  17.122   0.813   0.559
 0305   221  18.421   0.792  -0.056
 0306   221  17.005   0.895   0.375
 0307   221  17.548   1.283         
 0308   221  17.101   0.758   0.560
 0309   221  18.784   0.980         
 0310   221  18.277   1.136   0.741
 0311   221  16.944   0.988   0.255
 0312   221  18.139   0.192   0.004
 0313   221  18.084   0.882   0.120
 0314   221  17.474   1.298  -0.309
 0315   221  17.549   0.851   0.246
 0316   221  18.111   1.097   0.210
 0317   221  18.578   1.165  -0.143
 0318   221  15.679   0.780   0.047
 0319   221  17.028   1.063   0.143
 0320   221  18.063   0.810   0.083
 0321   221  16.343   1.132  -0.077
 0322   221  16.437   0.811   0.158
 0323   221  17.467   0.760   0.255
 0324   221  16.871   1.313   0.168
 0325   221  17.123   0.645  -0.507
 0326   221  15.506   0.627  -0.226
 0327   221  17.173   0.640         
 0328   221  16.473   0.864   0.022
 0329   221  18.301   0.832  -0.529
 0330   221  17.707   1.155   0.800
 0331   221  17.514   1.158   0.235
 0332   221  19.047   0.187         
 0333   221  12.575   1.093   0.735
 0334   221  17.602   1.307   0.410
 0335   221  16.336   0.834   0.401
 0336   221  16.126   1.001   0.586
 0337   221  16.743   0.706   0.025
 0338   221  14.891   0.484   0.085
 0339   221  19.065   1.167         
 0340   221  18.105   1.226         
 0342   221  15.979   0.619   0.147
 0343   221  16.556   0.767   0.162
 0344   221  18.368   1.202         
 0345   221  18.607   0.692   0.462
 0346   221  11.419   0.100  -0.258
 0347   221  17.900   0.633  -1.820
 0348   221  13.938   0.253         
 0350   221  12.453   0.644   0.279
 0351   221  18.220   0.481  -0.214
 0352   221  13.566   0.441   0.144
 0354   221  18.077   0.909   0.256
 0355   221  14.108   0.399   0.222
 0356   221  16.086   0.828  -0.101
 0357   221  13.363   0.987   0.642
 0358   221  16.175   0.847   0.637
 0359   221  15.583   0.661   0.147
 0360   221  14.187   0.404   0.164
 0361   221  17.081   0.616   0.245
 0362   221  12.498   0.163   0.045
 0363   221  18.298   1.458         
 0364   221  16.859   0.890   0.112
 0366   221  18.783   1.029         
 0367   221  18.852   0.426   0.758
 0368   221  16.043   0.543  -0.055
 1005   221  16.609   0.869  -0.070
 1006   221  16.087   0.631   0.037
 1008   221  16.720   0.919   0.567
 1009   221  16.406   0.730   0.195
 1010   221  17.705   0.969   0.547
 1013   221  17.839   1.193   0.879
 1014   221  17.557   0.636   0.061
 1015   221  17.853   1.441         
 1017   221  17.408   0.984   0.127
 1020   221  18.279   0.954         
 1021   221  16.246   0.622   0.163
 1022   221  16.918   0.892   0.222
 1023   221  15.580   0.733   0.293
 1024   221  17.073   0.846   0.689
 1027   221  17.776   0.898   0.977
 1030   221  16.387   0.729   0.166
 1032   221  16.956   0.937   0.165
 1033   221  17.816   1.039   0.662
 1034   221  17.073   0.783   0.227
 1035   221  16.949   0.879   0.162
 1036   221  17.798   1.505         
 1039   221  18.153   1.137  -0.087
 1041   221  18.446   1.016   0.235
 1042   221  17.763   1.267         
 1044   221  16.911   0.746   0.008
 1046   221  16.637   0.840   0.137
 1047   221  18.396   1.177         
 1053   221  16.648   0.828   0.143
 1056   221  17.524   1.071   0.096
 1057   221  17.279   0.866   0.086
 1058   221  17.982   0.723   0.723
 1061   221  16.234   0.749   0.137
 1062   221  17.076   0.909   0.217
 1063   221  16.051   0.685   0.123
 1064   221  16.391   0.801   0.116
 1069   221  18.450   1.225         
 1072   221  17.848   0.721   0.276
 1074   221  16.217   0.627   0.097
 1075   221  16.202   0.664   0.042
 1081   221  17.397   0.650   0.423
 1082   221  18.015   1.125         
 1083   221  15.987   0.637   0.038
 1084   221  16.586   0.721   0.104
 1085   221  18.017   0.881   0.192
 1086   221  18.003   1.274   0.396
 1087   221  18.394   1.293         
 1088   221  17.158   0.973   0.707
 1089   221  17.363   1.075   0.520
 1090   221  18.121   0.940   0.404
 1091   221  17.428   0.907   0.864
 1093   221  16.132   0.723   0.104
 1094   221  15.096   0.552   0.106
 1095   221  14.304   0.458   0.177
 1096   221  17.184   0.894   0.452
 1100   221  16.074   0.724   0.217
 1102   221  17.720   0.954   1.047
 1105   221  17.302   0.509         
 1106   221  17.321   0.992         
 1109   221  16.123   0.642  -0.011
 1112   221  17.122   0.998   0.905
 1113   221  17.942   0.681   0.264
 1114   221  18.742   0.017   0.165
 1115   221  14.185   0.430   0.151
 1117   221  17.394   0.833   0.893
 1118   221  17.195   0.667   0.440
 1120   221  16.789   0.766  -0.015
 1121   221  16.557   0.728   0.043
 1122   221  17.594   1.021   1.368
 1123   221  17.834   0.751   0.190
 1124   221  16.481   0.797   0.258
 1125   221  16.434   0.657   0.169
 1126   221  17.851   0.588  -0.089
 1127   221  17.015   0.704   0.209
 1129   221  18.381   1.056         
 1130   221  17.051   0.581  -0.126
 1132   221  18.237   0.729   0.220
 1133   221  16.378   0.653   0.216
 1134   221  17.881   0.834   0.081
 1135   221  18.155   0.907   0.027
 1136   221  16.391   0.656   0.151
 1137   221  18.125   1.048   0.862
 1138   221  18.573   0.862         
 1140   221  17.622   0.831   0.914
 1141   221  17.566   0.895   0.840
 1142   221  16.953   0.763   0.200
 1143   221  16.477   0.687   0.076
 1146   221  17.708   0.688  -0.030
 1147   221  16.115   0.641   0.026
 1148   221  17.036   0.440   0.185
 1149   221  17.838   0.869   0.526
 1150   221  17.151   0.660  -0.123
 1154   221  14.893   0.687   0.053
 1155   221  17.178   1.580   0.730
 1156   221  16.218   0.729  -0.036
 1157   221  16.859   0.735   0.323
 1167   221  17.287   0.810   0.259
 1169   221  17.526   1.017   0.225
 1170   221  15.697   0.644   0.042
 1174   221  17.636   1.247   0.952
 1175   221  16.436   0.718  -0.021
 1176   221  18.202   1.293         
 1178   221  18.042   1.467         
 1179   221  18.975   0.255   0.580
 1180   221  16.193   0.581   0.109
 1181   221  15.128   0.459   0.055
 1182   221  18.583   0.944   0.472
 1184   221  17.397   0.723   0.308
 1185   221  17.467   0.820  -0.059
 1187   221  17.494   0.487   0.324
 1188   221  17.997   0.831         
 1189   221  16.218   0.818   0.389
 1190   221  15.684   0.746   0.174
 1192   221  16.776   0.513   0.274
 1195   221  17.589   0.844   0.383
 1196   221  17.430   0.779   0.468
 1197   221  18.200   0.606   0.207
 1198   221  17.545   0.543   0.188
 1199   221  16.759   1.004   0.800
 1200   221  18.057   0.555   0.247
 1202   221  16.399   0.719   0.145
 1203   221  15.518   0.675   0.325
 1205   221  17.650   1.134   0.273
 1206   221  17.113   0.785   0.741
 1209   221  18.471   0.840         
 1210   221  17.531   0.774   0.091
 1211   221  16.569   0.662   0.228
 1212   221  18.644   0.815  -0.073
 1215   221  17.620   1.063   1.026
 1216   221  15.982   0.553   0.080
 1218   221  18.250   1.058   0.554
 1219   221  17.748   0.648   0.088
 1220   221  16.742   0.677   0.192
 1221   221  17.352   1.021   0.775
 1222   221  15.044   0.588   0.022
 1223   221  18.317   0.919   0.090
 1224   221  18.145   0.570  -0.122
 1225   221  17.650   0.785   0.252
 1226   221  17.177   1.035   0.500
 1227   221  17.554   0.860   0.686
 1228   221  17.971   1.050   1.316
 1230   221  17.814   0.687  -0.084
 1231   221  15.557   0.531  -0.031
 1232   221  17.378   0.821   0.236
 1233   221  17.166   0.806   0.245
 1250   221  17.585   0.728   0.314
 1252   221  14.578   0.486  -0.032
 1253   221  17.310   0.744   0.410
 1254   221  17.479   0.568   0.041
 1256   221  18.035   0.505  -0.050
 1257   221  17.066   0.840   0.748
 1258   221  17.489   0.846   0.343
 1259   221  18.542   0.982         
 1260   221  18.023   0.858   0.931
 1261   221  18.360   0.983  -0.352
 1262   221  18.813   0.932         
 1263   221  17.891   0.864   0.706
 1264   221  17.271   0.552   0.190
 1265   221  16.935   1.133   0.961
 1268   221  16.130   0.647   0.067
 1269   221  17.583   0.778   0.469
 1270   221  17.321   0.702   0.311
 1271   221  15.782   0.834   0.376
 1274   221  17.820   0.887   0.150
 1275   221  18.131   0.640   0.163
 1276   221  16.200   0.658   0.046
 1277   221  18.212   1.110   0.510
 1281   221  17.828   0.534  -0.066
 1302   221  17.950   0.866   0.368
 1303   221  18.181   0.674   0.065
 1304   221  17.232   0.678   0.143
 1305   221  15.239   0.436   0.061
 1312   221  17.233   0.694   0.158
 1315   221  18.495   1.434         
 1317   221  18.125   0.926   0.563
 1318   221  16.703   0.656   0.165
 1319   221  18.776   1.021  -0.035
 1320   221  16.991   1.042   1.269
 1321   221  18.186   1.322         
 1322   221  17.914   0.941         
 1323   221  16.398   0.756   0.338
 1325   221  16.952   0.833   0.370
 1326   221  18.120   1.534   0.276
 1328   221  16.722   0.648   0.342
 1329   221  14.927   1.080   0.888
 1330   221  18.155   0.740   0.956
 1332   221  17.752   0.608  -0.169
 1333   221  16.871   0.710   0.069
 1334   221  17.543   1.280         
 1335   221  17.912   0.464   0.253
 1337   221  17.145   0.670   0.376
 1338   221  15.582   0.456   0.090
 1339   221  16.110   0.536   0.008
 1340   221  14.979   0.388   0.153
 1351   221  17.211   0.859   0.387
 1352   221  17.900   0.831   0.461
 1353   221  18.107   0.937   1.011
 1354   221  17.676   0.427   0.102
 1355   221  17.495   0.415   0.229
 1358   221  17.118   0.545   0.332
 1368   221  18.235   0.943         
 1369   221  18.084   0.506   0.265
 1372   221  18.108   0.871   0.779
 1373   221  16.532   0.942   1.205
 1374   221  18.471   0.789         
 1375   221  17.570   0.703   0.275
 1376   221  17.527   0.803   0.775
 1377   221  16.303   0.577   0.096
 1378   221  17.821   1.147         
 1380   221  15.989   0.747   0.387
 1381   221  14.625   0.438   0.259
 1385   221  18.533   0.989         
 1400   221  18.579   0.984         
 1401   221  18.106   0.422   0.259
 1402   221  18.351   0.702   0.412
 1404   221  15.777   0.808   0.308
 1405   221  16.529   0.950   0.198
 1406   221  17.470   1.191   1.654
 1407   221  16.692   0.841   0.634
 1408   221  15.719   0.973   0.577
 1409   221  14.872   0.736   0.174
 1410   221  15.938   0.610   0.392
 1413   221  15.107   0.653   0.166
 1416   221  17.362   1.091   0.492
 1417   221  17.832   1.230   0.759
 1420   221  18.499   1.132         
 1421   221  15.278   0.570   0.110
 1422   221  16.317   0.718   0.081
 1423   221  15.522   0.619   0.106
 1425   221  16.846   0.792   0.188
 1426   221  15.152   0.524   0.046
 1427   221  17.679   0.937   0.446
 1428   221  17.708   0.798  -0.071
 1429   221  16.980   0.841   0.454
 1431   221  17.453   1.030   0.314
 1432   221  17.189   0.821  -0.005
 1433   221  16.592   1.038   0.867
 1435   221  17.052   0.636   0.171
 1437   221  16.054   0.743  -0.012
 1438   221  16.514   0.787   0.062
 1443   221  15.795   0.637  -0.037
 1445   221  15.424   0.676   0.032
 1464   221  16.194   0.792  -0.034
 1470   221  16.942   0.869   0.093
 1471   221  15.989   0.660  -0.050
 1472   221  16.026   0.912  -0.006
 1473   221  15.073   0.848         
 1482   221  15.597   1.576   0.594