UBV CCD observations

  No    Ref    V       B-V     U-B

 0133   262  12.530   1.650         
 0160   262  13.410   0.460         
 0163   262  14.470   0.540         
 0184   262  13.940   0.730         
 0189   262  13.380   0.600         
 0206   262  14.410   0.620         
 0208   262  13.660   0.840         
 0373   262  15.390   0.750         
 0397   262  15.000   1.000         
 0422   262  14.920   0.570         
 0704   262  18.430   1.120         
 0707   262  16.640   0.770         
 0710   262  16.930   1.230         
 0711   262  15.610   0.840         
 0712   262  18.100   1.070         
 0714   262  18.680   1.120         
 0715   262  16.800   1.030         
 0716   262  17.730   1.040         
 0719   262  15.910   0.750         
 0720   262  16.910   1.010