UBV CCD observations

  No    Ref    V       B-V     U-B

 0015   272  11.250   1.180         
 0012   272  11.670   0.550         
 0017   272  11.990   1.540         
 0018   272  12.400   0.700         
 0014   272  12.930   0.630         
 0027   272  13.220   0.550         
 0016   272  13.400   0.780         
 0019   272  13.490   0.730         
 0039   272  14.630   0.950         
 0040   272  14.670   1.100         
 0041   272  15.290   0.350         
 0042   272  15.450   0.750