UBV CCD observations

  No    Ref    V       B-V     U-B

 0003   205  11.793   0.104         
 0004   205  13.190   0.282         
 0005   205  11.909   0.171         
 0006   205  12.957   0.117         
 0007   205  12.546   0.570         
 0008   205  10.154   0.126         
 0009   205  13.944   0.206         
 0010   205   8.451   0.060         
 0013   205  10.697   0.112         
 0014   205  10.289   1.582         
 0021   205  12.404   0.275         
 0115   205  14.952   0.622         
 0116   205  15.128   0.595         
 0118   205  15.499   0.600         
 0119   205  14.563   0.296         
 0120   205  14.300   0.565         
 0123   205  15.340   0.534         
 0129   205  15.129   0.389         
 0131   205  14.568   0.336         
 0133   205  15.124   0.580         
 0135   205  14.667   0.799         
 0136   205   9.957   0.074         
 0138   205  13.655   0.187         
 0139   205  15.158   0.598         
 0140   205  15.640   0.553         
 0141   205  15.115   0.544         
 0142   205  15.927   0.712         
 0143   205  13.002   0.196         
 0145   205  13.781   0.387         
 0146   205  11.628   0.155         
 0148   205  13.748   0.515         
 0149   205  13.972   0.172         
 0151   205  15.469   0.650         
 0152   205  15.735   0.677         
 1001   205  19.867   1.299         
 1002   205  17.701   0.940         
 1004   205  18.720   0.986         
 1005   205  18.946   0.896         
 1006   205  19.563   0.906         
 1008   205  18.562   1.194         
 1010   205  16.330   1.494         
 1011   205  17.988   1.313         
 1012   205  18.829   0.936         
 1013   205  18.537   1.184         
 1014   205  19.162   0.889         
 1015   205  18.839   1.087         
 1017   205  19.336   1.231         
 1019   205  17.220   1.071         
 1020   205  18.664   1.198         
 1021   205  17.155   1.475         
 1022   205  18.569   1.191         
 1023   205  18.621   1.007         
 1024   205  18.994   0.704         
 1025   205  19.985   1.117         
 1026   205  19.072   0.813         
 1027   205  18.743   0.824         
 1029   205  18.829   1.503         
 1031   205  19.205   1.241         
 1032   205  17.433   0.489         
 1034   205  19.147   0.736         
 1035   205  16.681   0.946         
 1036   205  15.479   0.932         
 1037   205  17.290   0.763         
 1038   205  18.970   0.955         
 1040   205  16.721   0.978         
 1041   205  17.676   0.833         
 1042   205  18.892   0.823         
 1043   205  19.750   0.805         
 1045   205  18.654   0.553         
 1046   205  17.070   0.896         
 1047   205  18.410   0.747         
 1048   205  17.953   1.058         
 1051   205  16.183   0.837         
 1052   205  18.125   0.969         
 1053   205  17.941   1.088         
 1054   205  17.317   0.429         
 1055   205  17.597   0.740         
 1056   205  16.842   0.905         
 1057   205  18.470   0.659         
 1061   205  18.685   0.859         
 1062   205  17.771   0.852         
 1063   205  18.256   0.795         
 1066   205  20.150   0.516         
 1068   205  15.682   0.641         
 1069   205  19.240   1.299         
 1071   205  18.833   0.899         
 1074   205  18.864   1.316         
 1075   205  19.097   1.162         
 1077   205  17.291   0.581         
 1078   205  15.565   0.614         
 1080   205  18.171   0.639         
 1081   205  16.111   0.587         
 1082   205  18.449   0.961         
 1085   205  19.792   1.402         
 1086   205  18.080   0.934         
 1088   205  17.815   0.771         
 1091   205  18.921   1.055         
 1092   205  17.013   0.902         
 1093   205  18.301   1.104         
 1094   205  19.741   0.811         
 1095   205  17.838   1.399         
 1096   205  20.118   0.857         
 1097   205  17.186   0.977         
 1099   205  16.351   0.792         
 1100   205  16.513   0.978         
 1101   205  18.013   0.747         
 1104   205  18.624   0.960         
 1105   205  17.566   0.970         
 1108   205  17.288   0.815         
 1109   205  16.498   0.705         
 1111   205  16.579   0.511         
 1112   205  19.731   1.315         
 1113   205  18.950   1.756         
 1114   205  18.382   1.033         
 1116   205  18.497   1.344         
 1118   205  18.875   1.308         
 1119   205  19.112   1.427         
 1120   205  16.922   1.054         
 1121   205  18.262   1.018         
 1122   205  19.701   1.363         
 1124   205  18.305   0.959         
 1125   205  17.873   0.798         
 1126   205  17.175   0.757         
 1127   205  19.320   0.922         
 1129   205  18.484   1.248         
 1130   205  19.129  -0.187         
 1131   205  17.104   0.932         
 1132   205  18.801   0.887         
 1134   205  17.676   0.825         
 1135   205  18.939   0.827         
 1137   205  19.050   1.154         
 1139   205  16.949   0.760         
 1140   205  15.804   0.742         
 1141   205  17.312   0.838         
 1142   205  19.538   1.049         
 1147   205  18.134   1.472         
 1148   205  17.287   1.068         
 1149   205  15.109   0.728         
 1152   205  18.694   0.933         
 1153   205  17.496   1.107         
 1154   205  16.538   0.624         
 1156   205  18.585   1.598         
 1157   205  17.274   1.240         
 1158   205  17.479   0.872         
 1159   205  18.046   0.796         
 1160   205  19.090   1.013         
 1161   205  17.854   1.040         
 1162   205  16.657   0.963         
 1163   205  16.282   0.672         
 1164   205  15.710   0.782         
 1165   205  20.043   1.159         
 1167   205  18.997   0.869         
 1168   205  14.961   0.768         
 1169   205  15.029   0.693         
 1171   205  17.630   0.751         
 1172   205  17.746   0.959         
 1175   205  15.097   0.628         
 1176   205  16.678   0.860         
 1177   205  17.611   0.880         
 1178   205  19.012   1.197         
 1180   205  17.766   0.825         
 1181   205  16.884   0.824         
 1182   205  18.416   0.974         
 1183   205  17.935   1.058         
 1185   205  18.398   1.448         
 1186   205  18.527   0.892         
 1189   205  18.975   0.895         
 1190   205  18.310   0.937         
 1191   205  16.064   0.897         
 1192   205  19.449   1.061         
 1193   205  18.958   0.938         
 1194   205  19.283   1.379         
 1195   205  17.155   0.877         
 1198   205  19.536   0.887         
 1199   205  19.458   1.111         
 1200   205  18.793   0.975         
 1203   205  19.621   1.202         
 1204   205  19.622   1.042         
 1205   205  19.296   1.195         
 1206   205  14.420   0.695         
 1207   205  17.375   0.943         
 1208   205   8.982   0.055         
 1209   205  18.914   0.619         
 1210   205   9.516   0.076         
 1211   205  18.870   0.300         
 1212   205  17.175   0.778         
 1214   205  18.276   0.681         
 1215   205  18.558   0.633         
 1216   205  18.634   1.408         
 1217   205  19.295   1.005         
 1222   205  19.345   1.047         
 1223   205  13.956   0.600         
 1224   205  19.205   0.932         
 1225   205  17.616   0.749         
 1226   205  17.485   0.386         
 1227   205  18.875   0.784         
 1228   205  18.747   0.403         
 1229   205  19.578   0.965         
 1231   205  18.347   1.349         
 1232   205  15.954   1.014         
 1233   205  18.801   0.767         
 1234   205  17.326   0.764         
 1236   205  18.564   0.849         
 1237   205  19.254   1.100         
 1238   205  17.945   1.285         
 1241   205  17.374   0.977         
 1242   205  17.991   0.882         
 1243   205  19.224   0.823         
 1244   205  18.217   0.926         
 1245   205  17.347   0.902         
 1246   205  17.954   1.032         
 1247   205  16.396   0.811         
 1248   205  18.828   0.715         
 1249   205  16.425   1.059         
 1250   205  19.082   1.309         
 1251   205  14.873   0.536         
 1252   205  16.700   0.789         
 1254   205  16.688   0.663         
 1255   205  17.946   0.791         
 1256   205  18.312   0.957         
 1257   205  17.433   0.820         
 1258   205  18.419   0.807         
 1260   205  17.965   0.965         
 1262   205  19.619   1.023         
 1263   205  17.147   0.730         
 1266   205  14.689   0.722         
 1267   205  17.579   1.369         
 1268   205  17.223   0.746         
 1270   205  19.063   1.253         
 1271   205  19.079   1.262         
 1272   205  15.045   0.660         
 1273   205  18.828   0.958         
 1274   205  17.301   0.788         
 1277   205  18.799   1.042         
 1279   205  18.417   0.905         
 1280   205  18.482   0.992         
 1281   205  17.277   1.001         
 1283   205  19.604   1.262         
 1284   205  18.165   1.409         
 1285   205  20.383   0.944         
 1287   205  15.425   0.567         
 1288   205  17.324   1.000         
 1289   205  19.251   0.796         
 1290   205  19.509   1.302         
 1291   205  17.666   0.998         
 1292   205  16.046   0.754         
 1293   205  19.181   1.073         
 1294   205  19.095   1.586         
 1295   205  18.700   0.950         
 1296   205  17.163   0.807         
 1297   205  19.150   1.030         
 1298   205  18.931   0.837         
 1299   205  15.230   0.420         
 1300   205  19.041   1.258         
 1302   205  19.474   1.058         
 1303   205  16.947   0.762