UBV CCD observations

  No    Ref    V       B-V     U-B

 0001   225  10.355   1.002         
 0001   261  10.368   0.992         
 0002   225  11.269   0.452         
 0002   261  11.303   0.428         
 0003   225  11.675   0.575         
 0003   261  11.703   0.551         
 0004   225  12.142   0.298         
 0005   225  12.322   0.870         
 0005   261  12.346   0.844         
 0006   225  13.605   0.825         
 0006   261  13.630   0.862         
 0007   225  13.626   0.869         
 0007   261  13.630   0.810         
 0008   225  13.809   0.724         
 0008   261  13.831   0.698         
 0009   225  14.047   0.701         
 0009   261  14.057   0.688         
 0010   225  14.150   0.837         
 0010   261  14.134   0.835         
 0011   225  14.303   0.647         
 0011   261  14.341   0.628         
 0012   225  14.670   0.536         
 0013   225  14.679   0.567         
 0013   261  14.758   0.528         
 0014   225  14.959   1.258         
 0015   225  15.026   0.684         
 0016   225  15.336   0.780         
 0017   225  15.470   0.602         
 0018   225  15.502   0.703         
 0018   261  15.515   0.652         
 0019   225  15.616   0.974         
 0019   261  15.614   0.944         
 0020   225  15.698   0.506         
 0021   225  15.818   0.557         
 0021   261  15.826   0.544         
 0022   225  15.834   0.652         
 0022   261  15.867   0.621         
 0023   225  15.856   1.082         
 0023   261  15.831   1.127         
 0024   225  16.011   0.802         
 0024   261  16.030   0.732         
 0025   225  16.092   0.599         
 0025   261  16.130   0.609         
 0026   225  16.191   1.278         
 0026   261  16.166   1.309         
 0027   225  16.314   0.594         
 0027   261  16.367   0.477         
 0028   225  16.509   0.839         
 0028   261  16.505   0.846         
 0029   225  16.538   0.759         
 0030   225  16.585   0.636         
 0030   261  16.662   0.526         
 0031   225  16.688   0.982         
 0031   261  16.968   0.758         
 0032   225  16.766   0.674         
 0032   261  16.762   0.627         
 0033   225  16.865   0.942         
 0034   225  16.869   0.836         
 0035   225  16.963   0.563         
 0036   225  16.981   1.127         
 0037   225  17.040   0.824         
 0038   225  17.060   0.752         
 0039   225  17.125   0.688         
 0039   261  17.181   0.626         
 0040   225  17.163   0.646         
 0040   261  17.184   0.586         
 0041   225  17.163  -0.023         
 0042   225  17.190   1.387         
 0043   225  17.274   0.589         
 0044   225  17.294   0.908         
 0044   261  17.280   0.894         
 0045   225  17.319   0.817         
 0045   261  17.324   0.767         
 0046   225  17.331   0.503         
 0047   225  17.383   1.032         
 0048   225  17.407   1.346         
 0048   261  17.454   1.280         
 0049   225  17.433   0.624         
 0049   261  17.414   0.566         
 0050   225  17.456   0.065         
 0050   261  17.517  -0.018         
 0051   225  17.485   0.534         
 0051   261  17.485   0.507         
 0052   225  17.533   0.638         
 0052   261  17.416   0.652         
 0053   225  17.534   0.802         
 0053   261  17.578   0.692         
 0054   225  17.609   0.889         
 0054   261  17.611   0.868         
 0055   225  17.662   0.680         
 0055   261  17.704   0.621         
 0056   225  17.676   0.678         
 0056   261  17.735   0.589         
 0057   225  17.705   0.576         
 0057   261  17.736   0.482         
 0058   225  17.707   0.547         
 0058   261  17.699   0.516         
 0059   225  17.708   0.597         
 0060   225  17.802   0.533         
 0061   225  17.864   0.577         
 0062   225  17.985   0.603         
 0062   261  18.013   0.560         
 0063   225  18.067   0.747         
 0063   261  18.070   0.684         
 0064   225  18.081   0.852         
 0064   261  18.097   0.819         
 0065   225  18.088   0.661         
 0065   261  18.054   0.596         
 0066   225  18.177   0.566         
 0067   225  18.192   1.096         
 0067   261  18.251   1.102         
 0068   225  18.199   1.050         
 0069   225  18.200   0.782         
 0069   261  18.226   0.722         
 0070   225  18.226   0.674         
 0071   225  18.318   0.806         
 0071   261  18.311   0.784         
 0072   225  18.320   1.277         
 0072   261  18.338   1.302         
 0073   225  18.365   1.589         
 0074   225  18.385   1.425         
 0075   225  18.399   0.948         
 0075   261  18.424   0.919         
 0076   225  18.428   1.561         
 0076   261  18.505   1.483         
 0077   225  18.431   1.311         
 0078   225  18.440   0.607         
 0078   261  18.431   0.581         
 0079   225  18.459   0.528         
 0080   225  18.482   1.584         
 0080   261  18.451   1.592         
 0081   225  18.518   0.960         
 0081   261  18.509   0.999         
 0082   225  18.529   0.699         
 0082   261  18.591   0.606         
 0083   225  18.566   0.424         
 0083   261  18.546   0.379         
 0084   225  18.586   0.482         
 0085   225  18.598   0.912         
 0085   261  18.587   0.877         
 0086   225  18.635   0.849         
 0087   225  18.660   1.446         
 0087   261  18.604   1.411         
 0088   225  18.740   0.649         
 0089   225  18.786   0.833         
 0090   225  18.841   0.657         
 0090   261  18.902   0.570         
 0091   225  18.875   1.340         
 0091   261  18.885   1.353         
 0092   225  18.915   0.824         
 0092   261  18.924   0.803         
 0093   225  18.955   0.824         
 0093   261  18.947   0.777         
 0094   225  18.976   0.558         
 0095   225  18.991   0.651         
 0096   225  18.996   0.914         
 0096   261  19.066   0.806         
 0097   225  19.002   0.615         
 0097   261  19.062   0.521         
 0098   225  19.009   0.727         
 0099   225  19.066   0.438         
 0100   225  19.072   0.908         
 0100   261  19.069   0.818         
 0101   225  19.119   0.674         
 0102   225  19.148   0.770         
 0102   261  19.153   0.737         
 0103   225  19.230   0.722         
 0103   261  19.257   0.664         
 0104   225  19.235   1.247         
 0105   225  19.240   0.750         
 0106   225  19.268   1.420         
 0106   261  19.445   1.436         
 0107   225  19.328   0.711         
 0108   225  19.386   0.622         
 0108   261  19.392   0.580         
 0109   225  19.437   0.598         
 0110   225  19.462   0.567         
 0110   261  19.548   0.525         
 0111   225  19.462   0.594         
 0111   261  19.455   0.541         
 0112   225  19.504   0.891         
 0112   261  19.535   0.882         
 0113   225  19.528   1.486         
 0114   225  19.535   0.736         
 0114   261  19.559   0.747         
 0115   225  19.569   0.773         
 0115   261  19.522   0.745         
 0116   225  19.588   0.570         
 0116   261  19.809   0.534         
 0117   225  19.591   1.277         
 0118   225  19.595   0.479         
 0118   261  19.636   0.413         
 0119   225  19.638   1.242         
 0120   225  19.676   1.030         
 0120   261  19.741   0.998         
 0121   225  19.683   0.345         
 0121   261  19.685   0.328         
 0122   225  19.698   0.693         
 0122   261  19.792   0.507         
 0123   225  19.734   0.804         
 0123   261  19.677   0.821         
 0124   225  19.740   1.011         
 0124   261  19.590   1.089         
 0125   225  19.791   1.301         
 0125   261  19.836   1.395         
 0126   225  19.807   0.849         
 0126   261  19.764   0.774         
 0127   225  19.852   1.667         
 0127   261  19.896   1.486         
 0128   225  19.873   0.910         
 0128   261  19.950   0.826         
 0129   225  19.874   0.494         
 0129   261  19.900   0.438         
 0130   225  19.883   0.807         
 0131   225  19.884   1.424         
 0132   225  19.915   1.449         
 0132   261  19.948   1.488         
 0133   225  19.937   1.490         
 0133   261  20.053   1.368         
 0134   225  19.939   0.576         
 0134   261  19.863   0.465         
 0135   225  19.996   0.709         
 0135   261  20.291   0.488         
 0136   225  20.273   0.806         
 0136   261  20.187   0.955         
 0137   225  20.284   0.621         
 0138   225  20.289   1.011         
 0138   261  20.266   0.970         
 0139   225  20.310   0.789         
 0139   261  20.231   0.740         
 0140   225  20.428   1.211         
 0141   225  20.636   0.552         
 0141   261  20.540   0.440         
 0142   225  20.761   0.400         
 0142   261  20.652   0.495         
 0143   225  20.762   0.918         
 0144   225  20.819   0.763         
 0147   261  15.893   0.662         
 0148   261  16.603   0.891         
 0149   261  16.814   0.842         
 0150   261  17.614   0.582         
 0151   261  17.995   0.607         
 0152   261  18.293   0.723         
 0153   261  18.348   1.060         
 0154   261  19.193   1.474         
 0155   261  19.503   0.749         
 0156   261  19.520   1.407         
 0157   261  19.553   1.324         
 0158   261  19.663   0.389         
 0159   261  19.702   1.511         
 0160   261  19.729   1.015         
 0161   261  19.819   1.506         
 0162   261  19.884   0.649         
 0163   261  20.172   1.408         
 0164   261  20.177   0.807         
 0165   261  20.320   1.592         
 0166   261  20.371   1.299         
 0167   261  20.431   1.522         
 0168   261  20.458   0.682         
 0169   261  20.510   0.814         
 0170   261  20.588   1.454         
 0171   261  20.667   0.482         
 0172   261  20.703   0.391         
 0173   261  20.734   1.468         
 0174   261  20.747   0.720         
 0175   261  20.764   0.317         
 0176   261  20.794   1.102         
 0177   261  20.805   1.466         
 0178   261  20.812   1.238         
 0179   261  20.866   1.042         
 0180   261  20.874   1.497         
 0181   261  20.903   0.373         
 0182   261  20.917  -0.029         
 0183   261  20.941   0.199         
 0184   261  20.969   0.826         
 0185   261  20.986   1.291         
 0186   261  21.028   0.361         
 0187   261  21.046   0.007         
 0188   261  21.050   0.713         
 0189   261  21.059   0.671         
 0190   261  21.069   0.497         
 0191   261  21.083   1.060         
 0192   261  21.101   1.018         
 0193   261  21.129   0.579         
 0194   261  21.151   0.336         
 0195   261  21.216   0.453         
 0196   261  21.238   0.096         
 0197   261  21.244   0.199         
 0198   261  21.248   0.915         
 0199   261  21.263   0.266