UBV CCD observations

  No    Ref    V       B-V     U-B

 0001   103  14.040   0.210         
 0002   103  13.810   1.310         
 0003   103  15.410   0.320         
 0004   103  14.690   1.130         
 0005   103  14.190   0.480         
 0006   103  14.030   0.550         
 0007   103  12.920   0.280         
 0008   103  13.050   0.310         
 0009   103  14.180   0.430         
 0010   103  13.920   0.470         
 0012   103  13.780   0.240         
 0013   103  15.260   0.350         
 0014   103  14.920   0.450         
 0015   103  14.010   0.370         
 0020   103  15.430   0.430         
 0021   103  14.470   0.380         
 0022   103  15.460   0.460         
 0023   103  14.220   0.600         
 0024   103  13.680   0.570         
 0026   103  15.720   0.400         
 0027   103  13.240   0.800         
 0029   103  15.020   1.180         
 0030   103  14.410   0.400         
 0031   103  14.590   0.420         
 0033   103  14.530   0.340         
 0034   103  14.250   0.520         
 0036   103  14.830   0.380         
 0037   103  15.580   0.570         
 0038   103  13.090   0.250         
 0040   103  12.850   0.430         
 0041   103  15.300   0.490         
 0042   103  15.080   0.400         
 0043   103  15.050   0.310         
 0044   103  13.780   0.330         
 0045   103  12.620   0.320         
 0046   103  15.360   0.350         
 0047   103  14.630   0.390         
 0048   103  15.250   0.550         
 0049   103  14.780   0.290         
 0051   103  15.240   0.400         
 0052   103  14.100   0.350         
 0053   103  15.240   0.610         
 0056   103  14.470   0.350         
 0057   103  13.970   0.340         
 0058   103  12.730   0.280         
 0059   103  14.080   0.260         
 0060   103  13.810   0.290         
 0061   103  13.120   0.280         
 0062   103  14.960   0.380         
 0063   103  12.480   0.280         
 0064   103  14.100   0.430         
 0065   103  15.520   0.340         
 0066   103  14.380   0.450         
 0075   103  13.070   0.460         
 0077   103  14.110   0.650         
 0081   103  14.420   1.130         
 0082   103  13.470   0.260         
 0083   103  15.110   0.680         
 0084   103  13.530   0.500         
 1001   103  17.870   0.670         
 1004   103  16.830   0.580         
 1006   103  19.020   0.610         
 1007   103  15.620   0.340         
 1009   103  17.970   0.900         
 1010   103  18.680   0.960         
 1012   103  18.210   0.990         
 1014   103  15.670   0.410         
 1015   103  17.640   0.700         
 1016   103  18.610   0.910         
 1018   103  15.780   0.630         
 1019   103  17.880   0.740         
 1020   103  15.430   0.660         
 1021   103  18.650   0.990         
 1025   103  15.270   0.420         
 1026   103  16.780   2.030         
 1029   103  16.810   0.790         
 1030   103  18.080   0.900         
 1031   103  18.420   0.790         
 1033   103  17.770   1.230         
 1035   103  18.410   1.000         
 1037   103  18.480   0.760         
 1038   103  18.600   0.960         
 1039   103  16.940   0.490         
 1041   103  17.240   0.680         
 1042   103  18.790   0.780         
 1044   103  17.660   0.730         
 1049   103  17.460   0.780         
 1050   103  17.690   0.840         
 1053   103  16.560   0.380         
 1054   103  15.650   0.760         
 1059   103  18.550   1.130         
 1061   103  18.340   1.490         
 1062   103  17.000   0.610         
 1063   103  16.760   0.680         
 1066   103  18.220   0.870         
 1067   103  16.780   0.780         
 1068   103  16.540   0.610         
 1069   103  18.440   0.800         
 1070   103  17.010   1.210         
 1071   103  18.980   0.710         
 1073   103  17.370   0.640         
 1077   103  17.800   1.040         
 1078   103  18.010   0.690         
 1079   103  18.380   0.770         
 1080   103  15.800   0.420         
 1084   103  16.870   0.530         
 1086   103  18.000   1.030         
 1087   103  17.770   0.820         
 1088   103  16.590   0.660         
 1091   103  18.180   0.930         
 1092   103  14.590   0.300         
 1093   103  18.710   1.110         
 1094   103  16.530   0.870         
 1095   103  16.260   0.430         
 1096   103  18.160   0.930         
 1097   103  16.100   0.410         
 1098   103  16.910   0.120         
 1099   103  18.610   1.130         
 1101   103  17.080   0.940         
 1103   103  16.440   0.600         
 1104   103  16.630   1.160         
 1109   103  16.810   0.820         
 1110   103  16.260   0.940         
 1114   103  17.570   0.780         
 1116   103  15.970   0.360         
 1117   103  18.510   0.840         
 1118   103  17.900   0.830         
 1120   103  18.250   0.710         
 1121   103  16.670   0.590         
 1124   103  16.600   0.530         
 1127   103  16.440   0.440         
 1130   103  16.070   0.600         
 1133   103  16.210   0.420         
 1135   103  18.290   0.790         
 1136   103  17.040   0.590         
 1137   103  13.800   0.350         
 1138   103  13.830   0.820         
 1139   103  16.620   0.440         
 1140   103  16.390   0.510         
 1142   103  17.000   0.580         
 1143   103  16.950   1.340         
 1144   103  15.750   0.820         
 1145   103  17.310   0.830         
 1148   103  16.800   0.540         
 1149   103  17.350   1.120         
 1150   103  17.330   0.560         
 1151   103  17.470   0.890         
 1152   103  15.080   0.630         
 1153   103  16.940   0.710         
 1156   103  16.330   0.530         
 1158   103  18.560   0.870         
 1162   103  16.880   1.050         
 1163   103  16.900   1.070         
 1167   103  15.470   0.760         
 1169   103  17.300   1.000         
 1172   103  15.840   0.690         
 1173   103  18.210   0.780         
 1174   103  17.920   0.840         
 1175   103  12.390   1.280         
 1176   103  18.330   0.930         
 1177   103  17.270   0.950         
 1180   103  14.980   0.590         
 1181   103  15.970   0.670         
 1182   103  18.420   0.850         
 1184   103  17.400   0.800         
 1186   103  18.740   0.670         
 1187   103  16.840   0.650         
 1189   103  18.070   0.580         
 1191   103  17.330   0.700         
 1192   103  17.030   0.720         
 1194   103  15.950   0.840         
 1197   103  15.550   0.490         
 1198   103  16.450   0.680         
 1199   103  17.310   0.990         
 1201   103  18.830   0.880         
 1205   103  18.570   0.780         
 1206   103  16.620   0.550         
 1208   103  16.080   0.490         
 1210   103  16.090   0.760         
 1212   103  18.460   0.890         
 1213   103  15.910   0.480         
 1215   103  16.860   0.530         
 1217   103  16.320   1.380         
 1220   103  17.790   0.770         
 1221   103  15.530   0.780         
 1224   103  17.640   0.680         
 1226   103  16.700   0.870         
 1231   103  18.420   0.970         
 1232   103  16.020   0.670         
 1233   103  18.260   0.760         
 1237   103  16.730   0.580         
 1240   103  16.720   0.600         
 1243   103  16.920   0.720         
 1244   103  18.060   0.980         
 1246   103  18.290   0.800         
 1247   103  16.350   0.220         
 1251   103  17.790   1.030         
 1252   103  18.730   0.990         
 1255   103  16.410   0.540         
 1258   103  16.710   0.460         
 1259   103  15.880   0.680         
 1262   103  16.800   0.540         
 1263   103  13.160   0.240         
 1264   103  18.980   0.750         
 1266   103  15.390   0.510         
 1267   103  13.580   0.410         
 1269   103  15.740   0.410         
 1273   103  18.750   0.890         
 1278   103  17.270   0.610         
 1280   103  18.940   0.810         
 1287   103  17.560   0.780         
 1295   103  16.840   0.950         
 1296   103  16.690   0.600         
 1301   103  15.820   1.500         
 1302   103  16.380   0.810         
 1304   103  16.060   0.430         
 1312   103  15.630   0.650         
 1314   103  15.670   0.760         
 1316   103  15.790   0.370         
 1318   103  16.340   1.020         
 1322   103  16.750   0.910         
 1335   103  16.140   0.750         
 1336   103  15.780   0.820         
 1347   103  15.570   0.540         
 1355   103  15.820   0.710