UBV CCD observations

  No    Ref    V       B-V     U-B

 0747    36  19.182   0.855         
 0772    36  15.022   0.735         
 0777    36  18.972   0.509         
 0786    36  19.799   0.973         
 0797    36  16.954   0.670         
 0821    36  16.135   0.462         
 0831    36  20.251   1.472         
 0832    36  16.334   0.493         
 0838    36  15.808   0.500         
 0844    36  19.463   0.823         
 0849    36  16.199   0.894         
 0852    36  17.092   0.524         
 0854    36  17.817   0.593         
 0861    36  18.003   0.605         
 0862    36  20.019   1.079         
 0863    36  17.192   0.534         
 0873    36  15.708   0.557         
 0874    36  19.900   1.024         
 0875    36  13.534   0.530         
 0879    36  17.962   0.532         
 0883    36  14.192   0.815         
 0888    36  19.223   1.248         
 0889    36  17.796   0.626         
 0899    36  20.478   1.205         
 0910    36  13.737   0.898         
 0920    36  19.690   1.253         
 0921    36  20.896   1.351         
 0923    36  17.569   0.566         
 0925    36  19.807   0.953         
 0932    36  16.922   0.544         
 0935    36  19.448   0.675         
 0937    36  19.019   0.749         
 0942    36  19.845   0.958         
 0943    36  18.055   0.569         
 0956    36  16.447   0.496         
 0958    36  18.694   0.776         
 0963    36  17.224   0.493         
 0966    36  20.135   0.983         
 0972    36  17.261   0.509         
 0973    36  16.336   0.498         
 0976    36  17.219   0.529         
 0979    28  16.600   0.850         
 0979    36  16.618   0.898         
 0981    28  17.190   0.500         
 0981    36  17.186   0.479         
 0982    28  17.840   0.660         
 0982    36  17.839   0.661         
 0986    28  20.670   0.810         
 0987    28  16.400   0.460         
 0987    36  16.365   0.445         
 0989    28  21.290   1.520         
 0991    28  16.790   0.470         
 0991    36  16.757   0.477         
 0992    28  16.830   0.460         
 0992    36  16.803   0.470         
 0993    28  21.430   1.240         
 0996    28  15.890   0.790         
 0996    36  15.865   0.822         
 1001    28  17.620   0.500         
 1001    36  17.626   0.500         
 1003    36  16.610   0.447         
 1009    36  19.229   0.706         
 1012    28  17.600   0.390         
 1012    36  17.484   0.541         
 1014    28  18.620   0.680         
 1014    36  18.629   0.656         
 1016    28  20.840   1.250         
 1020    28  18.780   0.690         
 1020    36  18.713   0.698         
 1025    28  19.440   0.960         
 1025    36  19.503   1.073         
 1030    28  18.140   0.600         
 1030    36  18.130   0.613         
 1033    28  15.730   0.540         
 1033    36  15.688   0.573         
 1036    28  20.900   1.060         
 1037    28  21.500   1.230         
 1038    28  19.250   0.590         
 1038    36  19.250   0.626         
 1041    28  20.070   1.690         
 1044    28  15.720   0.500         
 1044    36  15.697   0.485         
 1047    28  19.410   0.820         
 1047    36  19.354   0.812         
 1052    28  18.490   0.770         
 1052    36  18.499   0.779         
 1054    28  21.150   1.520         
 1061    28  16.480   0.490         
 1061    36  16.453   0.510         
 1062    28  19.140   0.900         
 1062    36  19.109   1.067         
 1064    28  17.560   0.520         
 1064    36  17.532   0.501         
 1067    28  18.860   0.750         
 1067    36  18.835   0.773         
 1068    28  18.710   0.600         
 1068    36  18.685   0.717         
 1069    28  18.780   0.820         
 1069    36  18.791   0.839         
 1071    28  18.580   0.730         
 1071    36  18.510   0.770         
 1072    28  16.030   0.620         
 1072    36  16.010   0.639         
 1077    28  16.740   0.510         
 1077    36  16.724   0.510         
 1078    28  17.700   0.560         
 1078    36  17.693   0.553         
 1081    28  17.150   0.500         
 1081    36  17.141   0.477         
 1085    28  17.630   0.650         
 1085    36  17.594   0.674         
 1089    28  17.180   0.620         
 1089    36  17.168   0.629         
 1090    28  17.180   0.500         
 1090    36  17.161   0.485         
 1093    28  17.370   0.550         
 1093    36  17.348   0.563         
 1096    28  16.470   0.480         
 1096    36  16.439   0.477         
 1099    28  21.380   1.390         
 1100    28  19.440   0.790         
 1100    36  19.526   0.824         
 1102    36  20.307   0.280         
 1105    36  19.288   0.852         
 1106    28  17.570   0.610         
 1106    36  17.553   0.626         
 1107    28  21.150   1.090         
 1107    36  21.136   1.346         
 1109    28  19.760   0.870         
 1109    36  19.785   0.945         
 1113    28  21.140   1.240         
 1113    36  21.126   1.572         
 1115    28  19.160   0.850         
 1115    36  19.095   0.818         
 1116    28  19.960   1.050         
 1116    36  20.006   1.077         
 1118    28  19.620   1.000         
 1118    36  19.665   0.990         
 1120    28  18.810   0.700         
 1120    36  18.803   0.709         
 1121    28  19.690   0.900         
 1121    36  19.582   0.772         
 1123    28  21.080   0.800         
 1123    36  20.716   0.891         
 1125    28  19.090   0.880         
 1125    36  19.099   0.954         
 1129    36  19.367   1.130         
 1130    28  21.210   1.450         
 1133    28  16.090   0.490         
 1133    36  16.071   0.503         
 1134    36  18.185   1.201         
 1138    28  19.340   1.550         
 1141    28  17.320   0.510         
 1141    36  17.304   0.507         
 1146    28  19.130   0.770         
 1146    36  19.112   0.860         
 1151    28  15.910   0.450         
 1151    36  15.877   0.454         
 1153    28  18.410   0.710         
 1153    36  18.367   0.747         
 1156    28  19.590   0.870         
 1156    36  19.647   0.868         
 1157    28  21.450   1.130         
 1160    28  18.310   0.630         
 1160    36  18.307   0.632         
 1161    28  15.300   0.130         
 1161    36  15.236   0.112         
 1164    28  19.960   0.940         
 1164    36  20.121   0.861         
 1165    28  19.040   0.820         
 1165    36  18.969   0.860         
 1167    36  16.734   0.458         
 1172    28  19.410   1.870         
 1172    36  19.443   0.933         
 1174    28  17.830   1.100         
 1174    36  17.691   1.181         
 1175    28  18.010   0.630         
 1175    36  17.998   0.632         
 1180    36  17.061   0.525         
 1182    28  18.300   0.700         
 1182    36  18.284   0.769         
 1184    28  20.750   0.580         
 1185    28  21.480   1.400         
 1186    28  19.240   0.770         
 1186    36  19.241   0.812         
 1187    28  17.950   0.570         
 1187    36  17.937   0.599         
 1190    28  19.690   0.810         
 1190    36  19.716   0.915         
 1193    28  17.950   0.680         
 1193    36  17.907   0.698         
 1196    28  19.020   0.740         
 1196    36  19.002   0.772         
 1197    28  20.190   1.080         
 1197    36  20.365   1.177         
 1200    28  19.750   0.890         
 1200    36  19.772   0.888         
 1208    28  20.010   1.020         
 1208    36  20.009   1.032         
 1211    28  21.130   1.420         
 1214    28  18.890   0.840         
 1214    36  18.722   0.913         
 1215    28  16.310   0.470         
 1215    36  16.285   0.455         
 1217    28  20.420   0.970         
 1217    36  20.531   1.105         
 1219    28  16.620   0.430         
 1219    36  16.592   0.408         
 1229    28  16.470   0.460         
 1229    36  16.449   0.449         
 1235    28  17.640   0.560         
 1235    36  17.619   0.560         
 1239    28  17.420   0.690         
 1239    36  17.410   0.493         
 1243    28  18.680   0.670         
 1243    36  18.666   0.744         
 1254    28  19.880   0.910         
 1254    36  19.347   0.973         
 1255    28  20.300   0.980         
 1255    36  20.070   1.017         
 1259    28  17.650   0.530         
 1259    36  17.558   0.554         
 1263    28  15.270   0.760         
 1263    36  15.237   0.814         
 1269    28  19.640   0.940         
 1269    36  19.699   1.003         
 1270    28  19.090   0.750         
 1270    36  19.082   0.828         
 1271    28  13.710   0.870         
 1271    36  13.682   0.922         
 1272    28  18.250   0.730         
 1272    36  18.182   0.783         
 1273    28  16.810   0.470         
 1273    36  16.789   0.462         
 1274    28  18.550   0.660         
 1274    36  18.583   0.716         
 1276    36  16.606   0.441         
 1280    28  21.210   1.130         
 1281    28  20.490   0.460         
 1281    36  20.278   0.595         
 1283    28  17.500   0.500         
 1283    36  17.386   0.527         
 1285    28  15.880   0.460         
 1285    36  15.853   0.442         
 1286    28  19.630   1.060         
 1286    36  19.658   1.072         
 1292    28  21.030   1.060         
 1294    28  15.470   0.820         
 1294    36  15.441   0.867         
 1296    28  17.360   0.500         
 1296    36  17.339   0.492         
 1300    36  18.724   0.882         
 1304    28  20.880   1.380         
 1309    28  16.460   0.470         
 1309    36  16.426   0.465         
 1311    28  19.190   0.750         
 1311    36  19.173   0.759         
 1313    28  12.880   1.110         
 1313    36  12.890   1.080         
 1314    28  18.060   1.360         
 1314    36  18.136   1.427         
 1317    28  18.470   0.650         
 1317    36  18.418   0.686         
 1318    28  17.470   0.520         
 1318    36  17.421   0.536         
 1319    28  18.680   0.670         
 1319    36  18.677   0.709         
 1321    28  20.090   0.990         
 1321    36  20.130   1.113         
 1326    28  19.700   1.290         
 1326    36  19.779   1.263         
 1328    36  20.087   1.038         
 1329    28  20.010   1.550         
 1329    36  20.107   1.654         
 1330    28  20.620   1.200         
 1331    28  17.680   0.560         
 1331    36  17.658   0.586         
 1334    28  18.500   0.620         
 1334    36  18.451   0.705         
 1339    28  17.650   0.650         
 1339    36  17.633   0.654         
 1341    28  18.060   1.370         
 1341    36  18.123   1.481         
 1344    28  17.240   0.500         
 1344    36  17.152   0.521         
 1346    28  17.100   0.490         
 1346    36  17.073   0.495         
 1347    28  18.840   0.680         
 1347    36  18.833   0.738         
 1348    28  17.460   0.560         
 1348    36  17.443   0.612         
 1354    28  18.380   0.590         
 1354    36  18.123   0.632         
 1355    28  21.440   0.950         
 1362    28  20.520   1.480         
 1362    36  20.529   1.402         
 1364    28  17.260   0.500         
 1364    36  17.235   0.501         
 1366    28  19.730   0.910         
 1366    36  19.732   0.992         
 1367    28  19.530   0.840         
 1367    36  19.520   0.958         
 1368    28  21.710   1.400         
 1369    28  16.980   0.480         
 1369    36  16.964   0.489         
 1373    28  16.090   0.440         
 1373    36  16.053   0.429         
 1379    28  20.600   1.060         
 1379    36  20.678   1.215         
 1380    28  20.330   1.090         
 1380    36  20.368   0.954         
 1381    28  18.690   0.730         
 1381    36  18.402   0.583         
 1383    28  18.210   0.600         
 1383    36  18.211   0.626         
 1384    28  21.560   1.730         
 1385    28  17.070   0.560         
 1385    36  17.058   0.561         
 1386    36  19.496   0.855         
 1388    28  18.620   0.670         
 1388    36  18.586   0.741         
 1389    28  17.020   0.490         
 1389    36  17.010   0.477         
 1390    28  16.250   0.480         
 1390    36  16.221   0.463         
 1392    28  18.210   0.630         
 1392    36  18.197   0.617         
 1394    28  18.230   0.630         
 1394    36  18.168   0.660         
 1396    28  19.050   0.730         
 1396    36  18.964   0.769         
 1397    28  21.150   0.940         
 1399    28  14.270   0.080         
 1399    36  14.190   0.042         
 1400    36  20.252   1.208         
 1402    28  18.250   0.720         
 1402    36  18.206   0.769         
 1409    28  16.620   0.470         
 1409    36  16.587   0.470         
 1412    28  17.040   0.490         
 1412    36  16.993   0.481         
 1414    28  16.040   0.460         
 1414    36  16.013   0.436         
 1415    28  17.350   0.590         
 1415    36  17.291   0.596         
 1418    28  18.000   1.010         
 1418    36  18.022   1.097         
 1419    28  16.680   0.510         
 1419    36  16.670   0.531         
 1421    28  15.880   0.780         
 1421    36  15.867   0.826         
 1422    28  16.800   0.480         
 1422    36  16.779   0.468         
 1424    28  18.030   0.610         
 1424    36  18.020   0.592         
 1426    28  19.380   1.030         
 1426    36  19.492   1.118         
 1428    28  15.740   0.680         
 1428    36  15.722   0.695         
 1429    28  16.270   0.790         
 1429    36  16.258   0.852         
 1431    28  16.490   0.470         
 1431    36  16.472   0.460         
 1433    28  19.050   0.770         
 1433    36  18.727   0.707         
 1436    28  15.850   0.470         
 1436    36  15.810   0.495         
 1439    28  19.880   0.990         
 1439    36  19.840   1.096         
 1441    28  19.160   0.710         
 1441    36  19.153   0.791         
 1444    28  17.860   0.690         
 1444    36  17.782   0.717         
 1445    28  18.450   0.730         
 1445    36  18.451   0.777         
 1446    28  19.720   0.970         
 1446    36  19.656   0.834         
 1447    28  17.270   0.510         
 1447    36  17.191   0.516         
 1449    28  17.440   0.600         
 1449    36  17.412   0.599         
 1453    28  17.950   0.670         
 1453    36  18.419   0.776         
 1456    28  16.310   0.490         
 1456    36  16.283   0.480         
 1461    28  21.750   1.350         
 1462    28  21.200   1.290         
 1463    36  17.939   0.686         
 1465    36  16.970   1.060         
 1466    28  18.670   0.700         
 1466    36  18.635   0.798         
 1467    28  13.680   0.920         
 1467    36  13.707   0.929         
 1470    28  18.840   0.720         
 1470    36  18.824   0.811         
 1471    28  19.850   0.980         
 1471    36  19.764   0.959         
 1473    28  21.500   1.320         
 1477    28  19.990   1.110         
 1477    36  19.928   1.331         
 1478    28  17.090   0.520         
 1478    36  17.053   0.555         
 1479    28  20.330   0.950         
 1479    36  20.340   0.943         
 1480    28  20.330   1.070         
 1480    36  20.455   1.174         
 1481    28  16.740   0.470         
 1481    36  16.711   0.463         
 1486    28  14.560   0.560         
 1486    36  14.558   0.576         
 1487    28  17.980   0.620         
 1487    36  17.953   0.634         
 1488    28  18.740   0.690         
 1488    36  18.648   0.745         
 1490    28  16.750   0.460         
 1490    36  16.721   0.458         
 1491    28  21.210   1.260         
 1495    28  16.410   0.470         
 1495    36  16.387   0.461         
 1496    28  15.570   0.720         
 1496    36  15.548   0.752         
 1497    28  19.950   1.550         
 1497    36  19.780   1.505         
 1498    28  15.960   0.700         
 1498    36  15.960   0.734         
 1499    36  19.085   0.775         
 1502    28  19.730   0.860         
 1502    36  19.748   0.860         
 1503    28  18.860   0.700         
 1503    36  18.834   0.760         
 1505    28  16.480   0.470         
 1505    36  16.443   0.450         
 1506    28  17.990   0.550         
 1507    28  16.590   0.540         
 1507    36  16.545   0.570         
 1509    28  16.730   0.470         
 1509    36  16.679   0.469         
 1510    28  17.440   0.610         
 1510    36  17.378   0.655         
 1512    28  19.620   0.900         
 1512    36  19.703   0.865         
 1514    28  16.400   0.470         
 1514    36  16.380   0.445         
 1516    28  18.180   0.650         
 1516    36  18.204   0.658         
 1517    28  17.580   0.590         
 1517    36  17.542   0.581         
 1518    28  19.790   0.890         
 1519    28  18.910   0.810         
 1519    36  18.726   0.899         
 1520    28  15.940   0.460         
 1520    36  15.921   0.452         
 1522    28  16.630   0.460         
 1522    36  16.611   0.486         
 1526    36  19.314   0.993         
 1529    28  17.930   0.580         
 1529    36  17.889   0.588         
 1530    28  20.820   1.190         
 1530    36  20.732   0.940         
 1532    28  17.710   0.580         
 1532    36  17.662   0.550         
 1533    28  19.670   0.930         
 1533    36  19.334   0.853         
 1534    28  19.820   1.440         
 1534    36  19.847   1.724         
 1536    28  16.320   0.470         
 1536    36  16.298   0.461         
 1541    28  16.940   0.480         
 1541    36  16.909   0.479         
 1542    36  18.711   0.735         
 1545    28  15.870   0.490         
 1545    36  15.832   0.495         
 1547    28  16.920   0.480         
 1547    36  16.920   0.473         
 1549    28  18.000   0.580         
 1549    36  17.963   0.612         
 1551    28  18.350   0.610         
 1551    36  18.332   0.618         
 1552    28  17.740   0.550         
 1553    28  17.800   0.630         
 1553    36  17.794   0.632         
 1558    28  17.780   0.490         
 1558    36  17.604   0.397         
 1559    28  18.160   0.710         
 1559    36  18.123   0.741         
 1562    28  16.730   0.470         
 1562    36  16.712   0.464         
 1564    28  17.950   0.590         
 1564    36  17.901   0.621         
 1568    28  18.550   0.650         
 1568    36  18.450   0.671         
 1570    28  19.800   0.930         
 1570    36  19.825   0.956         
 1571    28  20.280   1.140         
 1571    36  20.317   1.076         
 1573    28  17.110   0.540         
 1573    36  17.091   0.526         
 1575    28  16.990   0.570         
 1575    36  16.993   0.576         
 1578    28  16.770   0.610         
 1578    36  16.754   0.620         
 1581    36  17.711   0.554         
 1581    36  20.040   1.313         
 1582    28  16.540   0.500         
 1582    36  16.519   0.509         
 1583    28  17.850   0.710         
 1583    36  17.992   0.746         
 1584    28  21.460   1.610         
 1585    28  16.230   0.450         
 1585    36  16.189   0.457         
 1587    28  18.470   0.640         
 1587    36  18.470   0.702         
 1588    28  16.380   0.480         
 1588    36  16.352   0.470         
 1591    28  17.610   0.550         
 1591    36  17.555   0.522         
 1592    28  20.490   1.200         
 1592    36  20.575   1.196         
 1593    28  20.510   1.720         
 1595    28  19.910   0.970         
 1595    36  19.915   0.807         
 1596    28  18.020   0.570         
 1596    36  18.025   0.656         
 1597    28  18.020   0.670         
 1597    36  17.997   0.709         
 1600    28  19.380   0.770         
 1600    36  19.426   0.822         
 1602    28  19.400   0.750         
 1602    36  19.439   0.865         
 1603    28  17.030   0.470         
 1603    36  17.003   0.462         
 1605    28  16.000   0.760         
 1605    36  15.989   0.792         
 1608    28  17.290   0.630         
 1608    36  17.237   0.618         
 1609    28  19.730   1.540         
 1609    36  19.615   0.978         
 1611    28  15.940   0.450         
 1611    36  15.900   0.437         
 1613    28  17.250   0.500         
 1613    36  17.217   0.513         
 1614    28  19.750   0.630         
 1614    36  19.541   0.826         
 1615    28  15.850   0.460         
 1615    36  15.842   0.463         
 1616    28  18.680   0.950         
 1616    36  18.623   0.830         
 1617    28  16.050   0.490         
 1617    36  16.048   0.487         
 1619    28  19.280   0.750         
 1619    36  19.228   0.853         
 1621    28  20.050   0.690         
 1621    36  19.453   1.185         
 1623    28  17.170   0.590         
 1623    36  17.168   0.575         
 1625    28  17.400   0.510         
 1625    36  17.347   0.502         
 1626    28  19.430   0.680         
 1626    36  19.219   0.812         
 1628    28  17.180   0.660         
 1628    36  17.185   0.649         
 1630    28  16.970   0.490         
 1630    36  16.926   0.482         
 1632    28  17.070   0.480         
 1632    36  17.020   0.490         
 1639    28  18.720   0.690         
 1639    36  18.642   0.705         
 1641    28  15.700   0.520         
 1641    36  15.682   0.565         
 1643    28  18.640   0.680         
 1643    36  18.643   0.687         
 1644    28  17.860   0.560         
 1644    36  17.809   0.589         
 1645    28  16.690   0.490         
 1645    36  16.701   0.521         
 1647    28  20.550   1.100         
 1647    36  20.492   1.043         
 1648    28  15.810   1.300         
 1648    36  15.837   1.368         
 1650    28  19.710   0.850         
 1650    36  19.623   0.939         
 1654    28  14.900   0.880         
 1654    36  14.901   0.915         
 1656    28  19.460   0.810         
 1656    36  19.339   0.860         
 1658    28  16.060   0.450         
 1658    36  16.025   0.458         
 1659    28  15.530   0.610         
 1659    36  15.511   0.622         
 1660    28  17.750   0.520         
 1660    36  17.702   0.574         
 1664    28  16.740   0.470         
 1664    36  16.694   0.467         
 1669    28  21.160   1.190         
 1670    28  19.230   0.800         
 1670    36  19.337   0.683         
 1673    28  15.880   0.460         
 1673    36  15.806   0.485         
 1676    28  16.450   0.500         
 1676    36  16.394   0.495         
 1678    28  18.190   0.680         
 1678    36  18.185   0.719         
 1679    36  15.106   0.897         
 1681    28  19.580   0.810         
 1681    36  19.343   0.883         
 1682    28  16.610   0.460         
 1682    36  16.566   0.466         
 1683    28  19.310   0.810         
 1683    36  19.311   0.801         
 1684    28  20.480   0.920         
 1685    28  19.630   0.770         
 1685    36  19.709   0.796         
 1694    28  20.280   1.230         
 1694    36  20.045   0.943         
 1695    28  17.200   0.490         
 1695    36  17.100   0.501         
 1696    28  14.230   0.910         
 1696    36  14.196   0.966         
 1697    28  16.680   0.410         
 1697    36  16.687   0.452         
 1698    28  18.830   0.670         
 1698    36  18.848   0.667         
 1699    28  19.480   0.870         
 1699    36  19.481   0.611         
 1700    28  17.490   0.580         
 1700    36  17.466   0.613         
 1701    28  20.370   1.450         
 1703    28  16.270   0.470         
 1703    36  16.239   0.450         
 1704    28  16.340   0.470         
 1704    36  16.311   0.469         
 1706    28  21.600   1.130         
 1707    28  14.840   1.070         
 1707    36  14.886   0.909         
 1708    28  19.570   0.850         
 1708    36  19.579   1.026         
 1710    28  16.750   0.470         
 1710    36  16.729   0.480         
 1712    28  18.750   1.240         
 1712    36  18.749   1.197         
 1713    28  18.540   0.750         
 1713    36  18.517   0.906         
 1717    28  20.530   1.260         
 1717    36  20.447   1.063         
 1721    28  17.950   0.670         
 1721    36  17.936   0.672         
 1722    28  17.990   0.550         
 1722    36  17.954   0.593         
 1723    28  17.800   0.590         
 1723    36  17.759   0.645         
 1725    28  16.980   0.490         
 1725    36  16.970   0.454         
 1728    28  16.380   0.490         
 1728    36  16.422   0.546         
 1729    28  16.930   0.470         
 1729    36  16.923   0.486         
 1734    28  16.580   0.450         
 1734    36  16.541   0.463         
 1736    28  16.510   0.460         
 1736    36  16.473   0.476         
 1738    28  13.690   0.960         
 1738    36  13.716   0.926         
 1741    28  18.090   0.600         
 1741    36  18.038   0.647         
 1743    28  17.920   0.560         
 1743    36  17.874   0.604         
 1744    28  20.540   1.010         
 1744    36  20.347   0.969         
 1746    28  15.170   0.360         
 1746    36  15.110   0.361         
 1747    28  17.910   0.570         
 1747    36  17.857   0.584         
 1748    28  17.130   0.490         
 1748    36  17.080   0.489         
 1750    28  18.390   0.750         
 1750    36  18.470   0.812         
 1752    28  18.490   0.660         
 1752    36  18.458   0.683         
 1753    28  19.310   0.760         
 1753    36  19.318   0.731         
 1754    28  16.460   0.490         
 1754    36  16.432   0.493         
 1756    28  20.820   1.240         
 1761    28  17.120   0.500         
 1761    36  15.927   0.454         
 1763    28  17.530   0.630         
 1763    36  17.486   0.636         
 1764    28  15.140   0.140         
 1764    36  15.107   0.119         
 1767    28  16.310   0.470         
 1767    36  16.274   0.457         
 1768    28  20.930   0.930         
 1768    36  20.921   1.055         
 1771    28  16.110   0.500         
 1771    36  16.076   0.495         
 1772    28  15.820   0.460         
 1774    28  18.340   0.730         
 1774    36  18.375   0.758         
 1777    28  19.920   0.750         
 1777    36  19.546   1.038         
 1780    28  19.150   0.880         
 1780    36  19.050   1.006         
 1783    28  18.710   0.680         
 1783    36  18.695   0.692         
 1784    28  18.050   0.680         
 1784    36  18.117   0.650         
 1786    36  19.959   1.068         
 1787    28  16.800   0.530         
 1787    36  16.791   0.562         
 1788    28  15.790   0.460         
 1788    36  15.775   0.459         
 1789    28  18.010   0.540         
 1789    36  18.012   0.755         
 1790    28  16.490   0.470         
 1790    36  16.458   0.467         
 1791    28  17.230   0.510         
 1791    36  17.204   0.488         
 1793    28  15.960   0.470         
 1793    36  17.098   0.499         
 1797    28  18.510   0.430         
 1797    36  18.529   0.477         
 1799    28  16.340   0.470         
 1799    36  16.344   0.469         
 1804    28  14.020   0.860         
 1804    36  14.034   0.843         
 1807    28  16.730   0.760         
 1807    36  16.730   0.793         
 1808    28  18.990   0.750         
 1808    36  19.079   0.718         
 1809    28  17.290   0.580         
 1809    36  17.308   0.550         
 1811    28  18.350   0.700         
 1811    36  18.333   0.777         
 1812    28  19.640   0.910         
 1812    36  19.798   0.990         
 1813    28  18.370   0.610         
 1813    36  18.335   0.646         
 1818    28  15.920   0.460         
 1818    36  15.906   0.440         
 1819    28  18.760   0.790         
 1819    36  18.762   0.861         
 1822    28  16.650   0.470         
 1822    36  16.651   0.462         
 1823    28  19.030   0.700         
 1823    36  18.958   0.737         
 1825    28  18.950   0.800         
 1825    36  18.974   0.906         
 1827    28  16.900   0.560         
 1827    36  16.889   0.562         
 1830    28  18.330   0.590         
 1830    36  18.333   0.638         
 1832    28  20.580   1.080         
 1832    36  20.589   1.110         
 1833    28  18.270   0.630         
 1833    36  18.276   0.633         
 1834    28  19.930   0.840         
 1834    36  19.840   1.033         
 1837    28  16.430   0.460         
 1837    36  16.408   0.449         
 1838    28  15.330   0.150         
 1838    36  15.296   0.113         
 1841    28  20.230   1.030         
 1841    36  20.285   1.028         
 1842    28  19.600   0.830         
 1842    36  19.597   0.854         
 1844    28  19.180   0.760         
 1844    36  19.186   0.772         
 1845    28  15.980   0.470         
 1845    36  15.946   0.477         
 1848    28  18.080   0.600         
 1848    36  18.076   0.602         
 1851    28  19.450   0.690         
 1851    36  19.344   0.693         
 1852    28  16.390   0.460         
 1852    36  16.362   0.455         
 1853    28  17.940   0.590         
 1853    36  17.942   0.572         
 1854    28  20.500   1.360         
 1856    28  18.640   0.740         
 1856    36  18.601   0.811         
 1858    28  16.560   0.460         
 1858    36  16.553   0.464         
 1860    28  15.910   0.470         
 1860    36  15.900   0.444         
 1861    28  16.650   0.460         
 1861    36  16.628   0.448         
 1864    28  18.150   0.610         
 1864    36  18.123   0.619         
 1865    28  17.920   0.560         
 1865    36  17.911   0.578         
 1866    28  16.320   0.460         
 1866    36  16.280   0.470         
 1867    28  20.430   0.800         
 1869    28  19.100   0.700         
 1869    36  19.083   0.755         
 1870    28  16.620   0.460         
 1870    36  16.623   0.448         
 1871    36  15.481   0.482         
 1872    28  17.930   0.570         
 1872    36  17.883   0.607         
 1873    36  20.597   0.603         
 1875    28  18.870   0.850         
 1875    36  18.864   0.889         
 1879    28  20.090   0.980         
 1879    36  20.117   0.954         
 1882    28  20.610   1.050         
 1883    28  18.120   0.670         
 1883    36  18.165   0.695         
 1884    28  17.340   0.510         
 1884    36  17.330   0.516         
 1887    28  17.440   0.610         
 1887    36  17.460   0.621         
 1891    28  17.990   0.610         
 1891    36  18.003   0.639         
 1892    28  15.680   0.510         
 1892    36  15.663   0.500         
 1894    28  19.480   0.930         
 1894    36  19.388   0.978         
 1896    28  17.220   0.520         
 1896    36  17.207   0.490         
 1901    28  16.980   0.500         
 1901    36  16.967   0.509         
 1902    28  16.820   0.470         
 1902    36  16.792   0.463         
 1905    28  16.910   0.490         
 1905    36  16.918   0.466         
 1908    28  16.560   0.470         
 1908    36  16.541   0.467         
 1910    28  17.770   0.680         
 1910    36  17.763   0.633         
 1911    28  17.040   0.490         
 1911    36  17.017   0.482         
 1912    28  19.240   0.690         
 1912    36  19.288   0.966         
 1913    28  18.060   0.740         
 1913    36  18.065   0.790         
 1917    28  17.700   0.540         
 1917    36  17.676   0.547         
 1918    28  18.480   0.710         
 1918    36  18.482   0.756         
 1919    28  16.830   0.510         
 1919    36  16.812   0.539         
 1920    28  17.250   0.500         
 1921    28  20.430   1.410         
 1923    28  15.860   0.440         
 1923    36  15.828   0.457         
 1924    28  15.720   0.540         
 1924    36  15.730   0.517         
 1926    28  18.250   0.680         
 1926    36  18.271   0.611         
 1931    28  16.670   0.470         
 1931    36  16.906   0.262         
 1934    28  17.330   0.500         
 1936    28  16.270   0.470         
 1936    36  16.242   0.473         
 1943    28  19.840   0.800         
 1944    28  16.930   0.490         
 1945    28  16.530   0.460         
 1947    28  16.780   0.460         
 1951    28  16.480   0.490         
 1951    36  16.455   0.496         
 1953    28  16.580   0.480         
 1953    36  16.537   0.494         
 1955    28  16.940   0.560         
 1955    36  16.934   0.545         
 1958    28  19.560   1.400         
 1961    28  18.290   0.630         
 1961    36  18.309   0.624         
 1969    28  19.630   1.440         
 1969    36  19.717   1.595         
 1970    36  20.132   1.102         
 1974    28  19.060   0.740         
 1975    28  17.330   0.760         
 1976    28  18.410   0.680         
 1976    36  18.436   0.603         
 1977    28  15.170   0.830         
 1977    36  15.179   0.867         
 1980    28  17.360   0.540         
 1980    36  17.373   0.527         
 1981    28  21.260   1.140         
 1982    28  19.200   0.700         
 1985    28  17.220   0.610         
 1985    36  17.204   0.628         
 1988    28  16.930   0.530         
 1991    28  18.010   0.480         
 1991    36  17.772   1.590         
 1993    28  19.490   0.510         
 1993    36  19.245   0.949         
 1994    28  19.510   0.670         
 1995    28  16.250   0.460         
 1995    36  15.913   0.815         
 1998    28  19.200   0.430         
 1998    36  18.767   0.698         
 1999    28  19.950   0.560         
 1999    36  19.525   0.900         
 2000    36  16.881   0.486         
 2001    28  18.880   0.770         
 2001    36  18.686   0.774         
 2002    28  19.550   0.880         
 2003    28  15.750   0.470         
 2011    28  19.710   1.120         
 2011    36  19.904   0.893         
 2012    28  17.250   0.510         
 2012    36  17.249   0.479         
 2013    28  20.520   1.030         
 2015    28  20.430   1.250         
 2016    28  16.900   0.510         
 2016    36  16.885   0.500         
 2018    28  18.410   0.630         
 2022    28  19.560   0.770         
 2022    36  19.559   0.841         
 2028    28  17.150   1.400         
 2029    28  17.040   0.510         
 2029    36  17.033   0.498         
 2044    28  16.480   0.430         
 2044    36  16.437   0.453         
 2046    28  16.660   0.460         
 2050    28  19.750   0.920         
 2050    36  19.724   1.062         
 2060    28  16.690   0.490         
 2060    36  16.668   0.507         
 2062    28  18.230   0.580         
 2062    36  18.214   0.612         
 2065    36  18.845   0.814         
 2066    28  16.440   0.460         
 2066    36  16.419   0.456         
 2072    28  17.620   0.530         
 2074    28  17.360   0.620         
 2074    36  17.396   0.603         
 2075    28  20.470   0.880         
 2075    36  20.532   1.046         
 2076    28  21.260   1.090         
 2078    28  21.360   0.170         
 2079    28  18.240   0.590         
 2079    36  18.248   0.561         
 2085    28  18.490   0.630         
 2090    28  20.790   0.410         
 2090    36  20.760   0.475         
 2091    28  15.900   0.460         
 2097    28  16.900   1.120         
 2097    36  16.929   1.201         
 2102    28  16.890   0.460         
 2102    36  16.864   0.470         
 2103    28  16.200   0.460         
 2103    36  16.185   0.460         
 2105    28  17.830   1.290         
 2105    36  17.912   1.357         
 2107    28  18.680   0.720         
 2107    36  18.707   0.695         
 2108    28  19.200   0.620         
 2108    36  19.250   0.617         
 2109    28  20.020   0.890         
 2113    28  19.420   0.750         
 2113    36  19.350   0.968         
 2115    28  18.600   0.770         
 2115    36  18.625   0.709         
 2117    28  19.920   0.890         
 2117    36  19.808   0.977         
 2118    28  17.250   0.610         
 2118    36  17.244   0.598         
 2122    28  16.620   0.510         
 2122    36  16.608   0.505         
 2128    28  18.970   0.720         
 2128    36  19.019   0.771         
 2130    28  16.930   0.550         
 2137    28  14.750   0.570         
 2137    36  14.744   0.577         
 2142    28  21.350   1.480         
 2143    28  18.120   0.540         
 2143    36  18.122   0.506         
 2145    28  20.960   1.240         
 2145    36  21.273   1.550         
 2151    28  18.330   0.620         
 2151    36  18.347   0.654         
 2154    28  20.730   1.660         
 2155    28  16.510   0.660         
 2155    36  16.500   0.688         
 2161    28  18.980   0.790         
 2167    28  21.000   0.820         
 2169    28  21.170   0.730         
 2170    28  18.200   0.570         
 2172    28  19.910   0.790         
 2176    28  15.440   0.420         
 2176    36  15.404   0.416         
 2177    28  20.720   1.720         
 2178    28  16.460   0.460         
 2178    36  16.452   0.440         
 2179    28  17.180   0.520         
 2180    28  20.670   0.470         
 2180    36  20.107   0.706         
 2182    28  17.600   0.580         
 2187    28  18.190   0.630         
 2193    28  18.910   0.710         
 2195    28  15.320   0.730         
 2195    36  15.310   0.765         
 2200    28  17.830   0.550         
 2200    36  17.795   0.588         
 2202    28  17.920   0.710         
 2203    28  17.500   0.540         
 2203    36  17.495   0.562         
 2205    28  21.720   0.680         
 2206    28  18.300   0.600         
 2209    28  19.780   0.880         
 2212    28  20.050   0.960         
 2212    36  19.971   0.940         
 2217    28  16.370   0.460         
 2217    36  16.367   0.438         
 2222    28  18.220   0.660         
 2225    28  17.470   0.520         
 2228    28  20.090   0.790         
 2228    36  19.998   0.833         
 2229    28  19.400   0.810         
 2229    36  19.435   0.870         
 2232    28  17.760   0.550         
 2232    36  17.777   0.554         
 2233    28  17.370   0.520         
 2233    36  17.369   0.540         
 2234    28  17.780   0.530         
 2234    36  17.744   0.583         
 2236    28  16.130   0.880         
 2236    36  16.142   0.921         
 2236    36  17.617   0.570         
 2238    28  19.050   0.810         
 2238    36  19.055   0.800         
 2240    28  18.710   0.680         
 2243    28  15.680   0.570         
 2243    36  15.666   0.584         
 2244    28  15.920   0.460         
 2244    36  15.908   0.450         
 2245    28  18.000   0.610         
 2245    36  17.932   0.638         
 2247    28  18.800   0.810         
 2247    36  18.741   0.704         
 2251    28  19.920   0.860         
 2251    36  19.961   0.826         
 2257    28  17.000   0.480         
 2257    36  16.995   0.459         
 2261    28  17.910   0.570         
 2261    36  17.894   0.595         
 2264    28  20.740   1.360         
 2264    36  21.069   1.013         
 2270    28  17.850   0.540         
 2270    36  17.816   0.598         
 2271    28  18.020   0.600         
 2276    28  20.100   0.840         
 2276    36  20.135   0.999         
 2277    28  17.070   0.490         
 2277    36  17.107   0.455         
 2280    28  21.270   1.330         
 2282    28  17.410   0.520         
 2282    36  17.403   0.528         
 2289    28  16.930   0.480         
 2289    36  16.939   0.475         
 2294    28  19.440   1.110         
 2297    28  18.300   0.640         
 2297    36  18.313   0.658         
 2299    28  19.970   1.090         
 2299    36  19.982   1.246         
 2300    28  18.330   0.660         
 2300    36  18.350   0.628         
 2303    28  19.580   0.600         
 2305    28  20.980   1.090         
 2313    28  18.770   0.780         
 2318    28  18.100   0.630         
 2322    28  18.430   0.620         
 2330    28  17.820   0.650         
 2332    28  17.850   0.590         
 2335    28  17.990   0.630         
 2340    28  19.990   0.820         
 2342    28  19.030   0.680         
 2348    28  17.670   1.050         
 2352    28  18.020   0.570         
 2355    28  18.030   0.600         
 2360    28  18.080   0.570         
 2361    28  19.740   0.960         
 2363    28  16.900   0.410         
 2367    28  20.550   1.050         
 2370    28  18.620   0.980         
 2374    28  18.560   0.670         
 2375    28  18.890   0.860         
 2379    28  20.870   1.100         
 2383    28  20.500   0.890         
 2384    28  17.750   0.620         
 2387    28  18.400   0.670         
 2389    28  18.440   0.820         
 2392    28  18.060   0.610         
 2396    28  20.240   1.170         
 2408    28  18.330   0.640         
 2410    28  13.610   0.990         
 2414    28  11.800   1.100         
 2420    28  18.300   0.720         
 3627    28  20.070   0.830         
 3633    28  12.010   1.380         
 3633    36  18.012   1.047         
 3657    28  20.450   1.420         
 3658    28  21.810   1.500         
 3659    28  20.720   0.520         
 3660    28  20.510   0.690         
 3663    28  19.240   1.130         
 3664    28  21.440   1.200         
 3665    28  21.750   0.950         
 3666    28  18.450   0.750         
 3667    28  21.610   1.100         
 3668    28  11.800   1.130         
 3669    28  21.290   1.300         
 3670    28  18.670   1.050         
 3672    28  21.210   0.820         
 3674    36  21.153   1.063         
 3675    36  20.516   1.040         
 3676    36  22.865   3.374         
 3677    36  17.599   0.689         
 3678    36  20.707   0.618         
 3679    36  21.211   1.252         
 3680    36  19.228   1.818         
 3682    36  19.147   0.833         
 3683    36  18.799   0.603         
 3684    36  18.314   1.153         
 3685    28  16.300   0.530         
 3685    36  16.522   0.478         
 3686    36  16.525   0.456         
 3687    36  18.853   0.973         
 3688    28  18.400   0.800         
 3688    36  18.014   0.947         
 3689    36  22.210   0.235         
 3690    36  21.068   0.689         
 3691    36  21.369   1.444         
 3692    36  19.687   0.191         
 3693    36  19.961   0.593         
 3694    28  18.910   0.720         
 3694    36  18.600   0.713         
 3695    36  20.651   0.128         
 3697    36  19.828   1.387         
 3698    36  20.314   3.025         
 3699    28  19.310   0.920         
 3699    36  19.313   0.993         
 3700    36  22.460   0.610         
 3701    36  20.109   1.188         
 3702    36  21.552   0.587         
 3703    36  20.696   1.223         
 3704    36  19.258   3.063         
 3705    36  20.954  -0.128         
 3706    36  20.157   0.711         
 3707    36  19.870   1.710         
 3708    28  18.380   0.590         
 3708    36  18.141   0.677         
 3709    36  21.554   0.470         
 3710    36  19.749   0.941         
 3711    36  20.558   0.084         
 3712    28  20.660   0.830         
 3712    36  20.374   1.416         
 3713    36  20.660   0.212         
 3714    36  15.807   0.454         
 3715    36  19.784   0.835         
 3716    36  22.777  -0.516         
 3717    28  20.650   1.400         
 3717    36  20.938   1.135         
 3719    36  21.402   1.553         
 3720    36  23.011   0.748         
 3721    28  19.730   1.110         
 3721    36  19.501   1.127         
 3996    36  22.520   0.559