UBV CCD observations

  No    Ref    V       B-V     U-B

 0001   517   8.270   0.790   0.850
 0002   517  11.670   0.340  -0.140
 0003   517  10.420   0.250  -0.230
 0004   517  11.230   0.250  -0.250
 0005   517   8.380   0.210  -0.610
 0006   517  12.260   0.340  -0.190
 0007   517  11.190   0.260  -0.230
 0008   517  11.950   0.290  -0.070
 0009   517  12.060   0.460   0.390
 0010   517  13.160   0.600   0.450
 0011   517  10.090   0.290  -0.180
 0012   517  11.720   0.290  -0.090
 0013   517   9.880   0.350  -0.070
 0014   517  13.030   0.540   0.540
 0015   517  13.030   0.380  -0.040
 0016   517  11.930   0.380  -0.120
 0017   517  12.050   0.230  -0.300
 0018   517  12.060   0.270  -0.380
 0019   517  12.860   0.830   0.330
 0020   517  12.440   0.520   0.440
 0101   517  19.680   1.270         
 0102   517  19.660   0.980         
 0103   517  17.260   0.670         
 0104   517  17.800   0.750         
 0105   517  19.390   1.630         
 0108   517  18.530   1.060         
 0110   517  18.620   1.230         
 0111   517  20.600   1.630         
 0112   517  17.270   1.850         
 0114   517  17.660   0.830         
 0115   517  19.590   1.170         
 0117   517  18.710   1.280         
 0119   517  19.500   1.920         
 0121   517  19.040   1.620         
 0122   517  19.080   1.370         
 0123   517  19.020   2.050         
 0124   517  18.360   1.110         
 0125   517  19.010   1.230         
 0126   517  18.810   1.160         
 0129   517  19.230   1.580         
 0130   517  18.630   1.930         
 0131   517  18.950   1.150         
 0132   517  17.830   1.310         
 0135   517  18.390   1.420         
 0136   517  19.230   1.780         
 0137   517  18.400   1.140         
 0138   517  18.840   1.100         
 0139   517  19.220   1.470         
 0140   517  19.330   1.500         
 0141   517  20.320   1.290         
 0142   517  19.720   1.470         
 0143   517  19.500   1.170         
 0144   517  17.870   1.110         
 0146   517  19.480   1.430         
 0147   517  19.780   1.300         
 0148   517  19.510   1.350         
 0150   517  18.200   1.220         
 0153   517  16.810   1.080         
 0155   517  18.450   1.870         
 0156   517  19.550   1.400         
 0157   517  19.480   1.460         
 0159   517  18.040   1.260         
 0160   517  19.880   1.440         
 0161   517  20.080   1.750         
 0162   517  19.360   1.350         
 0163   517  19.760   1.240         
 0164   517  19.270   1.670         
 0165   517  19.620   1.590         
 0168   517  19.980   1.180         
 0169   517  19.490   1.430         
 0170   517  19.080   1.880         
 0172   517  19.880   1.340         
 0173   517  19.880   1.340         
 0174   517  19.820   1.120         
 0175   517  19.010   1.960         
 0176   517  19.130   1.250         
 0177   517  18.890   1.030         
 0178   517  17.290   0.960   0.110
 0179   517  19.210   1.480         
 0180   517  19.620   1.360         
 0181   517  19.860   1.490         
 0183   517  18.310   1.410         
 0185   517  19.510   1.290         
 0186   517  19.090   1.290         
 0188   517  19.680   1.320         
 0190   517  19.090   1.380         
 0191   517  16.390   0.980   0.450
 0192   517  19.090   1.290         
 0194   517  18.810   1.380         
 0195   517  19.660   1.290         
 0197   517  18.170   2.070         
 0200   517  20.200   1.340         
 0203   517  19.520   1.330         
 0206   517  19.690   1.480         
 0209   517  17.820   1.980         
 0211   517  19.020   1.390         
 0212   517  19.810   0.950         
 0213   517  19.960   1.410         
 0214   517  18.230   1.540         
 0215   517  19.400   1.810         
 0217   517  19.270   1.770         
 0218   517  18.950   1.850         
 0219   517  19.620   1.450         
 0220   517  18.490   1.470         
 0221   517  17.190   1.970         
 0222   517  17.450   0.960         
 0224   517  19.410   1.350         
 0225   517  17.530   1.170         
 0226   517  19.560   1.720         
 0227   517  19.330   1.540         
 0229   517  19.550   1.440         
 0230   517  14.210   0.520   0.390
 0231   517  18.750   1.400         
 0232   517  19.380   1.410         
 0233   517  19.390   1.450         
 0236   517  18.730   1.270         
 0237   517  18.800   1.770         
 0238   517  19.510   1.420         
 0239   517  19.290   1.300         
 0240   517  18.060   1.210         
 0241   517  19.240   1.590         
 0246   517  18.840   0.990         
 0249   517  19.290   1.510         
 0250   517  18.800   1.410         
 0251   517  19.740   1.350         
 0252   517  18.990   2.120         
 0254   517  19.580   1.050         
 0255   517  15.360   1.000   0.440
 0256   517  19.730   1.320         
 0259   517  18.320   1.380         
 0260   517  19.800   1.530         
 0261   517  19.670   1.480         
 0262   517  17.070   1.020         
 0263   517  17.990   1.980         
 0264   517  14.610   0.720   0.430
 0265   517  18.080   1.310         
 0266   517  18.950   2.160         
 0268   517  19.910   1.940         
 0269   517  17.540   1.100         
 0270   517  19.740   1.300         
 0271   517  18.360   1.350         
 0272   517  17.290   1.380         
 0274   517  18.660   1.240         
 0275   517  19.270   1.220         
 0277   517  18.230   2.150         
 0280   517  19.630   1.340         
 0281   517  17.160   1.040         
 0283   517  16.340   2.260         
 0284   517  16.960   1.270         
 0285   517  18.540   1.310         
 0287   517  18.370   1.730         
 0288   517  19.530   1.600         
 0289   517  19.520   2.240         
 0291   517  19.080   1.410         
 0292   517  16.920   1.380         
 0293   517  18.180   1.200         
 0294   517  19.830   1.900         
 0295   517  18.290   1.370         
 0296   517  19.200   1.700         
 0298   517  19.490   1.500         
 0301   517  19.470   1.110         
 0302   517  17.020   0.960         
 0303   517  19.840   1.620         
 0304   517  18.920   1.350         
 0305   517  15.090   1.670   1.140
 0306   517  16.430   0.920   0.290
 0307   517  19.860   1.300         
 0310   517  15.220   0.670   0.350
 0312   517  17.720   1.820         
 0313   517  17.640   1.060         
 0315   517  16.680   1.820         
 0316   517  20.000   1.450         
 0317   517  16.940   2.560         
 0318   517  17.130   2.400         
 0320   517  17.590   1.060         
 0321   517  18.460   1.390         
 0322   517  19.090   1.320         
 0323   517  18.650   1.230         
 0324   517  19.890   1.550         
 0325   517  16.640   0.960         
 0328   517  17.850   1.090         
 0331   517  14.900   0.720   0.340
 0332   517  18.130   1.300         
 0333   517  18.920   1.360         
 0335   517  19.930   1.460         
 0336   517  17.110   1.010         
 0337   517  16.860   1.140         
 0339   517  18.680   1.160         
 0341   517  14.960   0.910   0.770
 0342   517  18.070   1.180         
 0343   517  17.500   1.060         
 0344   517  18.190   2.170         
 0345   517  18.160   1.030         
 0346   517  19.750   1.370         
 0347   517  19.110   1.520         
 0348   517  16.550   0.910   0.200
 0349   517  18.750   2.080         
 0350   517  20.030   1.410         
 0351   517  15.190   0.860   0.160
 0352   517  19.020   1.990         
 0353   517  18.680   2.370         
 0354   517  18.410   2.270         
 0355   517  18.530   2.050         
 0356   517  17.080   0.920         
 0358   517  19.350   1.450         
 0359   517  18.820   1.590         
 0360   517  14.110   0.480   0.310
 0361   517  19.660   1.810         
 0366   517  18.160   2.290         
 0369   517  18.500   1.650         
 0370   517  15.540   0.700   0.300
 0371   517  15.970   0.800   0.190
 0372   517  19.290   1.880         
 0374   517  19.830   1.490         
 0375   517  15.180   0.660   0.440
 0376   517  19.150   1.440         
 0378   517  19.290   1.420         
 0380   517  17.240   1.200         
 0381   517  18.580   1.370         
 0382   517  19.060   1.190         
 0383   517  19.800   1.570         
 0386   517  18.780   1.650         
 0388   517  17.950   1.370         
 0389   517  18.420   1.350         
 0390   517  18.890   1.580         
 0392   517  15.660   0.720   0.510
 0393   517  15.210   0.810   0.250
 0394   517  17.660   1.800         
 0395   517  19.710   1.980         
 0396   517  17.070   1.070         
 0399   517  19.660   1.380         
 0400   517  17.040   1.350         
 0401   517  19.700   1.460         
 0402   517  17.900   1.170         
 0403   517  13.610   0.370   0.160
 0405   517  19.680   1.400         
 0406   517  16.160   0.960         
 0407   517  18.660   1.050         
 0408   517  19.010   1.350         
 0409   517  17.530   1.400         
 0410   517  14.500   0.500   0.410
 0411   517  18.340   1.380         
 0412   517  19.170   2.300         
 0414   517  18.320   1.700         
 0415   517  18.000   0.730         
 0419   517  18.950   1.790         
 0420   517  19.040   1.780         
 0421   517  19.140   1.340         
 0422   517  18.220   1.220         
 0423   517  18.330   0.980         
 0424   517  17.280   1.330         
 0425   517  19.870   1.140         
 0426   517  19.610   1.670         
 0427   517  19.160   1.390         
 0429   517  18.430   1.490         
 0432   517  20.220   1.470         
 0433   517  19.320   1.590         
 0434   517  19.650   1.390         
 0435   517  17.890   1.360         
 0436   517  15.590   0.930   0.670
 0439   517  18.960   1.070         
 0440   517  19.570   2.330         
 0441   517  17.180   1.040         
 0442   517  19.930   1.410         
 0443   517  18.580   1.250         
 0445   517  17.690   1.260         
 0448   517  19.720   1.590         
 0449   517  17.940   2.130         
 0450   517  19.930   1.330         
 0451   517  18.110   1.780         
 0454   517  18.650   1.470         
 0456   517  19.010   1.320         
 0457   517  18.650   1.350         
 0458   517  18.070   1.940         
 0459   517  19.960   1.260         
 0460   517  14.060   0.510   0.260
 0461   517  18.790   1.330         
 0462   517  19.650   1.650         
 0463   517  17.650   1.400         
 0465   517  18.080   2.320         
 0466   517  18.960   1.230         
 0467   517  17.350   1.910         
 0468   517  16.420   0.860   0.290
 0469   517  19.280   1.260         
 0470   517  17.030   0.940         
 0471   517  15.070   0.990   0.350
 0472   517  19.760   1.530         
 0475   517  16.050   0.960   0.620
 0476   517  18.520   1.210         
 0477   517  17.680   0.980         
 0478   517  17.790   1.090         
 0479   517  19.120   1.300         
 0480   517  19.380   1.410         
 0481   517  18.510   1.240         
 0482   517  19.320   1.460         
 0483   517  18.930   1.300         
 0484   517  19.240   1.240         
 0486   517  19.630   1.540         
 0487   517  19.240   1.810         
 0488   517  19.720   1.260         
 0489   517  19.540   1.290         
 0490   517  17.030   1.050         
 0491   517  17.600   0.870         
 0493   517  17.910   1.390         
 0494   517  19.620   1.610         
 0495   517  19.590   1.450         
 0496   517  20.030   1.530         
 0497   517  19.960   1.410         
 0499   517  19.480   1.390         
 0500   517  18.540   1.420         
 0501   517  18.910   1.290         
 0502   517  16.010   0.890   0.400
 0503   517  18.960   1.370         
 0504   517  19.500   1.200         
 0509   517  16.860   2.030         
 0511   517  17.720   1.870         
 0512   517  18.030   1.580         
 0514   517  15.730   1.050   0.480
 0518   517  19.640   1.640         
 0519   517  19.860   1.340         
 0520   517  19.640   1.470         
 0522   517  15.380   0.760   0.450
 0523   517  19.740   1.850         
 0525   517  18.990   1.200         
 0526   517  18.930   1.410         
 0528   517  18.310   1.250         
 0529   517  17.270   1.250         
 0530   517  17.820   2.080         
 0531   517  17.220   0.800         
 0532   517  18.230   2.000         
 0534   517  16.070   1.040   0.820
 0536   517  17.420   1.070         
 0539   517  18.080   1.320         
 0541   517  19.600   1.580         
 0546   517  20.000   1.290         
 0547   517  19.920   1.390         
 0548   517  15.520   0.710         
 0550   517  17.300   1.240         
 0551   517  17.320   1.050         
 0553   517  17.660   2.190         
 0554   517  19.620   1.540         
 0556   517  18.290   1.340         
 0557   517  18.850   2.080         
 0558   517  18.090   1.210         
 0560   517  20.060   1.470         
 0561   517  19.680   1.560         
 0562   517  16.740   2.400         
 0565   517  19.000   1.140         
 0566   517  16.470   1.910         
 0568   517  17.670   2.160         
 0570   517  17.670   1.150         
 0571   517  16.880   0.980   0.380
 0572   517  19.350   1.020         
 0573   517  19.520   1.300         
 0574   517  19.000   1.440         
 0575   517  20.100   1.310         
 0576   517  19.200   1.400         
 0577   517  17.180   1.070         
 0578   517  16.260   2.440         
 0579   517  18.520   2.490         
 0580   517  18.680   2.220         
 0581   517  16.700   0.980   0.260
 0582   517  17.850   1.080         
 0583   517  18.440   2.200         
 0584   517  19.440   1.120         
 0585   517  19.030   1.170         
 0586   517  19.020   1.880         
 0587   517  14.130   0.900   0.280
 0590   517  19.340   1.910         
 0592   517  18.020   1.980         
 0593   517  17.850   2.110         
 0594   517  19.230   1.510         
 0596   517  19.320   1.460         
 0598   517  18.470   1.060         
 0599   517  18.170   1.050         
 0600   517  17.480   1.380         
 0601   517  19.000   1.490         
 0602   517  18.150   1.200         
 0603   517  19.640   1.400         
 0604   517  20.200   1.380         
 0605   517  18.940   1.470         
 0606   517  19.300   1.220         
 0608   517  19.610   1.430         
 0610   517  19.460   1.380         
 0612   517  19.220   2.170         
 0614   517  18.520   2.430         
 0615   517  17.070   2.250         
 0617   517  18.430   1.350         
 0619   517  17.900   2.000         
 0620   517  18.250   1.250         
 0621   517  19.320   1.130         
 0623   517  19.200   1.300         
 0624   517  19.780   1.570         
 0625   517  17.600   1.120         
 0626   517  19.850   1.700         
 0627   517  20.150   1.840         
 0628   517  18.780   1.130         
 0630   517  18.800   2.150         
 0631   517  18.780   1.300         
 0633   517  19.790   1.440         
 0634   517  19.500   1.930         
 0635   517  19.370   1.610         
 0636   517  18.970   1.420         
 0638   517  19.810   1.200         
 0639   517  18.840   1.650         
 0641   517  18.910   1.470         
 0642   517  18.820   1.300         
 0643   517  17.590   1.050         
 0644   517  18.800   1.440         
 0645   517  20.000   1.230         
 0646   517  18.320   2.190         
 0647   517  19.380   1.750         
 0648   517  19.860   1.530         
 0649   517  18.750   1.660         
 0650   517  20.130   1.570         
 0653   517  16.580   0.830   0.300
 0655   517  19.410   2.280         
 0658   517  19.760   1.290         
 0659   517  18.660   1.360         
 0661   517  19.470   1.140         
 0662   517  18.670   1.180         
 0663   517  19.550   1.130         
 0664   517  17.890   2.490         
 0665   517  19.840   1.460         
 0666   517  19.240   1.540         
 0667   517  18.960   1.560         
 0668   517  18.390   1.280         
 0669   517  17.800   1.030         
 0671   517  19.370   1.570         
 0672   517  18.570   2.260         
 0673   517  19.200   1.210         
 0674   517  18.360   1.190         
 0677   517  19.040   1.320         
 0678   517  18.080   2.110         
 0679   517  19.690   1.480         
 0680   517  19.160   1.480         
 0681   517  19.510   2.010         
 0682   517  19.320   1.590         
 0683   517  19.710   1.540         
 0684   517  20.240   1.640         
 0687   517  18.820   2.060         
 0688   517  18.940   1.520         
 0689   517  17.980   2.010         
 0690   517  18.870   1.750         
 0691   517  19.250   1.210         
 0693   517  19.520   1.730         
 0695   517  17.360   1.330         
 0696   517  18.810   1.420         
 0697   517  19.760   1.920         
 0699   517  17.890   2.340         
 0700   517  18.700   2.010         
 0702   517  18.820   1.560         
 0703   517  18.960   1.190         
 0704   517  17.990   1.350         
 0705   517  18.120   1.090         
 0706   517  18.140   1.140         
 0708   517  17.840   1.150         
 0710   517  18.680   1.540         
 0713   517  18.670   1.600         
 0714   517  17.920   1.270         
 0716   517  18.650   1.300         
 0717   517  19.240   1.290         
 0718   517  18.910   1.810         
 0721   517  17.610   1.180         
 0724   517  18.750   1.250         
 0725   517  18.590   1.280         
 0726   517  19.480   1.710         
 0727   517  18.920   1.180         
 0728   517  18.640   1.160         
 0729   517  19.700   1.500         
 0730   517  19.090   2.210         
 0732   517  17.980   1.150         
 0734   517  19.220   1.290         
 0736   517  18.160   1.360         
 0737   517  19.910   1.650         
 0738   517  18.820   1.710         
 0740   517  18.500   1.950         
 0742   517  19.260   1.560         
 0743   517  19.980   1.290         
 0744   517  19.520   1.410         
 0745   517  20.410   1.330         
 0746   517  16.170   1.070         
 0747   517  18.540   1.740         
 0749   517  20.110   1.300         
 0750   517  18.390   1.270         
 0751   517  16.660   1.190         
 0752   517  17.790   1.960         
 0753   517  19.290   2.340         
 0754   517  16.430   1.330         
 0755   517  17.440   1.810         
 0756   517  17.070   1.080         
 0757   517  18.190   1.180         
 0760   517  18.860   1.600         
 0761   517  19.250   1.390         
 0763   517  19.630   1.410         
 0764   517  17.730   2.380         
 0765   517  18.870   1.190         
 0769   517  17.800   1.290         
 0770   517  18.700   1.780         
 0771   517  16.230   0.840         
 0772   517  19.100   1.420         
 0773   517  18.520   1.860         
 0774   517  16.700   1.160         
 0776   517  17.890   1.170         
 0777   517  18.630   1.290         
 0778   517  17.970   1.980         
 0779   517  17.370   1.290         
 0780   517  18.240   2.790         
 0781   517  19.730   1.270         
 0782   517  18.990   1.220         
 0783   517  19.080   1.410         
 0784   517  18.520   1.200         
 0785   517  19.160   1.170         
 0786   517  19.780   1.590         
 0787   517  16.840   1.110         
 0788   517  18.620   2.450         
 0791   517  16.590   0.970   0.220
 0792   517  20.220   1.430         
 0793   517  15.520   2.160         
 0794   517  15.310   1.190   0.620
 0795   517  19.570   1.180         
 0799   517  18.930   1.540         
 0801   517  15.740   0.730         
 0802   517  18.450   1.080         
 0803   517  19.210   2.090         
 0805   517  17.780   1.880         
 0807   517  16.970   1.180         
 0808   517  19.610   1.450         
 0811   517  20.080   1.280         
 0812   517  19.450   1.470         
 0813   517  20.020   1.110         
 0814   517  17.070   1.050         
 0816   517  19.060   1.830         
 0818   517  15.820   1.930         
 0819   517  18.500   1.080         
 0822   517  18.800   1.520         
 0823   517  18.120   1.220         
 0824   517  17.660   2.700         
 0825   517  18.390   1.020         
 0826   517  17.500   2.060         
 0827   517  17.320   2.340         
 0828   517  19.750   1.440         
 0830   517  18.400   2.110         
 0831   517  17.230   1.170         
 0832   517  14.390   0.590   0.510
 0833   517  19.670   0.860         
 0835   517  15.790   0.860   0.280
 0836   517  15.930   0.880         
 0837   517  15.440   0.500   0.340
 0838   517  17.390   1.530         
 0841   517  18.130   1.220         
 0842   517  18.660   1.070         
 0845   517  19.430   1.240         
 0846   517  18.450   1.090         
 0847   517  19.940   1.060         
 0850   517  17.450   1.030         
 0851   517  18.930   1.280         
 0852   517  19.180   1.730         
 0855   517  17.460   1.690         
 0856   517  20.240   1.290         
 0857   517  17.380   1.710         
 0859   517  17.790   1.800         
 0860   517  16.080   0.800   0.240
 0861   517  14.980   1.530   0.990
 0862   517  19.320   1.130         
 0864   517  19.670   1.260         
 0865   517  18.930   1.130         
 0866   517  17.860   1.070         
 0867   517  15.310   0.780   0.420
 0869   517  18.190   1.470         
 0870   517  19.680   0.950         
 0871   517  16.230   0.710         
 0874   517  18.670   1.390         
 0875   517  18.100   0.940         
 0876   517  18.070   0.990         
 0878   517  19.700   1.330         
 0880   517  18.630   1.210         
 0881   517  16.280   2.370         
 0882   517  19.750   1.470         
 0883   517  16.420   0.800   0.190
 0884   517  20.100   1.550         
 0886   517  19.180   1.400         
 0888   517  19.550   1.400         
 0889   517  16.850   0.870         
 0890   517  18.010   1.220         
 0891   517  18.880   1.370         
 0892   517  19.460   1.180         
 0893   517  18.870   1.940         
 0894   517  17.810   1.100         
 0895   517  16.950   1.000         
 0896   517  18.820   1.290         
 0897   517  18.740   1.190         
 0898   517  17.090   0.990         
 0899   517  19.190   1.230         
 0900   517  15.540   0.840   0.280
 0901   517  18.240   1.050         
 0902   517  20.000   1.070         
 0906   517  15.410   0.580   0.470
 0907   517  19.480   1.360         
 0909   517  19.090   1.530         
 0910   517  19.620   1.450         
 0911   517  19.050   1.270         
 0912   517  19.360   1.190         
 0913   517  18.580   1.920         
 0914   517  17.100   0.920         
 0915   517  17.500   1.950         
 0916   517  17.850   0.990         
 0918   517  15.430   0.730   0.540
 0919   517  15.980   0.970   0.420
 0920   517  19.580   1.310         
 0922   517  16.390   2.420         
 0923   517  18.770   1.780         
 0925   517  18.540   1.210         
 0926   517  18.330   1.380         
 0928   517  19.780   1.400         
 0929   517  19.890   1.930         
 0930   517  18.770   1.930         
 0931   517  19.270   1.410         
 0932   517  18.660   1.740         
 0933   517  16.980   0.860   0.170
 0934   517  17.570   1.280         
 0935   517  19.420   1.390         
 0936   517  17.690   2.160         
 0938   517  18.280   1.350         
 0941   517  19.630   1.410         
 0942   517  18.510   1.120         
 0943   517  18.230   1.220         
 0944   517  18.350   1.240         
 0946   517  18.980   1.450         
 0948   517  18.530   2.010         
 0949   517  18.160   1.440         
 0950   517  20.290   1.470         
 0952   517  17.870   1.890         
 0953   517  18.910   1.240         
 0954   517  19.050   1.570         
 0955   517  18.190   1.210         
 0957   517  19.450   1.440         
 0959   517  20.230   1.670         
 0962   517  18.700   1.100         
 0964   517  18.070   2.110         
 0966   517  15.660   0.850   0.270
 0967   517  17.660   2.380         
 0968   517  20.060   1.500         
 0969   517  19.200   1.500         
 0970   517  18.960   2.120         
 0971   517  19.250   1.070         
 0973   517  18.490   1.270         
 0974   517  18.310   1.220         
 0976   517  16.820   2.170         
 0977   517  17.790   1.860         
 0978   517  20.360   1.550         
 0979   517  16.740   0.970         
 0982   517  17.860   1.290         
 0983   517  19.720   1.660         
 0984   517  20.140   1.430         
 0985   517  19.720   1.080         
 0986   517  14.610   0.520   0.390
 0987   517  19.490   1.150         
 0988   517  16.410   2.100         
 0989   517  17.790   1.890         
 0990   517  19.470   1.740         
 0991   517  19.680   1.410         
 0992   517  18.930   1.570         
 0993   517  17.320   0.890         
 0994   517  17.130   1.170         
 0995   517  16.400   0.860   0.370
 0996   517  18.660   2.230         
 0997   517  18.790   1.220         
 0998   517  17.380   1.080         
 0999   517  19.570   1.920         
 1000   517  17.300   1.020         
 1001   517  18.810   1.250         
 1002   517  18.300   1.220         
 1003   517  18.730   1.740         
 1005   517  15.900   0.870   0.220
 1006   517  18.800   1.340         
 1007   517  19.530   1.030         
 1008   517  17.890   2.750         
 1009   517  18.200   1.280         
 1010   517  19.570   1.420         
 1011   517  15.140   0.520   0.380
 1012   517  18.490   1.090         
 1013   517  16.450   0.960   0.460
 1014   517  16.850   2.020         
 1016   517  19.500   1.260         
 1017   517  14.080   0.460   0.420
 1018   517  19.050   1.260         
 1019   517  17.940   1.900         
 1020   517  19.020   1.400         
 1022   517  18.910   1.320         
 1024   517  17.980   0.970         
 1025   517  17.690   2.400         
 1028   517  18.240   1.320         
 1029   517  18.230   2.000         
 1030   517  19.140   1.270         
 1031   517  19.610   1.410         
 1032   517  20.120   1.320         
 1033   517  17.960   1.140         
 1034   517  17.270   1.700         
 1035   517  19.550   1.480         
 1036   517  18.330   2.080         
 1038   517  19.470   1.680         
 1039   517  19.900   1.290         
 1040   517  18.350   1.380         
 1041   517  18.380   1.240         
 1043   517  18.000   1.200         
 1044   517  18.720   2.260         
 1045   517  18.090   1.920         
 1046   517  19.630   1.420         
 1047   517  19.480   1.460         
 1048   517  18.460   1.340         
 1049   517  16.020   1.230   0.560
 1051   517  15.570   0.800   0.280
 1052   517  15.630   1.440   0.970
 1053   517  16.500   1.190         
 1054   517  18.960   1.600         
 1056   517  17.040   1.100         
 1057   517  17.780   0.880         
 1058   517  19.310   1.450         
 1059   517  17.680   1.150         
 1061   517  17.270   1.170         
 1062   517  18.400   1.980         
 1063   517  17.490   0.960         
 1064   517  19.120   1.230         
 1065   517  15.540   1.910         
 1066   517  17.180   1.000         
 1067   517  17.340   1.250         
 1070   517  19.340   1.450         
 1071   517  19.240   1.310         
 1073   517  19.270   1.440         
 1075   517  15.910   0.770   0.320
 1076   517  17.770   3.060         
 1077   517  18.600   1.120         
 1078   517  17.350   1.470         
 1079   517  18.020   1.360         
 1080   517  17.110   0.940   0.200
 1081   517  15.900   1.240   0.720
 1082   517  18.660   2.110         
 1083   517  17.430   1.980         
 1084   517  18.290   1.130         
 1085   517  16.720   0.960         
 1086   517  19.700   1.420         
 1087   517  19.880   1.290         
 1088   517  17.770   1.090         
 1089   517  16.450   0.880   0.460
 1091   517  19.020   1.410         
 1092   517  19.290   1.560         
 1095   517  19.120   1.560         
 1096   517  14.090   0.640   0.460
 1099   517  17.240   1.790         
 1100   517  20.140   1.210         
 1101   517  16.380   1.010         
 1104   517  19.980   1.400         
 1105   517  19.480   1.430         
 1106   517  18.910   1.270         
 1107   517  17.690   2.310         
 1110   517  19.480   1.590         
 1111   517  20.070   1.250         
 1112   517  16.070   1.080   0.750
 1113   517  17.600   1.250         
 1115   517  17.530   1.090         
 1116   517  18.890   2.550         
 1117   517  17.810   1.080         
 1119   517  19.510   1.270         
 1120   517  18.490   1.820         
 1121   517  17.220   1.130         
 1122   517  18.140   1.190         
 1124   517  18.950   2.000         
 1125   517  17.000   0.810         
 1128   517  17.870   1.890         
 1129   517  19.220   1.540         
 1131   517  15.350   1.880         
 1132   517  17.340   2.040         
 1133   517  19.070   2.170         
 1134   517  20.170   1.330         
 1135   517  19.940   1.690         
 1137   517  19.420   1.600         
 1138   517  19.750   1.450         
 1139   517  16.340   1.150   0.540
 1140   517  19.300   1.940         
 1142   517  15.530   1.950         
 1144   517  19.030   1.310         
 1146   517  18.920   1.350         
 1147   517  17.120   0.930         
 1148   517  19.240   1.340         
 1149   517  16.980   1.120         
 1151   517  18.790   1.940         
 1152   517  19.860   1.410         
 1153   517  19.430   1.410         
 1154   517  18.030   2.000         
 1155   517  19.250   1.560         
 1156   517  18.600   1.360         
 1157   517  18.660   1.580         
 1158   517  20.160   1.380         
 1159   517  17.030   2.300         
 1162   517  17.540   2.670         
 1163   517  19.340   1.100         
 1164   517  19.210   1.340         
 1165   517  18.880   2.020         
 1166   517  19.090   1.470         
 1168   517  18.930   1.210         
 1169   517  18.350   1.360         
 1170   517  15.940   1.020         
 1172   517  19.420   1.590         
 1174   517  19.490   1.580         
 1176   517  16.250   0.910         
 1178   517  18.380   1.420         
 1179   517  16.020   0.980   0.600
 1180   517  18.030   2.830         
 1181   517  17.400   0.990   0.170
 1183   517  16.130   1.030   0.520
 1184   517  19.450   1.370         
 1185   517  18.320   1.300         
 1186   517  18.850   1.350         
 1189   517  19.530   1.290         
 1190   517  18.260   1.260         
 1191   517  19.160   1.570         
 1192   517  17.220   1.000         
 1193   517  13.540   0.340   0.160
 1194   517  19.680   1.740         
 1195   517  19.710   2.120         
 1197   517  18.730   1.300         
 1200   517  17.540   1.220         
 1201   517  19.680   1.390         
 1202   517  16.580   1.980         
 1203   517  15.490   0.750   0.640
 1204   517  18.200   2.610         
 1205   517  16.750   1.070         
 1206   517  19.650   1.640         
 1207   517  18.580   1.250         
 1208   517  15.580   1.730         
 1210   517  15.460   0.920   0.660
 1212   517  19.390   1.470         
 1213   517  15.760   0.770   0.620
 1214   517  16.890   2.150         
 1218   517  18.140   1.940         
 1219   517  18.000   1.380         
 1221   517  15.390   0.900   0.290
 1222   517  18.600   1.180         
 1224   517  19.370   1.510         
 1225   517  19.650   1.240         
 1226   517  18.070   2.310         
 1227   517  19.890   1.240         
 1229   517  19.600   1.480         
 1230   517  17.920   1.200         
 1232   517  20.100   1.760         
 1233   517  18.990   1.930         
 1234   517  19.600   1.340         
 1235   517  19.790   1.340         
 1237   517  17.540   2.280         
 1239   517  16.950   1.110         
 1240   517  18.420   2.200         
 1241   517  17.890   1.200         
 1242   517  19.170   1.440         
 1243   517  17.750   1.780         
 1245   517  18.880   1.940         
 1246   517  15.970   0.870         
 1247   517  19.030   1.260         
 1248   517  18.640   1.350         
 1249   517  19.850   1.770         
 1250   517  17.220   1.250         
 1251   517  16.070   0.900   0.290
 1252   517  18.740   1.330         
 1253   517  15.930   0.860   0.360
 1254   517  16.710   1.920         
 1255   517  19.230   1.210         
 1257   517  19.220   1.670         
 1259   517  17.630   1.240         
 1260   517  19.280   1.550         
 1261   517  19.950   1.310         
 1263   517  18.320   1.250         
 1264   517  19.480   1.440         
 1265   517  16.620   1.510         
 1268   517  18.380   1.340         
 1269   517  17.960   2.020         
 1274   517  19.390   1.800         
 1275   517  18.990   1.950         
 1276   517  15.830   2.270         
 1277   517  17.470   1.380         
 1279   517  18.460   1.250         
 1281   517  19.350   1.290         
 1283   517  16.910   2.310         
 1284   517  18.200   2.660         
 1285   517  17.120   1.060         
 1286   517  19.550   1.530         
 1288   517  15.610   1.900         
 1289   517  19.640   1.500         
 1290   517  19.330   1.670         
 1291   517  17.150   1.950         
 1292   517  17.240   1.140         
 1293   517  18.480   2.010         
 1295   517  18.690   1.040         
 1296   517  19.050   1.360         
 1297   517  18.570   1.250         
 1298   517  19.110   1.290         
 1301   517  18.590   1.480         
 1302   517  19.750   1.450         
 1303   517  18.800   1.480         
 1304   517  18.990   2.890         
 1305   517  19.410   1.680         
 1306   517  18.880   1.920         
 1310   517  17.730   1.040         
 1312   517  18.920   1.570         
 1313   517  18.100   2.130         
 1314   517  16.750   0.850   0.310
 1315   517  17.780   2.160         
 1316   517  16.500   0.940         
 1317   517  18.030   1.200         
 1318   517  19.450   1.890         
 1319   517  18.270   1.030         
 1320   517  14.710   1.470   1.110
 1321   517  19.600   1.440         
 1323   517  17.370   1.950         
 1324   517  18.100   1.320         
 1325   517  19.870   1.960         
 1326   517  19.330   1.420         
 1327   517  19.270   1.110         
 1328   517  18.340   1.930         
 1329   517  19.570   1.450         
 1330   517  20.210   0.610         
 1331   517  14.470   0.960   0.360
 1332   517  17.320   2.160         
 1333   517  18.790   2.210         
 1334   517  19.270   1.440         
 1335   517  19.330   1.310         
 1336   517  19.090   1.330         
 1337   517  16.810   1.170         
 1338   517  19.660   1.550         
 1340   517  18.560   1.310         
 1343   517  17.590   1.210         
 1344   517  17.090   1.810         
 1347   517  18.140   1.630         
 1348   517  19.420   1.620         
 1349   517  18.590   1.960         
 1350   517  19.440   1.450         
 1351   517  19.330   1.500         
 1352   517  18.500   1.260         
 1353   517  18.030   1.070         
 1354   517  16.030   1.230   0.700
 1357   517  20.040   1.660         
 1358   517  18.120   1.160         
 1359   517  16.200   0.960   0.290
 1360   517  17.410   1.840         
 1361   517  18.260   1.780         
 1362   517  14.200   0.830   0.590
 1363   517  17.710   2.150         
 1364   517  18.340   2.210         
 1365   517  16.640   1.200         
 1366   517  17.280   1.380         
 1367   517  17.170   2.040         
 1369   517  18.780   1.210         
 1371   517  19.280   1.240         
 1373   517  18.500   2.020         
 1374   517  19.220   1.440         
 1376   517  19.640   1.490         
 1377   517  16.620   0.880   0.270
 1379   517  17.750   1.810         
 1380   517  17.950   1.210         
 1383   517  18.270   2.080         
 1384   517  19.250   1.140         
 1385   517  17.840   1.170         
 1386   517  19.170   0.840         
 1387   517  19.080   1.350         
 1388   517  19.390   1.420         
 1389   517  17.180   1.260         
 1390   517  17.980   2.040         
 1391   517  16.930   1.100         
 1392   517  16.680   0.860   0.250
 1393   517  19.320   1.930         
 1395   517  17.630   1.090         
 1396   517  18.220   1.240         
 1397   517  18.350   1.420         
 1398   517  19.480   1.690         
 1402   517  18.100   2.090         
 1403   517  16.590   1.050         
 1404   517  19.660   1.560         
 1405   517  19.680   1.400         
 1406   517  19.270   1.150         
 1407   517  19.130   1.460         
 1408   517  19.470   1.430         
 1409   517  17.030   0.990   0.340
 1410   517  15.350   0.970   0.410
 1411   517  19.220   1.280         
 1412   517  18.430   1.250         
 1413   517  17.580   2.010         
 1414   517  19.200   1.200         
 1415   517  13.830   0.420   0.260
 1417   517  17.620   1.790         
 1418   517  19.320   1.880         
 1419   517  17.320   0.870         
 1422   517  19.700   1.490         
 1423   517  18.280   1.380         
 1424   517  19.980   1.620         
 1425   517  19.090   1.390         
 1426   517  17.310   1.740         
 1430   517  18.860   1.790         
 1431   517  18.860   1.420         
 1432   517  16.750   1.390         
 1433   517  15.940   0.790   0.340
 1434   517  19.990   1.490         
 1435   517  19.980   1.650         
 1436   517  19.040   1.790         
 1437   517  17.380   2.000         
 1438   517  19.280   1.540         
 1440   517  19.370   1.600         
 1442   517  19.270   1.290         
 1444   517  19.210   1.570         
 1446   517  17.670   2.070         
 1447   517  18.990   1.580         
 1448   517  17.600   2.070         
 1450   517  18.260   2.370         
 1451   517  19.270   1.670         
 1452   517  16.610   1.140         
 1453   517  19.070   1.170         
 1454   517  13.800   0.380   0.210
 1455   517  19.700   1.140         
 1456   517  16.930   0.990         
 1457   517  18.480   1.360         
 1458   517  14.820   0.500   0.410
 1459   517  19.470   1.610         
 1461   517  19.080   1.740         
 1462   517  19.300   1.560         
 1463   517  17.860   1.520         
 1464   517  16.770   0.990         
 1465   517  13.970   0.660   0.460
 1467   517  17.590   1.150         
 1468   517  18.020   1.230         
 1470   517  18.640   1.280         
 1471   517  15.670   0.820   0.560
 1472   517  18.690   1.240         
 1474   517  19.150   1.770         
 1475   517  17.250   1.980         
 1476   517  18.290   1.280         
 1477   517  18.980   1.350         
 1478   517  19.390   1.540         
 1479   517  16.590   0.910   0.330
 1480   517  16.350   0.940   0.360
 1481   517  16.840   0.920   0.370
 1483   517  17.580   2.050         
 1485   517  19.260   1.630         
 1487   517  17.980   1.110         
 1489   517  16.210   0.900   0.260
 1492   517  18.630   1.730         
 1493   517  15.680   0.860   0.260
 1494   517  18.480   1.080         
 1495   517  17.390   1.840         
 1497   517  17.590   1.030         
 1505   517  19.490   1.630         
 1506   517  19.790   1.590         
 1507   517  18.950   1.440         
 1508   517  18.260   1.180         
 1509   517  18.550   1.310         
 1511   517  15.240   0.830   0.670
 1512   517  14.860   0.800   0.560
 1513   517  18.220   1.300         
 1515   517  17.020   1.920         
 1516   517  17.710   1.820         
 1517   517  18.310   1.150         
 1518   517  15.690   0.980   0.380
 1519   517  19.910   1.720         
 1520   517  18.330   1.060         
 1522   517  16.760   0.840   0.370
 1523   517  19.000   1.110         
 1524   517  18.820   1.680         
 1527   517  16.320   0.850   0.320
 1528   517  18.720   1.590         
 1529   517  19.590   1.590         
 1532   517  15.780   1.060   0.820
 1534   517  17.160   1.110         
 1536   517  17.750   1.920         
 1538   517  18.850   2.070         
 1539   517  17.770   1.350         
 1540   517  15.720   0.890   0.310
 1541   517  17.860   1.270         
 1543   517  16.410   0.960   0.260
 1546   517  18.890   1.380         
 1547   517  19.290   2.310         
 1551   517  18.680   0.820         
 1552   517  19.590   1.510         
 1553   517  19.440   1.530         
 1554   517  18.470   1.830         
 1555   517  17.940   1.000         
 1556   517  14.280   0.450   0.410
 1557   517  16.360   1.620         
 1558   517  18.820   2.200         
 1560   517  17.960   0.920         
 1561   517  18.900   1.780         
 1562   517  14.500   0.830   0.330
 1563   517  18.590   2.310         
 1564   517  17.040   0.960         
 1565   517  16.750   0.910   0.240
 1566   517  18.410   1.270         
 1567   517  17.300   2.380         
 1568   517  17.740   1.170         
 1570   517  19.390   1.510         
 1571   517  18.980   2.250         
 1572   517  16.860   1.260         
 1573   517  18.680   2.290         
 1574   517  18.130   2.090         
 1575   517  19.810   1.390         
 1576   517  19.800   1.220         
 1577   517  18.650   1.180         
 1578   517  17.830   1.100         
 1579   517  19.950   1.680         
 1581   517  19.860   1.630         
 1582   517  19.110   1.540         
 1585   517  19.650   2.340         
 1588   517  19.700   1.360         
 1589   517  17.700   2.550         
 1590   517  18.570   1.300         
 1591   517  17.790   1.060         
 1592   517  19.970   1.780         
 1594   517  19.730   1.460         
 1596   517  18.160   1.200         
 1597   517  19.750   1.400         
 1598   517  18.090   1.930         
 1599   517  16.500   1.310         
 1600   517  17.410   2.850         
 1602   517  14.400   0.470   0.410
 1603   517  19.310   1.290         
 1604   517  18.420   1.280         
 1605   517  19.320   1.340         
 1607   517  18.470   1.250         
 1608   517  19.340   1.610         
 1610   517  17.680   2.270         
 1612   517  20.090   1.430         
 1613   517  17.180   1.840         
 1614   517  15.360   0.770   0.340
 1615   517  19.420   1.610         
 1617   517  18.270   1.150         
 1618   517  19.440   1.250         
 1619   517  16.430   0.890   0.220
 1620   517  18.740   1.210         
 1621   517  19.120   1.460         
 1623   517  19.240   1.460         
 1624   517  17.000   1.050         
 1625   517  18.060   1.240         
 1626   517  19.780   1.280         
 1629   517  15.290   1.790         
 1631   517  19.440   1.400         
 1632   517  18.450   1.280         
 1633   517  19.080   1.610         
 1634   517  19.520   1.440         
 1635   517  17.870   1.160         
 1636   517  18.300   1.420         
 1637   517  18.040   1.120         
 1639   517  17.600   1.250         
 1640   517  18.340   2.110         
 1642   517  18.910   1.480         
 1643   517  19.580   1.400         
 1644   517  18.730   2.190         
 1645   517  14.550   0.550   0.430
 1646   517  17.430   1.010         
 1648   517  18.000   1.710         
 1649   517  17.650   1.680         
 1651   517  18.460   1.330         
 1652   517  18.970   1.510         
 1653   517  19.180   1.440         
 1654   517  19.010   1.330         
 1656   517  18.940   1.600         
 1657   517  18.740   1.310         
 1658   517  16.600   2.410         
 1659   517  17.220   1.400         
 1660   517  19.170   2.370         
 1661   517  19.760   1.550         
 1662   517  18.710   1.490         
 1665   517  17.630   1.040         
 1666   517  16.010   1.860         
 1667   517  18.610   1.200         
 1668   517  18.310   1.900         
 1669   517  19.870   1.480         
 1670   517  18.900   1.500         
 1671   517  13.980   0.450   0.290
 1672   517  19.070   1.250         
 1673   517  18.220   1.980         
 1674   517  16.520   1.060   0.340
 1675   517  14.830   0.810   0.410
 1676   517  19.160   2.290         
 1678   517  20.220   1.290         
 1679   517  17.610   0.930         
 1685   517  18.590   1.240         
 1686   517  18.500   1.260         
 1687   517  18.820   1.500         
 1688   517  16.070   1.850         
 1689   517  19.820   1.360         
 1690   517  19.350   1.530         
 1691   517  16.530   0.900   0.390
 1692   517  18.430   1.400         
 1693   517  19.940   1.060         
 1694   517  18.420   1.110         
 1695   517  17.560   1.520         
 1696   517  18.080   1.180         
 1697   517  19.010   1.370         
 1698   517  18.990   1.400         
 1699   517  18.960   1.160         
 1700   517  19.440   1.580         
 1701   517  19.060   1.320         
 1702   517  20.010   1.450         
 1703   517  16.910   1.090         
 1704   517  18.240   1.510         
 1705   517  16.840   2.170         
 1706   517  19.680   1.280         
 1707   517  18.000   2.040         
 1708   517  18.120   1.440         
 1709   517  19.640   1.030         
 1712   517  19.620   1.380         
 1713   517  17.840   1.260         
 1714   517  15.130   0.670   0.500
 1717   517  17.110   1.960         
 1718   517  18.190   1.100         
 1719   517  19.720   2.020         
 1720   517  18.690   1.440         
 1721   517  18.960   1.320         
 1722   517  13.400   0.320   0.180
 1723   517  18.680   2.620         
 1724   517  18.210   2.130         
 1725   517  18.150   1.180         
 1726   517  17.550   1.980         
 1727   517  18.680   1.400         
 1728   517  18.800   1.020         
 1729   517  19.220   1.560         
 1732   517  17.980   1.230         
 1735   517  20.210   1.850         
 1736   517  19.150   1.330         
 1738   517  19.000   1.410         
 1739   517  19.180   1.590         
 1740   517  19.290   1.290         
 1742   517  16.310   1.860         
 1743   517  15.660   0.920   0.280
 1747   517  19.420   1.420         
 1749   517  19.020   2.170         
 1750   517  18.310   1.110         
 1751   517  16.000   0.790   0.290
 1752   517  16.700   1.770         
 1753   517  19.810   1.170         
 1755   517  18.040   1.270         
 1757   517  18.130   1.240         
 1758   517  17.870   1.940         
 1759   517  18.950   1.430         
 1760   517  19.960   1.420         
 1763   517  18.090   1.170         
 1765   517  18.780   1.280         
 1766   517  19.130   2.200         
 1768   517  19.440   1.500         
 1769   517  19.120   1.150         
 1770   517  18.000   1.260         
 1772   517  18.600   1.240         
 1773   517  18.920   2.010         
 1775   517  18.020   1.080         
 1776   517  18.130   1.110         
 1777   517  19.700   1.200         
 1778   517  18.790   1.400         
 1779   517  19.490   1.400         
 1780   517  15.820   0.750   0.350
 1781   517  16.990   0.950   0.230
 1782   517  18.700   1.240         
 1783   517  18.140   1.080         
 1784   517  17.880   1.210         
 1787   517  18.330   1.310         
 1788   517  17.970   2.040         
 1789   517  18.250   1.650         
 1791   517  17.000   2.060         
 1793   517  17.800   1.320         
 1794   517  18.580   1.530         
 1795   517  18.610   1.940         
 1796   517  19.600   1.680         
 1798   517  18.970   1.270         
 1799   517  17.090   1.980         
 1800   517  19.760   1.790         
 1802   517  14.780   0.570   0.510
 1803   517  17.510   2.380         
 1804   517  16.620   1.060         
 1805   517  19.480   1.500         
 1806   517  18.650   1.190         
 1807   517  18.540   1.840         
 1809   517  19.330   1.500         
 1810   517  18.540   2.210         
 1811   517  17.760   1.090         
 1812   517  19.270   1.510         
 1813   517  19.810   1.430         
 1814   517  18.740   1.290         
 1815   517  18.960   1.210         
 1817   517  19.550   1.330         
 1818   517  18.500   2.280         
 1819   517  16.530   0.950   0.320
 1820   517  18.770   2.090         
 1821   517  17.950   2.020         
 1823   517  18.530   1.360         
 1825   517  17.250   2.190         
 1826   517  17.410   2.250         
 1827   517  16.920   1.890         
 1828   517  18.740   1.130         
 1830   517  18.940   1.690         
 1831   517  17.590   1.860         
 1832   517  16.030   0.930         
 1833   517  19.220   1.790         
 1835   517  17.800   1.060         
 1836   517  17.130   0.890   0.350
 1837   517  17.110   1.190         
 1838   517  18.680   1.520         
 1839   517  18.850   1.470         
 1842   517  18.930   1.640         
 1844   517  18.170   2.050         
 1845   517  18.000   1.380         
 1846   517  15.350   0.700   0.530
 1847   517  16.620   1.800         
 1848   517  15.610   1.160   0.440
 1849   517  16.770   1.140         
 1850   517  19.540   1.710         
 1851   517  17.880   2.280         
 1852   517  19.150   1.240         
 1854   517  18.510   1.310         
 1855   517  18.900   1.250         
 1856   517  16.320   1.500         
 1860   517  15.910   0.830   0.510
 1861   517  19.170   1.540         
 1862   517  19.590   1.260         
 1863   517  20.020   1.380         
 1866   517  19.770   0.660         
 1868   517  17.450   1.120         
 1869   517  17.850   1.710         
 1870   517  19.790   1.710         
 1871   517  17.470   1.040         
 1872   517  19.640   1.360         
 1873   517  17.000   0.940         
 1875   517  17.700   2.080         
 1876   517  19.510   1.730         
 1879   517  18.630   1.650         
 1880   517  18.330   2.360         
 1881   517  17.430   1.050         
 1882   517  17.880   1.600         
 1883   517  16.670   2.440         
 1884   517  19.090   1.390         
 1886   517  20.100   1.880         
 1887   517  18.700   1.190         
 1889   517  19.360   1.230         
 1891   517  19.210   1.530         
 1894   517  18.550   1.300         
 1895   517  18.500   1.440         
 1896   517  16.890   1.540         
 1897   517  14.900   0.850   0.380
 1898   517  19.340   1.930         
 1899   517  17.910   0.930         
 1900   517  17.690   1.360         
 1901   517  18.500   1.260         
 1904   517  15.470   1.080   0.500
 1905   517  18.000   2.040         
 1906   517  19.210   1.810         
 1907   517  19.070   1.220         
 1908   517  17.410   1.900         
 1910   517  19.660   1.550         
 1911   517  15.670   0.890   0.370
 1912   517  17.790   1.160         
 1913   517  20.340   1.290         
 1916   517  19.640   1.480         
 1917   517  16.590   0.880   0.330
 1918   517  18.690   1.500         
 1919   517  18.050   1.320         
 1920   517  20.130   1.580         
 1921   517  19.070   1.380         
 1923   517  19.320   1.680         
 1924   517  19.180   1.320         
 1925   517  16.820   0.880   0.280
 1926   517  19.040   1.770         
 1927   517  17.830   1.870         
 1928   517  16.630   0.860   0.310
 1929   517  18.300   1.130         
 1930   517  18.880   1.260         
 1933   517  18.270   2.080         
 1934   517  18.110   1.370         
 1935   517  19.400   1.690         
 1936   517  16.750   1.020   0.520
 1937   517  19.280   1.300         
 1940   517  18.660   1.180         
 1942   517  17.720   2.570         
 1944   517  20.060   1.060         
 1945   517  18.830   2.270         
 1947   517  18.010   1.230         
 1948   517  19.200   1.350         
 1949   517  18.810   1.230         
 1951   517  17.650   1.430         
 1952   517  19.910   1.400         
 1953   517  18.800   1.340         
 1956   517  19.360   1.350         
 1959   517  19.840   1.380         
 1961   517  16.060   1.290         
 1962   517  17.260   2.070         
 1963   517  17.610   0.910         
 1964   517  18.360   1.330         
 1965   517  17.080   1.160         
 1970   517  19.740   1.220         
 1973   517  19.780   1.320         
 1974   517  18.140   2.020         
 1975   517  19.810   1.830         
 1976   517  18.340   1.470         
 1979   517  16.790   2.390         
 1980   517  18.820   1.750         
 1981   517  17.220   0.880         
 1982   517  18.610   1.930         
 1983   517  19.570   1.430         
 1985   517  19.660   1.350         
 1987   517  17.340   2.350         
 1988   517  16.780   1.160         
 1990   517  19.090   1.610         
 1992   517  18.980   1.310         
 1993   517  17.170   2.150         
 1994   517  17.920   2.270         
 1995   517  17.760   1.440         
 1996   517  19.480   1.310         
 1997   517  17.650   1.280         
 1998   517  16.470   0.860   0.290
 2000   517  16.550   2.010         
 2002   517  19.190   1.700         
 2003   517  18.550   1.480         
 2004   517  18.470   1.570         
 2005   517  19.270   1.380         
 2006   517  18.630   1.300         
 2007   517  19.970   1.380         
 2008   517  18.240   1.250         
 2009   517  18.070   2.070         
 2011   517  17.610   0.980         
 2012   517  18.380   2.210         
 2013   517  18.930   1.290         
 2014   517  19.930   1.650         
 2016   517  17.980   1.130         
 2017   517  16.610   1.220         
 2019   517  18.340   2.190         
 2020   517  16.650   2.000         
 2021   517  19.950   1.480         
 2022   517  19.350   1.440         
 2023   517  18.510   1.950         
 2024   517  19.090   1.300         
 2025   517  18.010   2.260         
 2026   517  16.840   1.910         
 2027   517  17.300   2.090         
 2028   517  19.380   1.630         
 2029   517  17.640   1.310         
 2030   517  17.520   1.080         
 2031   517  16.360   0.880   0.710
 2033   517  16.620   1.910         
 2035   517  19.190   1.530         
 2036   517  17.980   0.970         
 2037   517  14.700   0.790   0.570
 2038   517  18.640   2.140         
 2040   517  19.320   1.250         
 2041   517  19.230   1.370         
 2043   517  17.210   0.960   0.270
 2044   517  18.360   1.300         
 2047   517  19.210   2.370         
 2048   517  18.580   1.110         
 2049   517  17.420   1.090         
 2054   517  19.770   1.350         
 2055   517  18.660   1.250         
 2056   517  15.280   0.640   0.360
 2057   517  19.650   1.750         
 2058   517  19.310   1.380         
 2059   517  19.530   1.360         
 2061   517  18.780   1.470         
 2064   517  18.690   1.960         
 2065   517  17.790   1.340         
 2066   517  18.910   1.260         
 2067   517  19.450   1.890         
 2069   517  18.700   1.330         
 2070   517  16.320   1.380         
 2072   517  19.140   1.470         
 2074   517  19.900   1.510         
 2075   517  19.490   1.500         
 2077   517  18.090   1.200         
 2078   517  18.920   1.240         
 2079   517  18.320   1.080         
 2080   517  17.460   2.000         
 2081   517  19.890   2.010         
 2082   517  19.690   1.510         
 2083   517  19.330   1.480         
 2084   517  17.790   0.950         
 2086   517  19.200   1.510         
 2087   517  19.420   1.660         
 2088   517  18.420   1.350         
 2089   517  18.760   1.840         
 2091   517  18.170   1.250         
 2092   517  17.720   2.570         
 2093   517  16.420   0.790   0.290
 2094   517  17.090   1.070         
 2095   517  19.570   1.540         
 2097   517  17.640   1.280         
 2099   517  19.470   1.960         
 2101   517  18.770   1.310         
 2103   517  19.150   1.160         
 2104   517  19.140   1.410         
 2105   517  17.270   2.370         
 2107   517  19.350   1.410         
 2108   517  17.440   0.940         
 2109   517  17.770   2.520         
 2110   517  19.080   1.300         
 2111   517  18.440   2.130         
 2112   517  18.020   1.970         
 2113   517  18.650   1.230         
 2119   517  18.770   1.260         
 2120   517  18.350   1.190         
 2122   517  17.010   2.660         
 2123   517  18.790   1.740         
 2126   517  18.350   1.190         
 2127   517  19.800   1.180         
 2128   517  19.360   1.360         
 2129   517  19.400   1.530         
 2130   517  18.720   2.110         
 2131   517  17.840   1.840         
 2132   517  16.270   2.010         
 2133   517  19.280   1.800         
 2134   517  18.470   1.470         
 2138   517  18.450   1.320         
 2139   517  19.590   1.150         
 2140   517  18.440   1.430         
 2142   517  17.650   1.680         
 2143   517  19.040   1.880         
 2144   517  19.540   1.340         
 2145   517  15.000   0.760   0.320
 2146   517  17.580   1.300         
 2149   517  17.610   1.430         
 2150   517  19.200   1.380         
 2151   517  16.950   1.050         
 2152   517  17.640   2.050         
 2154   517  18.410   1.130         
 2155   517  18.170   1.170         
 2158   517  16.170   0.970   0.340
 2159   517  19.460   1.420         
 2160   517  19.840   1.470         
 2162   517  18.780   1.240         
 2163   517  18.750   1.450         
 2164   517  19.670   1.460         
 2166   517  16.100   0.960         
 2169   517  19.770   1.420         
 2171   517  18.490   1.940         
 2173   517  18.680   1.360         
 2174   517  17.990   1.260         
 2177   517  18.200   1.520         
 2178   517  17.770   2.150         
 2180   517  17.550   2.080         
 2182   517  18.720   1.970         
 2184   517  17.900   1.340         
 2185   517  19.150   1.850         
 2186   517  18.730   1.570         
 2187   517  19.580   1.370         
 2188   517  18.170   2.340         
 2189   517  16.250   0.850   0.220
 2190   517  20.000   1.460         
 2191   517  18.390   1.230         
 2193   517  19.600   1.330         
 2195   517  16.550   1.770         
 2196   517  20.170   1.160         
 2197   517  18.660   2.310         
 2202   517  18.500   1.020         
 2203   517  19.180   1.450         
 2208   517  19.780   1.600         
 2209   517  16.620   1.120         
 2210   517  19.270   2.310         
 2211   517  19.260   1.960         
 2212   517  17.810   1.540         
 2213   517  18.170   1.320         
 2215   517  16.690   1.110   0.330
 2217   517  18.630   1.340         
 2220   517  18.160   2.370         
 2221   517  19.160   1.430         
 2222   517  17.660   2.730         
 2223   517  19.380   1.590         
 2224   517  18.370   1.220         
 2225   517  17.140   2.360         
 2226   517  19.830   1.510         
 2228   517  19.170   1.520         
 2230   517  18.690   1.120         
 2231   517  17.260   1.170         
 2232   517  16.390   0.950   0.330
 2233   517  17.030   1.110         
 2234   517  19.410   1.650         
 2235   517  18.000   1.360         
 2236   517  19.760   1.420         
 2237   517  19.380   1.980         
 2238   517  19.150   1.640         
 2239   517  18.520   1.420         
 2241   517  18.840   1.470         
 2242   517  19.020   2.210         
 2243   517  17.040   2.700         
 2244   517  16.910   0.850         
 2245   517  18.730   1.490         
 2249   517  19.530   1.620         
 2250   517  20.210   1.280         
 2251   517  19.040   1.600         
 2252   517  17.600   1.130         
 2253   517  19.030   1.570         
 2254   517  19.540   1.720         
 2255   517  19.710   1.610         
 2258   517  19.740   1.690         
 2260   517  19.140   1.560         
 2261   517  17.920   1.540         
 2262   517  17.820   1.980         
 2263   517  18.980   1.130         
 2264   517  20.170   1.470         
 2265   517  15.710   0.960         
 2266   517  19.870   1.320         
 2269   517  18.470   2.370         
 2272   517  17.830   1.450         
 2273   517  16.750   1.170         
 2274   517  17.930   1.280         
 2275   517  19.350   1.570         
 2278   517  18.880   1.380         
 2279   517  14.560   0.920   0.230
 2280   517  19.940   1.890         
 2282   517  19.040   1.480         
 2284   517  18.900   1.420         
 2287   517  19.140   1.360         
 2289   517  18.500   2.230         
 2290   517  18.710   2.820         
 2293   517  16.380   1.020   0.430
 2294   517  19.360   1.490         
 2297   517  17.070   1.190         
 2298   517  16.840   1.160         
 2300   517  18.320   1.290         
 2303   517  17.520   1.020         
 2305   517  19.620   1.180         
 2306   517  19.180   1.560         
 2307   517  18.510   1.270         
 2309   517  17.870   2.410         
 2310   517  18.910   1.510         
 2311   517  18.000   1.190         
 2314   517  17.000   2.300         
 2315   517  19.490   1.640         
 2316   517  19.740   1.290         
 2318   517  15.540   0.950   0.760
 2319   517  19.720   2.130         
 2320   517  19.470   1.640         
 2321   517  17.140   1.880         
 2322   517  18.380   1.870         
 2323   517  17.970   1.880         
 2324   517  18.810   1.260         
 2325   517  19.670   1.460         
 2328   517  18.920   1.320         
 2330   517  19.350   1.830         
 2331   517  19.700   1.340         
 2332   517  19.460   1.750         
 2333   517  16.140   0.860   0.240
 2334   517  19.710   1.410         
 2335   517  18.910   1.250         
 2338   517  16.310   1.770         
 2341   517  17.730   1.780         
 2342   517  18.810   1.080         
 2343   517  16.450   1.950         
 2344   517  19.650   1.530         
 2347   517  16.960   1.940         
 2348   517  19.790   1.380         
 2350   517  19.130   1.210         
 2352   517  18.580   1.470         
 2354   517  19.590   1.490         
 2355   517  19.480   1.270         
 2358   517  19.020   1.400         
 2359   517  17.610   1.230         
 2360   517  19.820   1.420         
 2361   517  18.930   1.060         
 2362   517  18.430   1.100         
 2363   517  18.720   1.760         
 2364   517  18.860   2.070         
 2366   517  15.450   0.980   0.460
 2368   517  18.910   1.500         
 2369   517  19.210   1.440         
 2370   517  17.630   1.740         
 2371   517  18.560   1.950         
 2374   517  18.170   1.360         
 2380   517  17.620   1.120         
 2383   517  17.310   1.140         
 2385   517  18.440   1.170         
 2386   517  19.250   1.350         
 2388   517  19.280   1.610         
 2390   517  18.520   1.850         
 2391   517  19.440   1.200         
 2392   517  18.790   1.240         
 2393   517  15.330   0.710   0.160
 2394   517  15.140   0.880   0.790
 2395   517  19.040   1.390         
 2396   517  18.390   2.110         
 2397   517  16.880   0.880   0.270
 2398   517  18.900   1.780         
 2399   517  18.710   2.190         
 2400   517  19.130   2.100         
 2402   517  17.910   1.110         
 2403   517  19.820   1.410         
 2404   517  18.570   1.440         
 2406   517  17.720   1.790         
 2407   517  18.260   1.160         
 2408   517  17.550   1.180         
 2410   517  15.360   1.110   0.530
 2411   517  18.720   1.460         
 2412   517  18.910   1.610         
 2413   517  18.190   1.210         
 2414   517  15.000   0.470   0.410
 2415   517  18.380   1.170         
 2416   517  19.340   1.210         
 2417   517  19.770   1.250         
 2418   517  17.700   0.950         
 2420   517  18.390   1.060         
 2421   517  16.680   1.260         
 2424   517  15.390   1.040   0.390
 2425   517  19.230   1.380         
 2426   517  19.530   1.460         
 2427   517  18.160   1.110         
 2429   517  17.930   1.900         
 2430   517  18.100   1.470         
 2431   517  19.470   1.320         
 2432   517  18.640   1.290         
 2433   517  19.410   1.680         
 2435   517  17.680   1.400         
 2436   517  19.060   1.110         
 2437   517  18.880   2.180         
 2439   517  19.580   1.480         
 2440   517  18.760   1.240         
 2441   517  18.760   1.170         
 2443   517  18.920   1.630         
 2445   517  18.960   1.160         
 2446   517  19.270   1.210         
 2447   517  18.070   2.210         
 2448   517  18.110   1.020         
 2449   517  16.940   0.920   0.240
 2451   517  17.890   1.150         
 2452   517  19.620   1.610         
 2454   517  18.980   1.290         
 2456   517  17.810   1.240         
 2457   517  20.190   1.000         
 2458   517  18.790   1.380         
 2461   517  15.920   1.760         
 2463   517  19.170   0.780         
 2464   517  19.500   1.400         
 2468   517  15.680   0.710   0.280
 2469   517  19.390   1.390         
 2470   517  16.830   1.210   0.400
 2471   517  18.890   1.930         
 2472   517  18.570   1.150         
 2473   517  18.080   2.420         
 2475   517  19.740   1.090         
 2476   517  17.420   1.280         
 2477   517  17.500   1.980         
 2478   517  19.880   1.080         
 2480   517  17.760   1.080         
 2482   517  18.850   1.680         
 2483   517  18.220   1.070         
 2484   517  18.520   1.980         
 2486   517  16.970   1.930         
 2488   517  19.890   1.410         
 2489   517  20.010   1.190         
 2490   517  18.880   1.290         
 2493   517  17.910   1.080         
 2494   517  18.600   1.200         
 2496   517  15.980   0.920   0.660
 2497   517  19.490   1.360         
 2498   517  19.120   1.190         
 2499   517  17.830   2.540         
 2500   517  16.790   2.420         
 2503   517  17.750   2.130         
 2504   517  16.950   1.800         
 2505   517  19.470   1.480         
 2506   517  18.060   1.120         
 2507   517  16.080   0.890         
 2508   517  19.000   1.160         
 2511   517  17.110   0.850         
 2512   517  18.950   1.590         
 2513   517  18.580   1.080         
 2517   517  18.510   1.040         
 2518   517  18.100   2.200         
 2520   517  17.580   1.090         
 2523   517  18.260   1.040         
 2526   517  19.470   1.850         
 2527   517  17.080   1.940         
 2528   517  18.120   1.410         
 2529   517  16.510   0.950         
 2530   517  18.630   1.220         
 2531   517  17.500   1.820         
 2532   517  18.080   1.110         
 2533   517  19.530   1.100         
 2534   517  17.830   1.220         
 2535   517  16.440   2.010         
 2536   517  19.240   1.370         
 2537   517  16.460   0.950   0.280
 2538   517  19.120   1.200         
 2539   517  16.440   1.710         
 2540   517  16.620   0.960   0.180
 2541   517  19.560   1.870         
 2542   517  18.760   0.870         
 2543   517  14.000   0.410   0.230
 2544   517  17.330   0.900         
 2545   517  18.130   1.010         
 2546   517  19.590   1.150         
 2548   517  19.140   1.360         
 2550   517  16.680   1.020         
 2551   517  17.520   1.100         
 2552   517  19.670   1.170         
 2553   517  17.610   0.780         
 2554   517  19.950   1.360         
 2556   517  18.830   1.440         
 2558   517  18.840   1.340         
 2560   517  18.400   1.740         
 2562   517  18.890   1.430         
 2564   517  16.560   1.870         
 2565   517  19.020   2.040         
 2566   517  19.910   1.240         
 2567   517  17.350   1.440         
 2569   517  19.000   1.520         
 2570   517  14.840   0.700   0.370
 2571   517  19.450   1.500         
 2572   517  18.410   2.020         
 2573   517  17.840   1.100         
 2574   517  18.740   1.510         
 2575   517  15.750   2.120         
 2576   517  16.960   1.070         
 2577   517  17.430   1.150         
 2578   517  19.800   1.430         
 2580   517  19.710   1.280         
 2581   517  17.950   1.170         
 2584   517  19.000   1.370         
 2585   517  19.080   1.430         
 2586   517  18.880   1.490         
 2587   517  19.010   2.150         
 2588   517  17.450   0.980         
 2590   517  16.780   1.930         
 2594   517  18.110   1.040         
 2595   517  18.990   1.620         
 2596   517  19.120   1.330         
 2598   517  17.430   0.940         
 2601   517  18.840   1.390         
 2602   517  18.060   1.130         
 2603   517  16.270   0.790   0.210
 2604   517  17.050   1.020         
 2605   517  19.460   1.370         
 2606   517  18.100   1.120         
 2608   517  19.640   1.400         
 2609   517  18.040   1.260         
 2610   517  16.670   0.880   0.250
 2611   517  14.440   0.510   0.400
 2612   517  19.050   1.530         
 2613   517  18.760   1.300         
 2614   517  19.330   1.490         
 2615   517  15.130   0.920   0.390
 2616   517  19.110   1.330         
 2617   517  13.710   0.370   0.340
 2618   517  18.540   1.290         
 2619   517  17.520   1.960         
 2620   517  14.990   0.680   0.290
 2623   517  18.870   1.360         
 2624   517  19.300   1.320         
 2626   517  18.910   1.510         
 2627   517  17.990   1.370         
 2628   517  19.750   1.430         
 2630   517  16.950   1.230         
 2632   517  19.300   1.460         
 2633   517  19.490   1.510         
 2634   517  16.940   1.980         
 2635   517  19.720   1.600         
 2636   517  18.050   1.010         
 2637   517  15.210   0.740   0.210
 2641   517  19.920   1.900         
 2642   517  17.190   1.160         
 2643   517  18.570   1.680         
 2645   517  19.830   1.430         
 2646   517  16.470   1.070         
 2647   517  18.180   1.470         
 2650   517  18.550   1.370         
 2651   517  19.260   1.530         
 2652   517  16.660   0.880   0.150
 2655   517  19.840   1.430         
 2656   517  19.100   1.080         
 2657   517  18.020   1.220         
 2658   517  16.880   1.550         
 2659   517  16.500   1.470         
 2660   517  19.700   1.350         
 2661   517  18.850   1.410         
 2663   517  18.270   0.800         
 2664   517  18.520   1.340         
 2666   517  16.710   1.400         
 2668   517  19.330   1.420         
 2669   517  18.850   1.080         
 2670   517  17.080   0.990         
 2671   517  18.550   1.020         
 2672   517  17.360   1.150         
 2673   517  19.240   1.670         
 2675   517  19.690   1.520         
 2676   517  19.270   1.460         
 2677   517  16.620   0.790   0.470
 2679   517  19.100   1.780         
 2681   517  19.150   1.500         
 2684   517  20.030   1.260         
 2687   517  18.020   1.190         
 2688   517  17.990   2.410         
 2689   517  19.120   1.390         
 2691   517  18.400   1.840         
 2694   517  17.610   0.830         
 2699   517  18.350   1.430         
 2700   517  17.760   1.310         
 2703   517  16.060   0.780   0.280
 2704   517  14.070   0.400   0.290
 2706   517  18.040   1.170         
 2707   517  17.590   1.220         
 2711   517  16.950   1.920         
 2712   517  15.380   0.910   0.300
 2713   517  18.250   2.240         
 2714   517  17.500   0.970         
 2716   517  19.740   1.400         
 2718   517  17.970   1.190         
 2719   517  17.260   0.960         
 2722   517  19.180   1.300         
 2723   517  19.160   1.260         
 2724   517  18.640   1.590         
 2725   517  19.480   2.170         
 2726   517  18.710   2.010         
 2727   517  16.620   0.990         
 2728   517  18.830   1.950         
 2730   517  18.550   2.260         
 2731   517  19.310   1.220         
 2732   517  18.370   2.430         
 2733   517  19.010   1.500         
 2734   517  17.420   1.050         
 2736   517  19.640   1.520         
 2738   517  16.470   0.890   0.250
 2739   517  18.690   1.500         
 2741   517  18.150   1.370         
 2742   517  17.200   1.910         
 2744   517  18.800   1.330         
 2745   517  18.500   1.500         
 2746   517  19.520   1.450         
 2748   517  19.810   1.430         
 2749   517  16.600   0.990   0.660
 2750   517  17.540   1.170         
 2752   517  16.990   1.250         
 2753   517  20.380   1.950         
 2755   517  18.050   1.000         
 2756   517  19.270   1.500         
 2757   517  18.370   1.890         
 2758   517  18.840   1.320         
 2759   517  19.450   1.230         
 2760   517  19.370   0.800         
 2761   517  18.630   1.320         
 2762   517  18.430   1.120         
 2763   517  20.060   1.380         
 2764   517  17.870   0.970         
 2766   517  19.140   2.480         
 2767   517  17.380   1.040         
 2769   517  18.910   1.990         
 2770   517  18.790   1.990         
 2771   517  18.690   1.400         
 2772   517  17.350   1.170         
 2773   517  16.670   0.970         
 2774   517  19.320   1.630         
 2775   517  18.900   1.400         
 2778   517  19.430   1.480         
 2783   517  16.070   1.800         
 2784   517  18.880   1.670         
 2785   517  19.350   1.520         
 2786   517  19.620   1.200         
 2787   517  17.710   0.990         
 2788   517  19.310   1.500         
 2789   517  19.230   1.570         
 2793   517  19.190   1.440         
 2794   517  18.900   1.870         
 2795   517  17.930   1.340         
 2796   517  14.530   0.500   0.370
 2797   517  18.360   2.070         
 2798   517  16.560   1.160         
 2799   517  18.150   1.480         
 2800   517  16.530   1.200         
 2802   517  19.520   1.540         
 2803   517  18.330   1.180         
 2804   517  17.390   0.970         
 2805   517  17.210   0.990         
 2806   517  18.980   1.370         
 2807   517  18.620   1.420         
 2809   517  18.650   1.540         
 2810   517  19.070   1.300         
 2811   517  15.390   1.760         
 2812   517  19.250   1.640         
 2814   517  19.370   1.810         
 2815   517  18.250   1.510         
 2816   517  19.600   1.360         
 2817   517  14.930   0.600   0.440
 2818   517  18.370   1.210         
 2819   517  19.800   1.380         
 2822   517  18.850   1.220         
 2823   517  18.720   1.150         
 2824   517  19.420   1.430         
 2825   517  16.950   0.960         
 2826   517  16.670   1.030         
 2827   517  17.310   0.960         
 2830   517  17.500   1.150         
 2831   517  19.710   1.370         
 2832   517  15.690   1.100         
 2833   517  18.570   1.210         
 2835   517  17.970   1.090         
 2836   517  16.890   0.870   0.220
 2838   517  19.350   1.410         
 2839   517  19.420   1.390         
 2840   517  19.540   1.300         
 2842   517  19.500   1.510         
 2843   517  19.290   1.450         
 2844   517  18.520   1.050         
 2845   517  17.470   2.550         
 2846   517  18.480   1.270         
 2847   517  16.950   0.950   0.300
 2848   517  18.310   1.070         
 2849   517  16.160   1.740         
 2850   517  19.060   1.400         
 2852   517  17.970   2.290         
 2853   517  19.640   1.290         
 2854   517  19.180   1.440         
 2855   517  19.230   1.500         
 2857   517  19.300   1.400         
 2858   517  17.690   2.440         
 2859   517  19.610   1.520         
 2860   517  18.960   1.880         
 2861   517  18.260   1.290         
 2862   517  18.020   2.110         
 2864   517  18.030   1.170         
 2865   517  14.790   0.920   0.320
 2867   517  20.060   1.460         
 2868   517  15.900   0.980         
 2869   517  14.850   1.560   1.120
 2870   517  17.670   1.800         
 2871   517  15.740   0.870   0.170
 2872   517  15.360   2.450         
 2873   517  16.510   0.980         
 2874   517  13.400   0.370   0.170
 2875   517  16.650   0.920   0.440
 2876   517  16.590   0.960         
 2877   517  13.030   1.170   0.660
 2878   517  16.940   2.130         
 2879   517  14.640   2.050         
 2880   517  13.710   1.800   1.680
 2881   517  15.920   1.020   0.380
 2882   517  12.270   1.680   1.430
 2883   517  13.700   0.730   0.400
 2884   517  15.020   1.070   0.470
 2885   517  15.280   0.700   0.500
 2886   517  16.390   1.080         
 2887   517  15.730   1.090   0.540
 2888   517  15.950   2.660         
 2889   517  13.400   2.330   2.070
 2890   517  15.560   1.070   0.420
 2891   517  15.900   2.260         
 2892   517  16.000   0.770   0.120
 2893   517  16.000   1.980         
 2894   517  15.500   2.500         
 2895   517  12.790   0.520   0.020
 2896   517  15.870   1.930         
 2897   517  12.440   2.100   1.550
 2898   517  17.850   2.330         
 2899   517  13.370   0.340   0.190
 2900   517  12.810   0.260   0.020
 2901   517  16.840   2.530         
 2902   517  14.870   2.310         
 2903   517  13.050   0.310         
 2904   517  13.450   0.540   0.530
 2905   517  12.790   0.360   0.090
 2906   517  12.820   1.460   1.120
 2907   517  13.000   0.620   0.450
 2909   517  13.640   0.490   0.360
 2910   517  13.260   0.420   0.180
 2911   517  15.040   0.540         
 2912   517  12.820   0.930   0.340
 2913   517  15.430   0.800   0.200
 2914   517  17.790   2.870         
 2915   517  14.010   1.740   1.440
 2916   517  11.880   0.190  -0.160
 2917   517  14.310   1.510   1.180
 2918   517  14.270   1.370   0.980
 2919   517  15.540   2.470         
 2920   517  15.920   1.170         
 2921   517  14.840   0.910   0.700
 2922   517  15.170   2.000         
 2923   517  15.780   0.900   0.300
 2924   517  14.790   0.520   0.390
 2925   517  13.750   0.790   0.260
 2926   517  16.840   1.140         
 2927   517  17.340   2.030         
 2928   517  15.770   1.780         
 2929   517  13.620   0.880   0.490
 2930   517  12.560   1.370   0.930
 2931   517  16.040   2.540         
 2933   517  15.880   0.990   0.320
 2934   517  15.990   0.880   0.710
 2935   517  16.640   2.250         
 2936   517  13.980   0.790   0.630
 2937   517  14.170   0.780   0.550
 2939   517  16.490   2.420         
 2942   517  17.190   2.020         
 2943   517  17.330   2.470         
 2944   517  17.930   1.900         
 2946   517  16.260   1.090   0.470
 2948   517  17.170   1.920         
 2949   517  16.540   1.260         
 2950   517  16.670   0.850         
 2951   517  16.270   0.850   0.180
 2953   517  16.490   1.070         
 2954   517  15.980   0.910   0.230
 2955   517  16.360   0.950   0.740
 2956   517  19.580   1.250         
 2957   517  19.840   1.300         
 2958   517  17.820   1.030         
 2959   517  18.510   1.100         
 2960   517  18.700   1.900         
 2961   517  18.210   1.850         
 2962   517  19.390   1.530         
 2963   517  19.810   1.080         
 2967   517  18.620   1.280         
 2969   517  19.650   1.250         
 2970   517  19.370   1.160         
 2972   517  19.700   1.480         
 2973   517  19.180   1.860         
 2975   517  18.470   1.420         
 2976   517  19.240   1.740         
 2977   517  18.270   1.150         
 2978   517  19.070   2.040         
 2982   517  18.740   1.840         
 2983   517  18.510   1.530         
 2984   517  17.840   1.040         
 2985   517  18.880   1.250         
 2986   517  19.120   1.710         
 2989   517  18.360   1.410         
 2990   517  19.080   1.780         
 2991   517  19.360   1.390         
 2992   517  19.200   1.390         
 2993   517  18.860   1.580         
 2994   517  19.120   1.480         
 2995   517  17.230   0.920         
 2996   517  18.510   1.230         
 2997   517  17.900   1.260         
 2998   517  17.750   1.230         
 2999   517  17.800   1.030         
 3000   517  18.640   1.240         
 3002   517  18.720   1.930         
 3005   517  18.300   1.480         
 3007   517  18.760   2.140         
 3009   517  18.420   1.430         
 3012   517  18.490   1.390         
 3013   517  18.820   1.950         
 3014   517  18.310   1.380         
 3015   517  19.870   1.670         
 3016   517  19.060   1.600         
 3017   517  19.020   2.020         
 3018   517  18.600   1.720         
 3019   517  19.820   1.730         
 3020   517  19.610   1.290         
 3021   517  18.750   1.640         
 3022   517  19.460   1.430         
 3023   517  18.230   1.590         
 3024   517  18.880   1.240         
 3026   517  16.490   0.840         
 3027   517  18.920   1.110         
 3029   517  19.360   0.780         
 3032   517  19.230   1.330         
 3034   517  19.800   1.480         
 3035   517  18.930   1.940         
 3036   517  17.400   1.190         
 3038   517  19.730   1.050         
 3039   517  18.910   1.150         
 3043   517  19.970   1.460         
 3044   517  18.630   1.190         
 3045   517  19.450   0.980         
 3047   517  18.200   1.170         
 3048   517  18.300   0.990         
 3049   517  18.750   1.240         
 3052   517  19.410   1.490         
 3055   517  16.800   0.770   0.080
 3056   517  19.780   1.660         
 3057   517  19.720   1.860         
 3059   517  19.250   1.640         
 3061   517  18.820   1.360         
 3062   517  19.210   1.430         
 3063   517  17.630   0.820         
 3065   517  18.150   1.850         
 3066   517  19.420   1.300         
 3067   517  19.260   1.310         
 3068   517  17.190   1.080         
 3069   517  19.400   1.960         
 3071   517  19.340   1.470         
 3072   517  19.190   1.320         
 3073   517  19.500   1.420         
 3074   517  19.250   1.360         
 3075   517  19.330   1.300         
 3077   517  19.860   1.570         
 3079   517  18.780   1.270         
 3080   517  18.140   1.090         
 3081   517  19.520   1.270         
 3082   517  17.940   1.140         
 3083   517  18.260   1.940         
 3087   517  17.110   1.080   0.250
 3088   517  19.150   1.480         
 3090   517  18.740   1.650         
 3091   517  19.720   1.600         
 3092   517  18.340   1.350         
 3093   517  18.940   1.280         
 3095   517  18.650   1.400         
 3096   517  19.860   1.530         
 3097   517  17.600   0.970         
 3099   517  19.740   1.470         
 3100   517  18.940   1.420         
 3102   517  19.130   1.970         
 3104   517  19.450   1.300         
 3105   517  19.100   1.370         
 3107   517  18.820   1.020         
 3108   517  19.060   1.320         
 3109   517  18.820   2.080         
 3110   517  17.330   1.100         
 3111   517  19.260   1.580         
 3112   517  19.170   1.510         
 3113   517  18.990   1.470         
 3114   517  17.690   1.980         
 3115   517  17.640   0.980         
 3116   517  18.660   1.070         
 3117   517  18.100   1.510         
 3119   517  18.730   1.140         
 3120   517  18.460   1.140         
 3121   517  19.960   1.370         
 3123   517  18.860   2.040         
 3124   517  18.560   1.270         
 3125   517  17.390   1.100         
 3126   517  18.880   1.760         
 3127   517  19.340   1.710         
 3128   517  18.490   1.560         
 3129   517  18.390   1.290         
 3130   517  17.470   1.080         
 3131   517  17.770   1.690         
 3133   517  18.130   1.820         
 3134   517  19.890   1.630         
 3135   517  19.810   1.360         
 3136   517  17.480   1.140         
 3137   517  19.170   1.550         
 3138   517  18.140   2.020         
 3139   517  19.600   1.380         
 3140   517  19.560   1.490         
 3142   517  16.940   0.890         
 3145   517  17.990   1.300         
 3146   517  17.790   2.020         
 3151   517  18.330   1.330         
 3152   517  19.670   1.420         
 3153   517  20.160   1.790         
 3154   517  17.160   1.330         
 3155   517  18.460   1.910         
 3157   517  17.960   1.260         
 3159   517  19.660   1.550         
 3161   517  19.130   1.700         
 3163   517  17.670   1.610         
 3164   517  18.750   1.520         
 3165   517  19.380   1.690         
 3167   517  19.040   2.060         
 3168   517  19.550   2.820         
 3169   517  20.010   1.360         
 3170   517  17.610   1.410         
 3171   517  18.620   1.910         
 3172   517  18.330   1.400         
 3176   517  18.060   1.630         
 3178   517  18.570   1.230         
 3179   517  19.000   1.580         
 3184   517  18.550   1.340         
 3186   517  18.570   1.400         
 3187   517  18.410   1.490         
 3188   517  19.400   1.390         
 3189   517  19.030   1.700         
 3190   517  19.410   1.630         
 3191   517  18.690   1.410         
 3192   517  19.330   1.520         
 3193   517  16.360   0.890   0.270
 3194   517  17.650   1.550         
 3195   517  19.670   1.280         
 3197   517  19.860   1.880         
 3199   517  17.760   2.080         
 3200   517  19.200   1.200         
 3201   517  18.820   1.420         
 3202   517  18.970   2.190         
 3204   517  17.740   1.340         
 3205   517  19.020   1.490         
 3206   517  19.040   1.240         
 3208   517  19.190   1.280         
 3209   517  17.870   1.000         
 3210   517  19.190   1.130         
 3214   517  18.140   1.040         
 3216   517  18.120   1.520         
 3218   517  19.110   1.160         
 3220   517  17.730   1.020         
 3221   517  18.320   1.230         
 3222   517  18.710   1.240         
 3223   517  19.060   1.450         
 3225   517  18.540   1.480         
 3226   517  18.780   1.250         
 3227   517  18.150   2.000         
 3229   517  19.210   1.430         
 3231   517  19.270   1.690         
 3234   517  17.510   1.040         
 3236   517  18.380   1.640         
 3237   517  19.490   1.440         
 3238   517  18.900   1.380         
 3239   517  18.110   1.280         
 3240   517  19.310   1.400         
 3241   517  17.390   1.140         
 3243   517  18.540   1.070         
 3247   517  18.950   1.320         
 3248   517  19.950   1.430         
 3250   517  18.420   1.250         
 3251   517  19.100   2.250         
 3252   517  19.210   1.560         
 3253   517  17.160   1.110         
 3254   517  16.290   0.850   0.340
 3255   517  19.050   1.230         
 3256   517  17.920   1.560         
 3258   517  17.730   1.090         
 3259   517  18.150   1.470         
 3261   517  17.620   1.210         
 3263   517  18.800   1.900         
 3267   517  19.850   1.710         
 3270   517  20.050   1.330         
 3271   517  19.100   1.270         
 3275   517  19.130   1.180         
 3276   517  18.770   2.210         
 3278   517  17.740   0.910         
 3280   517  19.470   0.900         
 3282   517  19.450   1.280         
 3283   517  19.400   1.290         
 3284   517  19.820   1.980         
 3286   517  19.170   1.370         
 3288   517  19.040   2.040         
 3289   517  19.020   1.400         
 3292   517  18.640   0.890         
 3296   517  18.430   1.860         
 3297   517  17.590   1.060         
 3298   517  18.820   1.410         
 3299   517  19.060   1.350         
 3301   517  17.690   1.270         
 3302   517  18.430   1.170         
 3303   517  18.120   1.200         
 3304   517  17.900   1.050         
 3306   517  18.510   1.400         
 3307   517  18.270   1.880         
 3308   517  20.070   1.660         
 3309   517  16.910   0.820         
 3311   517  19.780   1.420         
 3312   517  18.920   1.390         
 3313   517  18.610   1.250         
 3314   517  16.780   0.960   0.280
 3315   517  17.530   0.940         
 3316   517  18.070   2.180         
 3317   517  17.910   1.110         
 3320   517  18.360   1.600         
 3321   517  18.280   1.620         
 3322   517  17.410   1.110         
 3325   517  18.840   1.160         
 3328   517  19.230   1.180         
 3329   517  19.190   1.300         
 3331   517  17.830   1.510         
 3332   517  18.950   1.620         
 3333   517  17.030   1.250         
 3335   517  18.600   1.230         
 3336   517  18.480   1.350         
 3337   517  19.110   2.030         
 3338   517  19.210   0.390         
 3341   517  18.720   1.300         
 3344   517  19.250   1.590         
 3345   517  18.090   1.280         
 3347   517  19.380   1.670         
 3348   517  19.110   1.900         
 3350   517  18.080   1.110         
 3351   517  17.550   1.560         
 3352   517  18.280   1.180         
 3353   517  19.650   1.240         
 3354   517  18.570   1.270         
 3355   517  19.160   1.340         
 3357   517  19.570   1.000         
 3358   517  17.950   1.290         
 3359   517  18.380   1.610         
 3360   517  19.450   1.210         
 3361   517  18.220   1.090         
 3365   517  18.310   1.130         
 3366   517  18.260   1.490         
 3368   517  17.460   0.780         
 3369   517  18.140   1.080         
 3371   517  16.880   0.990         
 3373   517  17.200   0.900   0.210
 3374   517  18.730   1.430         
 3375   517  18.520   2.040         
 3376   517  18.200   1.130         
 3377   517  18.430   2.120         
 3380   517  17.580   1.190         
 3381   517  18.150   1.180         
 3382   517  18.370   1.380         
 3383   517  18.080   1.500         
 3384   517  19.200   1.410         
 3385   517  18.460   1.340         
 3386   517  18.670   1.310         
 3388   517  18.410   0.830         
 3390   517  17.020   1.320         
 3391   517  17.150   0.890         
 3393   517  18.840   1.260         
 3394   517  18.100   1.720         
 3396   517  18.350   1.630         
 3397   517  19.420   1.250         
 3402   517  19.200   0.920         
 3403   517  19.680   1.280         
 3405   517  19.290   1.580         
 3407   517  17.830   1.250         
 3409   517  19.350   1.410         
 3420   517  19.520   1.280         
 3421   517  18.730   1.480