UBV CCD observations

  No    Ref    V       B-V     U-B

 0001    42  13.880   0.450   0.290
 0001   486  13.904   0.426         
 0002    42  13.000   0.440   0.250
 0002   486  13.042   0.428         
 0003    42  11.410   1.260   1.280
 0003   486  11.461   1.245         
 0004    42  14.240   0.590   0.260
 0004   486  14.364   0.535         
 0005    42  12.850   0.600   0.220
 0005   486  12.884   0.545         
 0006    42  13.470   0.560   0.220
 0006   486  13.456   0.495         
 0007    42  13.810   0.520   0.240
 0007   486  13.795   0.521         
 0008    42  11.330   0.400   0.190
 0008   486  11.273   0.409         
 0009    42  14.830   0.700   0.230
 0009   486  14.808   0.551         
 0010    42  12.220   0.380   0.180
 0010   486  12.201   0.369         
 0011    42  13.230   0.430   0.230
 0011   486  13.246   0.369         
 0012    42  13.750   0.480   0.280
 0012   486  13.761   0.444         
 0013    42  14.560   0.580   0.340
 0014    42  11.730   1.320   1.080
 0014   486  11.786   1.392         
 0016   486  12.302   1.527         
 0017    42  12.120   0.500   0.460
 0019    42  13.920   0.570   0.270
 0020    42  12.880   0.500   0.200
 0021    42  13.440   0.480   0.260
 0021   486  13.427   0.468         
 0022    42  13.850   0.500   0.300
 0022   486  13.829   0.503         
 0023    42  14.600   0.720   0.320
 0023   486  14.589   0.627         
 0025   486  11.937   1.336         
 0026    42  12.020   0.490   0.220
 0026   486  12.024   0.445         
 0027   486  14.552   0.520         
 0032   486  12.957   1.552         
 0033    42  11.850   0.360   0.060
 0033   486  11.819   0.344         
 0034    42  12.830   0.360   0.100
 0034   486  12.837   0.345         
 0035    42  14.270   0.870  -0.030
 0035   486  14.278   0.506         
 0036    42  12.080   1.320   0.840
 0036   486  12.160   1.250         
 0037    42  11.100   1.740   1.720
 0037   486  11.155   1.675         
 0038   486  12.528   0.389         
 0039   486  12.714   0.461         
 0040   486  13.207   0.457         
 0041   486  14.184   0.571         
 0042   486  14.892   0.720         
 0043   486  14.047   0.546         
 0045   486  13.942   0.472         
 0047   486  12.030   0.512         
 0048   486  14.726   0.576         
 0049   486  12.958   0.445         
 0050   486  11.765   1.262         
 0051   486  14.427   0.522         
 0052   486  12.474   0.458         
 0054   486  13.326   0.376         
 0055   486  13.613   0.420         
 0056   486  14.603   0.521         
 0058   486  12.628   0.378         
 0059   486  12.723   0.294         
 0063   486  13.951   0.444         
 0066   486  13.878   1.510         
 0067   486  13.337   0.454         
 0069   486  14.691   0.605         
 0070   486  13.382   0.513         
 0071   486  12.147   1.630         
 0072   486  14.192   0.441         
 0073   486  14.525   0.693         
 0074   486  14.208   0.528         
 0075   486  13.768   0.377         
 0076   486  13.667   0.478         
 0079   486  13.566   0.436         
 0081   486  12.710   0.373         
 0087   486  11.133   0.016         
 0090   486  11.872   0.556         
 0091   486  12.856   0.336         
 0094   486  14.029   0.547         
 0095   486  13.014   0.607         
 0097   486  13.898   0.479         
 0098   486  13.226   0.760         
 0099   486  13.578   0.598         
 0100   486  14.277   0.888         
 0102   486  12.662   0.339         
 0104   486  14.248   0.481         
 0106   486  14.599   0.777         
 0110   486  13.981   0.412         
 0111   486  14.188   0.562         
 0115   486  14.795   0.704         
 0116   486  14.746   0.660         
 0202    42  18.520   1.260         
 0202   486  18.512   1.234         
 0203    42  18.000   2.130         
 0203   486  17.965   1.199         
 0204    42  16.750   1.140         
 0204   486  16.749   1.028         
 0205    42  15.820   0.900   0.280
 0205   486  15.832   0.856         
 0207    42  14.780   0.830   0.250
 0207   486  14.844   0.767         
 0208    42  16.800   0.990         
 0208   486  16.782   1.015         
 0209    42  15.460   0.930   0.210
 0209   486  15.469   0.715         
 0210    42  15.220   0.740   0.260
 0210   486  15.198   0.709         
 0213    42  17.130   0.900         
 0213   486  17.059   0.939         
 0215    42  16.310   0.940         
 0215   486  16.332   0.842         
 0216    42  17.680   1.170         
 0217    42  17.740   1.140         
 0217   486  17.863   1.143         
 0218    42  16.780   0.940         
 0218   486  16.837   0.811         
 0219    42  15.820   0.850         
 0223    42  14.830   0.630   0.190
 0224    42  17.550   1.110         
 0225    42  16.260   0.840         
 0226    42  15.530   0.740   0.090
 0226   486  15.478   0.743         
 0227    42  15.070   0.730   0.030
 0228    42  16.490   1.100         
 0229    42  15.440   0.860   0.130
 0229   486  15.446   0.745         
 0230    42  15.400   0.810   0.300
 0230   486  15.405   0.724         
 0231    42  17.130   1.080         
 0231   486  17.135   1.050         
 0232    42  15.860   0.880   0.500
 0233    42  15.680   0.830   0.340
 0233   486  15.688   0.739         
 0234    42  16.520   1.040         
 0236    42  17.460   1.130         
 0236   486  17.502   1.022         
 0237    42  16.570   0.960         
 0237   486  16.603   0.854         
 0238    42  17.150   1.840         
 0238   486  16.977   1.930         
 0239    42  16.770   1.180         
 0241    42  17.270   1.160         
 0242    42  18.360   1.180         
 0242   486  18.322   1.018         
 0243    42  17.940   1.310         
 0243   486  17.925   1.246         
 0244    42  15.320   0.950   0.380
 0244   486  15.334   0.823         
 0245    42  15.280   0.900   0.090
 0246    42  17.250   0.850         
 0246   486  17.213   0.814         
 0247    42  18.680   1.120         
 0247   486  18.492   1.160         
 0249    42  16.440   0.950         
 0249   486  16.458   0.979         
 0250    42  15.530   0.810   0.250
 0250   486  15.528   0.808         
 0251    42  16.490   1.450         
 0251   486  16.494   1.356         
 0252    42  14.870   1.700         
 0253    42  16.380   1.020         
 0253   486  16.379   0.924         
 0255    42  14.240   0.440   0.420
 0255   486  14.270   0.536         
 0265    42  15.630   0.850         
 0265   486  15.729   0.772         
 0268    42  15.790   0.940         
 0268   486  15.868   0.865         
 0269    42  15.160   0.780         
 0270    42  15.150   0.630         
 0272    42  13.300   0.500   0.320
 0301   486  15.861   1.551         
 0303   486  14.647   0.722         
 0304   486  14.121   0.541         
 0305   486  13.925   0.518         
 0311   486  13.363   0.848         
 0323   486  16.089   0.860         
 0324   486  16.578   1.033         
 0328   486  13.043   0.622         
 0329   486  15.923   0.928         
 0331   486  14.677   0.600         
 0333   486  14.569   0.508         
 0334   486  16.158   0.976         
 0337   486  14.450   1.290         
 0338   486  15.631   0.944         
 0339   486  15.708   1.210         
 0340   486  15.148   0.817         
 0341   486  15.392   0.787         
 0343   486  14.436   0.859         
 0345   486  16.094   0.825         
 0348   486  16.639   1.029         
 0349   486  15.340   0.771         
 0350   486  16.078   0.613         
 0352   486  15.787   0.781         
 0356   486  16.778   0.854         
 0361   486  11.809   0.546         
 0363   486  15.727   0.763         
 0364   486  15.781   0.746         
 0365   486  16.201   0.990         
 0367   486  16.608   0.871         
 0368   486  15.891   0.850         
 0369   486  14.965   0.639         
 0370   486  16.799   0.908         
 0371   486  16.866   1.030         
 0372   486  15.585   0.813         
 0373   486  16.673   0.956         
 0375   486  16.602   0.939         
 0377   486  16.167   1.186         
 0379   486  15.625   0.882         
 0381   486  16.729   1.163         
 0382   486  14.970   0.594         
 0383   486  15.448   0.685         
 0385   486  16.951   0.948         
 0387   486  16.078   0.985         
 0391   486  16.254   0.885         
 0393   486  16.598   0.837         
 0394   486  16.361   1.000         
 0398   486  16.058   0.808         
 0401   486  16.262   0.842         
 0405   486  16.693   0.898         
 0406   486  16.330   0.917         
 0407   486  15.473   0.783         
 0410   486  16.176   0.919         
 0411   486  15.918   0.816         
 0414   486  15.675   0.849         
 0417   486  14.251   0.947         
 0418   486  16.691   0.956         
 0419   486  15.838   0.870         
 0420   486  15.944   0.867         
 0421   486  13.770   0.422         
 0422   486  15.471   0.674         
 0424   486  12.912   0.439         
 0425   486  15.535   0.775         
 0426   486  15.281   0.888         
 0427   486  15.225   0.697         
 0428   486  16.205   0.911         
 0429   486  15.781   0.864         
 0430   486  15.200   0.717         
 0431   486  14.985   0.811         
 0432   486  16.621   1.000         
 0433   486  15.615   0.746         
 0435   486  15.595   1.462         
 0436   486  15.810   0.716         
 0437   486  15.495   0.770         
 0439   486  16.330   0.971         
 0441   486  14.775   0.470         
 0442   486  15.420   0.743         
 0443   486  16.360   0.948         
 0444   486  16.148   0.806         
 0445   486  13.953   0.462         
 0446   486  15.990   0.706         
 0447   486  16.548   0.915         
 0448   486  15.684   0.840         
 0451   486  15.390   0.663         
 0453   486  15.596   0.744         
 0454   486  14.999   0.767         
 0455   486  16.616   0.967         
 0456   486  15.511   0.692         
 0457   486  16.751   0.846         
 0458   486  14.439   0.679         
 0459   486  14.265   0.407         
 0460   486  16.129   0.840         
 0461   486  15.881   0.754         
 0463   486  16.603   0.910         
 0464   486  15.238   0.759         
 0467   486  15.542   0.917         
 0468   486  16.287   0.880         
 0469   486  14.955   0.690         
 0472   486  16.391   0.933         
 0473   486  15.425   0.826         
 0476   486  15.657   1.079         
 0477   486  16.281   0.719         
 0478   486  16.387   0.951         
 0480   486  13.312   0.418         
 0482   486  16.133   0.833         
 0483   486  13.694   0.422         
 0484   486  14.352   0.479         
 0486   486  15.995   0.832         
 0487   486  14.520   0.672         
 0492   486  16.600   0.866         
 0493   486  14.240   0.538         
 0495   486  15.681   0.816         
 0497   486  15.615   0.681         
 0498   486  16.008   0.977         
 0499   486  15.013   0.701         
 0500   486  16.276   0.873         
 0501   486  12.904   1.515         
 0502   486  16.155   0.738         
 0503   486  15.624   0.803         
 0504   486  16.957   1.420         
 0505   486  16.638   0.768         
 0507   486  15.727   0.738         
 0509   486  14.809   0.638         
 0510   486  15.236   0.801         
 0511   486  15.656   0.706         
 0512   486  16.003   0.837         
 0513   486  15.454   0.685         
 0515   486  16.299   0.989         
 0516   486  15.436   0.699         
 0517   486  16.320   1.778         
 0518   486  16.250   0.774         
 0519   486  16.334   0.798         
 0520   486  16.658   1.020         
 0521   486  16.288   1.098         
 0523   486  15.233   0.707         
 0524   486  15.554   0.750         
 0525   486  16.003   0.752         
 0526   486  15.461   0.707         
 0527   486  15.741   0.837         
 0528   486  14.859   0.560         
 0529   486  13.464   0.576         
 0530   486  14.889   0.553         
 0531   486  15.637   0.695         
 0532   486  14.914   0.718         
 0533   486  16.096   1.400         
 0534   486  16.378   0.857         
 0535   486  13.364   0.673         
 0536   486  15.126   0.701         
 0538   486  16.466   0.893         
 0539   486  16.375   0.882         
 0540   486  11.918   0.220         
 0541   486  16.219   0.885         
 0542   486  15.355   0.670         
 0544   486  15.121   0.579         
 0545   486  15.741   0.937         
 0546   486  14.851   0.562         
 0547   486  14.118   1.272         
 0548   486  16.268   0.920         
 0550   486  16.184   0.797         
 0551   486  15.965   0.802         
 0552   486  16.117   0.786         
 0553   486  15.981   0.815         
 0554   486  14.695   0.775         
 0555   486  15.229   0.652         
 0556   486  15.859   0.839         
 0557   486  16.800   0.912         
 0558   486  16.564   1.164         
 0559   486  13.924   0.489         
 0560   486  13.727   0.686         
 0561   486  15.885   0.781         
 0565   486  16.457   1.277         
 0566   486  16.265   0.770         
 0567   486  15.163   0.782         
 0568   486  15.546   0.759         
 0569   486  16.578   0.837         
 0570   486  14.054   1.345         
 0571   486  15.575   0.952         
 0574   486  16.246   0.992         
 0575   486  14.217   0.692         
 0577   486  16.579   0.927         
 0580   486  16.424   1.207         
 0581   486  15.893   1.419         
 0582   486  16.042   0.829         
 0583   486  16.558   0.952         
 0584   486  15.131   1.882         
 0586   486  15.734   0.998         
 0587   486  14.972   0.762         
 0588   486  13.066   1.641         
 0589   486  13.802   1.319         
 0591   486  13.694   2.005         
 0594   486  14.361   0.500         
 0596   486  14.127   0.569         
 0597   486  14.336   2.337         
 0598   486  15.036   1.185         
 0599   486  15.286   0.769         
 0600   486  16.507   0.785         
 0601   486  14.932   1.175         
 0602   486  16.357   0.836         
 0604   486  16.249   0.951         
 0605   486  13.174   0.559         
 2135   486  19.338   1.016         
 2136   486  15.017   0.658         
 2137   486  19.201   1.207         
 2138   486  18.450   0.996         
 2139   486  19.452   1.104         
 2140   486  17.363   0.555         
 2141   486  16.189   1.157         
 2142   486  19.221   1.505         
 2143   486  18.957   1.360         
 2144   486  18.960   1.028         
 2145   486  19.724   1.284         
 2146   486  18.072   1.434         
 2147   486  18.937   1.393         
 2148   486  19.014   1.260         
 2149   486  15.823   0.648         
 2150   486  17.738   0.345         
 2151   486  19.804   1.070         
 2152   486  17.370   2.035         
 2153   486  19.124   1.312         
 2154   486  15.470   0.550         
 2155   486  20.447   1.053         
 2156   486  17.833   0.682         
 2157   486  18.799   1.290         
 2158   486  19.595   1.175         
 2159   486  19.450   1.368         
 2160   486  18.304   1.535         
 2161   486  19.634   1.548         
 2162   486  17.292   1.101         
 2163   486  19.715   1.379         
 2164   486  18.043   1.257         
 2165   486  19.185   1.577         
 2166   486  18.850   1.851         
 2167   486  19.422   1.058         
 2168   486  18.421   1.293         
 2169   486  19.233   1.364         
 2170   486  18.668   1.253         
 2171   486  17.877   1.078         
 2172   486  17.057   0.963         
 2173   486  18.861   1.415         
 2174   486  17.832   1.084         
 2175   486  18.190   1.160         
 2176   486  19.753   2.447         
 2177   486  18.921   1.441         
 2178   486  18.656   1.030         
 2179   486  18.674   1.136         
 2180   486  19.328   1.120         
 2181   486  19.486   1.468         
 2182   486  19.347   1.352         
 2183   486  17.933   1.133         
 2184   486  18.837   1.156         
 2185   486  19.725   1.161         
 2186   486  18.086   1.105         
 2187   486  19.928   1.464         
 2188   486  19.938   1.730         
 2189   486  17.215   1.257         
 2190   486  19.448   1.271         
 2191   486  18.799   1.414         
 2192   486  16.747   1.841         
 2193   486  18.519   1.113         
 2194   486  19.516   1.511         
 2195   486  18.027   1.782         
 2196   486  16.995   1.000         
 2197   486  18.014   1.246         
 2198   486  17.916   1.048         
 2199   486  18.588   1.301         
 2200   486  17.702   1.074         
 2201   486  19.281   1.034         
 2202   486  16.958   0.915         
 2203   486  18.895   1.178         
 2204   486  17.515   1.175         
 2205   486  18.680   1.220         
 2206   486  17.169   0.953         
 2207   486  19.341   1.418         
 2208   486  17.970   1.499         
 2209   486  18.765   1.267         
 2210   486  19.095   1.536         
 2211   486  18.620   1.642         
 2212   486  19.716   1.548         
 2213   486  16.973   0.913         
 2214   486  18.650   1.337         
 2215   486  19.537   1.437         
 2216   486  17.815   1.076         
 2217   486  18.913   1.131         
 2218   486  18.005   1.111         
 2219   486  17.115   1.015         
 2220   486  19.272   1.308         
 2221   486  17.902   1.313         
 2222   486  18.214   1.543         
 2223   486  18.651   1.262         
 2224   486  18.763   1.334         
 2225   486  18.904   1.303         
 2226   486  17.799   1.099         
 2227   486  17.819   1.355         
 2228   486  16.806   1.144         
 2229   486  17.582   1.059         
 2230   486  17.438   1.115         
 2231   486  18.813   1.383         
 2232   486  18.813   1.387         
 2233   486  15.671   0.876         
 2234   486  18.645   1.110         
 2235   486  20.303   1.051         
 2236   486  19.217   1.415         
 2237   486  18.202   1.176         
 2238   486  18.297   1.088         
 2239   486  18.256   1.178         
 2240   486  18.423   1.189         
 2241   486  19.042   1.321         
 2242   486  19.093   1.306         
 2243   486  18.841   1.241         
 2244   486  17.340   0.816         
 2245   486  18.818   0.476         
 2246   486  16.888   1.085         
 2247   486  20.466   0.567         
 2248   486  18.414   1.198         
 2249   486  18.612   1.254         
 2250   486  18.055   1.476         
 2251   486  18.263   1.383         
 2252   486  20.385   1.948         
 2253   486  18.781   1.196         
 2254   486  19.068   1.359         
 2255   486  18.966   1.311         
 2256   486  17.114   1.086         
 2257   486  19.678   1.615         
 2258   486  18.573   1.083         
 2259   486  15.670   0.756         
 2260   486  17.269   1.011         
 2261   486  19.833   1.052         
 2262   486  19.324   1.286         
 2263   486  18.416   1.486         
 2264   486  16.723   1.890         
 2265   486  20.023   1.882         
 2266   486  17.611   1.164         
 2267   486  19.061   1.185         
 2268   486  19.002   1.658         
 2269   486  16.841   0.350         
 2270   486  17.492   0.890         
 2271   486  17.781   2.025         
 2272   486  18.543   1.234         
 2273   486  20.333   1.037         
 2274   486  18.562   1.304         
 2275   486  18.889   1.571         
 2276   486  17.354   1.096         
 2277   486  18.700   1.454         
 2278   486  17.674   1.655         
 2279   486  19.193   2.566         
 2280   486  17.265   1.054         
 2281   486  19.159   1.277         
 2282   486  17.415   0.876         
 2283   486  18.911   1.266         
 2284   486  17.872   1.100         
 2285   486  18.384   1.271         
 2286   486  17.403   0.958         
 2287   486  17.795   1.195         
 2288   486  19.817   1.307         
 2289   486  17.205   1.132         
 2290   486  17.245   2.288         
 2291   486  16.847   0.877         
 2292   486  19.262   1.539         
 2293   486  19.471   1.265         
 2294   486  18.238   1.263         
 2295   486  17.005   1.021         
 2296   486  18.440   1.361         
 2297   486  18.750   1.516         
 2298   486  15.468   0.826         
 2299   486  20.335   0.090         
 2300   486  17.161   0.223         
 2301   486  20.222   0.448         
 2302   486  18.438   1.318         
 2303   486  18.415   1.392         
 2304   486  17.996   1.018         
 2305   486  18.872   1.154         
 2306   486  18.372   1.625         
 2307   486  18.073   1.201         
 2308   486  18.898   1.483         
 2309   486  17.634   1.131         
 2310   486  17.378   1.189         
 2311   486  18.294   1.241         
 2312   486  17.560   1.072         
 2313   486  18.503   1.083         
 2314   486  18.341   1.084         
 2315   486  18.787   1.053         
 2316   486  18.439   1.217         
 2317   486  18.630   1.350         
 2318   486  18.285   1.247         
 2319   486  19.865   1.484         
 2320   486  17.697   1.596         
 2321   486  18.659   0.720         
 2322   486  17.690   1.641         
 2323   486  18.230   1.378         
 2324   486  19.116   1.366         
 2325   486  17.237   0.956         
 2326   486  18.251   1.104         
 2327   486  17.357   1.066         
 2328   486  18.387   1.342         
 2329   486  17.510   1.029         
 2330   486  18.936   1.152         
 2331   486  19.858   1.199         
 2332   486  19.315   1.317         
 2333   486  19.461   0.478         
 2334   486  18.583   1.523         
 2335   486  19.049   1.467         
 2336   486  19.510   1.032         
 2337   486  17.607   0.812         
 2338   486  18.953   1.217         
 2339   486  17.879   1.076         
 2340   486  18.750   1.734         
 2341   486  18.615   1.413         
 2342   486  17.708   1.148         
 2343   486  17.206   1.073         
 2344   486  18.405   1.412         
 2345   486  17.763   1.141         
 2346   486  19.250   1.276         
 2347   486  16.297   0.774         
 2348   486  18.278   1.250         
 2349   486  18.454   0.890         
 2350   486  17.326   1.021         
 2351   486  18.160   1.151         
 2352   486  16.696   1.958         
 2353   486  17.321   0.859         
 2354   486  19.172   1.218         
 2355   486  18.479   1.263         
 2356   486  19.244   1.411         
 2357   486  18.318   1.952         
 2358   486  17.513   1.128         
 2359   486  17.524   1.162         
 2360   486  17.592   1.609         
 2361   486  18.854   1.154         
 2362   486  18.496   1.362         
 2363   486  17.333   0.995         
 2364   486  17.156   1.020         
 2365   486  19.015   1.100         
 2366   486  17.407   1.119         
 2367   486  18.605   1.457         
 2368   486  19.416   1.098         
 2369   486  18.356   1.255         
 2370   486  18.640   1.085         
 2371   486  18.855   1.367         
 2372   486  15.419   1.421         
 2373   486  19.044   1.526         
 2374   486  18.823   1.353         
 2375   486  17.120   0.954         
 2376   486  19.065   1.205         
 2377   486  17.600   0.946         
 2378   486  18.499   1.128         
 2379   486  17.159   1.021         
 2380   486  19.286   0.582         
 2381   486  18.702   1.131         
 2382   486  18.462   0.164         
 2383   486  18.855   1.271         
 2384   486  19.899   1.141         
 2385   486  16.703   1.022         
 2386   486  19.083   1.672         
 2387   486  19.159   1.102         
 2388   486  17.433   1.170         
 2389   486  19.376   1.211         
 2390   486  18.032   1.105         
 2391   486  19.180   1.599         
 2392   486  19.179   1.533         
 2393   486  17.457   1.005         
 2394   486  17.163   1.048         
 2395   486  18.381   1.207         
 2396   486  18.404   1.937         
 2397   486  18.577   1.269         
 2398   486  18.604   1.337         
 2399   486  19.161   1.412         
 2400   486  18.422   1.194         
 2401   486  18.980   1.265         
 2402   486  19.774   1.199         
 2403   486  17.977   1.185         
 2404   486  18.724   1.382         
 2405   486  19.160   1.540         
 2406   486  16.880   0.888         
 2407   486  19.263   1.385         
 2408   486  19.049   1.273         
 2409   486  18.412   1.748         
 2410   486  18.668   1.379         
 2411   486  17.205   0.989         
 2412   486  19.374   1.277         
 2413   486  17.549   1.157         
 2414   486  18.542   1.378         
 2415   486  18.319   1.359         
 2416   486  19.078   1.703         
 2417   486  17.132   1.394         
 2418   486  17.436   0.997         
 2419   486  19.593   1.213         
 2420   486  18.440   2.855         
 2421   486  17.402   1.337         
 2422   486  18.863   1.624         
 2423   486  19.686   1.307         
 2424   486  18.517   1.308         
 2425   486  18.079   1.769         
 2426   486  17.193   0.990         
 2427   486  18.784   1.266         
 2428   486  18.075   1.988         
 2429   486  18.003   1.535         
 2430   486  18.726   1.314         
 2431   486  19.005   1.258         
 2432   486  18.378   1.217         
 2433   486  17.073   0.940         
 2434   486  18.542   1.295         
 2435   486  17.947   1.119         
 2436   486  17.630   1.135         
 2437   486  16.976   0.982         
 2438   486  21.472   0.035         
 2439   486  17.388   1.063         
 2440   486  18.336   1.339         
 2441   486  19.194   1.197         
 2442   486  18.541   1.599         
 2443   486  18.208   1.305         
 2444   486  17.792   1.686         
 2445   486  19.442   1.437         
 2446   486  17.940   1.345         
 2447   486  18.559   1.030         
 2448   486  18.178   1.496         
 2449   486  17.032   0.975         
 2450   486  17.602   1.069         
 2451   486  17.885   1.148         
 2452   486  19.679   1.796         
 2453   486  17.076   0.971         
 2454   486  17.987   1.112         
 2455   486  19.073   1.448         
 2456   486  17.633   1.444         
 2457   486  19.145   1.373         
 2458   486  16.412   0.957         
 2459   486  19.311   0.535         
 2460   486  14.550   0.507         
 2461   486  19.237   1.561         
 2462   486  15.755   1.529         
 2463   486  18.513   1.230         
 2464   486  17.596   1.100         
 2465   486  17.058   1.112         
 2466   486  19.276   1.163         
 2467   486  18.906   1.257         
 2468   486  18.993   1.308         
 2469   486  17.263   0.984         
 2470   486  17.565   1.078         
 2471   486  17.855   1.080         
 2472   486  17.229   0.925         
 2473   486  18.830   1.245         
 2474   486  17.701   1.385         
 2475   486  17.267   1.017         
 2476   486  18.990   1.158         
 2477   486  19.618   1.588         
 2478   486  17.893   1.479         
 2479   486  19.107   1.330         
 2480   486  19.180   1.102         
 2481   486  17.836   1.056         
 2482   486  16.833   1.015         
 2483   486  16.878   0.885         
 2484   486  18.216   1.241         
 2485   486  18.667   1.322         
 2486   486  17.984   0.961         
 2487   486  19.035   1.197         
 2488   486  18.490   1.048         
 2489   486  17.708   1.204         
 2490   486  16.940   1.060         
 2491   486  17.607   1.195         
 2492   486  19.184   1.419         
 2493   486  18.669   1.246         
 2494   486  19.717   1.211         
 2495   486  18.957   1.338         
 2496   486  17.367   1.158         
 2497   486  17.345   0.870         
 2498   486  17.693   1.727         
 2499   486  18.304   1.521         
 2500   486  17.058   0.946         
 2501   486  18.717   1.357         
 2502   486  18.755   1.749         
 2503   486  18.305   1.274         
 2504   486  19.351   1.393         
 2505   486  17.989   1.310         
 2506   486  16.879   0.934         
 2507   486  17.103   0.882         
 2508   486  18.638   1.258         
 2509   486  18.995   1.512         
 2510   486  19.473   1.265         
 2511   486  18.418   1.124         
 2512   486  18.860   1.161         
 2513   486  17.670   1.232         
 2514   486  17.087   1.177         
 2515   486  17.712   1.121         
 2516   486  19.151   1.367         
 2517   486  18.456   1.317         
 2518   486  19.269   1.651         
 2519   486  16.803   0.918         
 2520   486  18.218   1.221         
 2521   486  16.937   0.960         
 2522   486  18.194   1.023         
 2523   486  17.653   1.223         
 2524   486  16.088   0.847         
 2525   486  18.825   1.234         
 2526   486  17.714   1.041         
 2527   486  17.836   2.240         
 2528   486  19.105   1.458         
 2529   486  17.118   1.096         
 2530   486  17.111   1.073         
 2531   486  15.795   0.742         
 2532   486  18.241   1.157         
 2533   486  18.013   1.162         
 2534   486  17.911   1.199         
 2535   486  18.301   1.194         
 2536   486  18.242   0.733         
 2537   486  18.195   1.159         
 2538   486  17.274   0.910         
 2539   486  18.160   1.134         
 2540   486  16.972   1.089         
 2541   486  19.139   1.252         
 2542   486  18.463   1.293         
 2543   486  18.167   1.144         
 2544   486  17.211   0.977         
 2545   486  18.196   1.171         
 2546   486  18.065   1.132         
 2547   486  17.331   1.012         
 2548   486  18.558   1.000         
 2549   486  18.619   1.454         
 2550   486  17.759   0.914         
 2551   486  17.642   1.038         
 2552   486  18.957   1.377         
 2553   486  18.979   1.322         
 2554   486  17.899   1.092         
 2555   486  18.176   1.459         
 2556   486  17.991   1.223         
 2557   486  18.753   1.294         
 2558   486  17.814   1.127         
 2559   486  18.575   1.243         
 2560   486  16.726   1.003         
 2561   486  16.870   0.908         
 2562   486  18.388   1.131         
 2563   486  18.179   1.100         
 2564   486  18.519   1.272         
 2565   486  17.919   1.243         
 2566   486  17.522   0.976         
 2567   486  19.131   1.097         
 2568   486  18.693   1.453         
 2569   486  16.875   0.933         
 2570   486  18.152   1.281         
 2571   486  16.842   1.915         
 2572   486  17.613   0.840         
 2573   486  17.471   1.066         
 2574   486  17.880   1.077         
 2575   486  20.493   0.065         
 2576   486  18.912   1.457         
 2577   486  18.480   1.321         
 2578   486  19.585   1.548         
 2579   486  19.360   1.190         
 2580   486  16.820   1.460         
 2581   486  19.693   1.266         
 2582   486  19.769   0.911         
 2583   486  20.003   0.323         
 2584   486  19.607   0.827         
 2585   486  19.240   1.177         
 2586   486  16.676   1.888         
 2587   486  18.699   1.843         
 2588   486  18.140   1.953         
 2589   486  19.850   0.666         
 2590   486  18.938   1.218         
 2591   486  18.713   0.859         
 2592   486  19.173   1.273         
 2593   486  17.858   1.134         
 2594   486  17.713   1.079         
 2595   486  17.409   0.957         
 2596   486  17.471   0.926         
 2597   486  16.810   1.085         
 2598   486  16.797   1.204         
 2599   486  18.080   1.471         
 2600   486  19.180   1.201         
 2601   486  20.473   0.842         
 2602   486  16.893   0.881         
 2603   486  17.647   1.163         
 2604   486  19.369   1.245         
 2605   486  19.141   1.323         
 2606   486  17.395   1.115         
 2607   486  18.104   1.296         
 2608   486  18.168   1.038         
 2609   486  18.438   1.171         
 2610   486  19.069   1.394         
 2611   486  18.956   1.330         
 2612   486  16.794   1.176         
 2613   486  19.002   1.467         
 2614   486  19.693   0.615         
 2615   486  16.878   1.265         
 2616   486  18.177   0.993         
 2617   486  18.171   1.076         
 2618   486  18.855   1.257         
 2619   486  17.473   1.165         
 2620   486  18.203   1.063         
 2621   486  19.434   1.496         
 2622   486  18.575   1.219         
 2623   486  18.799   1.273         
 2624   486  18.131   1.245         
 2625   486  17.948   1.018         
 2626   486  17.690   1.859         
 2627   486  16.973   1.148         
 2628   486  15.886   0.705         
 2629   486  19.128   0.780         
 2630   486  19.417   1.538         
 2631   486  19.120   0.773         
 2632   486  19.386   1.462         
 2633   486  17.917   1.532         
 2634   486  17.433   0.890         
 2635   486  17.023   1.114         
 2636   486  17.455   1.022         
 2637   486  15.702   1.007         
 2638   486  17.506   1.064         
 2639   486  17.590   1.094         
 2640   486  17.024   0.924         
 2641   486  17.985   1.143         
 2642   486  18.369   1.215         
 2643   486  17.942   1.476         
 2644   486  17.948   1.154         
 2645   486  18.408   1.135         
 2646   486  18.952   1.270         
 2647   486  17.902   1.199         
 2648   486  18.786   1.071         
 2649   486  17.205   0.941         
 2650   486  17.204   0.971         
 2651   486  17.708   1.013         
 2652   486  16.932   0.900         
 2653   486  18.508   1.307         
 2654   486  17.844   1.226         
 2655   486  17.551   1.174         
 2656   486  17.464   1.232         
 2657   486  17.920   1.109         
 2658   486  18.816   1.606         
 2659   486  17.882   1.125         
 2660   486  18.022   1.302         
 2661   486  18.634   1.146         
 2662   486  17.438   1.029         
 2663   486  19.554   1.073         
 2664   486  18.112   2.181         
 2665   486  18.842   1.086         
 2666   486  16.328   1.748         
 2667   486  17.012   0.942         
 2668   486  17.992   1.250         
 2669   486  18.821   1.375         
 2670   486  18.788   1.178         
 2671   486  18.214   1.360         
 2672   486  17.546   1.116         
 2673   486  17.398   1.005         
 2674   486  18.524   1.266         
 2675   486  18.389   1.369         
 2676   486  18.530   1.104         
 2677   486  18.872   1.152         
 2678   486  17.329   1.240         
 2679   486  17.747   1.041         
 2680   486  18.635   1.169         
 2681   486  17.912   1.059         
 2682   486  18.093   0.935         
 2683   486  17.119   0.923         
 2684   486  19.126   1.145         
 2685   486  17.818   1.308         
 2686   486  17.762   1.048         
 2687   486  19.101   1.305         
 2688   486  18.896   1.307         
 2689   486  17.787   1.263         
 2690   486  16.321   2.079         
 2691   486  17.937   1.644         
 2692   486  17.536   1.004         
 2693   486  19.290   1.595         
 2694   486  18.865   1.377         
 2695   486  18.014   1.226         
 2696   486  18.546   1.122         
 2697   486  19.556   1.849         
 2698   486  18.876   1.230         
 2699   486  18.558   1.331         
 2700   486  16.662   2.132         
 2701   486  17.420   1.122         
 2702   486  16.888   0.941         
 2703   486  19.007   1.220         
 2704   486  16.926   1.247         
 2705   486  18.189   1.381         
 2706   486  17.326   1.817         
 2707   486  17.325   0.977         
 2708   486  19.017   1.119         
 2709   486  18.417   1.296         
 2710   486  18.507   1.436         
 2711   486  18.487   1.119         
 2712   486  20.211   1.668         
 2713   486  20.149   1.485         
 2714   486  17.912   1.095         
 2715   486  17.725   1.200         
 2716   486  18.878   1.322         
 2717   486  13.830   1.464         
 2718   486  17.327   0.920         
 2719   486  16.830   0.896         
 2720   486  18.367   2.024         
 2721   486  17.041   0.951         
 2722   486  17.627   1.059         
 2723   486  18.567   1.266         
 2724   486  18.910   1.732         
 2725   486  17.389   1.290         
 2726   486  17.973   1.164         
 2727   486  17.200   0.884         
 2728   486  17.352   1.465         
 2729   486  16.968   1.613         
 2730   486  16.932   1.783         
 2731   486  18.758   1.387         
 2732   486  18.407   1.362         
 2733   486  18.415   1.504         
 2734   486  19.253   1.641         
 2735   486  17.611   1.245         
 2736   486  18.005   1.241         
 2737   486  18.517   1.288         
 2738   486  19.165   1.074         
 2739   486  17.932   1.111         
 2740   486  18.433   1.396         
 2741   486  16.461   1.215         
 2742   486  17.858   1.018         
 2743   486  17.059   1.054         
 2744   486  17.004   1.043         
 2745   486  19.223   1.187         
 2746   486  18.186   0.875         
 2747   486  18.590   1.259         
 2748   486  18.206   0.895         
 2749   486  18.299   1.268         
 2750   486  19.019   1.363         
 2751   486  18.857   1.351         
 2752   486  19.047   1.119         
 2753   486  19.729   1.149         
 2754   486  19.657   1.222         
 2755   486  19.339   1.421         
 2756   486  19.084   0.985         
 2757   486  15.922   0.635         
 2758   486  18.030   1.022         
 2759   486  16.966   0.897         
 2760   486  17.910   0.882         
 2761   486  20.782   1.010         
 2762   486  18.215   1.376         
 2763   486  16.996   0.564         
 2764   486  17.159   1.038         
 2765   486  16.743   1.282         
 2766   486  18.557   1.059         
 2767   486  19.515   1.488         
 2768   486  16.194   0.197         
 2769   486  19.715   0.875         
 2770   486  17.282   1.178         
 2771   486  17.894   1.808         
 2772   486  17.488   0.904         
 2773   486  19.089   0.890         
 2774   486  17.913   1.230         
 2775   486  18.041   1.109         
 2776   486  19.686   0.908