UBV CCD observations

  No    Ref    V       B-V     U-B

 1033   280  16.925   1.027         
 1043   280  17.464   1.154         
 1050   280  18.395   1.025         
 1067   280  17.235   0.992         
 1078   280  19.908   1.264         
 1087   280  14.615   1.071         
 1089   280  16.744   0.979         
 1098   280  17.790   0.967         
 1102   280  16.542   0.770         
 1105   280  17.151   0.937         
 1118   280  20.226   1.278         
 1121   280  19.239   1.190         
 1122   280  19.257   1.259         
 1133   280  16.902   0.960         
 1153   280  20.444   1.421         
 1156   280  16.501   1.693         
 1158   280  17.933   1.043         
 1159   280  20.203   1.320         
 1160   280  20.483   1.430         
 1164   280  15.687   1.052         
 1165   280  20.040   1.387         
 1168   280  21.537   1.934         
 1174   280  18.107   1.055         
 1175   280  17.852   0.967         
 1176   280  18.371   1.149         
 1181   280  18.483   1.065         
 1182   280  18.961   1.162         
 1191   280  18.390   1.015         
 1194   280  14.901   1.445         
 1195   280  17.934   1.017         
 1196   280  20.640   1.440         
 1198   280  18.412   1.024         
 1206   280  19.818   1.255         
 1207   280  20.222   1.201         
 1211   280  16.808   1.082         
 1212   280  19.154   1.064         
 1216   280  20.812   1.295         
 1219   280  20.285   1.284         
 1220   280  17.574   1.187         
 1223   280  16.072   1.067         
 1225   280  18.361   1.001         
 1226   280  20.376   1.388         
 1229   280  18.608   1.027         
 1230   280  17.942   1.007         
 1234   280  20.625   1.491         
 1236   280  19.405   1.048         
 1244   280  18.376   1.045         
 1247   280  18.911   1.057         
 1248   280  16.699   0.942         
 1253   280  18.097   0.939         
 1254   280  20.981   1.804         
 1255   280  19.755   1.244         
 1259   280  17.488   0.980         
 1261   280  18.602   1.043         
 1262   280  19.243   1.307         
 1263   280  16.754   0.935         
 1266   280  20.261   1.704         
 1271   280  18.133   1.046         
 1272   280  19.284   1.114         
 1273   280  16.676   0.927         
 1277   280  18.370   1.059         
 1282   280  20.531   1.555         
 1283   280  17.058   0.891         
 1286   280  14.795   1.547         
 1290   280  19.538   1.148         
 1293   280  16.674   1.014         
 1299   280  20.414   1.209         
 1300   280  16.989   1.014         
 1302   280  17.401   0.937         
 1305   280  19.308   1.134         
 1308   280  18.315   0.988         
 1312   280  17.592   0.824         
 1313   280  18.933   1.203         
 1314   280  16.623   0.995         
 1315   280  19.540   1.125         
 1316   280  17.592   0.973         
 1317   280  18.070   1.018         
 1318   280  18.445   1.144         
 1320   280  17.914   1.040         
 1321   280  16.371   0.926         
 1323   280  20.426   1.264         
 1324   280  18.114   1.061         
 1325   280  16.088   1.012         
 1328   280  17.626   0.989         
 1330   280  18.857   0.894         
 1332   280  19.402   1.154         
 1333   280  15.103   1.545         
 1338   280  18.343   0.998         
 1339   280  19.237   1.158         
 1340   280  19.149   1.093         
 1341   280  18.225   0.964         
 1343   280  16.253   0.983         
 1345   280  16.874   1.054         
 1348   280  13.374   1.997         
 1350   280  17.020   0.994         
 1353   280  15.917   1.384         
 1354   280  18.459   1.115         
 1357   280  19.677   1.194         
 1358   280  15.329   0.556         
 1360   280  19.381   1.126         
 1361   280  17.623   0.910         
 1362   280  17.644   1.031         
 1363   280  16.965   0.999         
 1364   280  19.644   1.802         
 1367   280  16.428   0.964         
 1368   280  17.581   1.077         
 1373   280  16.837   1.031         
 1377   280  20.246   1.349         
 1380   280  16.622   0.937         
 1382   280  19.093   1.084         
 1384   280  19.123   1.111         
 1386   280  15.742   1.499         
 1387   280  19.371   1.144         
 1391   280  18.611   1.040         
 1395   280  19.763   1.339         
 1397   280  16.913   0.967         
 1398   280  19.689   0.924         
 1399   280  16.474   0.954         
 1400   280  16.309   1.095         
 1403   280  19.186   1.262         
 1405   280  19.791   1.276         
 1410   280  19.540   1.192         
 1411   280  17.752   0.929         
 1412   280  19.551   1.268         
 1413   280  18.496   1.048         
 1415   280  16.126   1.370         
 1417   280  17.338   0.958         
 1419   280  20.195   1.322         
 1421   280  18.086   1.033         
 1422   280  17.111   0.882         
 1427   280  19.274   1.113         
 1429   280  17.591   1.019         
 1432   280  17.636   0.919         
 1435   280  19.803   1.227         
 1439   280  19.863   1.142         
 1440   280  19.518   1.708         
 1443   280  16.842   1.000         
 1444   280  19.700   1.265         
 1446   280  19.694   1.281         
 1447   280  18.700   1.064         
 1448   280  18.640   1.130         
 1451   280  14.639   0.825         
 1453   280  17.165   1.005         
 1454   280  19.140   1.173         
 1459   280  18.247   1.059         
 1460   280  17.115   0.876         
 1461   280  18.480   1.018         
 1464   280  18.065   1.012         
 1465   280  16.731   0.938         
 1467   280  18.226   0.965         
 1468   280  16.795   1.013         
 1469   280  16.791   1.004         
 1470   280  15.020   1.515         
 1471   280  16.859   0.929         
 1473   280  18.738   0.992         
 1474   280  17.697   0.980         
 1476   280  16.764   0.904         
 1480   280  18.412   1.101         
 1481   280  18.569   1.076         
 1487   280  19.698   1.193         
 1490   280  18.403   0.985         
 1495   280  19.702   0.931         
 1498   280  16.989   0.921         
 1500   280  17.091   0.974         
 1504   280  20.540   1.386         
 1506   280  20.515   1.627         
 1508   280  18.444   1.083         
 1509   280  18.233   1.006         
 1511   280  18.289   1.063         
 1515   280  16.378   0.894         
 1518   280  21.087   1.312         
 1521   280  18.750   1.087         
 1523   280  17.117   0.905         
 1524   280  17.506   0.986         
 1528   280  19.438   1.350         
 1529   280  18.908   1.196         
 1530   280  16.881   0.900         
 1533   280  19.438   1.209         
 1536   280  20.333   1.419         
 1541   280  18.623   1.123         
 1542   280  19.476   1.215         
 1543   280  15.253   0.681         
 1544   280  19.398   1.145         
 1547   280  17.062   1.021         
 1548   280  19.325   1.189         
 1549   280  17.822   0.877         
 1552   280  17.569   0.924         
 1554   280  18.219   0.999         
 1558   280  20.187   1.388         
 1560   280  16.781   1.067         
 1561   280  15.361   0.846         
 1562   280  16.917   1.093         
 1563   280  16.857   0.879         
 1567   280  18.873   1.079         
 1568   280  17.856   0.939         
 1569   280  15.987   1.087         
 1571   280  18.685   1.123         
 1572   280  16.596   0.942         
 1573   280  20.294   1.347         
 1576   280  19.782   1.317         
 1577   280  19.798   1.071         
 1578   280  20.911   1.577         
 1583   280  16.786   1.001         
 1584   280  18.183   0.998         
 1588   280  19.998   1.372         
 1591   280  16.377   1.859         
 1593   280  14.933   1.462         
 1597   280  20.294   1.430         
 1598   280  15.331   1.056         
 1603   280  18.928   1.098         
 1604   280  18.659   1.089         
 1605   280  18.425   1.036         
 1606   280  15.730   0.417         
 1607   280  18.721   1.058         
 1608   280  18.476   1.076         
 1609   280  18.505   1.024         
 1611   280  16.920   0.888         
 1612   280  18.627   1.045         
 1613   280  18.049   0.968         
 1614   280  16.752   0.920         
 1616   280  19.575   1.227         
 1618   280  19.378   1.182         
 1622   280  19.266   1.174         
 1624   280  18.291   1.029         
 1626   280  19.196   1.258         
 1627   280  17.805   0.948         
 1631   280  17.776   0.982         
 1632   280  19.248   1.176         
 1633   280  16.908   1.358         
 1635   280  16.731   0.985         
 1636   280  18.332   1.073         
 1638   280  18.924   1.125         
 1639   280  19.041   0.987         
 1640   280  15.038   1.541         
 1641   280  17.324   0.899         
 1642   280  18.521   1.164         
 1646   280  18.971   1.057         
 1649   280  17.374   0.920         
 1650   280  20.372   1.371         
 1651   280  17.401   1.094         
 1652   280  19.283   1.262         
 1653   280  20.933   1.735         
 1655   280  18.894   1.162         
 1656   280  18.396   1.084         
 1657   280  15.504   1.388         
 1658   280  15.451   0.595         
 1660   280  19.049   1.100         
 1661   280  17.983   0.968         
 1665   280  20.285   1.207         
 1666   280  19.812   1.177         
 1667   280  14.835   1.430         
 1668   280  18.607   1.029         
 1670   280  18.532   1.159         
 1671   280  18.054   0.980         
 1672   280  17.386   0.985         
 1674   280  15.698   0.946         
 1675   280  18.177   1.027         
 1677   280  18.406   1.060         
 1680   280  19.826   1.228         
 1682   280  19.187   1.610         
 1684   280  19.193   1.269         
 1685   280  16.943   1.088         
 1689   280  18.372   1.050         
 1690   280  18.222   1.104         
 1691   280  19.137   1.067         
 1692   280  19.318   1.186         
 1693   280  16.867   0.892         
 1694   280  19.935   0.902         
 1695   280  18.135   1.042         
 1697   280  17.456   1.033         
 1698   280  18.228   0.951         
 1700   280  16.396   0.958         
 1701   280  16.845   1.029         
 1702   280  17.590   0.916         
 1703   280  17.283   0.935         
 1704   280  18.122   1.059         
 1705   280  15.683   0.931         
 1706   280  18.608   1.706         
 1707   280  18.140   1.061         
 1709   280  17.371   1.083         
 1711   280  18.090   1.002         
 1712   280  16.858   1.058         
 1715   280  19.265   1.274         
 1717   280  17.804   0.976         
 1719   280  19.352   1.194         
 1720   280  18.062   0.949         
 1723   280  20.138   1.361         
 1725   280  16.119   0.917         
 1728   280  17.122   1.037         
 1729   280  18.306   1.048         
 1732   280  17.601   1.080         
 1733   280  18.814   1.079         
 1736   280  17.105   0.629         
 1737   280  20.962   1.055         
 1738   280  18.749   1.171         
 1739   280  16.801   0.904         
 1740   280  18.085   1.035         
 1741   280  18.789   1.151         
 1745   280  19.436   1.182         
 1746   280  20.486   1.447         
 1747   280  15.251   0.863         
 1748   280  15.937   0.895         
 1749   280  16.483   0.945         
 1750   280  18.163   1.005         
 1751   280  19.293   1.199         
 1754   280  18.634   1.065         
 1755   280  19.165   1.159         
 1756   280  21.351   1.576         
 1757   280  17.174   0.935         
 1758   280  20.546   1.419         
 1760   280  19.810   1.024         
 1763   280  16.755   1.012         
 1764   280  16.945   0.898         
 1767   280  16.596   0.923         
 1769   280  18.244   1.080         
 1770   280  15.037   1.657         
 1771   280  18.197   0.985         
 1772   280  18.042   1.134         
 1773   280  17.254   1.030         
 1774   280  20.058   1.303         
 1776   280  17.005   0.920         
 1777   280  16.975   1.017         
 1781   280  17.010   1.025         
 1786   280  17.726   0.813         
 1788   280  18.324   1.081         
 1790   280  19.452   1.358         
 1794   280  19.285   1.171         
 1797   280  17.388   1.017         
 1798   280  21.028   1.287         
 1800   280  17.562   0.924         
 1801   280  18.668   1.139         
 1804   280  17.323   0.935         
 1805   280  18.166   1.139         
 1806   280  16.966   1.049         
 1809   280  14.857   1.436         
 1810   280  17.059   0.869         
 1811   280  18.386   1.113         
 1815   280  20.414   1.380         
 1816   280  18.989   0.988         
 1817   280  20.604   1.815         
 1820   280  18.882   1.057         
 1823   280  17.566   0.906         
 1824   280  17.339   0.931         
 1825   280  16.724   0.993         
 1826   280  17.169   1.046         
 1827   280  17.176   0.943         
 1828   280  17.068   0.911         
 1829   280  18.062   0.961         
 1830   280  15.013   0.484         
 1833   280  18.651   1.050         
 1834   280  16.952   0.916         
 1836   280  17.989   1.015         
 1839   280  15.305   1.490         
 1841   280  18.903   1.228         
 1843   280  16.366   0.996         
 1844   280  19.903   1.430         
 1848   280  18.348   1.151         
 1849   280  17.975   0.999         
 1850   280  18.219   1.151         
 1851   280  17.290   1.123         
 1852   280  17.973   1.092         
 1853   280  19.313   1.176         
 1856   280  17.496   1.002         
 1857   280  19.742   1.274         
 1858   280  19.142   1.772         
 1859   280  18.143   1.011         
 1860   280  19.078   1.114         
 1861   280  19.010   1.230         
 1864   280  15.973   1.347         
 1868   280  18.312   0.960         
 1870   280  18.553   0.750         
 1872   280  18.927   1.139         
 1874   280  16.883   0.988         
 1875   280  18.668   1.109         
 1878   280  18.686   1.014         
 1879   280  17.888   1.019         
 1881   280  18.698   1.056         
 1882   280  18.267   1.083         
 1885   280  17.017   0.920         
 1886   280  19.061   1.439         
 1887   280  20.249   1.400         
 1889   280  16.672   0.876         
 1894   280  18.398   0.990         
 1895   280  18.689   1.036         
 1896   280  18.826   1.248         
 1897   280  17.102   1.030         
 1898   280  20.257   1.244         
 1899   280  15.781   1.377         
 1900   280  15.696   1.065         
 1901   280  17.494   0.948         
 1905   280  17.028   1.046         
 1906   280  19.497   1.365         
 1907   280  16.820   1.475         
 1908   280  17.737   0.999         
 1909   280  19.085   1.295         
 1910   280  17.219   0.931         
 1911   280  16.961   1.027         
 1912   280  18.919   1.289         
 1914   280  18.765   1.094         
 1915   280  20.506   1.514         
 1918   280  16.948   1.021         
 1920   280  16.783   1.045         
 1922   280  18.627   1.104         
 1924   280  16.950   0.907         
 1926   280  19.224   1.088         
 1927   280  17.781   0.942         
 1928   280  17.241   0.898         
 1933   280  17.093   0.981         
 1934   280  16.587   0.867         
 1936   280  19.778   0.931         
 1937   280  18.779   1.198         
 1939   280  18.540   1.076         
 1941   280  16.270   1.077         
 1942   280  18.374   1.012         
 1945   280  17.495   1.161         
 1946   280  17.137   0.899         
 1947   280  18.159   1.328         
 1948   280  18.532   1.094         
 1949   280  17.135   1.057         
 1950   280  18.003   0.956         
 1952   280  18.923   1.084         
 1953   280  18.241   1.048         
 1957   280  18.899   1.060         
 1959   280  17.334   0.876         
 1960   280  20.067   1.308         
 1962   280  16.630   0.975         
 1963   280  19.104   1.094         
 1964   280  17.054   0.957         
 1965   280  17.956   1.007         
 1967   280  18.134   0.960         
 1968   280  17.145   0.945         
 1969   280  16.063   0.950         
 1970   280  17.550   0.926         
 1974   280  16.924   1.007         
 1975   280  18.565   1.017         
 1976   280  19.600   1.180         
 1977   280  17.978   1.046         
 1979   280  18.273   1.151         
 1981   280  16.865   0.993         
 1982   280  19.477   1.187         
 1983   280  15.979   0.717         
 1984   280  18.642   1.142         
 1986   280  19.013   1.099         
 1988   280  19.883   1.270         
 1990   280  18.601   1.000         
 1992   280  17.211   0.951         
 1994   280  17.939   1.018         
 1995   280  20.309   1.138         
 1996   280  19.676   0.896         
 1997   280  14.906   1.499         
 2000   280  18.540   1.107         
 2001   280  18.544   1.051         
 2002   280  17.049   0.946         
 2005   280  17.255   0.979         
 2006   280  17.136   0.900         
 2007   280  16.636   1.019         
 2008   280  17.695   1.012         
 2009   280  15.098   0.768         
 2011   280  16.785   0.894         
 2012   280  17.506   0.994         
 2014   280  16.522   0.898         
 2016   280  15.494   0.587         
 2017   280  16.925   0.968         
 2018   280  17.426   0.900         
 2019   280  20.486   1.482         
 2021   280  20.229   1.721         
 2023   280  19.206   1.157         
 2024   280  16.675   0.910         
 2025   280  18.301   1.084         
 2027   280  17.774   0.989         
 2030   280  19.501   1.225         
 2031   280  19.240   1.164         
 2032   280  19.460   1.186         
 2033   280  20.491   1.407         
 2035   280  18.272   1.295         
 2036   280  18.678   1.048         
 2037   280  18.827   1.036         
 2038   280  19.469   1.833         
 2040   280  16.237   0.896         
 2044   280  19.639   1.236         
 2045   280  17.308   0.954         
 2046   280  17.507   0.942         
 2047   280  17.504   0.901         
 2051   280  18.222   1.018         
 2054   280  18.448   1.021         
 2055   280  18.654   1.177         
 2057   280  17.779   1.004         
 2058   280  18.361   1.096         
 2059   280  20.626   1.428         
 2061   280  20.310   1.302         
 2062   280  19.314   0.939         
 2063   280  19.848   1.288         
 2065   280  16.408   1.019         
 2066   280  14.191   1.652         
 2067   280  19.491   1.321         
 2070   280  16.987   1.151         
 2071   280  18.668   1.025         
 2072   280  18.495   1.012         
 2076   280  17.960   1.050         
 2080   280  14.663   1.746         
 2081   280  18.465   1.102         
 2082   280  15.469   1.497         
 2083   280  16.334   0.912         
 2084   280  18.717   1.027         
 2085   280  16.872   0.986         
 2089   280  18.503   1.117         
 2090   280  19.330   1.139         
 2092   280  18.988   1.100         
 2093   280  16.717   0.980         
 2095   280  18.458   1.112         
 2103   280  19.008   1.137         
 2105   280  19.168   1.150         
 2106   280  18.845   1.124         
 2107   280  17.350   0.913         
 2108   280  18.437   1.082         
 2111   280  13.475   1.938         
 2113   280  17.504   1.039         
 2115   280  16.509   0.952         
 2116   280  17.232   1.040         
 2122   280  18.995   0.902         
 2123   280  17.063   0.957         
 2124   280  17.272   0.831         
 2129   280  20.624   1.458         
 2130   280  18.352   1.024         
 2132   280  17.536   0.999         
 2134   280  20.044   1.519         
 2138   280  17.530   0.927         
 2139   280  16.683   1.048         
 2140   280  17.444   0.898         
 2142   280  17.021   0.979         
 2143   280  15.225   0.931         
 2144   280  16.236   1.129         
 2147   280  17.491   0.999         
 2149   280  19.066   1.178         
 2150   280  17.941   1.000         
 2151   280  17.982   0.970         
 2155   280  17.222   0.976         
 2156   280  18.823   1.177         
 2157   280  17.601   0.939         
 2158   280  17.906   1.005         
 2162   280  16.166   0.980         
 2166   280  18.156   1.033         
 2167   280  14.940   1.524         
 2168   280  16.777   1.346         
 2171   280  16.498   0.814         
 2174   280  18.947   1.183         
 2175   280  16.619   0.921         
 2177   280  16.254   0.931         
 2181   280  20.825   1.831         
 2183   280  20.719   1.677         
 2184   280  18.801   1.077         
 2185   280  16.836   1.400         
 2186   280  17.793   0.985         
 2187   280  20.156   0.960         
 2189   280  20.146   1.390         
 2190   280  19.064   1.394         
 2196   280  18.377   1.108         
 2197   280  19.061   1.090         
 2198   280  19.783   1.212         
 2201   280  19.154   1.154         
 2204   280  18.176   1.033         
 2205   280  16.283   0.968         
 2207   280  18.693   1.127         
 2208   280  16.928   1.146         
 2211   280  18.421   1.069         
 2212   280  17.303   1.190         
 2214   280  18.520   1.055         
 2215   280  20.252   1.363         
 2217   280  18.618   1.025         
 2218   280  19.947   1.037         
 2220   280  18.303   0.777         
 2221   280  17.436   0.981         
 2222   280  19.153   1.263         
 2224   280  20.306   1.325         
 2225   280  19.191   1.154         
 2228   280  19.721   1.192         
 2230   280  17.662   1.255         
 2233   280  16.677   0.967         
 2236   280  17.394   0.916         
 2237   280  18.393   1.013         
 2243   280  18.601   1.064         
 2244   280  18.026   1.696         
 2245   280  20.568   1.434         
 2246   280  20.508   1.426         
 2247   280  17.219   0.964         
 2248   280  18.639   1.049         
 2250   280  20.204   1.349         
 2252   280  18.350   1.019         
 2253   280  18.965   1.079         
 2255   280  14.502   1.326         
 2256   280  19.706   1.640         
 2258   280  16.027   0.913         
 2261   280  19.212   1.199         
 2262   280  18.813   1.084         
 2264   280  16.979   0.957         
 2266   280  19.144   1.136         
 2267   280  18.947   1.257         
 2268   280  18.326   1.138         
 2269   280  19.902   1.881         
 2271   280  17.584   0.958         
 2272   280  19.046   1.234         
 2274   280  19.533   1.232         
 2277   280  20.289   1.396         
 2278   280  19.506   1.188         
 2279   280  16.575   0.949         
 2284   280  19.485   1.094         
 2287   280  20.553   1.314         
 2290   280  18.280   0.999         
 2291   280  20.279   1.557         
 2293   280  18.678   1.194         
 2296   280  18.370   1.017         
 2298   280  16.445   0.911         
 2299   280  20.607   1.077         
 2300   280  18.760   1.165         
 2301   280  19.248   1.151         
 2304   280  18.088   1.030         
 2306   280  20.716   1.526         
 2308   280  18.689   1.037         
 2309   280  18.216   1.035         
 2311   280  16.180   1.413         
 2312   280  19.120   1.273         
 2313   280  18.678   1.234         
 2314   280  18.787   1.190         
 2315   280  20.482   1.248         
 2316   280  16.818   1.325         
 2320   280  18.182   0.939         
 2321   280  17.175   0.974         
 2323   280  17.985   1.069         
 2324   280  16.648   0.971         
 2327   280  19.152   1.179         
 2328   280  18.568   1.069         
 2329   280  16.724   0.943         
 2332   280  16.572   1.012         
 2333   280  20.032   1.298         
 2334   280  19.212   1.600         
 2335   280  20.816   1.910         
 2337   280  17.825   1.054         
 2338   280  20.138   1.278         
 2340   280  19.412   1.108         
 2342   280  17.654   0.901         
 2348   280  17.409   0.912         
 2349   280  16.968   1.037         
 2351   280  19.281   1.108         
 2352   280  17.387   0.964         
 2356   280  18.317   1.036         
 2357   280  15.977   0.854         
 2359   280  17.141   0.949         
 2360   280  17.589   1.011         
 2361   280  19.263   1.071         
 2362   280  18.234   1.219         
 2364   280  19.020   1.083         
 2365   280  17.888   1.108         
 2367   280  17.925   1.132         
 2369   280  17.717   1.192         
 2372   280  19.910   1.276         
 2374   280  19.892   1.255         
 2377   280  18.332   1.178         
 2378   280  16.117   0.958         
 2381   280  20.569   1.382         
 2386   280  19.203   1.092         
 2387   280  19.980   1.253         
 2388   280  16.385   0.939         
 2389   280  19.635   1.244         
 2390   280  18.375   1.071         
 2394   280  20.209   1.301         
 2396   280  17.461   1.023         
 2397   280  18.224   1.086         
 2398   280  18.657   0.961         
 2399   280  18.129   1.024         
 2402   280  20.404   1.356         
 2404   280  18.953   1.101         
 2405   280  20.849   1.395         
 2407   280  17.500   0.904         
 2408   280  19.346   1.136         
 2409   280  20.851   1.440         
 2410   280  18.967   1.136         
 2411   280  18.672   1.070         
 2413   280  18.033   0.650         
 2414   280  19.871   1.243         
 2415   280  20.545   1.274         
 2417   280  17.691   0.925         
 2418   280  17.862   0.973         
 2419   280  18.954   1.230         
 2420   280  20.676   1.863         
 2422   280  18.201   1.111         
 2425   280  18.160   1.054         
 2429   280  20.960   1.521         
 2432   280  18.713   0.868         
 2433   280  19.619   1.195         
 2436   280  19.686   1.282         
 2437   280  19.122   1.031         
 2438   280  19.929   1.326         
 2439   280  19.298   1.175         
 2440   280  19.778   1.219         
 2441   280  18.479   1.044         
 2442   280  16.038   1.150         
 2443   280  16.845   1.536         
 2444   280  14.905   1.449         
 2447   280  17.274   0.951         
 2449   280  19.627   1.262         
 2452   280  16.730   1.458         
 2453   280  18.499   0.999         
 2454   280  17.618   1.005         
 2456   280  21.286   1.512         
 2458   280  17.374   0.880         
 2460   280  18.986   0.975         
 2462   280  14.724   1.434         
 2463   280  18.121   1.011         
 2464   280  20.241   1.347         
 2470   280  17.070   0.994         
 2471   280  21.071   1.670         
 2472   280  16.432   1.010         
 2474   280  21.245   1.590         
 2482   280  20.293   1.408         
 2483   280  20.391   1.136         
 2485   280  17.448   0.952         
 2487   280  14.819   1.507         
 2488   280  20.288   0.983         
 2490   280  17.031   0.983         
 2492   280  19.899   1.368         
 2495   280  16.297   0.957         
 2497   280  19.846   1.249         
 2498   280  16.268   1.518         
 2500   280  18.767   1.106         
 2501   280  17.094   0.900         
 2502   280  16.928   1.011         
 2505   280  19.504   1.670         
 2507   280  15.993   0.912         
 2508   280  18.698   1.061         
 2509   280  18.869   1.071         
 2510   280  20.547   1.449         
 2511   280  17.789   1.057         
 2512   280  14.928   1.025         
 2514   280  15.922   1.083         
 2515   280  16.580   1.007         
 2516   280  16.776   0.983         
 2518   280  19.201   1.167         
 2519   280  16.747   0.944         
 2520   280  15.527   0.861         
 2522   280  14.765   1.508         
 2524   280  15.767   1.065         
 2525   280  17.246   0.858         
 2532   280  16.463   0.895         
 2533   280  17.545   0.994         
 2534   280  16.430   1.017         
 2535   280  15.411   0.849         
 2538   280  16.823   0.943         
 2542   280  18.500   1.015         
 2543   280  18.357   1.154         
 2544   280  17.219   0.929         
 2547   280  17.060   0.920         
 2552   280  16.093   1.386         
 2553   280  18.528   1.043         
 2555   280  17.434   1.273         
 2557   280  20.184   1.774         
 2560   280  19.935   1.322         
 2562   280  17.869   0.902         
 2566   280  15.198   1.167         
 2570   280  19.317   1.194         
 2572   280  20.030   1.269         
 2573   280  18.521   1.101         
 2576   280  20.015   0.999         
 2577   280  18.866   1.038         
 2578   280  18.877   1.251         
 2579   280  19.497   1.232         
 2580   280  17.943   1.010         
 2581   280  17.370   0.957         
 2583   280  14.984   0.900         
 2586   280  19.670   1.732         
 2589   280  18.528   1.025         
 2591   280  18.560   1.060         
 2592   280  16.879   0.863         
 2595   280  18.992   1.125         
 2601   280  18.688   1.023         
 2602   280  17.398   0.986         
 2604   280  16.163   1.019         
 2605   280  17.414   1.036         
 2606   280  17.765   0.962         
 2607   280  19.269   1.132         
 2608   280  19.003   1.151         
 2613   280  19.273   1.283         
 2615   280  18.262   1.000         
 2616   280  19.956   1.168         
 2618   280  17.484   0.935         
 2620   280  17.097   1.079         
 2621   280  15.666   1.487         
 2623   280  17.787   0.965         
 2624   280  15.505   0.550         
 2628   280  16.873   0.864         
 2629   280  18.979   1.220         
 2630   280  18.232   0.950         
 2631   280  20.164   1.428         
 2632   280  19.800   1.251         
 2633   280  19.539   1.054         
 2634   280  17.811   1.230         
 2635   280  17.378   0.946         
 2636   280  17.222   0.891         
 2637   280  17.464   0.908         
 2639   280  16.914   0.933         
 2641   280  14.914   1.488         
 2642   280  20.159   1.326         
 2651   280  16.426   0.992         
 2652   280  17.691   1.012         
 2655   280  19.646   1.277         
 2657   280  16.737   1.123         
 2659   280  17.691   1.037         
 2662   280  19.905   1.265         
 2663   280  20.405   1.469         
 2666   280  20.811   1.306         
 2667   280  18.819   1.046         
 2669   280  17.749   0.938         
 2670   280  17.007   0.822         
 2674   280  20.360   1.903         
 2675   280  16.548   0.722         
 2676   280  20.736   1.515         
 2678   280  19.889   1.577         
 2681   280  18.459   1.018         
 2682   280  18.006   0.982         
 2684   280  18.094   1.710         
 2685   280  16.965   0.888         
 2687   280  16.656   0.842         
 2689   280  15.763   0.989         
 2690   280  16.480   0.957         
 2691   280  18.098   1.002         
 2696   280  18.029   1.355         
 2697   280  16.852   1.007         
 2700   280  18.331   1.032         
 2703   280  14.087   1.722         
 2704   280  18.969   1.090         
 2705   280  18.510   1.032         
 2706   280  20.139   1.446         
 2709   280  20.962   1.203         
 2710   280  19.189   1.169         
 2711   280  19.293   1.159         
 2715   280  18.182   1.000         
 2716   280  18.694   1.026         
 2717   280  20.923   1.606         
 2718   280  17.770   0.923         
 2720   280  17.693   0.926         
 2727   280  16.305   0.877         
 2728   280  18.924   1.225         
 2730   280  14.993   1.501         
 2731   280  16.841   1.046         
 2732   280  16.409   0.888         
 2737   280  18.727   1.532         
 2742   280  20.112   1.670         
 2746   280  19.355   1.151         
 2748   280  18.241   1.093         
 2750   280  15.831   1.099         
 2753   280  19.260   1.115         
 2754   280  18.375   0.839         
 2764   280  19.500   1.192         
 2772   280  19.172   1.113         
 2773   280  17.790   0.968         
 2775   280  20.619   1.883         
 2779   280  14.892   1.451         
 2780   280  16.402   0.951         
 2782   280  18.743   1.207         
 2783   280  17.413   0.867         
 2784   280  18.676   1.059         
 2788   280  14.950   1.474         
 2797   280  18.216   1.049         
 2802   280  15.013   1.524         
 2804   280  16.860   0.818         
 3113   280  18.499   1.071         
 3131   280  18.028   1.032         
 3159   280  21.049   1.251         
 3160   280  21.229   1.233         
 3161   280  18.397   1.015         
 3162   280  20.721   1.531         
 3163   280  16.411   1.124         
 3164   280  20.773   1.352         
 3165   280  20.268   1.432         
 3166   280  17.021   0.931         
 3167   280  20.536   1.363         
 3168   280  21.485   1.522         
 3169   280  20.979   1.555         
 3170   280  18.285   1.056         
 3171   280  18.042   1.014         
 3172   280  20.545   1.971         
 3173   280  20.535   1.345         
 3174   280  17.426   1.230         
 3175   280  20.737   1.634         
 3176   280  20.181   1.365         
 3177   280  19.920   1.342         
 3178   280  21.227   1.613         
 3179   280  18.217   1.011         
 3180   280  21.377   1.597         
 3181   280  20.162   1.330         
 3182   280  21.266   1.395         
 3183   280  20.695   1.582         
 3184   280  21.619   0.993         
 3185   280  19.571   1.202         
 3186   280  20.482   1.512         
 3187   280  21.133   1.616         
 3188   280  21.251   1.907         
 3189   280  21.864   1.747         
 3190   280  20.246   1.058         
 3191   280  20.033   1.305         
 3192   280  20.427   1.309         
 3193   280  20.882   1.575         
 3194   280  20.576   1.408         
 3195   280  21.299   1.575         
 3196   280  21.372   1.599         
 3197   280  21.756   1.297         
 3198   280  21.188   1.194         
 3199   280  21.107   1.658         
 3200   280  20.237   0.608         
 3201   280  20.222   1.357         
 3202   280  21.286   1.475         
 3203   280  19.943   1.330         
 3204   280  21.124   1.445         
 3205   280  20.185   1.392         
 3206   280  20.712   1.338         
 3207   280  20.732   1.929         
 3208   280  20.534   1.399         
 3209   280  19.692   1.418         
 3210   280  21.210   1.463         
 3211   280  21.215   1.522         
 3212   280  21.415   1.987         
 3213   280  22.333   0.247         
 3214   280  21.282   1.293         
 3215   280  20.951   1.587         
 3216   280  20.615   1.336         
 3217   280  20.462   1.250         
 3218   280  20.519   1.571         
 3219   280  21.583   1.722         
 3220   280  20.937   1.791         
 3221   280  20.385   1.371         
 3222   280  21.824   1.086         
 3223   280  21.174   1.318         
 3224   280  21.491   1.474         
 3225   280  21.573   1.757         
 3226   280  19.473   1.214         
 3227   280  21.363   1.764         
 3228   280  20.999   1.455         
 3229   280  21.185   1.810         
 3230   280  19.835   1.351         
 3231   280  20.965   1.469         
 3232   280  20.810   1.487         
 3233   280  19.332   1.599         
 3234   280  20.797   1.783         
 3235   280  21.129   1.384         
 3236   280  20.821   1.439         
 3237   280  21.163   1.634         
 3238   280  21.606   1.350         
 3239   280  21.240   0.962         
 3240   280  21.071   1.353         
 3241   280  21.972   0.588         
 3242   280  20.665   2.314         
 3243   280  19.901   1.287         
 3244   280  20.123   1.298         
 3245   280  20.994   1.432         
 3246   280  19.797   1.163         
 3247   280  22.040   1.513         
 3248   280  20.526   1.465         
 3249   280  20.585   1.280         
 3250   280  21.145   1.414         
 3251   280  20.599   1.443         
 3252   280  18.575   1.382         
 3253   280  20.974   1.451         
 3254   280  20.407   1.431         
 3255   280  22.140   1.434         
 3256   280  21.250   1.426         
 3257   280  20.910   1.456         
 3258   280  21.249   2.069         
 3259   280  20.529   1.339         
 3260   280  22.053   1.242         
 3261   280  20.827   1.481         
 3262   280  20.257   1.489         
 3263   280  20.979   1.613         
 3264   280  21.300   1.476         
 3265   280  21.380   1.665         
 3266   280  21.571   1.776         
 3267   280  20.815   1.862         
 3268   280  21.072   1.605         
 3269   280  20.902   1.735         
 3270   280  21.455   1.551         
 3271   280  20.977   1.481         
 3272   280  20.739   1.466         
 3273   280  20.850   1.267         
 3274   280  21.553   1.644         
 3275   280  20.928   1.245         
 3276   280  20.125   0.996         
 3277   280  21.408   1.397         
 3278   280  20.265   1.320         
 3279   280  21.354   1.303         
 3280   280  20.227   1.108         
 3281   280  21.050   1.200         
 3282   280  20.825   1.557         
 3283   280  21.627   1.737         
 3284   280  20.617   1.439         
 3285   280  21.002   1.427         
 3286   280  21.230   1.212         
 3287   280  21.392   1.273         
 3288   280  19.054   1.099         
 3289   280  21.243   1.459         
 3290   280  19.526   1.137         
 3291   280  20.393   1.378         
 3292   280  20.769   1.537         
 3293   280  21.268   1.571         
 3294   280  19.283   1.741         
 3295   280  21.400   1.543         
 3296   280  20.044   1.431         
 3297   280  19.402   1.257         
 3298   280  21.446   0.224         
 3299   280  20.670   1.446         
 3300   280  19.695   1.239         
 3301   280  20.331   1.371         
 3302   280  20.308   1.545         
 3303   280  20.558   1.112         
 3304   280  21.432   1.439         
 3305   280  21.282   1.500         
 3306   280  20.949   1.663         
 3307   280  20.396   1.402         
 3308   280  22.050   1.157         
 3309   280  20.957   1.494         
 3310   280  21.359   1.264         
 3311   280  19.887   1.390         
 3312   280  21.430   1.887         
 3313   280  20.826   1.347         
 3314   280  21.259   1.630         
 3315   280  20.698   1.565         
 3316   280  21.104   1.534         
 3317   280  21.233   1.353         
 3318   280  20.619   1.372         
 3319   280  21.221   1.558         
 3320   280  20.245   1.451         
 3321   280  20.464   1.339         
 3322   280  21.146   1.512         
 3323   280  21.025   1.883         
 3324   280  21.179   1.527         
 3325   280  20.161   1.294         
 3326   280  21.277   1.933         
 3327   280  21.461   1.599         
 3328   280  20.433   1.300         
 3329   280  21.114   1.173         
 3330   280  20.300   1.257         
 3331   280  20.785   1.440         
 3332   280  21.926   1.124         
 3333   280  20.677   1.357         
 3334   280  20.294   1.287         
 3335   280  20.200   1.334         
 3336   280  20.063   1.311         
 3337   280  22.096   1.682         
 3338   280  21.644   1.491         
 3339   280  21.040   1.663         
 3340   280  21.554   0.554         
 3341   280  20.005   1.284         
 3342   280  21.417   1.350         
 3343   280  19.710   1.206         
 3344   280  21.304   1.148         
 3345   280  20.275   1.290         
 3346   280  21.272   1.201         
 3347   280  21.202   1.545         
 3348   280  20.579   1.463         
 3349   280  20.857   1.603         
 3350   280  20.379   1.427         
 3351   280  21.392   1.411         
 3352   280  20.324   1.343         
 3353   280  20.427   1.397         
 3354   280  20.901   1.919         
 3355   280  21.304   1.393         
 3356   280  19.783   1.037         
 3357   280  20.874   1.133         
 3358   280  19.768   1.337         
 3359   280  21.210   1.624         
 3360   280  22.158   1.262         
 3361   280  20.647   1.901         
 3362   280  20.198   1.489         
 3363   280  20.362   1.239         
 3364   280  20.173   0.382         
 3365   280  21.151   1.230