UBV CCD observations

  No    Ref    V       B-V     U-B

 0001   182  18.040   1.018         
 0004   182  15.000   0.663   0.174
 0006   182  16.570   0.815   0.283
 0007   182  16.860   1.033   0.900
 0008   182  18.400   0.747         
 0009   182  16.280   0.800   0.043
 0010   182  17.770   0.799         
 0011   182  17.750   1.264         
 0012   182  18.300   0.747         
 0015   182  17.800   0.891   0.004
 0017   182  17.670   0.733  -0.104
 0021   182  18.420   0.911         
 0024   182  17.340   1.390         
 0025   182  17.300   0.603   0.250
 0026   182  18.330   1.026         
 0027   182  17.160   1.153   0.666
 0033   182  15.830   0.632   0.141
 0034   182  18.090   0.935   0.142
 0035   182  14.810   1.274   0.939
 0036   182  19.010   0.800         
 0038   182  18.170   0.729   0.145
 0039   182  13.860   1.329   1.089
 0040   182  18.150   0.671   0.232
 0041   182  16.400   1.069   0.567
 0043   182  17.260   0.933   0.418
 0045   182  17.760   1.211         
 0046   182  14.860   0.827   0.076
 0047   182  18.390   0.988         
 0048   182  17.050   1.298         
 0050   182  17.170   0.817   0.111
 0052   182  16.190   0.963   0.347
 0053   182  16.610   0.902   0.129
 0054   182  15.710   0.893   0.083
 0057   182  17.600   0.888   0.005
 0058   182  16.170   0.686   0.113
 0061   182  15.450   0.767         
 0063   182  16.040   0.626   0.087
 0064   182  18.380   1.149         
 0065   182  18.130   0.829   0.096
 0068   182  17.680   1.158         
 0069   182  17.800   0.820   0.120
 0071   182  17.210   0.855  -0.006
 0072   182  17.520   1.252         
 0073   182  16.910   0.858  -0.057
 0074   182  18.370   0.528         
 0076   182  18.270   0.984         
 0077   182  14.790   0.781   0.067
 0079   182  16.600   1.020   0.462
 0080   182  17.760   1.060   0.069
 0081   182  16.260   0.867   0.007
 0082   182  17.750   0.753  -0.153
 0083   182  16.990   1.041   0.071
 0084   182  18.720   1.294         
 0085   182  17.030   1.178         
 0086   182  17.490   1.048         
 0087   182  17.400   1.119         
 0088   182  17.980   0.871  -0.029
 0089   182  18.590   0.779         
 0091   182  18.250   0.562         
 0092   182  18.130   1.097         
 0093   182  19.450   0.710         
 0094   182  16.630   0.986   0.089
 0097   182  13.900   1.025   0.678
 0099   182  12.350   0.717   0.056
 0101   182  14.760   1.179   1.065
 0108   182  18.430   1.177         
 0110   182  16.600   1.240   1.172
 0114   182  17.070   0.822  -0.263
 0115   182  18.370   0.694         
 0116   182  16.460   0.845  -0.081
 0119   182  15.750   1.265   0.710
 0120   182  14.220   0.762   0.003
 0121   182  15.690   1.235   0.812
 0122   182  14.440   0.865         
 0125   182  16.980   1.355         
 0126   182  17.950   1.073   0.454
 0127   182  16.170   0.842  -0.038
 0128   182  14.770   0.837   0.055
 0130   182  13.190   0.767  -0.057
 0132   182  17.940   1.230         
 0133   182  17.740   0.868   0.090
 0134   182  18.040   1.159         
 0135   182  15.530   1.181   0.589
 0136   182  17.140   1.297         
 0137   182  18.330   1.055         
 0139   182  18.320   1.030         
 0140   182  13.570   1.264   0.710
 0141   182  17.480   1.042         
 0145   182  17.470   0.816  -0.047
 0147   182  15.150   0.799   0.005
 0148   182  18.300   0.875         
 0150   182  16.710   0.825   0.022
 0152   182  13.530   0.872   0.170
 0153   182  17.950   0.912  -0.251
 0154   182  17.760   0.986         
 0155   182  16.730   0.743   0.024
 0157   182  17.830   1.782         
 0158   182  18.190   0.917  -0.549
 0161   182  17.990   0.852  -0.020
 0163   182  17.510   1.372         
 0164   182  17.830   0.703  -0.136
 0165   182  15.560   0.660   0.232
 0171   182  17.530   1.412         
 0173   182  18.100   1.169         
 0174   182  18.370   0.918         
 0175   182  18.370   0.968         
 0178   182  18.390   0.782         
 0180   182  18.180   1.062         
 0183   182  18.390   0.989         
 0184   182  16.670   1.085         
 0185   182  17.070   0.869   0.159
 0188   182  18.100   0.735         
 0189   182  17.650   0.864   0.150
 0190   182  15.630   0.870   0.071
 0191   182  15.480   0.794   0.212
 0193   182  11.650   1.158   0.562
 0194   182  16.520   0.955   0.156
 0195   182  17.320   0.891   0.087
 0197   182  15.650   1.102   0.545
 0199   182  17.910   1.194         
 0201   182  12.290   0.981   0.317
 0202   182  17.580   0.773   0.040
 0203   182  14.080   1.565   1.578
 0205   182  17.940   0.919  -0.232
 0209   182  17.280   1.258         
 0210   182  15.660   0.981   0.254
 0213   182  16.480   0.868   0.111
 0214   182  15.720   1.274   0.917
 0215   182  17.810   0.857   0.404
 0216   182  16.750   0.698   0.110
 0219   182  14.970   1.034   0.282
 0220   182  15.250   1.328   0.949
 0221   182  16.760   1.015   0.183
 0222   182  13.090   1.396   1.003
 0224   182  16.620   0.866   0.045
 0225   182  15.810   0.851   0.008
 0226   182  15.440   0.768   0.076
 0227   182  13.640   0.698   0.084
 0228   182  17.870   1.064         
 0229   182  12.470   1.659   1.814
 0230   182  16.950   1.338         
 0231   182  18.310   0.718  -0.328
 0232   182  16.810   0.840   0.131
 0233   182  15.430   1.279         
 0234   182  18.920   0.749         
 0236   182  17.970   0.976         
 0237   182  17.750   1.311         
 0238   182  14.640   0.886   0.096
 0239   182  18.650   0.951         
 0244   182  11.690   1.207   0.888
 0246   182  18.010   1.102         
 0247   182  17.090   1.206         
 0248   182  18.380   0.895         
 0249   182  18.490   0.956         
 0250   182  18.350   0.812         
 0251   182  18.140   0.775         
 0252   182  16.500   1.154   0.533
 0253   182  17.690   1.224         
 0254   182  17.210   0.956   0.129
 0255   182  18.420   0.668         
 0256   182  14.530   1.057   0.516
 0257   182  12.110   1.536   1.875
 0258   182  14.300   0.800   0.023
 0259   182  18.490   0.678         
 0261   182  17.950   1.637         
 0267   182  18.410   1.006         
 0269   182  18.050   0.992         
 0270   182  16.190   1.054   0.297
 0271   182  16.480   0.954   0.053
 0272   182  18.590   1.026         
 0274   182  18.450   0.780         
 0275   182  18.650   0.835         
 0277   182  15.900   0.896   0.253
 0279   182  16.280   1.031         
 0281   182  17.920   0.819         
 0283   182  10.280   0.510   0.094
 0284   182  17.730   0.881  -0.036
 0285   182  15.270   1.022   0.169
 0287   182  16.370   0.819   0.060
 0290   182  16.010   0.699  -0.108
 0293   182  18.320   1.082         
 0294   182  16.580   0.768   0.165
 0295   182  17.140   0.909  -0.079
 0298   182  11.840   0.344   0.249
 0300   182  17.470   1.012  -0.015
 0301   182  10.830   0.250   0.041
 0302   182  17.770   1.260         
 0303   182  14.420   0.714   0.103
 0305   182  17.330   0.852   0.216
 0306   182  16.370   0.910   0.464
 0309   182  17.530   1.113         
 0310   182  15.890   0.977   0.474
 0311   182  17.380   0.864         
 0312   182  18.480   0.786         
 0313   182  16.060   0.964   0.241
 0315   182  17.100   1.441         
 0317   182  18.210   0.925         
 0318   182  15.970   0.785   0.204
 0319   182  13.300   1.162   0.611
 0320   182  17.240   0.746         
 0321   182  14.130   0.985   0.207
 0325   182  16.470   1.004   0.059
 0326   182  12.380   1.453   1.349
 0327   182  16.420   0.909   0.180
 0329   182  14.820   1.031   0.292
 0330   182  18.460   0.762         
 0331   182  16.230   0.831   0.172
 0332   182  18.160   0.927         
 0334   182  12.030   0.463   0.220
 0335   182  17.780   0.873  -0.207
 0338   182  17.990   0.860         
 0339   182  17.190   0.978   0.078
 0342   182  14.610   0.692   0.062
 0343   182  16.920   0.909  -0.018
 0345   182  17.890   0.932         
 0346   182  18.350   0.934         
 0347   182  17.120   0.834  -0.085
 0349   182  16.820   0.909   0.188
 0351   182  16.670   0.800   0.060
 0352   182  18.660   0.844         
 0353   182  18.580   0.748         
 0354   182  17.420   0.807         
 0357   182  17.370   0.929         
 0358   182  18.140   0.794         
 0360   182  16.160   1.101   0.480
 0361   182  17.250   0.872         
 0363   182  12.910   0.615   0.089
 0364   182  18.250   1.009         
 0365   182  17.180   1.063   0.467
 0366   182  15.770   0.674   0.135
 0367   182  17.820   0.801   0.312
 0368   182  17.390   0.884   0.034
 0370   182  18.260   1.060         
 0371   182  17.630   1.267         
 0372   182  17.940   1.269         
 0374   182  18.880   0.655         
 0376   182  17.720   0.851         
 0377   182  16.740   0.926  -0.169
 0379   182  18.170   0.920         
 0380   182  17.520   1.369         
 0381   182  16.360   1.243   0.878
 0382   182  18.650   1.178         
 0384   182  17.270   0.778   0.211
 0385   182  18.080   1.048         
 0386   182  16.780   0.798  -0.010
 0389   182  14.440   0.987   0.186
 0390   182  16.810   1.099         
 0393   182  16.100   0.733  -0.015
 0395   182  18.020   1.321         
 0396   182  16.930   0.957   0.023
 0397   182  14.350   1.414   1.146
 0399   182  17.330   0.846   0.173
 0400   182  15.880   1.280   0.890
 0401   182  17.850   0.752  -0.161
 0402   182  17.860   1.039         
 0404   182  17.790   1.173         
 0405   182  14.370   0.904   0.319
 0406   182  12.580   0.912   0.095
 0408   182  16.390   0.990   0.280
 0411   182  16.450   0.849   0.023
 0412   182  16.520   0.976   0.129
 0414   182  16.460   0.795   0.041
 0415   182  15.010   0.957   0.434
 0416   182  18.430   1.009         
 0417   182  18.200   0.887         
 0419   182  17.330   0.673         
 0420   182  16.480   1.468         
 0421   182  18.380   1.003         
 0422   182  13.280   0.805  -0.029
 0424   182  13.110   1.691   1.856
 0426   182  16.390   1.291   0.876
 0427   182  13.880   0.570   0.114
 0428   182  14.550   0.692   0.025
 0430   182  17.700   0.862  -0.063
 0431   182  15.970   0.777   0.032
 0434   182  14.350   0.842  -0.069
 0435   182  17.780   0.864         
 0436   182  16.590   0.853   0.033
 0437   182  18.010   1.574         
 0438   182  17.240   0.688  -0.056
 0439   182  17.670   0.959         
 0440   182  18.310   1.085         
 0441   182  18.050   0.687         
 0442   182  14.510   0.871   0.064
 0444   182  13.170   1.503   1.276
 0446   182  17.390   1.057  -0.050
 0447   182  17.250   0.895   0.030
 0448   182  15.940   0.783  -0.067
 0449   182  17.650   1.080         
 0453   182  17.590   0.796   0.042
 0454   182  17.990   0.960         
 0455   182  17.580   0.919         
 0456   182  17.220   0.966   0.166
 0457   182  13.350   0.645   0.074
 0459   182  17.490   0.841         
 0460   182  16.010   0.845  -0.084
 0463   182  16.680   0.720  -0.039
 0464   182  18.020   1.055         
 0466   182  16.830   0.788         
 0467   182  18.190   1.043         
 0468   182  13.470   0.423   0.229
 0469   182  16.020   1.042   0.484
 0470   182  15.240   1.006   0.150
 0471   182  16.530   0.855   0.023
 0472   182  15.650   0.784  -0.045
 0473   182  15.180   1.012   0.309
 0474   182  14.520   0.807   0.015
 0475   182  16.120   1.399         
 0476   182  17.300   0.944  -0.105
 0477   182  17.010   0.855   0.089
 0479   182  15.340   1.066   0.097
 0482   182  15.630   0.876  -0.003
 0483   182  17.840   0.918   0.146
 0485   182  15.480   0.876   0.372
 0486   182  17.980   0.707   0.600
 0487   182  13.490   0.549   0.229
 0488   182  16.200   0.885   0.129
 0489   182  16.460   0.678   0.050
 0491   182  17.060   0.974   0.183
 0492   182  15.900   1.121         
 0494   182  17.260   0.825  -0.319
 0495   182  15.870   1.419   0.777
 0497   182  12.980   1.529   1.475
 0498   182  15.690   0.717   0.216
 0499   182  17.550   1.129   0.410
 0500   182  14.210   0.812   0.027
 0501   182  15.920   0.941   0.185
 0502   182  15.540   0.965   0.118
 0504   182  14.830   1.217   0.645
 0505   182  14.810   0.692  -0.057
 0507   182  18.490   1.029         
 0510   182  17.630   0.961         
 0511   182  15.180   0.843  -0.142
 0512   182  17.900   0.972         
 0513   182  13.620   0.808   0.203
 0514   182  17.820   0.860         
 0516   182  17.020   1.463         
 0517   182  16.140   0.750  -0.027
 0518   182  17.020   1.256   0.350
 0521   182  17.710   1.021         
 0524   182  17.230   0.887   0.419
 0525   182  18.340   0.699  -0.022
 0526   182  15.170   0.535   0.204
 0527   182  15.880   1.314   0.703
 0528   182  17.820   1.060         
 0529   182  18.800   1.029         
 0530   182  17.000   0.754   0.078
 0531   182  16.790   0.819         
 0533   182  18.710   0.981         
 0534   182  17.070   1.004   0.058
 0535   182  18.200   0.791   0.175
 0537   182  15.050   0.956   0.135
 0538   182  17.210   1.106         
 0539   182  17.820   1.023         
 0540   182  16.580   0.791  -0.039
 0541   182  17.020   0.657   0.131
 0542   182  16.340   1.116   0.965
 0543   182  17.760   1.066         
 0545   182  17.730   1.099         
 0546   182  16.740   1.144   0.192
 0547   182  16.280   0.701   0.021
 0548   182  14.190   0.970   0.099
 0549   182  15.660   0.827  -0.004
 0550   182  16.780   0.797   0.096
 0551   182  18.010   0.966         
 0552   182  14.000   0.620   0.051
 0553   182  17.190   0.940   0.413
 0554   182  17.400   0.756   0.143
 0555   182  15.230   0.753   0.155
 0557   182  17.230   1.192   0.230
 0558   182  17.800   0.967         
 0563   182  17.030   0.857   0.290
 0564   182  16.360   0.884   0.174
 0565   182  17.500   0.796  -0.196
 0566   182  17.880   1.323         
 0567   182  17.260   0.849  -0.092
 0568   182  16.430   1.175   0.755
 0570   182  17.160   1.221   1.168
 0571   182  17.930   0.963         
 0573   182  16.060   0.711   0.136
 0577   182  16.760   0.916   0.325
 0582   182  18.780   0.935  -0.853
 0584   182  18.630   0.963         
 0585   182  18.110   1.066         
 0586   182  14.260   0.801  -0.097
 0587   182  18.290   1.417         
 0591   182  11.280   0.359  -0.027
 0593   182  16.020   0.881   0.005
 0594   182  17.020   0.891  -0.102
 0595   182  12.140   0.661  -0.018
 0596   182  17.200   0.908  -0.167
 0598   182  16.140   0.797   0.066
 0599   182  16.200   1.373   1.200
 0600   182  15.860   1.266   1.110
 0601   182  18.050   0.872         
 0605   182  18.280   1.036         
 0606   182  17.210   0.998   0.370
 0607   182  15.020   0.568   0.181
 0610   182  15.380   1.152   0.638
 0613   182  17.930   1.794         
 0614   182  16.270   0.970  -0.172
 0615   182  16.270   1.020   0.148
 0616   182  15.740   0.636   0.306
 0617   182  15.320   1.088   0.440
 0619   182  14.790   0.766   0.048
 0620   182  15.680   0.787   0.104
 0621   182  17.720   0.893         
 0622   182  16.710   0.963   0.306
 0624   182  15.150   0.853  -0.061
 0626   182  17.260   1.165   0.170
 0627   182  16.480   0.847   0.031
 0628   182  17.620   1.155         
 0629   182  16.160   1.199   0.563
 0630   182  16.240   0.812   0.175
 0632   182  16.590   1.053   0.503
 0633   182  16.230   0.765   0.110
 0635   182  17.500   0.978         
 0636   182  17.710   0.997  -0.127
 0637   182  15.580   0.850         
 0638   182  16.230   1.133   0.925
 0640   182  14.550   1.353   0.808
 0641   182  16.460   0.956         
 0642   182  17.380   0.965   0.066
 0643   182  16.160   0.981   0.433
 0644   182  17.590   0.892   0.026
 0645   182  16.960   0.886  -0.109
 0646   182  18.350   0.906         
 0647   182  14.930   0.762  -0.008
 0648   182  17.230   1.265         
 0649   182  17.450   1.567         
 0651   182  18.450   1.263         
 0652   182  19.180   1.124         
 0653   182  19.080   1.283         
 0655   182  18.570   0.801         
 0656   182  15.510   0.884   0.132
 0657   182  17.160   0.777   0.040
 0659   182  17.540   1.092         
 0661   182  14.480   0.736   0.032
 0662   182  17.950   0.877         
 0665   182  16.600   0.935   0.041
 0666   182  16.580   0.973   0.080
 0668   182  18.000   1.205         
 0669   182  18.520   0.892         
 0670   182  17.260   1.007  -0.217
 0671   182  16.760   0.660   0.125
 0672   182  18.850   1.376         
 0673   182  19.750   1.048         
 0678   182  18.810   1.048         
 0681   182  17.940   0.934         
 0682   182  19.570   1.358         
 0683   182  14.270   1.078   0.843
 0686   182  19.790   1.152         
 0689   182  18.140   1.114         
 0690   182  17.980   1.564         
 0691   182  17.720   1.006   0.438
 0693   182  16.690   0.808   0.071
 0694   182  17.000   0.765   0.037
 0695   182  13.330   1.278   0.948
 0696   182  18.380   1.049         
 0698   182  17.950   1.160   0.156
 0699   182  15.570   1.032   0.306
 0700   182  18.660   1.585         
 0701   182  17.460   1.057   0.481
 0702   182  17.950   1.003         
 0703   182  17.500   1.369         
 0704   182  16.780   1.200   0.657
 0705   182  18.650   0.879         
 0708   182  19.500   1.255         
 0709   182  16.450   0.957         
 0710   182  17.860   0.864         
 0711   182  14.930   1.057   0.498
 0712   182  19.550   0.988         
 0713   182  17.190   0.779   0.678
 0714   182  17.780   1.111         
 0715   182  15.350   0.855   0.167
 0716   182  17.980   1.044         
 0718   182  13.720   1.244   1.058
 0720   182  18.380   0.773         
 0721   182  17.860   1.403         
 0722   182  17.540   1.136         
 0723   182  12.900   0.637   0.083
 0724   182  12.510   1.196   0.758
 0725   182  16.280   1.053         
 0726   182  20.010   1.117         
 0727   182  18.050   1.157         
 0728   182  19.040   1.383         
 0729   182  18.940   1.176         
 0730   182  17.130   0.860  -0.048
 0733   182  17.630   1.146         
 0734   182  19.190   1.119         
 0735   182  15.550   0.882   0.204
 0737   182  16.290   0.827   0.261
 0739   182  18.700   0.808         
 0740   182  16.580   0.762   0.245
 0741   182  13.860   0.752   0.270
 0742   182  19.430   1.038         
 0743   182  19.250   0.806         
 0745   182  16.810   0.985   0.342
 0746   182  13.350   0.596   0.149
 0747   182  17.110   1.299   0.794
 0748   182  17.290   1.391         
 0750   182  18.970   1.857         
 0751   182  17.410   0.836  -0.238
 0753   182  19.140   1.044         
 0754   182  18.510   1.517         
 0756   182  14.860   1.021   0.292
 0759   182  19.030   1.843         
 0761   182   9.130   1.714   1.651
 0762   182  18.600   1.065         
 0763   182  17.250   1.057   0.080
 0764   182  18.010   1.154         
 0765   182  16.800   0.995         
 0768   182  13.840   0.710   0.075
 0770   182  16.240   1.642         
 0772   182  17.520   1.605         
 0773   182  17.960   0.890         
 0774   182  18.250   1.377         
 0775   182  15.220   1.034   0.445
 0776   182  17.010   0.987   0.585
 0777   182  17.870   0.915         
 0778   182  18.130   1.174         
 0781   182  17.050   1.175         
 0782   182  19.450   1.257         
 0784   182  15.240   1.220   1.090
 0785   182  17.770   1.042   0.137
 0786   182  18.690   0.960         
 0787   182  17.370   1.047   0.435
 0789   182  20.120   0.918         
 0790   182  15.870   0.878   0.258
 0791   182  13.800   0.776   0.103
 0792   182  17.340   0.780   0.009
 0794   182  19.720   1.197         
 0795   182  19.400   1.138         
 0799   182  17.400   0.958         
 0800   182  16.490   0.810   0.078
 0801   182  17.120   1.041   0.379
 0802   182  16.720   0.816   0.017
 0804   182  17.400   1.195         
 0806   182  19.510   0.947         
 0807   182  14.660   1.108   0.837
 0808   182  17.620   1.440  -0.400
 0809   182  17.080   1.200   0.653
 0811   182  17.620   0.870   0.134
 0812   182  17.720   0.911         
 0813   182  17.890   0.879         
 0814   182  14.130   0.768   0.096
 0815   182  17.790   1.300   0.483
 0816   182  14.120   0.751   0.189
 0818   182  17.510   1.178         
 0819   182  19.220   1.996         
 0820   182  18.490   0.924         
 0823   182  19.100   1.365         
 0824   182  14.570   0.774   0.093
 0825   182  16.410   1.184   0.847
 0827   182  14.780   1.128   0.651
 0829   182  17.220   1.253         
 0830   182  18.020   0.836         
 0831   182  16.520   0.823  -0.035
 0833   182  17.720   0.903   0.408
 0834   182  16.830   0.888   0.105
 0836   182  18.240   1.772         
 0837   182  15.500   1.077   0.715
 0838   182  18.290   1.114         
 0841   182  17.260   0.924   0.234
 0842   182  17.700   0.998   0.266
 0843   182  19.840   0.945         
 0844   182  18.450   0.994         
 0846   182  16.520   1.223   0.804
 0848   182  17.310   1.002   0.343
 0849   182  15.940   1.154   0.724
 0850   182  17.750   1.648         
 0852   182  17.800   1.051         
 0853   182  13.710   0.827   0.183
 0854   182  18.110   1.234         
 0855   182  18.950   0.912         
 0856   182  16.100   1.339   1.168
 0857   182  17.190   1.447         
 0858   182  17.700   1.179         
 0860   182  15.950   0.951   0.375
 0861   182  17.170   1.083   0.886
 0862   182  15.300   0.872   0.124
 0864   182  18.640   0.704         
 0865   182  18.880   0.825         
 0866   182  17.230   1.373         
 0868   182  17.580   1.347         
 0869   182  19.110   1.886         
 0870   182  15.890   0.899   0.198
 0871   182  15.610   1.011   0.383
 0872   182  15.860   1.338         
 0873   182  17.440   1.353         
 0874   182  14.440   1.152   0.491
 0875   182  12.770   0.763   0.067
 0876   182  18.980   1.063         
 0877   182  16.590   1.119   0.354
 0878   182  17.880   0.988         
 0879   182  14.720   1.012   0.421
 0880   182  17.700   0.940   0.159
 0881   182  17.580   0.860  -0.123
 0882   182  18.830   1.165         
 0883   182  12.100   0.475   0.178
 0884   182  15.760   1.294         
 0885   182  18.130   1.044         
 0886   182  13.090   1.258   0.883
 0887   182  14.730   1.169   0.707
 0893   182  17.350   0.807  -0.953
 0894   182   9.190   0.268  -0.355
 0895   182  17.170   1.100   0.514
 0896   182  16.310   1.233         
 0898   182  15.840   0.905   0.184
 0900   182  17.390   0.750   0.085
 0901   182  17.300   1.075  -0.249
 0902   182  19.030   1.300         
 0903   182  15.240   0.815  -0.023
 0904   182  18.650   1.914         
 0906   182  18.430   1.186         
 0908   182  17.960   0.980   0.042
 0910   182  18.430   0.889  -0.208
 0911   182  18.440   0.565         
 0912   182  19.010   1.010         
 0913   182  16.840   0.966  -0.049
 0915   182  18.420   0.799         
 0916   182  17.290   1.324         
 0917   182  16.540   1.056         
 0918   182  16.890   0.635         
 0919   182  15.920   0.984   0.250
 0921   182  16.420   0.935   0.232
 0922   182  18.950   1.427         
 0923   182  19.570   0.988         
 0924   182  19.550   1.208         
 0925   182  19.280   1.255         
 0926   182  16.660   1.204   0.758
 0927   182  17.960   0.821  -0.524
 0928   182   8.400   0.197  -0.511
 0929   182  16.480   0.824   0.002
 0930   182  18.650   0.231         
 0932   182  15.620   1.414   0.580
 0934   182  19.780   0.931         
 0935   182  17.500   1.159         
 0936   182  14.900   1.231   0.940
 0937   182  18.600   0.993         
 0938   182  19.210   1.836         
 0941   182  12.240   0.452   0.221
 0942   182  19.460   1.256         
 0946   182  16.820   1.069   0.420
 0947   182  18.790   1.192         
 0950   182  18.760   1.143         
 0952   182  12.410   0.561   0.154
 0953   182  16.620   1.284   0.443
 0954   182  17.640   0.805   0.157
 0955   182  15.060   0.929   0.205
 0956   182  16.160   0.908   0.131
 0957   182  17.070   1.307   0.339
 0958   182  17.520   0.836   0.388
 0960   182  17.030   0.846   0.052
 0961   182  13.220   1.000   0.135
 0962   182  19.990   1.412         
 0963   182  17.830   0.976         
 0964   182  15.570   0.489   0.208
 0965   182  17.020   1.115  -0.166
 0966   182  18.730   0.835         
 0967   182  16.800   0.898   0.203
 0969   182  17.440   1.099  -0.111
 0970   182  17.060   0.948         
 0971   182  19.730   0.866         
 0972   182  18.730   1.032         
 0975   182  17.380   1.129         
 0976   182  15.220   1.070   0.335
 0977   182  17.090   1.387         
 0979   182  17.880   0.935         
 0980   182  16.730   1.227   0.421
 0981   182  16.380   0.752  -0.028
 0982   182  14.830   0.890   0.173
 0983   182  16.860   0.800   0.018
 0984   182  20.000   1.730         
 0985   182  16.160   1.027   0.578
 0987   182  16.660   0.836  -0.017
 0988   182  13.330   0.659   0.209
 0989   182  17.630   0.966  -0.041
 0990   182  18.680   0.859         
 0991   182  16.630   1.166         
 0992   182  15.180   0.889  -0.023
 0993   182  12.590   1.105   0.570
 0994   182  14.930   0.653   0.207
 0996   182  17.610   1.033  -0.138
 0998   182  18.820   1.016         
 1002   182  12.070   0.867   0.221
 1003   182  19.650   0.904         
 1004   182  15.200   0.818   0.047
 1005   182  13.630   0.998   0.079
 1008   182  18.490   1.094         
 1009   182  19.870   0.844         
 1010   182  15.650   1.228   0.446
 1011   182  18.550   1.044         
 1012   182  18.400   0.917         
 1014   182  15.540   1.275   0.912
 1015   182  16.800   1.181   0.775
 1016   182  16.710   1.328   0.842
 1017   182  16.520   1.001  -0.075
 1019   182  17.990   0.772  -0.032
 1021   182  19.180   1.095         
 1022   182  16.350   0.821   0.022
 1023   182  15.630   0.953   0.127
 1024   182  14.580   0.961  -0.042
 1025   182  15.180   1.057  -0.104
 1026   182  19.670   1.058         
 1027   182  17.800   1.039   0.085
 1028   182  15.430   1.099   0.669
 1029   182  18.860   0.903         
 1030   182  13.720   0.718  -0.097
 1032   182  18.370   1.178         
 1035   182  11.300   0.384  -0.104
 1037   182  13.910   1.437   1.419
 1038   182  18.020   0.880  -0.429
 1039   182  10.620   0.230  -0.038
 1041   182  16.780   1.212   0.156
 1042   182  18.480   0.991   0.015
 1043   182  17.350   1.818         
 1044   182  12.900   1.017   0.861
 1046   182  19.130   1.344         
 1048   182  17.570   1.317         
 1049   182  19.580   0.892         
 1051   182  19.310   1.042         
 1054   182  18.320   1.175         
 1055   182  17.250   1.487         
 1056   182  17.230   0.882  -0.005
 1057   182  19.080   1.715         
 1058   182  16.970   0.998   0.224
 1059   182  16.910   0.960   0.178
 1060   182  17.100   0.900  -0.136
 1062   182  18.210   1.723         
 1065   182  15.510   0.832  -0.212
 1066   182  18.680   1.793         
 1067   182  19.740   0.920         
 1068   182  14.400   1.262   0.801
 1069   182  16.160   1.283   0.514
 1070   182  15.340   1.185   1.113
 1074   182  19.040   0.907         
 1075   182  18.060   1.251         
 1077   182  17.860   0.686   0.049
 1079   182  18.670   1.419         
 1080   182  18.910   1.115         
 1082   182  16.530   1.245         
 1083   182  17.330   0.894  -0.001
 1084   182  14.540   1.012   0.007
 1085   182  18.140   0.990   0.055
 1086   182  15.860   1.122   0.427
 1087   182  14.450   0.853   0.035
 1088   182  18.460   1.234         
 1090   182  17.070   1.350         
 1091   182  18.150   1.139   0.180
 1092   182  18.530   0.841         
 1093   182  18.410   1.077         
 1094   182  19.130   1.301         
 1095   182  17.070   0.893  -0.083
 1097   182  16.540   1.257   0.767
 1098   182  17.060   0.722  -0.015
 1099   182  15.220   0.891   0.155
 1100   182  17.520   1.444         
 1101   182  18.130   0.961         
 1102   182  16.380   1.264   1.332
 1104   182  18.580   0.836         
 1105   182  18.530   1.028         
 1106   182  17.240   1.050         
 1107   182  18.600   0.889         
 1109   182  18.960   1.126         
 1110   182  17.590   1.149   0.154
 1111   182  12.630   0.714   0.097
 1112   182  18.140   1.793         
 1113   182  15.030   1.084   0.493
 1114   182  18.140   1.269         
 1115   182  18.330   0.844         
 1117   182  17.960   1.090         
 1118   182  18.350   1.694         
 1120   182  18.670   0.935         
 1121   182  16.600   0.986   0.419
 1122   182  18.930   0.783         
 1124   182  19.570   0.955         
 1125   182  13.910   0.857   0.111
 1127   182  19.590   1.172         
 1128   182  18.890   0.790         
 1129   182  17.210   0.957   0.083
 1131   182  17.900   1.371         
 1132   182  17.820   0.982   0.061
 1134   182  19.530   1.058         
 1135   182  16.820   1.085   0.231
 1136   182  18.180   1.084  -0.235
 1137   182  18.210   1.502         
 1138   182  14.800   0.376   0.184
 1140   182  17.800   1.582         
 1141   182  19.490   1.139         
 1143   182  19.600   0.923         
 1144   182  17.360   0.847   0.091
 1146   182  19.070   0.914         
 1147   182  17.620   1.380         
 1149   182  19.730   0.955         
 1150   182  18.200   1.093         
 1151   182  18.770   1.232         
 1153   182  19.490   1.014         
 1154   182  18.510   1.238         
 1155   182  17.670   1.058  -0.228
 1157   182  16.530   1.136   0.122
 1158   182  17.880   0.698   0.079
 1159   182  19.200   1.038         
 1160   182  15.810   0.804   0.171
 1161   182  17.560   0.935  -0.385
 1163   182  13.720   1.197   0.847
 1164   182  16.920   0.956  -0.220
 1165   182  18.710   0.668         
 1166   182  18.210   1.173         
 1167   182  14.290   1.302   0.885
 1168   182  19.380   1.417         
 1169   182  17.260   1.799         
 1170   182  18.470   0.959  -0.298
 1171   182  13.350   0.679  -0.088
 1172   182  15.180   1.103   0.803
 1173   182  19.960   0.795         
 1175   182  18.330   0.925  -0.296
 1178   182  17.380   0.752   0.059
 1179   182  16.490   1.274   0.619
 1181   182  18.130   0.901  -0.049
 1182   182  16.900   0.766  -0.152
 1183   182  17.850   1.013  -0.179
 1184   182  19.990   1.386         
 1186   182  18.340   0.842  -0.138
 1188   182  15.190   0.877   0.050
 1189   182  17.810   1.011         
 1190   182  19.040   1.203         
 1191   182  18.410   1.349         
 1192   182  18.460   2.091         
 1193   182  19.150   2.044         
 1195   182  15.750   1.181   0.744
 1196   182  18.030   0.956  -0.329
 1197   182  17.370   0.869   0.015
 1198   182  14.950   0.790  -0.142
 1199   182  15.920   1.216         
 1200   182  17.150   0.793         
 1201   182  14.290   1.444   0.927
 1202   182  12.970   1.523   1.357
 1203   182  19.560   1.311         
 1205   182  17.900   1.530         
 1206   182  16.630   0.960   0.036
 1208   182  17.980   1.282         
 1209   182  18.010   0.950   0.244
 1210   182  19.340   1.563         
 1211   182  19.230   0.965         
 1212   182  18.310   0.992         
 1213   182  17.410   1.233   0.127
 1214   182  15.430   0.856  -0.251
 1217   182  15.780   1.164   0.268
 1219   182  19.740   1.528         
 1220   182  15.610   0.588  -0.007
 1221   182  16.510   1.318         
 1223   182  16.290   0.785   0.020
 1224   182  19.110   1.203         
 1225   182  16.080   1.396   1.150
 1228   182  18.810   1.370         
 1229   182  17.600   1.565         
 1231   182  18.130   1.260         
 1232   182  17.730   0.968  -0.040
 1236   182  17.030   0.882  -0.062
 1237   182  16.570   0.971   0.124
 1238   182  18.940   0.979         
 1239   182  18.040   1.017  -0.067
 1241   182  14.540   0.907  -0.013
 1242   182  17.970   0.929   0.012
 1243   182  18.630   1.737         
 1246   182  15.560   0.978   0.349
 1249   182  12.580   1.275   0.921
 1250   182  18.970   1.516         
 1252   182  14.830   0.819  -0.107
 1253   182  17.240   1.021   0.185
 1254   182  18.380   1.118         
 1256   182  17.390   1.185   0.496
 1257   182  18.600   0.907  -0.164
 1258   182  16.500   0.856   0.072
 1259   182  10.480   0.341  -0.038
 1261   182  15.590   0.817  -0.039
 1262   182  17.170   1.094         
 1264   182  17.490   1.018  -0.092
 1265   182  20.060   1.031         
 1266   182  19.380   0.914         
 1267   182  18.490   1.369         
 1268   182  20.380   0.809         
 1269   182  19.320   0.974         
 1270   182  18.630   1.702         
 1271   182  18.820   1.092         
 1272   182  18.190   1.112  -0.275
 1274   182   9.590   0.255  -0.360
 1275   182  18.850   1.058         
 1276   182  17.650   1.159         
 1278   182  18.730   0.975  -0.563
 1281   182  17.860   0.966         
 1282   182  16.960   0.783  -0.157
 1283   182  18.190   1.031  -0.202
 1284   182  16.830   1.179   0.720
 1287   182  19.340   0.757         
 1288   182  17.090   0.919  -0.023
 1290   182  15.760   0.983   0.074
 1291   182  16.760   1.652   1.011
 1292   182  19.310   1.282         
 1294   182  14.030   0.622   0.135
 1295   182  18.250   1.089         
 1296   182  19.120   1.237         
 1299   182  13.290   0.725   0.012
 1300   182  18.670   1.381         
 1301   182  17.290   1.159   0.507
 1302   182  18.790   1.995         
 1303   182  17.180   0.962   0.165
 1305   182  15.330   1.174   0.584
 1306   182  15.760   0.920  -0.013
 1308   182  18.890   0.992  -0.186
 1309   182  17.810   0.815   0.304
 1310   182  16.580   1.046   0.557
 1312   182  20.170   0.596         
 1313   182  17.270   1.293   0.660
 1314   182  16.830   1.289   0.562
 1316   182  16.580   0.935         
 1317   182  18.670   1.492         
 1318   182  18.840   1.142         
 1319   182  14.460   0.982   0.288
 1320   182  19.730   1.157         
 1321   182  16.230   0.905   0.104
 1322   182  19.640   1.039         
 1323   182  18.860   0.918         
 1324   182  18.910   0.984         
 1325   182  15.660   0.988   0.201
 1326   182  16.760   1.044  -0.115
 1327   182  17.830   1.723         
 1329   182  19.990   1.211         
 1331   182  18.550   1.643         
 1332   182  17.880   0.869  -0.091
 1333   182  17.120   0.978  -0.690
 1334   182  18.160   1.625         
 1338   182  19.610   0.968         
 1340   182  13.980   0.693  -0.103
 1341   182  14.370   0.853   0.110
 1342   182  16.730   0.726   0.042
 1344   182  16.790   0.874   0.125
 1346   182  19.190   1.261         
 1347   182  15.840   0.939   0.080
 1349   182  14.050   0.871  -0.131
 1351   182  16.710   1.106  -0.056
 1352   182  19.660   1.157         
 1354   182  18.500   0.833  -0.311
 1356   182  18.330   1.332   0.270
 1357   182  17.270   0.646  -0.206
 1359   182  17.940   1.421         
 1361   182  19.300   0.987         
 1362   182  18.240   1.175         
 1363   182  20.060   0.955         
 1364   182  17.910   0.974         
 1365   182  17.880   0.923         
 1366   182  18.340   1.102         
 1367   182  16.640   1.051   0.516
 1368   182  17.540   0.957   0.040
 1370   182  18.030   1.134         
 1371   182  15.050   1.335   0.640
 1372   182  19.060   0.077         
 1373   182  16.830   0.958  -0.280
 1374   182  14.470   0.925   0.087
 1376   182  18.330   0.853         
 1377   182  14.680   0.785   0.033
 1378   182  17.500   1.700         
 1380   182  17.090   1.448         
 1381   182  16.610   0.851  -0.190
 1384   182  17.840   0.733   0.193
 1385   182  16.490   0.907  -0.056
 1386   182  16.260   1.058   0.175
 1387   182  18.660   1.263         
 1388   182  16.840   0.912  -0.046
 1389   182  18.710   0.751         
 1391   182  17.870   1.404         
 1393   182  18.030   1.240   0.060
 1394   182  19.460   1.129         
 1395   182  18.560   1.110         
 1396   182  17.960   1.401   0.499
 1397   182  14.910   0.915   0.031
 1399   182  16.610   1.129         
 1400   182  17.110   1.041         
 1402   182  19.480   0.936         
 1403   182  19.590   1.268         
 1404   182  19.510   0.638         
 1405   182  17.950   0.788  -0.365
 1406   182  12.700   0.600   0.201
 1407   182  17.640   1.459         
 1408   182  14.700   0.854  -0.067
 1409   182  17.850   1.728         
 1410   182  14.890   1.052         
 1411   182  18.320   1.302         
 1412   182  14.550   1.429   1.227
 1414   182  16.260   1.231   0.566
 1415   182  17.360   0.743   0.142
 1416   182  16.870   1.366         
 1419   182  17.380   0.833   0.107
 1420   182  12.740   0.620   0.204
 1423   182  15.510   0.865  -0.111
 1424   182  18.430   1.384         
 1426   182   9.970   0.448  -0.290
 1427   182  19.560   0.976         
 1431   182   9.440   0.328  -0.373
 1432   182  17.490   0.973   0.083
 1433   182  10.690   0.333  -0.208
 1436   182  16.320   0.939   0.160
 1437   182  19.580   0.735         
 1438   182  17.740   1.151   0.314
 1439   182  18.240   1.127  -0.093
 1440   182  18.380   1.410         
 1442   182  18.140   1.318         
 1443   182  18.360   1.175         
 1445   182  17.070   1.470   1.189
 1447   182  18.730   1.344         
 1448   182  14.220   0.769   0.077
 1450   182  18.380   0.866         
 1451   182  18.040   1.098  -0.298
 1452   182  18.740   1.260         
 1453   182  19.460   1.209         
 1454   182  14.840   1.043   0.006
 1455   182  16.180   0.906  -0.001
 1456   182  13.630   1.324   0.732
 1458   182  19.890   0.848         
 1459   182  11.220   1.655   1.921
 1460   182  16.600   1.306         
 1461   182  18.300   0.799         
 1462   182  18.950   1.254         
 1463   182  16.710   1.004  -0.114
 1464   182  17.780   1.195         
 1465   182  19.420   1.030         
 1467   182  18.000   1.610         
 1469   182  14.200   0.834  -0.001
 1470   182  16.510   0.956  -0.021
 1471   182  16.620   0.916   0.126
 1472   182  17.190   1.102   0.080
 1475   182  17.740   0.954   0.454
 1476   182  14.670   0.972   0.298
 1477   182  19.210   1.281         
 1478   182  13.870   1.004   0.373
 1479   182  16.020   0.874   0.064
 1481   182  18.080   1.023   0.182
 1482   182  15.160   0.785   0.077
 1483   182  19.110   1.060         
 1485   182  16.760   1.122   0.430
 1486   182  18.370   1.463         
 1487   182  20.120   0.937         
 1489   182  16.030   0.879  -0.074
 1490   182  18.100   1.559         
 1492   182  17.480   1.010         
 1494   182  18.230   1.269         
 1496   182  17.400   1.430         
 1497   182  16.630   0.867   0.033
 1498   182  18.030   0.765         
 1499   182  18.020   0.777   0.072
 1500   182  19.290   1.308         
 1501   182  19.130   1.232         
 1502   182  17.450   1.425         
 1503   182  16.390   1.158   0.526
 1504   182  18.590   0.888         
 1505   182  15.720   0.853  -0.036
 1506   182  18.160   0.911   0.067
 1507   182  19.110   1.217         
 1508   182  13.600   1.799   2.093
 1509   182  19.230   0.869         
 1510   182  17.330   0.831   0.184
 1511   182  18.730   1.516         
 1512   182  17.090   1.205   0.580
 1513   182  16.410   1.052  -0.048
 1515   182  17.090   1.675         
 1517   182  19.960   1.443         
 1518   182  18.800   0.853   0.092
 1519   182  17.030   0.856   0.023
 1521   182  18.600   0.351         
 1522   182  18.250   1.683         
 1523   182  14.110   0.861   0.190
 1525   182  17.430   0.990   0.041
 1526   182  19.180   1.644         
 1529   182  17.810   0.924   0.159
 1530   182  16.590   1.062   0.259
 1533   182  13.050   0.445   0.120
 1534   182  16.680   0.804   0.069
 1535   182  17.110   1.275   0.993
 1536   182  18.580   0.851         
 1537   182  15.960   0.833   0.085
 1539   182  18.770   1.145         
 1540   182  19.430   1.088         
 1541   182  18.540   1.338         
 1542   182  16.710   0.904   0.186
 1543   182  16.100   1.272         
 1544   182  18.210   0.940         
 1545   182  17.290   0.861   0.084
 1546   182  12.790   0.614   0.013
 1547   182  17.400   1.180   0.673
 1548   182  17.960   1.421         
 1549   182  19.740   1.095         
 1552   182  19.120   0.832         
 1553   182  15.080   0.635   0.028
 1554   182  16.380   1.037   0.326
 1555   182  16.590   0.877   0.099
 1556   182  16.430   0.999   0.155
 1559   182  16.910   1.051         
 1560   182  18.010   0.832   0.238
 1561   182  14.690   0.880   0.104
 1562   182  16.410   1.213   0.263
 1563   182  16.620   1.289   0.644
 1564   182  16.760   0.873   0.105
 1565   182  17.760   0.787   0.031
 1566   182  15.950   1.275   0.845
 1567   182  16.550   0.864  -0.006
 1568   182  16.880   0.787  -0.007
 1569   182  18.300   1.285         
 1570   182  18.200   1.543         
 1571   182  18.300   1.625         
 1572   182  18.170   1.084         
 1574   182  15.530   1.358   1.056
 1575   182  18.410   1.152         
 1576   182  18.460   0.795         
 1577   182  11.630   0.368   0.187
 1579   182  11.710   0.411   0.252
 1580   182  15.740   0.884   0.051
 1581   182  16.760   0.777   0.160
 1582   182  15.460   1.308   0.796
 1583   182  14.660   1.213   0.760
 1584   182  18.480   1.084         
 1586   182  15.460   1.239   0.709
 1588   182  10.630   0.273  -0.088
 1589   182  18.990   0.768   0.281
 1590   182  17.270   1.645         
 1591   182  17.710   0.995         
 1592   182  14.480   0.865  -0.016
 1593   182  19.430   0.753         
 1594   182  17.710   1.013   0.233
 1595   182  19.460   0.681         
 1596   182  19.230   0.870         
 1597   182  18.060   1.057         
 1598   182  15.840   1.049   0.363
 1599   182  14.540   0.891   0.037
 1600   182  15.930   0.759  -0.222
 1601   182  15.420   0.797   0.044
 1602   182  18.140   0.994         
 1603   182  18.300   0.924         
 1604   182  16.510   1.369   0.737
 1605   182  18.120   1.135         
 1606   182  18.520   1.168         
 1608   182  17.070   0.953   0.072
 1609   182  18.330   1.047   0.551
 1610   182  17.770   1.260         
 1611   182  17.170   0.760   0.020
 1612   182  18.610   0.982         
 1614   182  15.300   0.988   0.285
 1618   182  17.120   1.151   0.452
 1619   182  17.130   0.914   0.341
 1621   182  18.640   0.692         
 1622   182  16.390   1.230   0.628
 1623   182  16.620   1.252   1.089
 1624   182  17.560   1.610         
 1625   182  19.470   2.088         
 1626   182  16.100   0.795   0.036
 1630   182  12.220   0.458   0.290
 1631   182  14.880   0.862   0.110
 1632   182  18.380   1.628         
 1633   182  16.690   0.819  -0.009
 1634   182  16.200   1.105   0.445
 1636   182  17.100   1.185   0.601
 1637   182  18.880   1.148         
 1638   182  16.880   1.344         
 1639   182  14.390   0.935   0.140
 1641   182  17.400   0.897  -0.019
 1642   182  14.870   0.600   0.028
 1644   182  17.820   0.823  -0.259
 1646   182  19.200   0.917         
 1647   182  18.280   1.217         
 1648   182  13.050   0.646   0.116
 1650   182  19.660   1.413         
 1651   182  17.520   1.002   0.141
 1652   182  15.270   1.124   0.414
 1653   182  19.160   1.426         
 1654   182  18.620   1.328         
 1655   182  16.230   1.079   0.371
 1656   182  18.260   0.879   0.174
 1658   182  15.790   1.148   0.515
 1659   182  18.730   1.731         
 1662   182  17.190   1.023   0.337
 1663   182  17.410   1.008  -0.090
 1665   182  18.370   1.051         
 1667   182  17.400   1.833         
 1668   182  17.230   1.288         
 1669   182  15.020   0.963   0.182
 1670   182  17.240   1.090   0.431
 1671   182  16.630   0.934   0.090
 1672   182  14.870   0.837  -0.228
 1673   182  14.940   0.975  -0.130
 1674   182  18.040   0.910   0.299
 1676   182  17.970   0.939         
 1677   182  18.010   1.505         
 1678   182  14.490   1.264   0.796
 1679   182  19.460   1.219         
 1680   182  18.670   1.780         
 1681   182  19.180   0.882         
 1682   182  18.460   1.057   0.121
 1683   182  16.250   0.992   0.208
 1687   182  18.100   1.674         
 1692   182  15.820   1.207   0.931
 1693   182   9.470   0.357  -0.139
 1694   182  16.770   1.302   0.954
 1695   182  16.920   1.306         
 1698   182  18.110   0.858  -0.353
 1699   182  12.490   0.607   0.245
 1700   182  16.180   1.101  -0.574
 1703   182  15.190   1.247   0.690
 1704   182  18.940   0.931         
 1705   182  19.380   0.768         
 1706   182  16.550   1.472   0.878
 1707   182  12.950   0.900   0.195
 1708   182  15.680   1.260   0.734
 1710   182  19.220   1.505         
 1711   182  16.460   0.939   0.136
 1713   182  13.040   0.850   0.152
 1714   182  15.340   0.773   0.152
 1715   182  18.430   1.142         
 1716   182  13.610   0.752   0.122
 1717   182  19.170   1.373         
 1718   182  15.590   1.060   0.412
 1720   182  16.860   1.060   0.444
 1721   182  18.240   1.037         
 1722   182  18.590   0.960         
 1724   182  18.980   1.488         
 1725   182  14.390   0.960   0.172
 1726   182  17.410   0.957  -0.168
 1727   182  19.610   1.542         
 1728   182  15.890   0.866   0.042
 1729   182  18.980   1.178         
 1731   182  16.950   0.888   0.060
 1732   182  15.870   1.125   0.424
 1734   182  17.720   1.161   0.718
 1736   182  13.680   0.775   0.198
 1737   182  16.510   1.201   0.497
 1739   182  19.310   1.221         
 1740   182  13.320   0.804  -0.175
 1741   182  16.240   0.900   0.325
 1742   182  18.620   0.956         
 1743   182  16.250   0.892   0.152
 1744   182  15.680   1.337   0.959
 1745   182  18.530   0.930   0.179
 1746   182  19.360   0.930         
 1747   182  16.680   0.933   0.078
 1748   182  18.530   0.915         
 1749   182  12.240   0.802  -0.099
 1750   182  17.710   0.928         
 1751   182  17.380   0.909   0.252
 1752   182  19.360   1.007         
 1754   182  19.490   1.115         
 1756   182  19.070   0.746         
 1757   182  16.170   0.870  -0.088
 1759   182  15.360   1.265   0.700
 1762   182  17.660   0.866         
 1763   182  19.590   1.048         
 1764   182  16.860   1.064   0.424
 1765   182  18.100   0.748         
 1767   182  17.630   0.946         
 1768   182  16.760   1.196   0.667
 1770   182  17.550   1.432         
 1771   182  19.100   0.984         
 1772   182  17.510   1.062   0.080
 1773   182  15.880   1.169   0.512
 1774   182  16.340   0.765         
 1775   182  16.510   1.170   0.467
 1776   182  17.160   0.756   0.238
 1777   182  17.470   1.575         
 1779   182  12.220   0.478   0.278
 1780   182  18.310   0.904  -0.030
 1781   182  18.020   0.659         
 1783   182  18.570   0.877   0.072
 1784   182  10.060   0.254  -0.357
 1785   182  19.130   0.847         
 1787   182  17.950   1.009         
 1789   182  17.530   1.484         
 1790   182  15.130   1.289   0.667
 1791   182  18.430   0.738         
 1792   182  17.520   0.861   0.018
 1793   182  16.730   1.386         
 1794   182  15.700   1.006   0.265
 1795   182  17.410   1.266         
 1796   182  18.300   0.819   0.106
 1797   182  17.880   1.138         
 1798   182  18.250   1.463         
 1799   182  16.520   0.886  -0.152
 1800   182  14.640   1.638   1.647
 1803   182  18.540   0.938         
 1804   182  13.790   1.375   1.381
 1805   182  17.930   0.991         
 1806   182  17.930   1.235         
 1807   182  19.120   1.160         
 1808   182  17.750   0.754         
 1809   182  18.400   1.012         
 1810   182  16.790   1.063   0.320
 1811   182  15.750   1.133   0.559
 1812   182  12.580   0.407   0.331
 1813   182  15.030   1.009   1.189
 1817   182  17.750   1.132         
 1819   182  15.460   1.320   0.907
 1820   182  18.070   0.807   0.001
 1821   182  17.780   0.821         
 1823   182  18.850   1.159         
 1824   182  17.360   0.711   0.056
 1825   182  18.080   1.057         
 1826   182  14.010   0.740   0.135
 1828   182  18.330   0.783   0.105
 1829   182  16.000   1.143   0.745
 1830   182  17.940   0.953  -0.050
 1832   182  17.560   1.113   0.738
 1833   182  18.510   1.206         
 1834   182  17.090   1.189         
 1838   182  18.060   1.170         
 1839   182  14.840   0.889   0.146
 1840   182  15.500   0.853   0.141
 1842   182  18.400   0.794   0.191
 1843   182  17.980   0.708  -0.226
 1845   182  19.240   0.828         
 1846   182  17.720   0.870   0.246
 1847   182  14.760   0.692   0.207
 1848   182  15.650   0.832   0.051
 1849   182  15.930   1.214   0.624
 1850   182  18.770   1.463         
 1851   182  18.660   1.047         
 1852   182  18.040   1.588         
 1853   182  14.890   0.648  -0.046
 1854   182  19.500   0.803         
 1857   182  18.440   1.365         
 1859   182  18.540   1.188         
 1861   182  17.050   1.285         
 1862   182  19.430   1.217         
 1863   182  17.460   0.789  -0.363
 1865   182  16.960   1.347   0.933
 1866   182  19.310   1.822         
 1867   182  18.530   1.119         
 1868   182  16.810   0.786  -0.150
 1869   182  18.730   0.970         
 1870   182  16.430   1.138   0.639
 1872   182  18.450   0.885         
 1875   182  15.750   1.378   1.050
 1876   182  15.990   0.773   0.014
 1877   182  18.630   1.039         
 1878   182  11.360   0.361   0.014
 1879   182  19.960   1.147         
 1880   182  19.600   0.975         
 1881   182  16.440   1.153   0.753
 1884   182  15.930   0.747   0.214
 1886   182  16.640   0.960   0.295
 1887   182  18.060   1.351         
 1888   182  18.040   0.943   0.430
 1889   182  15.090   0.825   0.091
 1890   182  12.340   1.282   1.093
 1891   182  18.270   0.891         
 1893   182  17.140   1.310         
 1894   182  18.620   0.710   0.118
 1895   182  17.600   0.823         
 1896   182  18.810   0.914         
 1898   182  12.870   1.171   0.937
 1899   182  17.000   0.956  -0.203
 1901   182  18.770   1.174         
 1902   182  17.370   1.016   0.148
 1903   182  16.860   1.028   0.219
 1904   182  18.410   0.780         
 1905   182  18.650   1.543         
 1906   182  13.080   1.212   0.680
 1907   182  16.060   0.956   0.403
 1909   182  17.730   0.923   0.301
 1910   182  18.770   1.037         
 1911   182  13.660   1.048   0.799
 1913   182  19.490   1.324         
 1914   182  19.220   1.888         
 1915   182  18.000   0.907         
 1916   182  18.100   1.057   0.229
 1918   182  18.540   0.971         
 1919   182  17.600   1.068   0.380
 1920   182  18.600   1.064         
 1921   182  19.510   1.219         
 1922   182  17.140   0.936   0.267
 1924   182  15.370   1.415   1.099
 1925   182  18.330   1.196   0.083
 1926   182  17.780   1.126   0.460
 1927   182  18.130   0.976         
 1928   182  15.420   0.987   0.366
 1929   182  14.890   0.723   0.422
 1932   182  18.580   1.307         
 1934   182  19.440   1.146         
 1935   182  19.210   1.068         
 1936   182  12.610   0.524   0.280
 1937   182  17.750   1.479         
 1941   182  18.550   1.080         
 1945   182  18.290   1.638         
 1946   182  17.500   0.949  -0.176
 1947   182  12.850   0.669   0.027
 1948   182  10.920   0.319   0.035
 1949   182  14.300   1.090   0.568
 1950   182  13.950   0.800   0.101
 1951   182  17.050   1.220   0.867
 1952   182  16.700   0.966   0.162
 1953   182  19.270   0.928         
 1954   182  19.910   1.014         
 1955   182  13.710   1.335   1.118
 1958   182  18.780   0.847         
 1959   182  15.320   0.708   0.071
 1960   182  15.530   1.292   1.263
 1961   182  19.210   0.737         
 1962   182  15.610   1.287   0.842
 1963   182  17.780   0.763  -0.034
 1964   182  17.010   0.970   0.197
 1965   182  18.910   1.081         
 1966   182  15.440   0.943   0.521
 1967   182  18.360   0.892   0.203
 1971   182  11.250   0.319   0.127
 1972   182  17.120   1.032   0.170
 1974   182  12.740   0.578   0.334
 1976   182  15.560   1.298   0.581
 1977   182  18.080   1.022   0.222
 1979   182  19.120   1.506         
 1980   182  17.040   1.157   0.756
 1981   182  13.820   0.776   0.168
 1983   182  18.380   1.079         
 1984   182  16.070   0.772   0.005
 1985   182  18.550   0.836         
 1986   182  19.940   1.154         
 1988   182  19.080   1.281         
 1989   182  18.200   1.332         
 1990   182  14.970   1.173   0.656
 1991   182  19.330   0.976         
 1993   182  19.490   0.901         
 1994   182  16.780   1.408   1.160
 1995   182  16.190   0.912   0.046
 1999   182  17.220   1.101   0.494
 2000   182  15.520   0.762   0.052
 2002   182  17.460   0.977   0.196
 2003   182  19.340   1.184         
 2004   182  20.030   1.381         
 2005   182  16.680   0.941   0.256
 2006   182  19.420   1.159         
 2009   182  17.410   1.021  -0.127
 2010   182  18.550   1.788         
 2011   182  19.750   1.134         
 2013   182  15.880   1.285   0.610
 2014   182  17.020   0.882  -0.020
 2015   182  15.040   0.900   0.054
 2017   182  19.450   1.847         
 2018   182  18.680   0.954         
 2019   182  15.510   1.286   0.854
 2020   182  18.260   0.973         
 2021   182  16.110   0.730   0.135
 2022   182  16.210   0.742   0.202
 2023   182  17.070   0.883   0.056
 2024   182  16.190   0.961   0.191
 2025   182  18.620   1.193         
 2026   182  18.700   0.842         
 2027   182  17.560   0.951   0.232
 2028   182  13.500   0.352   0.073
 2029   182  14.880   0.893   0.189
 2030   182  15.450   0.735   0.008
 2031   182  18.830   0.973         
 2036   182  18.700   1.169         
 2037   182  13.840   0.911   0.057
 2039   182  18.170   1.061   0.392
 2040   182  18.580   1.127         
 2041   182  17.290   0.661   0.296
 2043   182  16.980   0.988   0.238
 2044   182  17.620   1.047   0.571
 2047   182  13.810   0.810   0.008
 2048   182  15.180   0.418   0.104
 2049   182  15.130   0.820   0.228
 2050   182  15.540   0.585   0.264
 2051   182  17.170   1.487   0.690
 2052   182  17.950   0.780   0.135
 2053   182  18.770   0.443         
 2054   182  18.310   0.922         
 2055   182  18.000   1.007         
 2057   182  16.920   0.845   0.018
 2058   182  18.240   0.769         
 2061   182  18.580   1.196         
 2062   182  18.600   1.688         
 2065   182  18.220   0.753         
 2066   182  18.550   0.944         
 2067   182  15.820   0.860   0.096
 2068   182  19.250   0.951         
 2070   182  18.590   0.938         
 2071   182  19.410   1.123         
 2073   182  18.590   0.892  -0.070
 2074   182  17.330   1.378         
 2075   182  18.480   0.497         
 2076   182  17.060   0.987   0.312
 2078   182  20.240   1.049         
 2079   182  14.890   0.679   0.106
 2080   182  14.780   1.205   0.760
 2081   182  19.010   1.048         
 2083   182  16.710   0.802   0.093
 2084   182  14.030   0.564   0.291
 2085   182  18.060   0.970         
 2086   182  18.860   0.781         
 2088   182  16.450   0.823   0.217
 2090   182  13.210   0.649   0.211
 2091   182  17.220   0.776   0.156
 2092   182  18.240   0.791         
 2093   182  15.140   1.491   1.412
 2094   182  16.270   0.870  -0.003
 2095   182  19.110   0.873         
 2096   182  15.160   0.903   0.064
 2097   182  16.710   0.937   0.393
 2098   182  19.670   0.688         
 2099   182  17.680   0.723   0.171
 2100   182  18.650   1.386         
 2101   182  17.320   0.950   0.176
 2103   182  18.730   0.822   0.023
 2104   182  18.750   1.335         
 2106   182  18.210   1.017         
 2108   182  18.880   1.006         
 2109   182  16.580   0.952   0.240
 2112   182  15.630   0.822   0.249
 2113   182  18.330   1.224         
 2114   182  19.160   0.896         
 2115   182  16.240   0.840   0.301
 2117   182  19.580   0.729         
 2120   182  17.170   0.908   0.196
 2121   182  18.960   0.968         
 2123   182  18.840   1.116         
 2124   182  17.790   1.383         
 2125   182  17.350   0.845   0.102
 2126   182  19.350   1.255         
 2127   182  14.130   1.663   1.625
 2128   182  17.560   0.798   0.195
 2129   182  16.970   1.186   0.786
 2130   182  12.680   0.686   0.053
 2134   182  19.800   0.687         
 2135   182  18.330   0.950         
 2136   182  15.620   0.776   0.111
 2137   182  16.500   0.993   0.079
 2138   182  19.010   1.418         
 2139   182  16.620   1.231   0.784
 2140   182  18.110   0.982         
 2141   182  17.070   1.069   0.369
 2142   182  19.190   0.914         
 2143   182  15.090   1.258   1.560
 2145   182  18.670   0.799         
 2146   182  19.450   1.245         
 2149   182  14.270   0.801   0.177
 2150   182  17.130   0.985   0.182
 2151   182  17.950   0.801  -0.020
 2153   182  16.140   0.847   0.354
 2154   182  18.610   1.200         
 2155   182  18.890   0.827         
 2156   182  19.470   1.248         
 2157   182  17.970   0.713   0.188
 2158   182  15.400   0.806   0.228
 2162   182  18.190   0.917  -0.157
 2163   182  18.070   0.776   0.206
 2164   182  12.900   0.520   0.146
 2165   182  17.250   0.945   0.230
 2166   182  15.930   1.033   0.563
 2167   182  18.410   1.071         
 2168   182  16.470   1.020   0.201
 2169   182  19.590   1.004         
 2172   182  17.680   1.163         
 2173   182  17.940   1.041   0.145
 2174   182  17.990   1.193         
 2175   182  18.650   0.708         
 2176   182  18.960   1.160         
 2177   182  17.520   1.233         
 2178   182  19.310   1.103         
 2179   182  18.560   0.944         
 2180   182  16.370   0.826  -0.031
 2181   182  17.450   1.087         
 2182   182  16.240   1.271   0.821
 2183   182  18.230   1.255         
 2184   182  17.790   1.147         
 2185   182  18.790   1.078         
 2186   182  18.320   1.304         
 2187   182  15.860   0.745   0.071
 2189   182  16.720   0.902   0.095
 2190   182  16.360   0.905   1.560
 2191   182  18.260   1.209         
 2192   182  18.740   1.083   0.340
 2193   182  17.900   1.033   0.052
 2194   182  19.230   1.100         
 2195   182  16.610   0.853   0.046
 2196   182  15.480   0.923   0.071
 2197   182  16.680   0.838   0.047
 2198   182  13.940   0.754   0.006
 2199   182  18.140   0.953         
 2200   182  18.170   0.855  -0.546
 2202   182  16.320   1.290   0.885
 2203   182  19.650   0.842         
 2204   182  17.010   1.264   1.050
 2206   182  18.370   1.046   0.356
 2207   182  15.220   0.926   0.091
 2208   182  19.230   1.274         
 2209   182  18.420   1.255         
 2210   182  16.870   0.589   0.169
 2211   182  19.410   1.478         
 2212   182  19.780   1.030         
 2213   182  17.650   1.122   0.033
 2214   182  18.620   1.255         
 2215   182  19.140   1.369         
 2216   182  18.710   1.517         
 2219   182  15.620   0.776   0.027
 2221   182  16.600   1.238   0.938
 2224   182  18.960   1.014         
 2225   182  18.460   1.042         
 2226   182  15.460   0.852   0.022
 2227   182  17.530   0.955   0.298
 2228   182  15.480   0.830   0.021
 2230   182  19.060   0.779         
 2231   182  18.830   0.836         
 2232   182  16.900   1.401         
 2233   182  18.660   0.900         
 2234   182  15.230   0.663   0.159
 2235   182  15.340   1.122   0.619
 2237   182  18.110   1.737         
 2238   182  18.730   1.422         
 2239   182  12.150   0.432   0.137
 2240   182  17.560   0.717  -0.049
 2241   182  18.680   0.719  -0.009
 2242   182  16.560   0.822   0.228
 2243   182  18.470   1.485         
 2244   182  17.610   1.124         
 2245   182  17.350   1.035   0.447
 2246   182  15.250   0.940   0.109
 2247   182  19.100   1.090         
 2248   182  16.350   1.277   0.631
 2250   182  19.110   1.725         
 2251   182  17.830   1.619         
 2252   182  18.190   0.926         
 2253   182  16.920   0.814   0.294
 2254   182  19.570   0.826         
 2255   182  16.730   1.448         
 2256   182  16.570   1.257         
 2257   182  18.760   0.986         
 2258   182  15.240   0.949   0.201
 2259   182  16.380   0.809   0.208
 2260   182  17.630   0.913  -0.008
 2261   182  16.880   0.900   0.057
 2262   182  18.120   0.731   0.260
 2263   182  18.930   0.681         
 2264   182  18.190   0.969         
 2265   182  19.180   1.672         
 2267   182  18.860   0.965         
 2268   182  19.520   0.593         
 2269   182  13.650   0.749   0.199
 2270   182  12.710   0.782   0.142
 2271   182  14.120   1.370   0.840
 2272   182  19.930   1.000         
 2273   182  17.980   1.202         
 2274   182  16.810   1.347   1.082
 2275   182   9.880   0.299  -0.233
 2276   182  16.670   1.211   0.576
 2277   182  19.460   1.578         
 2279   182  18.010   0.774   0.072
 2280   182  18.250   0.823   0.023
 2282   182  16.900   0.741   0.098
 2283   182  19.520   1.118         
 2285   182  17.330   1.121   0.558
 2286   182  18.170   0.778   0.129
 2287   182  18.460   1.148         
 2289   182  16.320   1.067   0.478
 2290   182  18.770   1.567         
 2291   182  15.400   0.903   0.156
 2292   182  18.580   1.011         
 2293   182  15.370   0.851   0.233
 2294   182  18.810   0.736         
 2295   182  15.050   0.753   0.245
 2297   182  16.960   0.893   0.207
 2298   182  14.040   0.742   0.008
 2299   182  13.970   0.816   0.192
 2303   182  18.980   1.028         
 2304   182  12.700   0.252  -0.189
 2305   182  18.810   1.715         
 2306   182  12.290   2.029   2.213
 2307   182  18.850   1.564         
 2308   182  11.270   0.306   0.023
 2309   182  18.210   1.036         
 2311   182  14.080   0.710   0.098
 2314   182  18.010   1.617         
 2316   182  18.960   0.852         
 2317   182  15.680   0.711   0.051
 2318   182  19.300   1.071         
 2319   182  16.770   0.681   0.056
 2320   182  17.910   0.859  -0.036
 2322   182  19.070   1.487         
 2323   182  18.380   1.524         
 2324   182  13.510   0.844   0.094
 2327   182  19.070   0.824         
 2328   182  15.120   0.988   0.302
 2329   182  14.690   0.919   0.229
 2330   182  16.990   1.074   0.224
 2332   182  18.690   0.972   0.184
 2333   182  19.090   0.962         
 2334   182  15.080   1.033   0.523
 2335   182  18.360   0.925   0.091
 2336   182  18.220   0.998   0.306
 2339   182  14.060   0.727   0.177
 2340   182  19.010   1.154         
 2342   182  19.560   0.830         
 2343   182  16.960   0.850  -0.030
 2344   182  16.440   0.958   0.393
 2347   182  18.410   1.754         
 2348   182  18.710   0.819  -0.047
 2349   182  19.530   1.297         
 2350   182  19.020   1.574         
 2351   182  18.150   0.841  -0.131
 2352   182  16.550   0.964   0.311
 2353   182  15.050   1.119   0.505
 2355   182  16.600   0.790   0.151
 2357   182  17.170   0.862   0.124
 2358   182  12.520   0.460   0.306
 2359   182  13.430   0.515   0.246
 2360   182  18.290   0.925         
 2361   182  19.900   1.795         
 2362   182  18.010   1.030   0.587
 2365   182  19.210   1.507         
 2366   182  13.350   0.680   0.138
 2367   182  14.190   0.899   0.259
 2368   182  18.380   0.889         
 2369   182  18.310   0.903         
 2370   182  16.240   0.919   0.282
 2371   182  17.770   1.150         
 2374   182  14.880   0.765   0.130
 2375   182  11.860   0.425   0.229
 2376   182  16.790   0.801   0.153
 2379   182  17.880   1.171   0.718
 2380   182  18.950   1.154         
 2381   182  17.590   1.277         
 2382   182  18.730   0.919         
 2383   182  19.030   0.938         
 2384   182  19.710   1.493         
 2385   182  17.610   0.770  -0.069
 2386   182  17.980   0.920   0.154
 2387   182  16.220   0.846  -0.091
 2388   182  19.840   0.891         
 2389   182  16.680   1.170   0.697
 2390   182  18.900   1.038         
 2392   182  15.740   1.385   1.327
 2394   182  17.290   1.032   0.388
 2395   182  18.830   0.948   0.105
 2396   182  18.360   1.136         
 2397   182  16.650   0.711  -0.014
 2398   182  19.140   0.973         
 2399   182  17.320   1.367   1.032
 2401   182  16.170   1.371   1.503
 2402   182  19.900   1.303         
 2403   182  18.260   1.018   0.254
 2404   182  19.030   1.080         
 2405   182  16.840   0.835   0.145
 2406   182  14.910   1.276   0.848
 2407   182  18.220   0.910   0.010
 2408   182  16.950   1.201   0.459
 2410   182  16.370   0.829  -0.042
 2411   182  16.850   0.825   0.010
 2412   182  17.130   1.019   0.235
 2414   182  19.210   0.448         
 2415   182  18.520   1.436         
 2416   182  17.550   1.234         
 2417   182  18.180   1.069         
 2418   182  18.970   0.847         
 2419   182  11.250   0.439   0.176
 2421   182  16.500   0.761  -0.256
 2422   182  16.920   0.842   0.088
 2424   182  19.700   1.246         
 2425   182  17.930   0.775   0.625
 2426   182  18.970   1.620         
 2428   182  16.290   1.209  -0.015
 2429   182  17.550   1.231   0.623
 2430   182  15.220   0.872   0.317
 2432   182  18.170   1.561         
 2433   182  17.860   0.904   0.327
 2434   182  19.460   1.715         
 2435   182  16.830   0.883   0.178
 2436   182  18.550   0.995  -0.386
 2438   182  19.000   1.239         
 2439   182  18.250   1.404         
 2442   182  13.650   0.675   0.099
 2444   182  18.770   1.324         
 2445   182  18.770   1.025         
 2446   182  17.960   1.099         
 2447   182  16.620   1.140   0.695
 2448   182  16.940   1.130   0.278
 2449   182  19.940   0.677         
 2450   182  18.570   1.252         
 2451   182  18.430   1.272         
 2452   182  18.300   0.898  -0.188
 2453   182  17.710   0.882   0.082
 2454   182  18.560   1.378         
 2455   182  11.120   0.412   0.219
 2456   182  18.930   1.030         
 2457   182  13.610   0.771  -0.264
 2458   182  15.220   0.580   0.219
 2459   182  13.920   0.751   0.044
 2460   182  14.120   0.684   0.194
 2462   182  16.370   1.101   0.490
 2463   182  18.880   1.255         
 2467   182  17.090   0.958   0.305
 2469   182  17.190   1.252         
 2470   182  14.380   0.888   0.142
 2471   182  18.840   1.495         
 2472   182  16.360   0.965   0.844
 2473   182  16.380   0.769   0.023
 2474   182  12.850   0.468   0.242
 2476   182  19.670   1.373         
 2477   182  17.530   0.842         
 2478   182  17.030   1.093         
 2479   182  14.650   0.906   0.089
 2480   182  17.580   1.115   0.421
 2482   182  17.410   1.411   1.390
 2483   182  17.070   0.793  -0.078
 2484   182  16.430   0.944         
 2486   182  14.980   1.429   1.250
 2487   182  16.490   0.706  -0.015
 2488   182  16.870   0.961   0.090
 2489   182  17.260   0.847  -0.006
 2490   182  18.100   1.203   0.009
 2493   182  15.010   1.011   0.224
 2495   182  18.320   0.775  -0.037
 2496   182  18.340   1.003         
 2498   182  15.400   1.347   0.886
 2500   182  19.540   1.026         
 2502   182  17.280   1.394   0.718
 2503   182  19.730   0.770         
 2504   182  18.640   0.788   0.271
 2505   182  19.690   1.039         
 2506   182  17.160   1.143   0.655
 2509   182  17.330   1.072   0.444
 2510   182  13.810   1.350   1.014
 2511   182  18.010   0.843  -0.093
 2513   182  19.490   0.806         
 2514   182  18.210   0.891   0.065
 2518   182  16.990   1.122   0.422
 2519   182  17.890   0.684  -0.170
 2520   182  15.520   1.365   1.126
 2521   182  17.550   1.397         
 2524   182  18.000   1.136         
 2525   182  17.850   1.447         
 2526   182  15.360   0.815   0.045
 2527   182  19.530   1.240         
 2528   182  19.670   1.781         
 2529   182  17.750   1.252         
 2530   182  14.840   0.861   0.159
 2531   182  17.740   1.032         
 2532   182  17.840   1.267         
 2533   182  17.310   1.003   0.616
 2534   182  16.840   0.943  -0.017
 2535   182  19.710   1.206         
 2536   182  18.190   1.620         
 2537   182  20.150   0.768         
 2538   182  18.050   0.960         
 2539   182  15.810   0.752   0.018
 2540   182  19.190   1.057         
 2541   182  17.240   0.971   0.448
 2542   182  14.320   0.837   0.063
 2543   182  19.170   1.121         
 2544   182  18.150   0.842         
 2545   182  15.010   0.956   0.304
 2546   182  19.710   0.996         
 2548   182  18.020   0.769   0.264
 2549   182  18.870   1.095         
 2550   182  18.160   1.719         
 2551   182  17.660   1.119   0.492
 2552   182  13.950   1.415   1.217
 2553   182  18.180   0.893         
 2554   182  13.430   1.020   0.398
 2555   182  17.970   1.255         
 2557   182  17.210   1.041         
 2560   182  19.990   1.376         
 2561   182  16.880   1.146   0.252
 2562   182  17.030   1.327   0.687
 2563   182  17.980   1.578         
 2564   182  15.720   1.104   0.693
 2566   182  16.960   0.907   0.247
 2567   182  16.390   0.735  -0.009
 2568   182  19.580   1.312         
 2569   182  18.120   0.986         
 2572   182  19.790   1.492         
 2573   182  17.120   1.105   0.269
 2574   182  19.360   0.848         
 2575   182  17.290   0.813         
 2576   182  18.080   0.946         
 2577   182  19.540   1.211         
 2579   182  18.690   0.842         
 2581   182  15.210   0.878   0.216
 2582   182  16.030   1.569   0.914
 2585   182  17.850   0.894   0.019
 2586   182  18.400   1.049         
 2587   182  18.560   1.250         
 2588   182  19.020   0.818         
 2589   182  15.590   0.865   0.060
 2590   182  18.410   0.981   0.004
 2591   182  16.800   0.989         
 2593   182  19.180   1.377         
 2594   182  15.100   1.419   1.204
 2596   182  17.350   1.156   0.428
 2597   182  14.960   0.993   0.358
 2598   182  17.490   1.441         
 2599   182  18.220   0.893   0.135
 2602   182  18.490   1.086   0.044
 2605   182  15.530   0.986   0.123
 2607   182  14.440   0.922   0.225
 2609   182  19.310   1.111         
 2611   182  17.710   1.082   0.412
 2612   182  18.580   0.586   0.242
 2613   182  14.820   0.943   0.275
 2614   182  14.050   0.712   0.021
 2615   182  18.570   0.830         
 2616   182  17.010   1.148   0.185
 2617   182  19.090   1.776         
 2618   182  16.370   0.897   0.184
 2619   182  18.540   0.946   0.314
 2620   182  18.430   0.849   0.192
 2622   182  17.210   1.034         
 2623   182  18.030   1.058         
 2624   182  14.390   0.868   0.087
 2626   182  15.440   0.917   0.103
 2627   182  17.020   1.203         
 2628   182  19.500   1.555         
 2631   182  15.200   0.779  -0.010
 2632   182  18.110   1.019   0.302
 2634   182  18.650   1.096         
 2635   182  18.390   0.867         
 2636   182  18.190   0.828         
 2637   182  13.210   1.015   0.410
 2638   182  19.050   0.886         
 2639   182  18.520   1.026         
 2641   182  17.560   1.412         
 2642   182  14.140   0.804   0.139
 2644   182  19.250   1.334         
 2645   182  16.220   1.158   0.621
 2646   182  14.650   0.917   0.219
 2648   182  17.820   1.343         
 2649   182  15.120   0.976   0.361
 2652   182  15.840   0.761   0.007
 2653   182  19.200   0.884  -0.031
 2654   182  16.920   1.090   0.342
 2655   182  15.380   0.777   0.054
 2656   182  17.040   1.101         
 2657   182  17.820   1.229   0.721
 2659   182  11.320   0.441   0.244
 2660   182  15.960   0.947   0.218
 2664   182  14.370   0.845   0.096
 2665   182  12.020   0.505   0.182
 2667   182  16.680   0.825   0.033
 2668   182  16.580   1.145   0.682
 2670   182  18.230   0.981         
 2671   182  14.670   0.876   0.106
 2673   182  18.570   1.085   0.539
 2674   182  15.210   1.053   0.379
 2675   182  15.960   0.819  -0.230
 2676   182  12.640   0.964   0.378
 2677   182  16.120   0.909         
 2678   182  18.360   1.239         
 2679   182  18.050   1.524         
 2680   182  15.850   0.873   0.184
 2681   182  17.560   1.150   0.734
 2683   182  16.700   0.837   0.127
 2684   182  17.640   1.396         
 2686   182  17.950   0.819  -0.098
 2687   182  15.340   0.740   0.017
 2688   182  12.920   0.559   0.313
 2689   182  16.370   0.911   0.254
 2691   182  18.930   1.399         
 2693   182  16.690   1.169   0.900
 2695   182  17.540   1.018   0.111
 2696   182  19.170   1.220  -0.661
 2698   182  19.770   0.824         
 2699   182  18.940   1.028         
 2700   182  16.140   0.849   0.070
 2701   182  12.840   0.612   0.341
 2702   182  15.240   1.050   0.322
 2704   182  18.040   1.251         
 2706   182  19.630   1.202         
 2707   182  14.820   0.880   0.159
 2708   182  13.260   0.679   0.130
 2709   182  18.780   1.826         
 2710   182  16.180   0.802  -0.002
 2711   182  10.770   0.317  -0.105
 2713   182  17.170   1.019   0.310
 2715   182  19.220   1.178         
 2716   182  13.830   0.751   0.139
 2717   182  15.080   0.792  -0.038
 2719   182  12.660   0.545   0.267
 2721   182  15.250   0.915   0.074
 2722   182  16.000   1.061   0.531
 2723   182  17.650   1.166   0.706
 2724   182  19.550   1.432         
 2725   182  18.940   0.910         
 2726   182  16.980   0.737   0.168
 2727   182  16.510   1.183   0.607
 2728   182  18.760   0.662   0.190
 2730   182  19.600   1.676         
 2734   182  18.040   0.942   0.245
 2736   182  19.090   0.898         
 2737   182  17.060   1.437         
 2738   182  14.980   0.985   0.339
 2739   182  18.810   1.248         
 2740   182  16.260   1.190   0.765
 2741   182  12.100   0.446   0.253
 2742   182  18.080   0.918   0.256
 2743   182  16.020   1.146   0.442
 2744   182  16.250   0.757   0.055
 2746   182  17.130   1.317   0.985
 2747   182  17.860   0.876   0.194
 2748   182  18.410   0.960   0.203
 2756   182  12.720   0.486   0.284
 2759   182  17.290   1.257         
 2760   182  18.490   1.089         
 2761   182  16.850   1.094   0.552
 2762   182  13.840   0.942   0.397
 2763   182  18.870   1.250  -1.033
 2768   182  18.210   0.897  -0.006
 2769   182  16.000   1.304   1.174
 2770   182  17.710   0.758   0.086
 2772   182  12.320   0.503   0.247
 2773   182  14.320   0.808   0.183
 2774   182  18.620   0.798         
 2777   182  18.070   0.825   0.156
 2778   182  10.760   0.409   0.257
 2779   182  20.320   0.801         
 2781   182  13.300   0.755   0.131
 2785   182  18.780   0.874         
 2786   182  18.200   1.022         
 2788   182  19.540   1.432         
 2789   182  13.440   1.354   0.935
 2791   182  17.890   1.098  -0.079
 2792   182  16.410   1.108   0.571
 2794   182  15.880   1.046   0.381
 2796   182  18.730   0.920         
 2798   182  19.140   1.410         
 2800   182  19.170   0.966         
 2801   182  18.580   1.004         
 2802   182  14.160   0.925   0.244
 2804   182  16.340   0.735   0.118
 2805   182  15.650   0.873   0.174
 2808   182  18.940   1.181         
 2809   182  17.500   0.737  -0.034
 2811   182  17.900   0.708   0.046
 2812   182  18.040   1.028         
 2816   182  18.390   1.722         
 2817   182  16.850   0.937   0.249
 2819   182  18.980   0.975         
 2820   182  17.020   1.050   0.455
 2821   182  17.270   1.212   0.596
 2822   182  14.570   0.898   0.219
 2824   182  16.780   1.066   0.442
 2825   182  13.530   0.762   0.131
 2826   182  18.120   1.137         
 2828   182  17.730   1.341  -0.106
 2830   182  18.940   0.741   0.133
 2831   182  16.460   0.988   0.155
 2832   182  19.940   0.767         
 2833   182  19.270   1.564         
 2834   182  18.520   1.521         
 2836   182  17.230   1.224   0.153
 2837   182  13.720   0.850  -0.007
 2839   182  11.960   0.428   0.201
 2840   182  17.640   1.152         
 2841   182  18.200   1.207         
 2842   182  15.140   0.875   0.230
 2843   182  17.170   0.675   0.103
 2845   182  14.950   0.729   0.054
 2846   182  16.040   1.124   0.543
 2847   182  15.950   0.706   0.023
 2848   182  17.290   1.166   0.798
 2849   182  18.770   1.173         
 2850   182  15.380   0.397   0.223
 2851   182  15.820   0.804   0.137
 2852   182  13.240   0.731   0.314
 2853   182  13.850   0.874   0.233
 2855   182  19.150   1.326         
 2856   182  16.330   1.134   0.082
 2857   182  18.720   1.279         
 2858   182  16.470   1.284   0.894
 2859   182  12.270   0.563   0.349
 2863   182  19.240   1.343         
 2864   182  19.050   1.708         
 2865   182  19.190   1.102         
 2866   182  17.060   0.957   0.253
 2867   182  19.070   1.817         
 2868   182  18.930   0.885         
 2869   182  19.020   1.035         
 2870   182  18.760   0.868         
 2873   182  15.740   0.719   0.127
 2874   182  16.070   0.876   0.205
 2877   182  17.520   1.037   0.330
 2878   182  14.920   0.966   0.181
 2879   182  16.210   1.233   0.770
 2880   182  15.720   1.018   0.339
 2881   182  17.090   0.959   0.045
 2883   182  17.980   0.888   0.064
 2884   182  16.700   0.774   0.099
 2885   182  16.660   0.893   0.239
 2886   182  18.370   1.232         
 2887   182  18.790   1.321         
 2888   182  16.340   1.147   0.553
 2889   182  16.640   0.815   0.319
 2890   182  18.630   1.062         
 2892   182  18.700   1.287         
 2894   182  13.530   0.658   0.264
 2896   182  17.450   1.337         
 2897   182  16.920   1.102         
 2900   182  12.660   0.710   0.297
 2903   182  16.010   1.092   0.723
 2904   182  12.970   0.610   0.308
 2907   182  15.320   0.944   0.275
 2910   182  15.140   0.984   0.240
 2912   182  13.900   0.683   0.210
 2913   182  13.860   0.706   0.144
 2914   182  18.760   1.102  -0.140
 2917   182  13.640   0.802   0.211
 2920   182  18.210   0.820   0.107
 2922   182  17.080   0.822   0.079
 2925   182  12.780   0.516   0.274
 2926   182  14.900   0.907   0.178
 2928   182  14.510   0.762   0.124
 2931   182  17.660   1.291         
 2932   182  16.730   0.953   0.156
 2934   182  19.300   1.042         
 2937   182  17.620   1.148         
 2938   182  18.560   1.132   0.413
 2939   182  17.950   1.427         
 2940   182  19.690   1.420         
 2942   182  15.870   1.032   0.324
 2944   182  17.880   0.998         
 2946   182  19.380   1.069         
 2947   182  19.040   1.308         
 2948   182  19.480   1.233         
 2949   182  17.400   1.296   0.885
 2950   182  16.690   1.345   0.891
 2951   182  19.580   0.363         
 2952   182  19.200   0.915         
 2953   182  17.090   0.837   0.236
 2954   182  13.020   0.569   0.278
 2955   182  17.960   0.777   0.183
 2956   182  19.210   0.828         
 2958   182  18.400   0.944         
 2959   182  15.970   0.995   0.556
 2960   182  11.580   0.369   0.245
 2961   182  14.960   0.921   0.399
 2962   182  13.140   0.661   0.282
 2964   182  15.200   0.998   0.432
 2966   182  19.320   1.069         
 2967   182  19.080   1.138         
 2969   182  17.760   1.416         
 2970   182  15.240   0.704   0.204
 2973   182  10.470   0.421   0.273
 2976   182  15.340   0.913   0.255
 2978   182  16.280   1.029   0.398
 2979   182  13.550   0.615   0.182
 2981   182  12.290   0.540   0.328
 2982   182  15.320   0.999   0.382
 2983   182  17.470   1.218   0.702
 2984   182  14.110   0.772   0.160
 2985   182  16.690   0.840   0.090
 2986   182  18.190   0.889   0.107
 2989   182  16.610   1.248   0.945
 2990   182  17.880   1.211         
 2991   182  12.530   0.475   0.282
 2994   182  17.810   1.012  -0.005
 2995   182  18.880   1.259         
 2996   182  17.060   0.781   0.170
 2999   182  12.090   0.536   0.245
 3000   182  19.450   1.190         
 3001   182  19.270   1.004         
 3003   182  16.630   0.957  -0.029
 3004   182  18.360   1.212  -0.263
 3006   182  13.380   0.631   0.249
 3007   182  18.970   1.129   0.287
 3008   182  18.340   0.838   0.016
 3011   182  17.170   0.814   0.174
 3016   182  15.120   0.976         
 3017   182  19.470   0.895         
 3018   182  18.560   0.678         
 3023   182  13.320   0.649   0.228
 3025   182  18.840   0.990  -0.008
 3026   182  17.130   0.949   0.159
 3028   182  15.860   1.019   0.462
 3029   182  18.670   1.783         
 3030   182  18.140   1.238         
 3033   182  17.550   1.017   0.331
 3034   182  18.660   0.726         
 3035   182  16.900   0.931   0.090
 3037   182  18.600   0.822   0.095
 3038   182  19.340   2.172         
 3039   182  18.060   0.915         
 3041   182  17.040   0.870   0.087
 3042   182  13.200   0.727   0.162
 3043   182  18.520   1.095         
 3045   182  18.510   0.918   0.122
 3047   182  14.770   0.893   0.183
 3048   182  19.040   0.927         
 3049   182  18.110   0.912   0.222
 3050   182  18.400   0.999   0.401
 3057   182  18.660   0.866   0.067
 3058   182  16.010   0.787   0.139
 3059   182  15.370   0.855   0.279
 3062   182  14.060   1.130   0.586
 3063   182  14.650   1.022   0.426
 3064   182  17.680   0.880   0.129
 3065   182  15.660   1.128   0.459
 3066   182  15.990   1.079   0.419
 3067   182  18.760   1.396         
 3071   182  19.270   0.921         
 3072   182  15.150   0.988   0.321
 3073   182  12.900   0.573   0.220
 3074   182  13.770   1.202   0.751
 3075   182  18.210   0.996   0.178
 3076   182  14.830   0.935   0.228
 3078   182  19.500   1.142         
 3080   182  11.930   0.423   0.234
 3081   182  18.520   1.162         
 3083   182  17.580   0.758   0.025
 3085   182  17.810   0.865   0.391
 3087   182  18.220   0.906   0.435
 3089   182  17.670   0.966   0.238
 3091   182  16.100   0.856   0.171
 3092   182  15.870   0.774   0.109
 3101   182  13.380   0.895   0.310
 3102   182  17.330   0.956   0.179
 3109   182  17.780   1.331         
 3110   182  16.300   1.156   0.479
 3111   182  17.740   0.979   0.081
 3112   182  15.240   0.756   0.203
 3113   182  19.280   1.148         
 3115   182  18.110   1.337         
 3118   182  12.750   0.650   0.254
 3120   182  18.500   0.771         
 3121   182  16.150   1.232   0.683
 3122   182  16.470   0.858   0.166
 3124   182  13.550   0.920   0.331
 3125   182  17.560   0.806   0.112
 3128   182  16.530   0.730   0.155
 3130   182  15.650   0.908   0.180
 3132   182  17.520   0.857   0.026
 3133   182  16.340   1.025   0.459
 3137   182  18.150   0.926   0.020
 3141   182  18.980   1.741         
 3143   182  16.180   1.117   0.496
 3146   182  18.430   0.958         
 3147   182  17.440   0.978   0.287
 3148   182  16.090   0.924   0.161
 3151   182  16.900   0.992   0.270
 3154   182  17.640   1.435         
 3155   182  10.620   0.278  -0.037
 3156   182  12.290   0.455   0.300
 3159   182  16.530   0.788   0.182
 3161   182  18.300   1.278         
 3164   182  15.040   0.907   0.203
 3165   182  18.660   1.084         
 3167   182  18.380   0.865   0.108
 3169   182  17.540   0.825   0.174
 3170   182  18.660   0.984   0.158
 3173   182  17.540   0.859   0.070
 3174   182  18.480   0.901   0.062
 3175   182  17.470   0.881   0.071
 3179   182  15.010   0.852   0.143
 3182   182  17.590   1.258   1.014
 3184   182  17.420   1.953         
 3185   182  16.950   0.756   0.069
 3186   182  15.740   1.052   0.328
 3188   182  17.310   0.875   0.058
 3189   182  15.170   0.906   0.219
 3191   182  15.030   0.972   0.379
 3192   182  16.830   0.808   0.085
 3193   182  15.470   0.818   0.212
 3194   182  19.350   0.939         
 3196   182  17.240   1.355         
 3197   182  17.100   0.981   0.055
 3198   182  13.650   0.708   0.158
 3200   182  18.000   0.889   0.142
 3201   182  16.810   1.223   0.890
 3203   182  15.850   1.263   0.714
 3204   182  19.110   1.152         
 3205   182  16.770   1.257   0.609
 3206   182  16.760   0.807   0.155
 3207   182  17.230   0.820   0.105
 3209   182  19.190   0.987         
 3210   182  17.600   1.380         
 3211   182  14.540   0.816   0.145
 3215   182  17.220   0.894   0.063
 3219   182  16.980   0.759  -0.002
 3220   182  17.540   1.035         
 3221   182  16.730   1.237   0.483
 3223   182  17.470   1.127   0.550
 3224   182  17.940   1.210  -0.097
 3226   182  16.300   1.104   0.588
 3227   182  18.000   1.079   0.139
 3228   182  17.800   0.892   0.172
 3229   182  14.410   1.261   1.086