UBV CCD observations

  No    Ref    V       B-V     U-B

 0002    42   8.920   0.160  -0.620
 0004    42  10.720   0.150  -0.540
 0005    42  10.790   0.200  -0.560
 0006    42  10.440   0.210  -0.560
 0007    42  13.540   0.170  -0.400
 0008    42  14.010   0.280   0.010
 0009    42  12.570   0.190  -0.400
 0119    42  14.810   1.240   0.630
 0120    42  15.610   0.700   0.180
 0121    42  16.560   0.580         
 0122    42  14.110   0.270  -0.260
 0123    42  16.200  -0.610         
 0125    42  15.970  -0.160   0.200
 0126    42  12.380   0.210  -0.500
 0127    42  16.320   0.800   0.060
 0128    42  14.720   0.330   0.220
 0129    42  15.810   0.700         
 0134    42  15.890   0.580         
 0136    42  16.570   0.610         
 0203    42  16.040   0.410   0.220
 0204    42  14.350   0.250  -0.120
 0206    42  16.340   0.480         
 0208    42  16.020   0.440   0.380
 0209    42  16.250   0.490   0.280
 0211    42  16.420   0.510   0.370
 0213    42  16.600   0.560         
 0214    42  16.730   0.620         
 0215    42  15.760   0.360   0.220
 0216    42  14.030   0.490   0.070
 0217    42  14.110   0.200  -0.240
 0218    42  14.770   0.290   0.050
 0220    42  15.680   0.390   0.190
 0222    42  15.050   0.690   0.220
 0225    42  16.130   0.450         
 0226    42  12.240   1.070   0.620
 0227    42  16.420  -0.080         
 0319    42  12.970   0.170  -0.410
 0320    42  13.510   0.270  -0.310
 0603    42  18.210   1.280         
 0604    42  17.050   1.590         
 0605    42  16.710   1.260         
 0606    42  18.220   1.990         
 0607    42  18.110   1.070         
 0608    42  18.980   1.530         
 0609    42  16.730   0.620         
 0610    42  17.400   1.120         
 0611    42  14.170   0.250  -0.230
 0612    42  13.730   0.210  -0.420
 0614    42  17.980   1.110         
 0615    42  18.140   0.760         
 0616    42  16.530   0.860         
 0617    42  15.590   0.350   0.170
 0618    42  17.460   0.690         
 0620    42  18.140   1.240         
 0621    42  16.660   1.100         
 0622    42  16.340  -0.270   0.070
 0623    42  17.070   0.660         
 0624    42  18.110   0.860         
 0625    42  17.920   1.010         
 0626    42  18.180   0.880         
 0628    42  18.080   0.450         
 0629    42  17.640   0.890         
 0630    42  16.710   0.620         
 0631    42  17.450   0.810         
 0632    42  17.470   1.300         
 0633    42  17.340   0.190         
 0635    42  16.080   1.170         
 0637    42  18.390   1.050         
 0638    42  18.040   0.750         
 0639    42  17.780   0.740         
 0643    42  17.050   1.100         
 0645    42  16.890   0.840         
 0646    42  17.240   0.900         
 0649    42  17.660   0.770         
 0650    42  17.970   1.330         
 0651    42  17.040   0.890         
 0654    42  17.520   1.110         
 0656    42  18.090   0.780         
 0657    42  17.530   0.750         
 0658    42  16.590  -0.650   0.260
 0659    42  13.640   0.220  -0.250
 0660    42  16.480   0.530         
 0662    42  17.460   1.580         
 0663    42  17.990   0.870         
 0665    42  17.170   1.070         
 0667    42  16.180   0.630         
 0668    42  17.920   0.470         
 0669    42  18.090   0.810         
 0670    42  17.570   0.810         
 0671    42  17.840   0.800         
 0672    42  19.020   0.680         
 0673    42  18.360   0.750         
 0674    42  16.940   0.740         
 0675    42  16.460   0.520         
 0676    42  17.020   0.500         
 0677    42  16.100   1.180         
 0679    42  17.360   1.470         
 0681    42  19.190   1.930         
 0682    42  17.230   0.960         
 0683    42  18.520   1.860         
 0685    42  18.220   1.080         
 0686    42  18.220   1.230         
 0688    42  17.260   0.720         
 0689    42  18.300   1.440         
 0690    42  18.340   0.870         
 0691    42  17.380   0.770         
 0692    42  16.530   0.710         
 0693    42  18.050   0.750         
 0694    42  18.200   0.970         
 0696    42  17.810   1.070         
 0698    42  14.550   0.330   0.050
 0699    42  19.070   1.590         
 0700    42  16.230   0.520         
 0705    42  17.160   0.700         
 0707    42  18.210   1.140         
 0708    42  17.050   0.690         
 0709    42  17.210   0.660         
 0713    42  17.780   1.170         
 0714    42  12.120   0.160  -0.550
 0719    42  16.480  -0.680  -0.090