UBV CCD observations

  No    Ref    V       B-V     U-B

 0001   304  11.232   1.110   1.020
 0002   304  12.624   0.543   0.022
 0003   304  12.965   0.657   0.113
 0004   304  13.356   0.573   0.091
 0005   304  13.521   0.771   0.284
 0006   304  14.867  -0.440   0.037
 0007   304  13.655   0.744   0.294
 0008   304  13.854   0.561   0.023
 0009   304  14.095   0.636   0.081
 0010   304  14.065   0.666   0.183
 0011   304  14.034   1.258   1.043
 0012   304  14.214   0.513   0.006
 0013   304  14.221   0.678   0.205
 0014   304  14.319   0.661   0.163
 0015   304  14.209   1.196   1.165
 0017   304  14.588   0.626   0.026
 0018   304  14.767   0.709   0.175
 0019   304  14.866   1.100   1.118
 0020   304  14.791   0.848   0.543
 0021   304  14.851   0.936   0.767
 0022   304  14.949   0.895   0.573
 0023   304  15.110   0.752   0.310
 0024   304  15.554   1.268   1.467
 0026   304  15.726   0.151   0.133
 0027   304  15.505   0.804   0.462
 0028   304  15.572   0.950   0.557
 0029   304  15.622   0.691   0.101
 0030   304  15.676   0.793   0.238
 0031   304  16.507  -0.167  -1.165
 0032   304  15.748   0.979   0.859
 0033   304  15.845   0.797   0.328
 0034   304  15.887   0.958   0.536
 0035   304  15.897   0.798   0.423
 0036   304  15.909   0.734   0.272
 0037   304  17.146   1.589         
 0038   304  15.982   0.914   0.549
 0039   304  16.034   0.579   0.034
 0040   304  16.019   0.824   0.287
 0041   304  16.030   0.916   0.684
 0042   304  16.061   0.903   0.665
 0043   304  16.101   0.775   0.342
 0044   304  16.239   1.116   0.744
 0045   304  16.196   1.180   1.225
 0046   304  16.163   0.919   0.637
 0047   304  16.410   1.322   1.641
 0048   304  16.813   1.555   1.457
 0049   304  16.174   0.967   0.837
 0050   304  17.319   1.597         
 0051   304  16.288   1.156   1.039
 0052   304  16.307   0.697   0.096
 0053   304  16.318   0.869   0.528
 0054   304  16.414   0.733   0.124
 0055   304  16.436   0.507  -0.036
 0056   304  16.430   0.742   0.200
 0057   304  16.470   0.845   0.465
 0058   304  16.528   0.653   0.077
 0059   304  16.570   0.711   0.126
 0060   304  16.633   1.020   1.064
 0061   304  16.672   1.031   0.873
 0062   304  16.813   1.161   0.920
 0063   304  16.706   0.679   0.080
 0064   304  16.755   0.911   0.756
 0065   304  16.843   0.759   0.189
 0066   304  16.871   0.702   0.118
 0067   304  16.956   0.738   0.060
 0068   304  17.271   1.245   1.492
 0069   304  17.031   0.725   0.148
 0070   304  17.482   1.425         
 0071   304  17.113   0.651  -0.150
 0072   304  17.208   1.002   0.819
 0073   304  18.072   1.542         
 0074   304  17.239   0.732         
 0075   304  17.287   0.805   0.203
 0076   304  17.809   1.375   1.758
 0077   304  17.388   0.875   0.479
 0078   304  17.404   0.843         
 0079   304  17.462   1.018   0.964
 0080   304  17.416   0.640  -0.076
 0081   304  17.919   1.443         
 0082   304  17.487   0.805   0.212
 0083   304  17.553   0.682   0.008
 0084   304  17.606   0.657  -0.010
 0085   304  17.813   1.101         
 0086   304  18.323   1.275         
 0087   304  17.832   0.964         
 0089   304  18.909   1.381         
 0090   304  17.801   0.821   0.526
 0091   304  17.854   1.002   1.245
 0092   304  17.834   0.895   0.669
 0093   304  17.868   0.864   0.462
 0094   304  17.856   0.724   0.251
 0095   304  17.928   0.991   0.586
 0096   304  17.872   0.841   0.197
 0097   304  17.866   0.705  -0.054
 0098   304  17.913   0.821   0.323
 0099   304  17.906   0.891   0.671
 0100   304  17.956   0.805   0.294
 0101   304  17.992   0.716   0.071
 0102   304  18.034   0.790   0.346
 0103   304  18.039   0.829         
 0104   304  18.036   0.751  -0.031
 0106   304  18.043   0.715   0.026
 0107   304  18.357   1.281         
 0108   304  18.916   1.442         
 0109   304  18.136   0.798   0.152
 0110   304  19.323   1.642         
 0111   304  18.402   1.349         
 0112   304  18.321   1.327         
 0114   304  18.168   0.857         
 0115   304  18.407   1.208         
 0116   304  18.268   0.895   0.133
 0117   304  18.282   0.836  -0.062
 0119   304  18.282   0.750  -0.081
 0120   304  18.347   0.573   0.036
 0121   304  18.315   0.810   0.245
 0122   304  18.404   0.962         
 0123   304  18.337   0.657  -0.059
 0125   304  18.362   0.853         
 0126   304  18.380   0.775         
 0127   304  18.466   0.952         
 0129   304  18.411   0.757  -0.128
 0130   304  18.426   0.703   0.072
 0131   304  18.656   1.263   0.734
 0132   304  19.317   1.301         
 0133   304  18.503   0.737         
 0134   304  20.486   1.512         
 0135   304  18.555   0.775         
 0136   304  18.602   0.864   0.184
 0137   304  18.570   0.739         
 0138   304  18.609   0.576  -0.223
 0139   304  18.987   1.577         
 0140   304  19.175   1.537         
 0141   304  18.741   0.990         
 0142   304  18.771   0.979         
 0143   304  19.365   1.308         
 0145   304  18.690   0.893         
 0146   304  18.760   1.034         
 0147   304  18.686   0.590  -0.025
 0149   304  19.174   1.179         
 0150   304  19.584   1.542         
 0151   304  19.322   1.234         
 0153   304  18.776   1.426         
 0154   304  19.129   1.160         
 0155   304  18.873   0.745         
 0157   304  19.571   1.359         
 0158   304  19.018   1.079         
 0161   304  18.903   0.720  -0.062
 0162   304  18.958   0.623         
 0164   304  19.006   0.927   0.444
 0166   304  20.987   0.919         
 0167   304  19.124   0.909         
 0169   304  19.326   1.548         
 0170   304  19.432   1.175         
 0172   304  19.597   1.553  -0.702
 0174   304  19.389   1.332         
 0175   304  19.310   1.089         
 0176   304  19.228   1.005         
 0181   304  19.247   1.254         
 0183   304  19.248   0.774         
 0185   304  19.309   0.670  -0.294
 0186   304  21.110   0.617         
 0188   304  19.427   0.599  -0.112
 0189   304  19.362   0.798         
 0192   304  19.348   0.718         
 0193   304  19.419   0.738         
 0195   304  19.340   0.775   0.381
 0196   304  19.664   1.101         
 0197   304  19.972   1.404         
 0198   304  19.423   0.691         
 0199   304  19.853   1.555         
 0200   304  19.553   0.904         
 0202   304  19.540   0.732         
 0203   304  19.554   0.854         
 0204   304  20.331   1.244         
 0205   304  19.882   1.152         
 0206   304  19.926   1.597         
 0207   304  19.601   1.201         
 0208   304  19.523   0.459         
 0209   304  20.154   1.303         
 0210   304  20.191   1.412         
 0211   304  19.674   1.143         
 0215   304  19.733   0.881         
 0216   304  19.951   0.802         
 0218   304  19.966   1.351         
 0220   304  19.796   0.736         
 0222   304  19.888   0.793         
 0223   304  19.787   0.619         
 0225   304  19.732   0.684         
 0226   304  19.881   0.947  -0.477
 0227   304  19.938   0.606         
 0228   304  19.825   0.565         
 0232   304  20.164   1.435         
 0236   304  19.912   0.992         
 0237   304  19.770   0.786         
 0241   304  19.929   0.953         
 0245   304  20.284   1.266         
 0251   304  20.162   0.677         
 0253   304  20.577   1.049         
 0254   304  20.298   0.163         
 0256   304  20.163   0.629         
 0259   304  20.503   1.192         
 0261   304  20.304   0.893         
 0268   304  20.550   0.814         
 0271   304  20.622   0.294         
 0272   304  20.631   0.929         
 0277   304  20.702   0.027         
 0283   304  20.743   0.366         
 0284   304  21.355   0.554         
 0289   304  20.709   0.941         
 0292   304  20.840   0.487         
 0294   304  20.808   1.366         
 0299   304  20.882   0.607         
 0300   304  20.825   0.961         
 0301   304  20.958   0.720         
 0305   304  21.076   0.952         
 0324   304  22.165  -0.124         
 0329   304  22.369  -0.010