UBV CCD observations

  No    Ref    V       B-V     U-B

 0001   507  11.689   1.770         
 0005   507  10.939   0.270         
 0009   507  11.999   0.350         
 0019   507  12.279   0.390         
 0021   507  11.139   0.240         
 0022   507  11.579   0.290         
 0024   507  13.059   0.650         
 0025   507  13.269   0.910         
 0027   507  10.129   0.220         
 0029   507  12.579   0.440         
 0040   507   8.590   1.698         
 0046   507  13.219   0.900         
 0047   507  10.715   0.175         
 0048   507   9.480   0.261         
 0049   507   7.033   1.858         
 0054   507  12.390   1.503         
 0055   507  12.059   0.490         
 0058   507  11.859   0.340         
 0061   507   9.383   0.171         
 0069   149  14.000   1.420   1.000
 0069   507  14.000   1.420         
 0070   507  11.410   0.375         
 0076   507  15.270   0.903         
 0078   507  11.110   1.847         
 0081   149   9.170   0.160  -0.300
 0081   507   9.152   0.181         
 0082   507   9.489   0.575         
 0085   149  10.600   0.290  -0.100
 0085   507  10.597   0.268         
 0086   507  11.550   0.220         
 0091   149  13.250   0.650   0.200
 0091   507  13.240   0.655         
 0092   149  13.400   0.730   0.100
 0092   507  13.370   0.731         
 0094   149  11.570   0.280   0.100
 0094   507  11.552   0.293         
 0097   507   9.360   0.110         
 0098   149  13.830   0.840   0.400
 0098   507  13.830   0.840         
 0099   149   9.850   0.200  -0.200
 0099   507   9.855   0.186         
 0102   507  11.309   1.390         
 0104   149   9.820   0.250  -0.000
 0104   507   9.862   0.238         
 0106   149  14.490   0.860   0.300
 0106   507  14.490   0.860         
 0107   507   9.793   0.251         
 0116   149  11.690   0.320   0.100
 0116   507  11.686   0.300         
 0117   507  12.969   0.890         
 0118   149  10.620   1.280   1.000
 0118   507  10.647   1.288         
 0120   507  10.939   0.240         
 0121   507  11.809   0.420         
 0122   507  14.980   0.963         
 0124   149  14.090   0.940   0.300
 0124   507  14.090   0.940         
 0125   149  15.030   0.760   0.200
 0125   507  15.030   0.760         
 0126   507  10.650   0.230         
 0127   149  14.930   1.680   1.600
 0127   507  14.930   1.680         
 0129   149  14.920   0.890   0.200
 0129   507  14.920   0.890         
 0131   507  13.370   1.443         
 0133   149  12.410   1.160   0.800
 0133   507  12.443   1.174         
 0135   507  12.019   0.450         
 0136   507   8.276   0.154         
 0137   149  13.460   0.680   0.200
 0137   507  13.480   0.670         
 0138   149  14.510   1.660   1.200
 0138   507  14.510   1.660         
 0141   507  11.785   0.505         
 0142   507  12.405   0.495         
 0145   507  12.689   1.040         
 0146   149  10.770   0.290         
 0146   507  10.786   0.307         
 0150   149  14.740   0.880   0.200
 0150   507  14.740   0.880         
 0151   149  14.390   1.640   1.300
 0151   507  14.390   1.640         
 0153   149  14.850   0.910   0.200
 0153   507  14.850   0.910         
 0155   507  10.165   1.337         
 0156   149  13.760   0.770   0.200
 0156   507  13.760   0.770         
 0164   149  15.140   1.070   0.500
 0164   507  15.140   1.070         
 0165   149  14.020   2.420   1.200
 0165   507  14.020   2.420         
 0169   507  11.469   1.750         
 0172   507  11.329   0.405         
 0177   507  11.119   0.245         
 0179   507  12.849   0.480         
 0181   149  14.180   0.880   0.300
 0181   507  14.230   0.891         
 0184   507   8.806   0.138         
 0186   149  11.480   0.400   0.200
 0186   507  11.530   0.380         
 0187   507   9.184   0.110         
 0188   149  14.260   1.110   0.700
 0188   507  14.295   1.102         
 0189   149  14.140   0.670   0.400
 0189   507  14.140   0.670         
 0190   507  13.119   0.670         
 0191   149  14.150   0.840   0.100
 0191   507  14.150   0.840         
 0193   149  14.750   1.730         
 0193   507  14.750   1.730         
 0198   507  14.710   0.743         
 0199   507  12.969   0.560         
 0201   507  11.809   0.490         
 0202   507  12.470   0.631         
 0205   507  12.215   0.396         
 0206   507  15.120   0.943         
 0210   507  13.589   0.710         
 0214   507  11.389   0.390         
 0222   507  10.560   0.315         
 0228   507  11.290   0.575         
 0231   507  12.689   0.730         
 0232   507  12.319   0.380         
 0239   507  11.063   0.284         
 0247   507  12.109   0.640         
 0249   507  11.009   0.240         
 0261   507  12.659   0.600         
 0264   507  12.599   0.450         
 0269   507  11.249   0.250         
 0273   507  11.699   1.010         
 0275   507  10.639   0.430         
 0281   507  12.639   0.930         
 0284   507  12.329   0.750         
 0285   507  11.139   0.380         
 0289   507  13.329   0.790         
 0290   507  12.389   0.530         
 0300   507  10.519   0.680         
 0301   507  11.599   0.280         
 0302   507  13.359   0.560         
 0303   507  11.869   0.430         
 0304   507  12.049   0.550         
 0305   507  13.499   0.890         
 0306   507  12.199   0.710         
 0307   507  13.029   0.670         
 0308   507  12.269   0.580         
 0309   507  13.309   0.860         
 0310   507  12.289   0.700         
 0311   507  11.799   1.370         
 0312   507  13.149   0.450         
 0313   507  13.149   0.390         
 0314   507  11.049   0.460         
 0315   507  12.269   1.540         
 0316   507  12.339   0.680         
 0317   507  13.139   0.400         
 0318   507  12.269   0.790         
 0319   507  13.869   0.700         
 0320   507  13.609   0.750         
 0321   507  13.129   0.740         
 0322   507  13.179   1.410         
 0323   507  13.469   0.830         
 0324   507  12.709   0.810         
 0343   507  12.879   0.420         
 0344   507  12.979   0.570         
 0346   507  12.479   0.300         
 0347   507  11.569   0.720         
 0348   507  11.879   0.520         
 0349   507  12.489   0.660         
 0350   507  13.379   0.430         
 0352   507  12.569   0.800         
 0353   507  11.319   0.350         
 0354   507  12.369   0.730         
 0355   507  11.729   0.300         
 0356   507  10.239   0.100         
 0357   507  12.359   0.750         
 0358   507  12.159   0.260         
 0359   507  11.979   0.330         
 0360   507  12.179   0.380         
 0361   507  12.659   0.620         
 0362   507  11.609   0.230         
 0363   507  11.409   1.470         
 0364   507  11.379   0.720         
 0365   507  11.729   0.300         
 0366   507  10.639   1.170         
 0367   507  12.349   0.590         
 0368   507  12.929   0.630         
 0369   507  12.559   1.050         
 0370   507  11.709   0.270         
 0371   507  12.609   0.590         
 0372   507  12.289   1.360         
 0373   507  12.289   1.250         
 0374   507  11.549   1.560         
 0375   507  13.619   0.560         
 0376   507  13.319   0.580         
 0377   507  10.929   0.210         
 0378   507  11.609   1.510         
 0379   507  13.669   0.510         
 0380   507  12.619   1.420         
 0381   507  11.949   0.760         
 0382   507  10.829   0.480         
 0401   507  11.649   0.340         
 0402   507  12.969   0.730         
 0403   507  10.879   0.590         
 0404   507  11.049   0.650         
 0405   507  12.429   0.380         
 0406   507  10.839   0.480         
 0407   507  11.309   0.480         
 0408   507  12.109   0.740         
 0409   507  13.709   0.730         
 0410   507  13.659   0.580         
 0411   507  11.299   0.290         
 0412   507  12.819   1.440         
 0413   507  12.739   0.600         
 0414   507  13.779   0.570         
 0415   507  13.009   1.390         
 0416   507  12.519   1.370         
 0417   507  12.739   0.530         
 0418   507  13.379   0.610         
 0419   507  11.699   1.000         
 0420   507  12.109   0.950         
 0421   507  13.209   1.050         
 0422   507  12.139   1.690         
 0423   507   9.899   0.560         
 0424   507  12.289   0.450         
 0425   507  12.509   0.590         
 0426   507  13.619   0.830         
 0427   507  13.039   0.530         
 0428   507  12.359   1.410         
 0429   507  13.129   0.570         
 0430   507  12.519   1.530         
 0431   507  11.859   0.310         
 0432   507  10.829   0.210         
 0433   507  13.569   0.690         
 0434   507  12.269   0.380         
 0435   507  12.059   0.510         
 0436   507  12.229   0.480         
 0437   507  10.209   0.200         
 0438   507  11.089   1.300         
 0439   507  10.589   0.230         
 0440   507  12.999   0.490         
 0441   507  11.289   0.240         
 0442   507   9.839   0.220         
 0443   507  11.549   0.290         
 0444   507  11.969   0.570         
 0445   507  11.319   0.260         
 0447   507  12.149   0.900         
 0448   507  11.249   0.270         
 0449   507  12.559   0.470         
 0450   507  10.499   0.200         
 0451   507  12.219   0.400         
 0452   507  12.939   0.400         
 0453   507  13.089   0.600         
 0454   507  12.999   0.760         
 0455   507  10.729   1.290         
 0456   507  11.389   1.890         
 0457   507  12.339   0.740         
 0458   507  13.009   0.540         
 0459   507  11.889   0.500         
 0460   507  12.149   0.380         
 0461   507  12.039   0.330         
 0462   507   9.959   0.130         
 0463   507  11.899   0.490         
 0464   507  13.139   0.540         
 0465   507  12.039   0.320         
 0466   507  11.789   0.290         
 0467   507  10.929   1.360         
 0468   507  12.969   0.430         
 0469   507  12.909   0.930         
 0470   507  12.619   0.930         
 0471   507  12.019   0.290         
 0472   507  12.539   0.440         
 0473   507  12.449   0.790         
 0474   507  12.529   0.700         
 0475   507   9.919   1.940         
 0476   507  12.169   0.330         
 0477   507  10.929   0.210         
 0478   507  12.389   0.370         
 0479   507  12.149   0.390         
 0480   507  10.859   0.330         
 0481   507  11.959   1.530         
 0482   507  13.469   0.700         
 0483   507  11.339   1.300         
 0501   507  12.469   0.510         
 0502   507  11.479   0.450         
 0503   507  12.749   1.090         
 0504   507  11.169   1.190         
 0505   507  10.139   1.440         
 0506   507  12.249   0.450         
 0507   507  10.909   0.690         
 0508   507  11.069   0.290         
 0509   507  12.469   0.410         
 0510   507   7.709   1.480         
 0511   507  10.759   0.270         
 0512   507  10.829   0.250         
 0513   507  12.159   0.610         
 0514   507  11.569   0.400         
 1008   149  18.360   1.410         
 1008   507  18.360   1.410         
 1011   149  18.390   1.360         
 1011   507  18.390   1.360         
 1023   149  15.810   2.040         
 1023   507  15.810   2.040         
 1024   149  16.520   0.990   0.200
 1024   507  16.520   0.990         
 1049   149  17.260   1.250         
 1049   507  17.260   1.250         
 1050   149  17.270   1.200         
 1050   507  17.270   1.200         
 1055   149  16.760   1.010   0.400
 1055   507  16.760   1.010         
 1057   149  18.330   1.360         
 1057   507  18.330   1.360         
 1058   149  18.280   1.370         
 1058   507  18.280   1.370         
 1065   149  16.440   2.100         
 1065   507  16.440   2.100         
 1067   149  18.000   1.460         
 1067   507  18.000   1.460         
 1068   149  15.660   1.750         
 1068   507  15.660   1.750         
 1070   149  18.080   1.290         
 1070   507  18.080   1.290         
 1073   149  16.560   2.130         
 1073   507  16.560   2.130         
 1074   149  16.170   1.470   0.800
 1074   507  16.170   1.470         
 1080   149  18.420   1.440         
 1080   507  18.420   1.440         
 1092   149  18.510   1.510         
 1092   507  18.510   1.510         
 1096   149  18.550   1.640         
 1096   507  18.550   1.640         
 1097   149  18.450   1.340         
 1097   507  18.450   1.340         
 1099   149  18.300   1.670         
 1099   507  18.300   1.670         
 1106   149  16.320   1.210   0.400
 1106   507  16.320   1.210         
 1110   149  16.200   1.140   0.300
 1110   507  16.200   1.140         
 1117   149  17.140   1.490         
 1117   507  17.140   1.490         
 1119   149  18.490   1.600         
 1119   507  18.490   1.600         
 1125   149  18.580   1.280         
 1125   507  18.580   1.280         
 1132   149  15.220   0.880   0.200
 1132   507  15.220   0.880         
 1138   149  18.680   1.600         
 1138   507  18.680   1.600         
 1139   149  18.140   1.540         
 1139   507  18.140   1.540         
 1148   149  17.310   0.840         
 1148   507  17.310   0.840         
 1152   149  16.790   1.820         
 1152   507  16.790   1.820         
 1153   149  15.860   0.850   0.200
 1153   507  15.860   0.850         
 1154   149  18.310   1.450         
 1154   507  18.310   1.450         
 1155   149  12.380   0.500   0.300
 1157   149  18.320   1.140         
 1157   507  18.320   1.140         
 1161   149  16.560   1.030   0.400
 1161   507  16.560   1.030         
 1165   149  18.080   1.640         
 1165   507  18.080   1.640         
 1170   149  16.510   1.090   0.600
 1170   507  16.510   1.090         
 1173   149  15.250   0.940   0.300
 1173   507  15.250   0.940         
 1175   149  17.460   0.970         
 1175   507  17.460   0.970         
 1177   149  15.540   0.940   0.200
 1177   507  15.540   0.940         
 1179   149  17.610   0.310         
 1179   507  17.610   0.310         
 1180   149  17.010   2.050         
 1180   507  17.010   2.050         
 1184   149  15.730   2.320         
 1184   507  15.730   2.320         
 1186   149  16.950   1.440         
 1186   507  16.950   1.440         
 1190   149  17.530   1.720         
 1190   507  17.530   1.720         
 1193   149  18.320   1.360         
 1193   507  18.320   1.360         
 1197   149  15.900   0.990   0.300
 1197   507  15.900   0.990         
 1206   149  18.530   1.320         
 1206   507  18.530   1.320         
 1210   149  16.070   1.920         
 1210   507  16.070   1.920         
 1211   149  17.710   1.470         
 1211   507  17.710   1.470         
 1212   149  17.280   1.270         
 1212   507  17.280   1.270         
 1213   149  17.920   1.300         
 1213   507  17.920   1.300         
 1217   149  15.020   0.850   0.400
 1217   507  15.020   0.850         
 1226   149  16.100   1.120   0.600
 1226   507  16.100   1.120         
 1227   149  17.620   1.270         
 1227   507  17.620   1.270         
 1229   149  15.440   1.150   0.400
 1229   507  15.440   1.150         
 1231   149  16.550   2.370         
 1231   507  16.550   2.370         
 1233   149  17.240   1.150         
 1233   507  17.240   1.150         
 1234   149  18.310   2.060         
 1234   507  18.310   2.060         
 1237   149  17.850   2.080         
 1237   507  17.850   2.080         
 1239   149  15.650   1.380   1.100
 1239   507  15.650   1.380         
 1241   149  15.940   1.160   0.500
 1241   507  15.940   1.160         
 1242   149  18.450   1.980         
 1242   507  18.450   1.980         
 1244   149  18.680   1.320         
 1244   507  18.680   1.320         
 1247   149  17.800   2.390         
 1247   507  17.800   2.390         
 1250   149  16.610   1.100         
 1250   507  16.610   1.100         
 1255   149  18.230   1.450         
 1255   507  18.230   1.450         
 1260   149  18.010   1.260         
 1260   507  18.010   1.260         
 1265   149  15.950   1.130   0.700
 1265   507  15.950   1.130         
 1266   149  17.030   1.990         
 1266   507  17.030   1.990         
 1267   149  14.380   0.660   0.400
 1267   507  14.380   0.660         
 1270   149  15.780   1.760         
 1270   507  15.780   1.760         
 1273   149  16.070   1.150   0.500
 1273   507  16.070   1.150         
 1275   149  17.230   1.600         
 1275   507  17.230   1.600         
 1276   149  17.930   1.420         
 1276   507  17.930   1.420         
 1277   149  16.420   2.170         
 1277   507  16.420   2.170         
 1278   149  15.980   0.770         
 1278   507  15.980   0.770         
 1280   149  17.670   1.250         
 1280   507  17.670   1.250         
 1281   149  18.050   1.120         
 1281   507  18.050   1.120         
 1287   149  18.560   1.590         
 1287   507  18.560   1.590         
 1288   149  17.810   1.320         
 1288   507  17.810   1.320         
 1289   149  17.370   1.340         
 1289   507  17.370   1.340         
 1298   149  16.580   1.160   0.500
 1298   507  16.580   1.160         
 1300   149  17.740   1.330         
 1300   507  17.740   1.330         
 1308   149  18.740   1.490         
 1308   507  18.740   1.490         
 1309   149  16.930   1.060         
 1309   507  16.930   1.060         
 1310   149  18.200   1.870         
 1310   507  18.200   1.870         
 1311   149  17.990   1.300         
 1311   507  17.990   1.300         
 1315   149  16.720   2.320         
 1315   507  16.720   2.320         
 1316   149  18.380   1.200         
 1316   507  18.380   1.200         
 1322   149  17.560   1.210         
 1322   507  17.560   1.210         
 1323   149  16.440   1.780         
 1323   507  16.440   1.780         
 1325   149  18.520   1.570         
 1325   507  18.520   1.570         
 1326   149  18.250   1.270         
 1326   507  18.250   1.270         
 1330   149  17.800   2.040         
 1330   507  17.800   2.040         
 1331   149  18.120   1.860         
 1331   507  18.120   1.860         
 1332   149  17.270   1.690         
 1332   507  17.270   1.690         
 1339   149  15.700   1.860         
 1339   507  15.700   1.860         
 1342   149  17.710   1.400         
 1342   507  17.710   1.400         
 1343   149  17.110   1.130         
 1343   507  17.110   1.130         
 1344   149  16.960   1.890         
 1344   507  16.960   1.890         
 1349   149  16.920   0.990   0.300
 1349   507  16.920   0.990         
 1350   149  18.590   1.550         
 1350   507  18.590   1.550         
 1351   149  18.520   1.530         
 1351   507  18.520   1.530         
 1352   149  18.940   0.960         
 1352   507  18.940   0.960         
 1355   149  18.770   1.530         
 1355   507  18.770   1.530         
 1356   149  18.510   1.540         
 1356   507  18.510   1.540         
 1358   149  17.430   1.140         
 1358   507  17.430   1.140         
 1363   149  17.470   1.350         
 1363   507  17.470   1.350         
 1365   149  16.560   1.100   0.200
 1365   507  16.560   1.100         
 1366   149  18.290   1.910         
 1366   507  18.290   1.910         
 1367   149  16.690   0.940         
 1367   507  16.690   0.940         
 1368   149  18.010   1.300         
 1368   507  18.010   1.300         
 1370   149  17.560   2.120         
 1370   507  17.560   2.120         
 1371   149  15.710   0.890   0.200
 1371   507  15.710   0.890         
 1373   149  17.270   1.010  -0.000
 1373   507  17.270   1.010         
 1381   149  15.990   0.910   0.200
 1381   507  15.990   0.910         
 1385   149  16.810   2.110         
 1385   507  16.810   2.110         
 1387   149  17.330   1.380         
 1387   507  17.330   1.380         
 1392   149  18.130   1.190         
 1392   507  18.130   1.190         
 1394   149  18.590   0.810         
 1394   507  18.590   0.810         
 1396   149  18.260   1.240         
 1396   507  18.260   1.240         
 1397   149  16.140   1.190   0.600
 1397   507  16.140   1.190         
 1401   149  15.550   1.680         
 1401   507  15.550   1.680         
 1402   149  18.350   1.350         
 1402   507  18.350   1.350         
 1404   149  17.150   1.150         
 1404   507  17.150   1.150         
 1405   149  16.590   1.130   0.300
 1405   507  16.590   1.130         
 1409   149  17.720   0.920         
 1409   507  17.720   0.920         
 1416   149  18.600   1.250         
 1416   507  18.600   1.250         
 1417   149  18.700   1.240         
 1417   507  18.700   1.240         
 1419   149  17.650   1.140         
 1419   507  17.650   1.140         
 1423   149  17.580   1.280         
 1423   507  17.580   1.280         
 1424   149  17.940   2.060         
 1424   507  17.940   2.060         
 1428   149  16.120   1.110   0.700
 1428   507  16.120   1.110         
 1431   149  16.820   1.870         
 1431   507  16.820   1.870         
 1432   149  17.600   1.470         
 1432   507  17.600   1.470         
 1434   149  16.300   2.340         
 1434   507  16.300   2.340         
 1438   149  18.080   2.080         
 1438   507  18.080   2.080         
 1439   149  15.720   2.040         
 1439   507  15.720   2.040         
 1443   149  16.040   1.160   0.600
 1443   507  16.040   1.160         
 1444   149  16.970   1.550         
 1444   507  16.970   1.550         
 1445   149  15.910   1.070         
 1445   507  15.910   1.070         
 1446   149  17.720   1.290         
 1446   507  17.720   1.290         
 1448   149  17.840   1.840         
 1448   507  17.840   1.840         
 1449   149  15.770   0.970   0.300
 1449   507  15.770   0.970         
 1455   149  17.900   1.610         
 1455   507  17.900   1.610         
 1456   149  18.020   2.270         
 1456   507  18.020   2.270         
 1459   149  17.890   1.280         
 1459   507  17.890   1.280         
 1462   149  16.590   2.020         
 1462   507  16.590   2.020         
 1465   149  17.680   1.240         
 1465   507  17.680   1.240         
 1468   149  18.100   1.090         
 1468   507  18.100   1.090         
 1469   149  17.480   2.460         
 1469   507  17.480   2.460         
 1472   149  18.640   0.920         
 1472   507  18.640   0.920         
 1473   149  15.520   1.000   0.400
 1473   507  15.520   1.000         
 1475   149  18.360   1.430         
 1475   507  18.360   1.430         
 1481   149  18.660   1.280         
 1481   507  18.660   1.280         
 1482   149  17.520   1.290         
 1482   507  17.520   1.290         
 1488   149  18.100   0.940         
 1488   507  18.100   0.940         
 1495   149  18.530   1.270         
 1495   507  18.530   1.270         
 1499   149  18.420   1.250         
 1499   507  18.420   1.250         
 1500   149  18.140   1.350         
 1500   507  18.140   1.350         
 1502   149  17.730   2.400         
 1502   507  17.730   2.400