UBV CCD observations

  No    Ref    V       B-V     U-B

 0044   297  10.730   0.390         
 0047   181  10.910   0.490         
 0047   319  10.910   0.490         
 0049   297  10.530   0.330         
 0052   297   9.000   0.250         
 0054   297  10.100   0.290         
 0055   297  10.390   0.380         
 0058   297   7.570   0.090         
 0062   297  10.000   0.310         
 0067   297   9.510   0.290         
 0070   297   8.210   0.820         
 0075   297   9.680   0.310         
 0082   297  10.920   0.420         
 0085   297  10.080   0.350         
 0094   181  10.920   0.490         
 0094   297  10.920   0.490         
 0096   297   9.820   0.260         
 0097   297   9.080   0.280         
 0100   297   8.310   1.130         
 0110   297  10.160   0.370         
 0116   297  10.010   0.310         
 0178   297   9.500   0.320         
 0179   297   9.000   0.250         
 0205   181  15.040   1.160         
 0208   181  14.600   1.080         
 0213   181  13.000   0.730         
 0213   297  13.000   0.730         
 0220   181  13.950   0.800         
 0223   181  12.200   0.600         
 0223   297  12.200   0.600         
 0226   181  14.700   1.180         
 0227   246  14.397   0.867         
 0228   246  13.317   0.764         
 0231   246  14.494   1.171         
 0231   319  14.540   1.120         
 0232   246  13.999   0.767         
 0233   181  13.470   0.790         
 0233   297  13.470   0.790         
 0237   181  12.340   0.730         
 0237   297  12.340   0.630         
 0237   297  12.340   0.630         
 0242   246  14.550   0.735         
 0246   246  13.093   0.250         
 0247   181  12.440   0.620         
 0247   297  12.440   0.620         
 0253   181  11.240   0.510         
 0253   297  11.240   0.510         
 0258   181  11.360   0.540         
 0258   297  11.360   0.540         
 0259   181  13.730   0.810         
 0259   297  13.730   0.810         
 0262   181  13.480   0.810         
 0265   181  11.450   0.510         
 0265   297  11.450   0.510         
 0266   181  12.810   0.770         
 0266   297  12.810   0.770         
 0267   297  10.500   0.420         
 0272   246  11.981   1.131         
 0274   297  12.240   0.650         
 0326   181  12.410   0.640         
 0326   297  12.410   0.640         
 0358   181  12.800   0.680         
 0358   246  12.794   0.668         
 0358   297  12.800   0.680         
 0482   246  13.979   1.776         
 0486   181  13.800   0.820         
 0486   319  13.800   0.820         
 0499   181  13.880   0.810         
 0509   246  13.151   0.565         
 0530   181  14.210   0.980         
 0534   297   9.700   0.320         
 0541   181  14.160   0.710         
 0542   181  14.060   0.840         
 0559   181  14.090   0.840         
 0560   181  13.220   0.570         
 0560   246  13.174   0.580         
 0565   246  12.320   1.475         
 0569   246  13.699   1.742         
 0571   181  13.660   0.850         
 0575   181  14.010   0.860         
 0586   181  13.440   0.700         
 0586   319  13.440   0.700         
 0597   181  13.910   0.990         
 0603   181  14.040   0.830         
 0630   181  14.090   0.940         
 0701   181  14.460   0.970         
 0701   297  14.460   0.970         
 0702   181  13.390   0.800         
 0702   297  13.390   0.800         
 0703   181  14.510   1.020         
 0704   181  14.340   0.970         
 0705   181  14.440   1.020         
 0705   297  14.440   1.020         
 0706   181  14.670   1.050         
 0707   181  15.020   1.200         
 0708   181  15.010   1.200         
 0709   181  14.720   1.020         
 0709   297  14.720   1.020         
 0710   181  14.820   1.130         
 0711   181  15.040   1.150         
 0712   181  14.910   1.140         
 0712   297  14.910   1.140         
 0713   181  14.450   0.970         
 0713   297  14.450   0.970         
 0714   181  14.580   0.970         
 0715   181  14.250   0.980         
 0715   297  14.250   0.980         
 0716   181  14.310   0.910         
 0717   181  14.280   1.010         
 0718   181  14.970   1.230         
 0719   181  14.750   1.080         
 0719   297  14.750   1.080         
 0719   319  14.750   1.080         
 0720   181  14.930   1.060         
 0721   181  14.500   1.200         
 0722   181  14.820   1.010         
 0723   181  14.140   1.070         
 0724   181  14.820   1.230         
 0754   297  10.840   0.390         
 0754   319  10.840   0.390         
 0755   297  12.050   0.570         
 0755   319  12.050   0.570         
 0756   297  14.810   1.050         
 0756   319  14.810   1.050         
 0757   297  11.490   0.540         
 0757   319  11.490   0.540         
 0758   297  13.040   0.720         
 0758   319  13.040   0.720         
 0759   297  14.070   0.940         
 0760   297  12.950   0.800         
 0762   319  14.800   1.160         
 0763   319  15.030   1.070         
 0764   319  14.760   1.180         
 0765   319  14.830   1.160         
 0766   319  15.150   1.200         
 0767   319  13.820   0.850         
 0768   319  15.070   1.110         
 0769   319  11.820   0.570         
 0770   319  14.610   1.060         
 0771   319  13.660   0.850         
 0772   319  13.420   0.650         
 0773   319  14.220   1.080         
 0774   319  13.950   0.840         
 0775   319  14.920   1.090         
 0776   319  13.690   0.780         
 0777   319  13.410   0.740         
 0778   319  11.950   0.600         
 0779   319  13.050   0.740         
 0780   319  15.040   1.240         
 0781   319  15.090   1.160         
 0782   319  14.820   1.050         
 0783   319  15.450   1.150         
 0784   319  15.050   1.160         
 0785   319  15.300   1.210         
 0786   319  15.350   1.230         
 0787   319  14.460   1.130         
 0788   319  14.240   0.940         
 0789   319  14.640   0.960         
 0790   319  14.700   1.020         
 0791   319  14.820   0.960         
 0792   319  15.260   1.200         
 0793   319  14.800   1.150         
 0794   319  15.000   1.180         
 0795   319  14.560   1.060         
 0796   319  14.070   0.910         
 0797   319  13.540   0.810         
 0798   319  13.160   0.740         
 0799   319  14.520   1.100         
 0800   319  14.070   0.940         
 0801   319  11.050   0.850         
 1001   246  17.956   0.886         
 1002   246  14.840   1.060         
 1002   319  14.860   1.030         
 1003   246  17.757   0.974         
 1004   246  15.832   1.573         
 1005   246  18.017   1.084         
 1006   246  16.666   1.171         
 1007   246  16.232   1.125         
 1008   246  17.870   0.881         
 1011   246  17.492   0.851         
 1012   246  15.675   1.318         
 1015   246  18.096   0.913         
 1016   246  17.354   0.868         
 1017   246  17.197   0.847         
 1018   246  16.538   0.869         
 1020   246  17.256   1.217         
 1021   246  16.609   0.854         
 1023   246  16.766   0.956         
 1028   246  17.580   1.141         
 1031   246  18.081   1.175         
 1032   246  15.968   0.861         
 1034   246  16.046   0.931         
 1037   246  17.391   1.267         
 1038   246  14.949   0.888         
 1039   246  16.893   1.146         
 1042   246  16.082   0.752         
 1044   246  15.553   1.211         
 1046   246  17.700   0.817         
 1048   246  17.384   0.977         
 1050   246  17.884   1.039         
 1052   246  16.300   1.349         
 1056   246  17.712   0.865         
 1058   246  17.459   1.061         
 1065   246  17.957   1.092         
 1068   246  15.333   1.221         
 1069   246  14.394   0.724         
 1070   246  15.784   0.909         
 1071   246  17.876   1.055         
 1072   246  17.028   0.910         
 1074   246  17.339   0.943         
 1075   246  16.395   0.793         
 1078   246  16.025   1.289         
 1080   246  17.920   1.070         
 1081   246  16.029   1.105         
 1083   246  16.563   1.334         
 1088   246  15.884   1.292         
 1089   246  18.178   1.125         
 1090   246  16.338   1.225         
 1093   246  17.078   0.915         
 1094   246  17.430   0.741         
 1095   246  17.038   1.121         
 1096   246  16.174   0.855         
 1098   246  15.798   1.357         
 1101   246  16.536   0.939         
 1115   246  17.343   0.866         
 1118   246  17.334   1.191         
 1119   246  15.891   1.529         
 1122   246  16.380   0.933         
 1124   246  15.568   1.300         
 1126   246  17.752   0.923         
 1127   246  16.955   0.907         
 1135   246  16.549   1.333         
 1139   246  18.011   0.990         
 1142   246  17.559   0.995         
 1143   246  16.760   1.358         
 1145   246  16.050   1.081         
 1146   246  15.291   1.404         
 1148   246  16.978   0.911         
 1149   246  15.916   1.236         
 1151   246  17.832   1.618         
 1153   246  15.105   0.812         
 1159   246  16.651   0.882         
 1161   246  16.157   1.273         
 1162   246  16.800   0.963         
 1164   246  17.311   1.243         
 1166   246  18.122   0.998         
 1168   246  17.733   0.932         
 1169   246  16.966   1.027         
 1170   246  17.894   1.085         
 1172   246  17.695   0.853         
 1176   246  17.307   1.011         
 1177   246  18.065   1.115         
 1178   246  15.641   0.865         
 1179   246  17.759   0.966         
 1181   246  15.119   1.333         
 1184   246  17.212   1.394         
 1185   246  17.209   1.372         
 1186   246  14.716   1.518         
 1187   246  15.261   0.877         
 1188   246  18.171   1.041         
 1189   246  16.999   1.034         
 1191   246  17.158   1.438         
 1192   246  16.825   0.882         
 1194   246  15.270   1.490         
 1195   246  17.388   1.306         
 1197   246  16.677   1.006         
 1198   246  17.387   1.359         
 1202   246  15.992   1.436         
 1203   246  18.157   1.223         
 1205   246  17.874   1.078         
 1207   246  16.504   0.889         
 1208   246  17.975   0.960         
 1209   246  18.082   1.227         
 1210   246  17.334   0.960         
 1211   246  17.317   0.915         
 1212   246  14.765   0.813         
 1213   246  16.105   0.906         
 1215   246  17.394   0.883         
 1216   246  16.988   1.143         
 1217   246  15.853   0.748         
 1218   246  16.502   0.983         
 1219   246  15.475   1.317         
 1220   246  14.366   1.455         
 1221   246  15.172   0.849         
 1222   246  16.082   0.737         
 1223   246  14.201   1.412         
 1225   246  16.363   1.331         
 1226   246  17.255   1.575         
 1227   246  17.527   1.178         
 1228   246  16.350   0.899         
 1229   246  16.862   0.983         
 1230   246  16.103   0.812         
 1232   246  16.431   1.278         
 1235   246  15.107   1.224         
 1235   319  15.050   1.200         
 1237   246  15.948   0.951         
 1239   246  16.091   0.874         
 1242   246  16.717   0.958         
 1243   246  16.058   1.100         
 1244   246  17.564   1.164         
 1245   246  15.073   0.792         
 1249   246  16.641   1.008