UBV CCD observations

  No    Ref    V       B-V     U-B

 0001   300  14.710   0.590   0.070
 0003   300  13.230   0.410   0.280
 0004   300  14.160   0.510   0.040
 0005   300  13.940   0.450   0.100
 0006   300  13.780   0.320   0.230
 0007   300  14.930   0.570   0.080
 0009   300  11.910   0.040  -0.080
 0010   300   8.850  -0.070  -0.760
 0011   300  11.720   0.010  -0.080
 0012   300  10.380  -0.070  -0.280
 0013   300  12.830   0.120   0.220
 0014   300  12.510   0.290   0.190
 0015   300  12.000   0.040   0.080
 0016   300   9.000  -0.090  -0.670
 0018   300  11.720   0.130   0.090
 0019   300  12.130   0.060   0.040
 0020   300  12.370   0.090   0.160
 0021   300  14.480   0.570   0.040
 0022   300  12.570   1.050   0.890
 0023   300  14.080   1.280   1.370
 0024   300  10.830  -0.020  -0.390
 0025   300  11.420   0.040  -0.210
 0026   300  13.590   0.120   0.250
 0028   300  13.150   0.900   0.670
 0029   300  13.820   0.330   0.190
 0030   300  14.390   0.720   0.200
 0031   300  14.460   0.230   0.170
 0032   300  13.720   0.510   0.050
 0033   300  14.820   0.640   0.020
 0034   300  14.180   0.610   0.110
 0035   300  13.770   0.530   0.090
 0053   300  14.300   0.500   0.060
 0058   300  12.710   0.560   0.290
 0059   300  12.280   0.110   0.160
 0060   300  14.470   0.670   0.070
 0061   300  14.040   0.550   0.040
 0062   300  14.200   0.610  -0.060
 0063   300  14.100   0.480   0.030
 0064   300  14.740   0.680   0.140
 0065   300  13.210   1.540   1.730
 0066   300  12.330   0.130   0.140
 0067   300  11.760   1.040   0.660
 0068   300  11.160  -0.010  -0.240
 0069   300  12.560   0.080   0.230
 0070   300  13.830   0.460   0.130
 0071   300  14.150   0.260   0.350
 0074   300  12.770   0.110   0.260
 0075   300  10.900   1.120   1.290
 0113   300  11.150   0.040  -0.020
 0114   300  11.900   0.070         
 0132   300  14.750   0.610   0.040
 0133   300  14.490   0.550   0.060
 0134   300  14.510   0.560   0.050
 0135   300  13.800   0.290   0.330
 0136   300  14.210   0.420   0.170
 0137   300  13.580   1.090   0.660
 0138   300  14.610   0.810   0.280
 0139   300  14.320   0.690   0.100
 0141   300  14.260   1.220   0.920
 0142   300  13.190   1.340   1.290
 0143   300  15.090   0.550   0.070
 0144   300  15.260   0.410   0.250
 0148   300  12.290   1.680   1.870
 0149   300  13.450   0.720   0.190
 0150   300  14.950   0.590   0.100
 0151   300  15.370   0.600   0.050
 0152   300  14.970   0.650   0.020
 0153   300  15.740   0.530   0.150
 0154   300  15.070   0.830   0.470
 0160   300  14.920   0.820   0.300
 0175   300  13.730   0.380   0.140
 0177   300  15.020   0.630   0.100
 1025   300  12.770   1.240   1.350
 1036   300  13.750   1.000   0.680
 1042   300  13.930   1.310   1.150
 1044   300  13.970   0.720   0.340
 1046   300  14.060   1.380   1.420
 1063   300  14.580   1.250   1.070
 1065   300  14.620   0.810   0.320
 1067   300  14.740   0.440   0.260
 1070   300  14.760   0.610   0.080
 1072   300  14.830   0.680  -0.010
 1073   300  14.860   0.370   0.320
 1074   300  14.870   0.200   0.090
 1075   300  14.870   0.600   0.030
 1079   300  14.950   0.860   0.510
 1080   300  14.960   1.310   1.080
 1082   300  14.990   1.010   0.650
 1083   300  15.010   0.710   0.120
 1085   300  15.060   1.180   1.070
 1086   300  15.060   1.080   0.890
 1089   300  15.200   0.750   0.180
 1090   300  15.220   0.380   0.350
 1091   300  15.240   1.180   0.800
 1092   300  15.240   0.580   0.030
 1094   300  15.270   0.650   0.110
 1095   300  15.290   1.220   1.240
 1096   300  15.310   1.310   1.220
 1097   300  15.340   0.660   0.230
 1098   300  15.340   1.080   0.750
 1100   300  15.380   0.580   0.040
 1101   300  15.480   0.720   0.120
 1102   300  15.530   0.550   0.080
 1103   300  15.540   0.580   0.110
 1104   300  15.550   0.670   0.090
 1105   300  15.550   0.570   0.030
 1106   300  15.570   0.780   0.220
 1107   300  15.590   0.710   0.170
 1108   300  15.610   0.850   0.290
 1109   300  15.630   0.210   0.380
 1110   300  15.650   1.260   1.250
 1111   300  15.670   0.570   0.110
 1112   300  15.680   0.460   0.270
 1114   300  15.740   0.560   0.140
 1115   300  15.750   0.710   0.100
 1116   300  15.760   0.930   0.410
 1117   300  15.760   0.650  -0.050
 1118   300  15.780   0.870   0.280
 1119   300  15.780   0.850   0.270
 1120   300  15.790   0.620   0.150
 1121   300  15.800   0.970   0.520
 1122   300  15.820   0.860   0.330
 1123   300  15.830   0.660   0.100
 1124   300  15.840   1.040   0.490
 1125   300  15.850   0.620   0.050
 1126   300  15.860   1.120   0.880
 1127   300  15.880   0.700   0.060
 1128   300  15.890   0.800   0.360
 1129   300  15.890   0.460   0.300
 1130   300  15.900   0.600   0.050
 1131   300  15.930   0.870   0.630
 1132   300  15.950   0.950   0.580
 1133   300  15.960   0.800   0.180
 1134   300  15.980   0.900   0.370
 1135   300  15.990   0.620   0.090
 1136   300  15.990   1.020   0.490
 1137   300  16.010   0.670   0.090
 1138   300  16.020   0.920   0.450
 1139   300  16.020   0.780   0.180
 1140   300  16.050   0.650   0.060
 1141   300  16.060   0.420   0.340
 1142   300  16.070   0.720   0.110
 1143   300  16.080   0.670   0.120
 1144   300  16.130   0.750   0.150
 1145   300  16.130   0.470   0.250
 1146   300  16.160   0.860   0.330
 1147   300  16.170   0.540   0.170
 1148   300  16.180   0.760   0.310
 1149   300  16.190   0.710   0.090
 1150   300  16.190   0.970   0.690
 1151   300  16.200   1.000   0.580
 1152   300  16.210   1.050   0.630
 1153   300  16.220   0.780   0.190
 1154   300  16.220   0.760   0.060
 1155   300  16.220   0.620   0.040
 1156   300  16.230   0.530         
 1157   300  16.230   0.610   0.070
 1158   300  16.240   0.790   0.140
 1159   300  16.250   0.990   0.440
 1160   300  16.260   0.570   0.150
 1161   300  16.260   0.680   0.090
 1162   300  16.260   0.420   0.280
 1163   300  16.270   0.920   0.450
 1164   300  16.280   0.880   0.310
 1165   300  16.280   0.720   0.100
 1166   300  16.280   1.020   0.510
 1167   300  16.290   0.890   0.670
 1168   300  16.290   0.860   0.340
 1169   300  16.310   0.650   0.140
 1170   300  16.330   0.680   0.120
 1171   300  16.330   0.720   0.090
 1172   300  16.340   0.850   0.340
 1173   300  16.340   0.910   0.600
 1174   300  16.350   0.970   0.540
 1175   300  16.360   0.510   0.220
 1176   300  16.390   0.920   0.820
 1177   300  16.400   0.780   0.140
 1178   300  16.410   0.620   0.040
 1179   300  16.420   0.620   0.110
 1180   300  16.440   0.830   0.300
 1181   300  16.440   0.770   0.150
 1182   300  16.440   0.390   0.360
 1183   300  16.440   0.580   0.130
 1184   300  16.470   0.550   0.170
 1185   300  16.480   0.880   0.370
 1186   300  16.490   0.760   0.070
 1187   300  16.500   0.530   0.140
 1188   300  16.510   1.000   0.550
 1189   300  16.510   0.710   0.090
 1190   300  16.520   0.760   0.160
 1191   300  16.520   0.620   0.010
 1192   300  16.540   0.810   0.330
 1193   300  16.540   0.860   0.450
 1194   300  16.540   1.060   0.550
 1195   300  16.550   0.810   0.240
 1196   300  16.550   0.750   0.400
 1197   300  16.560   0.660   0.100
 1198   300  16.560   0.680   0.110
 1199   300  16.580   0.700   0.060
 1200   300  16.580   0.590   0.090
 1201   300  16.580   0.670   0.070
 1202   300  16.590   0.760   0.130
 1203   300  16.610   0.440   0.320
 1204   300  16.620   0.700   0.100
 1205   300  16.620   0.710   0.120
 1206   300  16.630   0.530   0.230
 1207   300  16.670   0.640   0.120
 1208   300  16.680   0.620   0.100
 1209   300  16.690   0.830   0.270
 1210   300  16.690   0.650  -0.030
 1211   300  16.700   0.710   0.120
 1212   300  16.700   0.360   0.310
 1213   300  16.710   0.450   0.240
 1214   300  16.720   0.640   0.060
 1215   300  16.730   0.690   0.070
 1216   300  16.730   1.010   0.900
 1217   300  16.750   1.070   0.850
 1218   300  16.750   0.740   0.160
 1219   300  16.770   1.180   0.760
 1220   300  16.780   0.590   0.110
 1221   300  16.780   0.670   0.030
 1222   300  16.790   0.710   0.140
 1223   300  16.790   0.660   0.070
 1224   300  16.800   0.630   0.060
 1225   300  16.800   0.470   0.320
 1226   300  16.810   1.000   0.580
 1227   300  16.820   0.730   0.050
 1228   300  16.820   0.750         
 1229   300  16.820   0.690   0.030
 1230   300  16.830   0.630   0.070
 1231   300  16.840   0.580   0.180
 1232   300  16.860   1.020   0.680
 1233   300  16.860   0.870   0.530
 1234   300  16.880   0.700   0.090
 1235   300  16.880   0.650   0.140
 1236   300  16.880   0.710   0.190
 1237   300  16.900   0.630   0.020
 1238   300  16.920   0.640   0.060
 1239   300  16.920   0.870   0.490
 1240   300  16.920   0.720   0.150
 1241   300  16.940   0.670   0.110
 1242   300  16.940   1.100   0.850
 1243   300  16.940   0.590   0.070
 1244   300  16.950   0.850   0.430
 1245   300  16.950   0.630   0.230
 1246   300  16.970   0.600   0.070
 1247   300  16.970   0.730   0.090
 1248   300  16.980   0.740   0.070
 1249   300  16.980   0.740   0.110
 1250   300  17.000   0.950   0.460
 1251   300  17.010   0.670   0.100
 1252   300  17.010   0.600   0.090
 1253   300  17.030   0.680   0.160
 1254   300  17.030   0.640  -0.010
 1255   300  17.040   0.730   0.110
 1256   300  17.040   0.710   0.130
 1257   300  17.040   1.220   1.020
 1258   300  17.050   0.760   0.060
 1259   300  17.050   1.170   0.930
 1260   300  17.070   1.130   0.920
 1261   300  17.070   0.800   0.150
 1262   300  17.080   0.830   0.370
 1263   300  17.080   0.910   0.410
 1264   300  17.080   0.890   0.450
 1265   300  17.080   0.690   0.110
 1266   300  17.080   0.620   0.110
 1267   300  17.080   0.600   0.100
 1268   300  17.090   1.180   0.570
 1269   300  17.090   0.860   0.440
 1270   300  17.100   0.850   0.400
 1271   300  17.110   0.890   0.490
 1272   300  17.120   0.670   0.100
 1273   300  17.120   0.660   0.060
 1274   300  17.120   0.830   0.410
 1275   300  17.130   0.600   0.050
 1276   300  17.130   1.310   1.070
 1277   300  17.140   1.200   1.230
 1278   300  17.140   0.740   0.180
 1279   300  17.150   0.750   0.270
 1280   300  17.150   1.070   0.720
 1281   300  17.150   1.120   0.760
 1282   300  17.160   0.650   0.080
 1283   300  17.160   0.660   0.020
 1284   300  17.170   0.580   0.210
 1285   300  17.170   0.610   0.260
 1286   300  17.170   0.610   0.100
 1287   300  17.170   0.870   0.700
 1288   300  17.170   0.630   0.040
 1289   300  17.190   0.660   0.100
 1290   300  17.190   0.770   0.310
 1291   300  17.220   0.670   0.170
 1292   300  17.220   0.630   0.030
 1293   300  17.220   0.670         
 1294   300  17.220   0.780   0.310
 1295   300  17.230   1.140   0.920
 1296   300  17.240   0.770   0.540
 1297   300  17.250   0.700   0.170
 1298   300  17.260   0.690   0.090
 1299   300  17.260   0.790   0.100
 1300   300  17.260   0.470   0.300
 1301   300  17.260   0.620   0.050
 1302   300  17.270   0.620   0.120
 1303   300  17.280   0.750   0.100
 1304   300  17.280   0.810   0.230
 1305   300  17.280   0.760   0.290
 1306   300  17.290   0.720         
 1307   300  17.290   0.800   0.290
 1308   300  17.290   0.890   0.390
 1309   300  17.300   0.560   0.140
 1310   300  17.300   0.730   0.200
 1311   300  17.310   0.750   0.200
 1312   300  17.320   0.610   0.130
 1313   300  17.320   1.250   0.930
 1314   300  17.320   0.730   0.130
 1315   300  17.320   0.620   0.160
 1316   300  17.330   1.070   0.610
 1317   300  17.330   0.650   0.070
 1318   300  17.340   1.100   0.800
 1319   300  17.340   1.140   0.980
 1320   300  17.340   0.930   0.570
 1321   300  17.340   0.980   0.350
 1322   300  17.360   0.540   0.190
 1323   300  17.360   0.930   0.720
 1324   300  17.380   0.800   0.230
 1325   300  17.380   0.780   0.130
 1326   300  17.380   0.750   0.100
 1327   300  17.380   0.810   0.490
 1328   300  17.390   1.050   0.810
 1329   300  17.390   0.670   0.120
 1330   300  17.400   0.790   0.600
 1331   300  17.410   0.710   0.110
 1332   300  17.420   0.620   0.050
 1333   300  17.420   0.920   0.410
 1334   300  17.420   0.890   0.600
 1335   300  17.430   0.710   0.240
 1336   300  17.430   0.590   0.150
 1337   300  17.430   0.710   0.170
 1338   300  17.440   0.780   0.160
 1339   300  17.440   0.810   0.250
 1340   300  17.440   1.400   1.290
 1341   300  17.460   0.620   0.030
 1342   300  17.460   1.000   0.990
 1343   300  17.470   0.600   0.160
 1344   300  17.470   0.740   0.100
 1345   300  17.470   0.860   0.450
 1346   300  17.470   0.650   0.150
 1347   300  17.490   0.950   0.640
 1348   300  17.500   0.520   0.290
 1349   300  17.500   0.740   0.190
 1350   300  17.500   0.870   0.450
 1351   300  17.510   0.640   0.100
 1352   300  17.510   0.910   0.430
 1353   300  17.520   1.020   0.760
 1354   300  17.520   0.870   0.470
 1355   300  17.520   0.890   0.320
 1356   300  17.530   0.660   0.040
 1357   300  17.530   0.830         
 1358   300  17.530   0.630   0.100
 1359   300  17.550   0.790   0.130
 1360   300  17.560   0.780   0.290
 1361   300  17.590   0.470   0.240
 1362   300  17.600   0.870   0.450
 1363   300  17.600   0.960   0.620
 1364   300  17.600   0.680   0.110
 1365   300  17.610   0.940   0.450
 1366   300  17.620   1.000   0.730
 1367   300  17.630   0.620   0.260
 1368   300  17.640   0.880   0.560
 1369   300  17.640   0.820   0.260
 1370   300  17.650   0.940   0.160
 1371   300  17.650   0.600         
 1372   300  17.650   0.740   0.040
 1373   300  17.670   0.800   0.270
 1374   300  17.670   0.640   0.150
 1375   300  17.690   1.030   0.610
 1376   300  17.690   0.590   0.150
 1377   300  17.690   0.550   0.320
 1378   300  17.710   0.720   0.160
 1379   300  17.710   0.560   0.170
 1380   300  17.710   0.790   0.350
 1381   300  17.710   1.110   1.010
 1382   300  17.710   0.700   0.060
 1383   300  17.720   1.200   1.320
 1384   300  17.720   0.850   0.380
 1385   300  17.730   0.800   0.270
 1386   300  17.730   0.750   0.160
 1387   300  17.730   0.720   0.020
 1388   300  17.730   0.750   0.070
 1389   300  17.730   0.880   0.700
 1390   300  17.730   0.800   0.120
 1391   300  17.740   0.640   0.090
 1392   300  17.750   0.830   0.490
 1393   300  17.750   0.640   0.010
 1394   300  17.750   0.780   0.270
 1395   300  17.750   0.630   0.220
 1396   300  17.760   0.890   0.360
 1397   300  17.760   0.770   0.120
 1398   300  17.770   0.780   0.510
 1399   300  17.770   1.080   0.810
 1400   300  17.780   0.710   0.120
 1401   300  17.780   1.420         
 1402   300  17.790   0.620   0.080
 1403   300  17.790   0.760   0.160
 1404   300  17.790   0.720   0.130
 1405   300  17.790   0.550   0.260
 1406   300  17.790   0.740   0.190
 1407   300  17.810   0.710   0.130
 1408   300  17.810   0.710   0.110
 1409   300  17.830   0.800   0.250
 1410   300  17.830   0.800   0.300
 1411   300  17.840   1.250   1.350
 1412   300  17.840   0.720   0.180
 1413   300  17.840   0.740   0.120
 1414   300  17.840   0.750   0.080
 1415   300  17.840   0.600   0.080
 1416   300  17.850   1.030   0.710
 1417   300  17.850   0.730   0.280
 1418   300  17.850   0.810   0.330
 1419   300  17.860   0.740   0.090
 1420   300  17.870   0.740   0.110
 1421   300  17.870   0.790   0.100
 1422   300  17.880   0.970   0.640
 1423   300  17.880   0.730   0.080
 1424   300  17.880   0.790   0.450
 1425   300  17.890   1.010   0.800
 1426   300  17.890   0.740   0.210
 1427   300  17.890   0.820   0.210
 1428   300  17.890   0.870   0.370
 1429   300  17.890   1.120   0.730
 1430   300  17.910   0.710   0.170
 1431   300  17.940   1.120   0.980
 1432   300  17.950   1.030   0.810
 1433   300  17.950   0.620   0.260
 1434   300  17.950   0.710   0.040
 1435   300  17.950   0.770   0.160
 1436   300  17.960   0.770   0.450
 1437   300  17.960   1.480         
 1438   300  17.970   1.200   1.040
 1439   300  17.970   0.820   0.120
 1440   300  17.970   0.790   0.080
 1441   300  17.970   0.910   0.420
 1442   300  17.980   0.830   0.310
 1443   300  17.980   0.720   0.090
 1444   300  17.990   0.750         
 1445   300  18.000   0.710   0.130
 1446   300  18.000   0.800   0.560
 1447   300  18.000   0.750   0.310
 1448   300  18.010   0.640   0.110
 1449   300  18.020   0.780   0.460
 1450   300  18.020   0.300   0.360
 1451   300  18.020   0.900   0.630
 1452   300  18.020   0.930   0.460
 1453   300  18.030   0.850   0.410
 1454   300  18.030   0.890   0.780
 1455   300  18.040   0.830   0.280
 1456   300  18.040   0.760   0.020
 1457   300  18.050   0.690   0.080
 1458   300  18.050   1.540         
 1459   300  18.050   0.780   0.280
 1460   300  18.060   1.190   1.000
 1461   300  18.060   1.060   0.460
 1462   300  18.060   0.670   0.050
 1463   300  18.060   0.610   0.270
 1464   300  18.060   0.570   0.180
 1465   300  18.060   0.950   0.680
 1466   300  18.060   0.920   0.450
 1467   300  18.070   0.830   0.300
 1468   300  18.070   0.730   0.190
 1469   300  18.080   0.700   0.160
 1470   300  18.080   0.970   0.410
 1471   300  18.080   0.840   0.290
 1472   300  18.090   0.980   0.560
 1473   300  18.090   0.670   0.090
 1474   300  18.090   1.120   0.980
 1475   300  18.100   0.740   0.200
 1476   300  18.100   0.660   0.110
 1477   300  18.100   0.850   0.180
 1478   300  18.110   0.820   0.650
 1479   300  18.110   0.810   0.390
 1480   300  18.110   0.640   0.140
 1481   300  18.120   0.680   0.130
 1482   300  18.120   0.890   0.430
 1483   300  18.120   0.900   0.420
 1484   300  18.130   0.700   0.130
 1485   300  18.130   1.470         
 1486   300  18.130   1.530   1.010
 1487   300  18.140   0.930   0.610
 1488   300  18.150   0.790   0.200
 1489   300  18.160   0.580   0.170
 1490   300  18.170   0.660   0.030
 1491   300  18.170   0.740   0.070
 1492   300  18.170   0.510   0.260
 1493   300  18.180   0.480   0.360
 1494   300  18.180   0.680   0.200
 1495   300  18.180   0.640   0.110
 1496   300  18.190   0.680   0.040
 1497   300  18.190   0.750   0.030
 1498   300  18.190   0.690   0.100
 1499   300  18.190   0.710   0.020
 1500   300  18.190   0.570   0.090
 1501   300  18.200   0.940   0.630
 1502   300  18.200   0.750   0.210
 1503   300  18.200   0.650   0.200
 1504   300  18.210   1.120         
 1505   300  18.210   0.690   0.060
 1506   300  18.210   1.010   0.460
 1507   300  18.210   1.240   1.090
 1508   300  18.210   0.990   0.480
 1509   300  18.220   0.850   0.110
 1510   300  18.220   0.920   0.450
 1511   300  18.220   0.720   0.070
 1512   300  18.220   0.960         
 1513   300  18.220   0.640   0.170
 1514   300  18.220   0.710   0.120
 1515   300  18.230   0.720   0.080
 1516   300  18.230   0.830   0.120
 1517   300  18.230   0.740   0.190
 1518   300  18.240   0.850   0.220
 1519   300  18.250   1.510   1.200
 1520   300  18.250   1.050   0.820
 1521   300  18.250   0.610   0.300
 1522   300  18.250   0.690   0.120
 1523   300  18.250   0.850   0.360
 1524   300  18.260   0.700   0.090
 1525   300  18.260   0.800   0.520
 1526   300  18.260   0.750   0.140
 1527   300  18.260   0.730   0.210
 1528   300  18.270   0.660   0.090
 1529   300  18.280   0.570   0.160
 1530   300  18.280   0.860  -0.080
 1531   300  18.300   0.660   0.140
 1532   300  18.300   1.410         
 1533   300  18.300   0.760   0.090
 1534   300  18.310   0.700   0.110
 1535   300  18.310   0.710   0.040
 1536   300  18.320   0.680   0.210
 1537   300  18.320   0.870   0.310
 1538   300  18.330   1.380         
 1539   300  18.330   0.840   0.400
 1540   300  18.340   0.730   0.250
 1541   300  18.340   1.230   1.260
 1542   300  18.350   0.820   0.170
 1543   300  18.360   0.740   0.270
 1544   300  18.360   0.750   0.090
 1545   300  18.360   1.100         
 1546   300  18.360   0.870   0.120
 1547   300  18.370   0.970   0.100
 1548   300  18.370   1.540         
 1549   300  18.370   0.870   0.330
 1550   300  18.380   0.770  -0.030
 1551   300  18.380   0.690   0.050
 1552   300  18.390   0.640   0.260
 1553   300  18.390   0.880   0.330
 1554   300  18.400   0.810   0.330
 1555   300  18.400   0.650   0.130
 1556   300  18.410   1.010   0.790
 1557   300  18.410   0.760   0.240
 1558   300  18.420   0.840   0.190
 1559   300  18.420   0.480   0.220
 1560   300  18.420   0.830   0.080
 1561   300  18.440   0.730   0.060
 1562   300  18.440   0.660   0.020
 1563   300  18.440   0.750   0.110
 1564   300  18.440   0.820   0.370
 1565   300  18.440   0.830   0.220
 1566   300  18.450   0.690   0.060
 1567   300  18.460   0.900   0.450
 1568   300  18.460   0.720   0.050
 1569   300  18.460   0.820   0.350
 1570   300  18.460   0.760  -0.070
 1571   300  18.460   0.950         
 1572   300  18.470   0.720   0.100
 1573   300  18.470   0.740   0.430
 1574   300  18.470   0.920   0.350
 1575   300  18.480   0.760   0.160
 1576   300  18.480   0.800   0.390
 1577   300  18.480   0.740   0.200
 1578   300  18.490   0.820   0.580
 1579   300  18.500   0.860   0.270
 1580   300  18.500   0.700   0.070
 1581   300  18.500   0.720   0.150
 1582   300  18.510   0.620   0.270
 1583   300  18.510   0.800   0.220
 1584   300  18.510   0.730   0.040
 1585   300  18.510   0.880         
 1586   300  18.520   1.330         
 1587   300  18.520   0.710   0.060
 1588   300  18.520   0.910   0.240
 1589   300  18.530   0.850   0.580
 1590   300  18.540   0.710   0.180
 1591   300  18.540   0.730         
 1592   300  18.540   0.780   0.200
 1593   300  18.540   1.540         
 1594   300  18.540   0.870   0.210
 1595   300  18.550   1.510         
 1596   300  18.560   1.050   0.970
 1597   300  18.560   0.780   0.090
 1598   300  18.560   1.060   0.230
 1599   300  18.570   0.840  -0.020
 1600   300  18.570   0.700   0.240
 1601   300  18.580   0.860   0.450
 1602   300  18.580   0.790   0.130
 1603   300  18.580   0.970   0.390
 1604   300  18.590   0.860   0.180
 1605   300  18.590   0.640   0.090
 1606   300  18.590   0.750   0.260
 1607   300  18.590   0.720   0.190
 1608   300  18.590   0.780   0.550
 1609   300  18.600   1.130         
 1610   300  18.610   1.070   1.030
 1611   300  18.610   0.740   0.310
 1612   300  18.610   0.780   0.100
 1613   300  18.610   1.220         
 1614   300  18.620   1.200         
 1615   300  18.620   0.820         
 1616   300  18.630   0.780   0.440
 1617   300  18.630   1.140         
 1618   300  18.640   0.820         
 1619   300  18.640   0.720   0.110
 1620   300  18.640   0.670   0.140
 1621   300  18.640   0.710   0.270
 1622   300  18.640   0.870   0.040
 1623   300  18.640   0.830   0.060
 1624   300  18.650   0.750   0.550
 1625   300  18.650   0.800   0.120
 1626   300  18.650   1.010         
 1627   300  18.650   0.610   0.070
 1628   300  18.650   0.710   0.280
 1629   300  18.650   0.690   0.080
 1630   300  18.660   1.330   1.190
 1631   300  18.660   0.750   0.220
 1632   300  18.670   1.370         
 1633   300  18.680   0.740         
 1634   300  18.690   0.760   0.120
 1635   300  18.690   0.830   0.360
 1636   300  18.710   0.970         
 1637   300  18.710   0.950         
 1638   300  18.710   0.950   0.510
 1639   300  18.720   0.730   0.130
 1640   300  18.730   0.940   0.690
 1641   300  18.730   0.850   0.080
 1642   300  18.730   0.720   0.250
 1643   300  18.730   0.860   0.420
 1644   300  18.740   0.720   0.160
 1645   300  18.750   0.650  -0.050
 1646   300  18.750   1.050         
 1647   300  18.750   0.660   0.150
 1648   300  18.750   0.860         
 1649   300  18.750   1.100         
 1650   300  18.750   1.020         
 1651   300  18.760   0.820   0.240
 1652   300  18.760   0.720   0.550
 1653   300  18.760   1.150         
 1654   300  18.770   1.400         
 1655   300  18.770   0.880         
 1656   300  18.770   0.700   0.320
 1657   300  18.770   0.830         
 1658   300  18.780   0.670   0.120
 1659   300  18.780   0.890         
 1660   300  18.780   1.070         
 1661   300  18.790   0.950   0.610
 1662   300  18.790   0.790   0.260
 1663   300  18.790   1.310   1.020
 1664   300  18.790   0.720   0.320
 1665   300  18.790   0.880   0.320
 1666   300  18.800   0.710  -0.490
 1667   300  18.800   0.640   0.450
 1668   300  18.810   1.190         
 1669   300  18.820   0.960   0.540
 1670   300  18.820   0.940         
 1671   300  18.820   0.760   0.120
 1672   300  18.820   0.660   0.270
 1673   300  18.830   0.710   0.060
 1674   300  18.830   0.930         
 1675   300  18.830   1.100         
 1676   300  18.840   0.840   0.240
 1677   300  18.840   1.290         
 1678   300  18.840   0.760   0.260
 1679   300  18.840   0.840   0.210
 1680   300  18.840   0.860   0.180
 1681   300  18.850   1.030         
 1682   300  18.850   0.730         
 1683   300  18.850   1.320         
 1684   300  18.860   0.720   0.130
 1685   300  18.860   0.830   0.370
 1686   300  18.860   0.740   0.210
 1687   300  18.860   0.820         
 1688   300  18.860   0.690   0.160
 1689   300  18.860   1.030   0.550
 1690   300  18.870   0.780   0.150
 1691   300  18.870   0.640   0.050
 1692   300  18.870   1.450         
 1693   300  18.880   1.000         
 1694   300  18.880   1.480         
 1695   300  18.890   0.800   0.140
 1696   300  18.890   0.720   0.190
 1697   300  18.890   0.770         
 1698   300  18.910   0.860         
 1699   300  18.910   0.760   0.140
 1700   300  18.910   1.480         
 1701   300  18.910   0.710         
 1702   300  18.920   0.780   0.310
 1703   300  18.920   0.870         
 1704   300  18.920   1.530         
 1705   300  18.920   0.930         
 1706   300  18.920   0.870         
 1707   300  18.920   0.860         
 1708   300  18.930   0.750         
 1709   300  18.930   1.330         
 1710   300  18.930   0.860         
 1711   300  18.930   0.830   0.470
 1712   300  18.940   0.620   0.510
 1713   300  18.950   0.690   0.190
 1714   300  18.950   1.370         
 1715   300  18.950   0.880   0.430
 1716   300  18.950   1.300         
 1717   300  18.960   1.130         
 1718   300  18.960   0.540   0.220
 1719   300  18.960   1.380         
 1720   300  18.960   1.090   0.530
 1721   300  18.960   0.950   0.560
 1722   300  18.980   0.960   0.330
 1723   300  18.980   0.940         
 1724   300  18.980   1.290         
 1725   300  18.980   0.740   0.090
 1726   300  18.980   0.540         
 1727   300  18.980   0.490   0.270
 1728   300  18.990   1.320         
 1729   300  18.990   0.840   0.380
 1730   300  18.990   0.810   0.250
 1731   300  19.000   0.730         
 1732   300  19.000   0.770   0.190
 1733   300  19.000   1.270         
 1734   300  19.000   0.770   0.020
 1735   300  19.000   0.850         
 1736   300  19.010   0.770         
 1737   300  19.020   0.840   0.590
 1738   300  19.020   0.880   0.460
 1739   300  19.030   0.790   0.280
 1740   300  19.030   1.130   0.860
 1741   300  19.030   0.890         
 1742   300  19.030   0.560   0.230
 1743   300  19.030   0.820         
 1744   300  19.030   0.650   0.020
 1745   300  19.030   0.770   0.020
 1746   300  19.040   0.940   0.090
 1747   300  19.040   1.350         
 1748   300  19.050   0.820   0.370
 1749   300  19.050   1.520         
 1750   300  19.050   1.280         
 1751   300  19.060   1.120         
 1752   300  19.060   1.080         
 1753   300  19.060   1.150         
 1754   300  19.060   0.620   0.090
 1755   300  19.060   1.260         
 1756   300  19.070   0.750   0.140
 1757   300  19.070   0.670   0.280
 1758   300  19.080   0.940   0.520
 1759   300  19.090   0.770   0.490
 1760   300  19.090   0.660   0.120
 1761   300  19.090   0.920   0.270
 1762   300  19.090   0.770   0.120
 1763   300  19.090   0.970   0.480
 1764   300  19.090   0.740   0.450
 1765   300  19.090   1.560         
 1766   300  19.110   0.790  -0.080
 1767   300  19.110   0.670   0.320
 1768   300  19.120   0.880   0.310
 1769   300  19.120   0.800  -0.680
 1770   300  19.130   0.820         
 1771   300  19.130   0.740         
 1772   300  19.130   0.850         
 1773   300  19.130   1.030         
 1774   300  19.140   0.900   0.300
 1775   300  19.140   0.800   0.150
 1776   300  19.140   0.680  -0.020
 1777   300  19.140   0.970         
 1778   300  19.140   1.100         
 1779   300  19.140   0.980         
 1780   300  19.140   0.940   0.780
 1781   300  19.140   0.850         
 1782   300  19.150   0.800   0.090
 1783   300  19.150   0.990         
 1784   300  19.150   0.970         
 1785   300  19.150   1.030         
 1786   300  19.160   1.240         
 1787   300  19.160   1.120         
 1788   300  19.160   0.850         
 1789   300  19.160   0.940         
 1790   300  19.160   0.650   0.210
 1791   300  19.160   0.970         
 1792   300  19.160   0.820         
 1793   300  19.170   1.000         
 1794   300  19.170   0.830         
 1795   300  19.180   0.830         
 1796   300  19.180   0.720   0.100
 1797   300  19.180   0.760         
 1798   300  19.190   1.180         
 1799   300  19.190   1.140         
 1800   300  19.190   0.950         
 1801   300  19.200   1.050         
 1802   300  19.210   0.960   0.460
 1803   300  19.210   0.820   0.320
 1804   300  19.210   1.020         
 1805   300  19.220   1.400         
 1806   300  19.220   1.470         
 1807   300  19.220   0.890   0.040
 1808   300  19.220   0.720         
 1809   300  19.220   0.980         
 1810   300  19.230   1.380         
 1811   300  19.230   1.200         
 1812   300  19.230   0.830   0.070
 1813   300  19.240   0.890         
 1814   300  19.240   0.800         
 1815   300  19.250   1.060         
 1816   300  19.250   0.900         
 1817   300  19.250   0.810         
 1818   300  19.250   1.580         
 1819   300  19.250   0.800         
 1820   300  19.260   0.620   0.070
 1821   300  19.260   0.620   0.140
 1822   300  19.260   0.610  -0.010
 1823   300  19.260   0.800         
 1824   300  19.260   0.770   0.470
 1825   300  19.270   0.920         
 1826   300  19.270   0.780   0.040
 1827   300  19.270   1.240         
 1828   300  19.280   0.730         
 1829   300  19.280   1.050         
 1830   300  19.290   1.040         
 1831   300  19.300   0.900         
 1832   300  19.300   0.550   0.140
 1833   300  19.300   0.930         
 1834   300  19.300   0.670   0.340
 1835   300  19.310   0.820         
 1836   300  19.320   1.280         
 1837   300  19.320   0.700   0.150
 1838   300  19.320   1.080         
 1839   300  19.330   0.910         
 1840   300  19.330   0.690   0.040
 1841   300  19.330   0.800   0.140
 1842   300  19.330   0.820   0.010
 1843   300  19.330   1.160         
 1844   300  19.340   0.740  -0.030
 1845   300  19.340   0.680  -0.010
 1846   300  19.340   1.140         
 1847   300  19.350   1.540         
 1848   300  19.350   1.000         
 1849   300  19.360   1.190         
 1850   300  19.360   0.830   0.270
 1851   300  19.370   1.020   0.940
 1852   300  19.370   0.940   0.110
 1853   300  19.370   0.940         
 1854   300  19.370   0.750         
 1855   300  19.380   0.560         
 1856   300  19.390   1.360         
 1857   300  19.390   1.610         
 1858   300  19.390   1.030         
 1859   300  19.400   1.330         
 1860   300  19.400   0.690         
 1861   300  19.400   0.950         
 1862   300  19.410   0.780   0.090
 1863   300  19.410   0.820         
 1864   300  19.420   1.570         
 1865   300  19.430   1.270         
 1866   300  19.430   0.950         
 1867   300  19.430   1.260         
 1868   300  19.440   1.030         
 1869   300  19.440   0.770         
 1870   300  19.450   0.730  -0.030
 1871   300  19.450   0.780   0.120
 1872   300  19.450   1.090         
 1873   300  19.450   0.960   0.090
 1874   300  19.460   1.140         
 1875   300  19.460   1.540         
 1876   300  19.460   0.980         
 1877   300  19.460   1.090         
 1878   300  19.460   0.830   0.220
 1879   300  19.460   1.270         
 1880   300  19.460   0.450   0.380
 1881   300  19.470   0.790  -0.010
 1882   300  19.480   0.800         
 1883   300  19.480   0.770         
 1884   300  19.480   0.990         
 1885   300  19.480   1.500         
 1886   300  19.490   1.170         
 1887   300  19.490   1.430         
 1888   300  19.490   1.500         
 1889   300  19.490   0.710         
 1890   300  19.500   0.790         
 1891   300  19.500   0.800         
 1892   300  19.500   0.740         
 1893   300  19.510   0.850   0.180
 1894   300  19.510   1.120         
 1895   300  19.520   1.000         
 1896   300  19.520   1.240         
 1897   300  19.530   0.690   0.040
 1898   300  19.540   0.730         
 1899   300  19.540   0.780   0.290
 1900   300  19.540   0.890  -0.100
 1901   300  19.540   1.420         
 1902   300  19.540   0.790   0.250
 1903   300  19.540   0.890   0.360
 1904   300  19.550   0.760  -0.040
 1905   300  19.550   1.110         
 1906   300  19.550   0.940         
 1907   300  19.560   0.760         
 1908   300  19.560   0.430         
 1909   300  19.560   1.050         
 1910   300  19.560   1.050         
 1911   300  19.560   1.030  -0.020
 1912   300  19.560   0.820         
 1913   300  19.560   0.630         
 1914   300  19.560   1.560         
 1915   300  19.570   0.680   0.150
 1916   300  19.570   0.980         
 1917   300  19.570   0.710         
 1918   300  19.570   1.270         
 1919   300  19.570   1.190         
 1920   300  19.570   1.000         
 1921   300  19.570   1.650         
 1922   300  19.570   0.690         
 1923   300  19.570   1.020         
 1924   300  19.570   0.690   0.140
 1925   300  19.580   1.020         
 1926   300  19.580   0.750         
 1927   300  19.580   0.770   0.120
 1928   300  19.580   0.950         
 1929   300  19.590   1.620         
 1930   300  19.590   0.780         
 1931   300  19.590   1.140         
 1932   300  19.600   1.480         
 1933   300  19.600   1.550         
 1934   300  19.600   0.650         
 1935   300  19.610   1.230         
 1936   300  19.610   0.750         
 1937   300  19.620   0.770   0.030
 1938   300  19.620   1.090         
 1939   300  19.630   0.900         
 1940   300  19.630   0.920         
 1941   300  19.630   0.910         
 1942   300  19.640   0.560         
 1943   300  19.640   1.680         
 1944   300  19.640   0.870         
 1945   300  19.660   1.040         
 1946   300  19.670   0.970         
 1947   300  19.670   1.140         
 1948   300  19.680   0.990         
 1949   300  19.690   0.840   0.060
 1950   300  19.690   1.170         
 1951   300  19.690   1.130   0.030
 1952   300  19.690   0.860         
 1953   300  19.690   1.350         
 1954   300  19.700   0.890         
 1955   300  19.700   1.610         
 1956   300  19.700   0.960  -0.030
 1957   300  19.700   1.610         
 1958   300  19.700   0.950         
 1959   300  19.710   1.390         
 1960   300  19.710   1.120         
 1961   300  19.710   1.450         
 1962   300  19.710   0.760   0.210
 1963   300  19.710   1.310         
 1964   300  19.720   0.650   0.450
 1965   300  19.720   0.770         
 1966   300  19.720   1.500         
 1967   300  19.720   1.630         
 1968   300  19.730   1.000         
 1969   300  19.740   0.960         
 1970   300  19.740   0.670         
 1971   300  19.740   1.070         
 1972   300  19.750   0.580         
 1973   300  19.750   1.530         
 1974   300  19.750   0.880         
 1975   300  19.760   0.920         
 1976   300  19.760   1.610         
 1977   300  19.770   0.680   0.480
 1978   300  19.770   1.170         
 1979   300  19.770   1.140         
 1980   300  19.770   0.880         
 1981   300  19.770   1.040   0.130
 1982   300  19.770   0.970         
 1983   300  19.770   0.800  -0.250
 1984   300  19.770   1.020   0.510
 1985   300  19.770   0.990         
 1986   300  19.780   1.310         
 1987   300  19.780   0.950         
 1988   300  19.780   1.050         
 1989   300  19.780   0.820         
 1990   300  19.780   1.190         
 1991   300  19.780   0.660         
 1992   300  19.790   0.990         
 1993   300  19.790   1.000         
 1994   300  19.790   1.220         
 1995   300  19.800   1.580         
 1996   300  19.800   0.840         
 1997   300  19.800   0.820         
 1998   300  19.800   1.000         
 1999   300  19.810   0.580         
 2000   300  19.810   1.000         
 2001   300  19.810   1.250         
 2002   300  19.810   0.990         
 2003   300  19.810   0.600         
 2004   300  19.810   1.040         
 2005   300  19.820   0.790         
 2006   300  19.830   0.830   0.160
 2007   300  19.830   0.870         
 2008   300  19.830   0.710         
 2009   300  19.840   1.540         
 2010   300  19.840   1.500         
 2011   300  19.840   0.740         
 2012   300  19.840   0.840  -0.200
 2013   300  19.840   1.160         
 2014   300  19.850   0.840  -2.000
 2015   300  19.850   1.250         
 2016   300  19.850   1.240         
 2017   300  19.850   0.920         
 2018   300  19.850   1.060         
 2019   300  19.850   0.750         
 2020   300  19.850   0.660         
 2021   300  19.850   0.840         
 2022   300  19.860   1.260         
 2023   300  19.860   0.600   0.020
 2024   300  19.870   1.070         
 2025   300  19.870   0.860         
 2026   300  19.880   0.990         
 2027   300  19.880   0.810   0.410
 2028   300  19.890   1.160         
 2029   300  19.890   1.580         
 2030   300  19.890   1.070         
 2031   300  19.890   0.830   0.310
 2032   300  19.900   1.060         
 2033   300  19.900   1.180         
 2034   300  19.910   1.010  -2.990
 2035   300  19.910   0.850         
 2036   300  19.910   0.900         
 2037   300  19.910   0.930         
 2038   300  19.920   0.750         
 2039   300  19.920   0.810         
 2040   300  19.920   1.590         
 2041   300  19.920   0.710         
 2042   300  19.920   0.920         
 2043   300  19.930   0.860         
 2044   300  19.940   0.850         
 2045   300  19.940   0.940         
 2046   300  19.940   0.720         
 2047   300  19.940   1.190         
 2048   300  19.950   0.820         
 2049   300  19.950   0.660         
 2050   300  19.950   1.500         
 2051   300  19.950   1.350         
 2052   300  19.960   1.050         
 2053   300  19.970   0.690   0.180
 2054   300  19.970   1.070         
 2055   300  19.970   1.000         
 2056   300  19.980   1.330         
 2057   300  19.980   1.110         
 2058   300  19.990   0.720  -0.010
 2059   300  19.990   0.970         
 2060   300  20.000   1.270         
 2061   300  20.010   1.200         
 2062   300  20.010   1.180         
 2063   300  20.010   0.940         
 2064   300  20.010   0.620         
 2065   300  20.020   1.200         
 2066   300  20.020   0.840   0.190
 2067   300  20.020   1.250         
 2068   300  20.020   0.960         
 2069   300  20.020   0.650         
 2070   300  20.030   1.210         
 2071   300  20.030   1.000         
 2072   300  20.030   0.920         
 2073   300  20.030   1.320         
 2074   300  20.030   1.240         
 2075   300  20.040   0.920         
 2076   300  20.040   0.950         
 2077   300  20.050   0.900         
 2078   300  20.050   1.040         
 2079   300  20.050   1.520         
 2080   300  20.050   1.000         
 2081   300  20.060   0.850         
 2082   300  20.060   0.690         
 2083   300  20.060   1.340         
 2084   300  20.060   1.670         
 2085   300  20.060   0.820  -0.060
 2086   300  20.070   1.020         
 2087   300  20.070   0.840         
 2088   300  20.070   1.000         
 2089   300  20.070   1.580         
 2090   300  20.070   0.850         
 2091   300  20.070   1.070         
 2092   300  20.070   0.820         
 2093   300  20.080   1.170         
 2094   300  20.080   1.000         
 2095   300  20.090   0.820         
 2096   300  20.090   1.390         
 2097   300  20.090   0.830         
 2098   300  20.090   0.890         
 2099   300  20.090   0.910         
 2100   300  20.100   0.900         
 2101   300  20.100   0.700         
 2102   300  20.110   0.590         
 2103   300  20.110   0.890         
 2104   300  20.110   0.920         
 2105   300  20.110   1.100         
 2106   300  20.110   1.390         
 2107   300  20.120   0.850         
 2108   300  20.120   1.270         
 2109   300  20.120   0.970         
 2110   300  20.140   0.960         
 2111   300  20.140   0.740         
 2112   300  20.140   0.730         
 2113   300  20.150   0.860         
 2114   300  20.150   1.020         
 2115   300  20.150   0.660         
 2116   300  20.160   1.220         
 2117   300  20.160   1.210         
 2118   300  20.170   0.850         
 2119   300  20.170   0.790         
 2120   300  20.170   1.430         
 2121   300  20.170   1.150         
 2122   300  20.180   1.560         
 2123   300  20.180   0.990         
 2124   300  20.180   0.740         
 2125   300  20.190   0.950         
 2126   300  20.190   1.030         
 2127   300  20.190   1.070         
 2128   300  20.190   0.970         
 2129   300  20.190   1.140  -2.270
 2130   300  20.200   0.900         
 2131   300  20.200   1.180         
 2132   300  20.200   0.770         
 2133   300  20.200   0.940         
 2134   300  20.200   0.810         
 2135   300  20.210   1.530         
 2136   300  20.210   0.800         
 2137   300  20.210   0.940         
 2138   300  20.210   0.770         
 2139   300  20.210   0.880  -1.070
 2140   300  20.220   1.260         
 2141   300  20.220   1.190         
 2142   300  20.230   0.660         
 2143   300  20.230   0.880         
 2144   300  20.230   1.650         
 2145   300  20.240   0.960         
 2146   300  20.240   1.570         
 2147   300  20.240   1.030         
 2148   300  20.240   0.820         
 2149   300  20.240   0.980         
 2150   300  20.250   1.450         
 2151   300  20.250   0.830         
 2152   300  20.260   0.860         
 2153   300  20.260   1.010         
 2154   300  20.260   0.990         
 2155   300  20.270   0.950         
 2156   300  20.270   1.440         
 2157   300  20.280   1.550         
 2158   300  20.280   0.980         
 2159   300  20.290   0.930         
 2160   300  20.290   1.090         
 2161   300  20.290   1.140         
 2162   300  20.300   1.390         
 2163   300  20.300   0.890         
 2164   300  20.300   1.220         
 2165   300  20.300   1.300         
 2166   300  20.310   0.950         
 2167   300  20.310   1.240         
 2168   300  20.320   1.720         
 2169   300  20.320   1.150         
 2170   300  20.320   0.910         
 2171   300  20.320   1.170         
 2172   300  20.330   1.160         
 2173   300  20.330   1.060         
 2174   300  20.330   0.960         
 2175   300  20.330   0.740  -0.210
 2176   300  20.330   1.260  -1.690
 2177   300  20.340   0.870         
 2178   300  20.340   1.220         
 2179   300  20.340   1.080         
 2180   300  20.340   1.920         
 2181   300  20.340   1.000         
 2182   300  20.340   1.080         
 2183   300  20.350   1.160         
 2184   300  20.350   0.750         
 2185   300  20.360   1.270         
 2186   300  20.370   1.550         
 2187   300  20.390   1.580         
 2188   300  20.390   0.680  -0.960
 2189   300  20.390   1.550         
 2190   300  20.390   0.880         
 2191   300  20.400   1.590         
 2192   300  20.400   0.760         
 2193   300  20.400   1.460         
 2194   300  20.400   1.130         
 2195   300  20.400   1.050         
 2196   300  20.410   0.850         
 2197   300  20.410   1.040         
 2198   300  20.410   0.770         
 2199   300  20.410   1.170         
 2200   300  20.420   1.370         
 2201   300  20.420   0.740         
 2202   300  20.420   0.950         
 2203   300  20.420   0.820         
 2204   300  20.420   1.020         
 2205   300  20.430   1.680         
 2206   300  20.440   1.530         
 2207   300  20.440   1.510         
 2208   300  20.450   1.140         
 2209   300  20.450   1.590         
 2210   300  20.450   1.260         
 2211   300  20.450   1.090         
 2212   300  20.450   1.530         
 2213   300  20.460   1.210         
 2214   300  20.470   1.200         
 2215   300  20.470   0.730         
 2216   300  20.480   1.080         
 2217   300  20.480   1.140         
 2218   300  20.480   1.240         
 2219   300  20.490   1.520         
 2220   300  20.490   1.040         
 2221   300  20.490   1.150         
 2222   300  20.490   0.620         
 2223   300  20.490   1.350         
 2224   300  20.490   0.570         
 2225   300  20.490   0.770         
 2226   300  20.500   0.940         
 2227   300  20.500   1.690         
 2228   300  20.510   1.050         
 2229   300  20.510   1.090         
 2230   300  20.510   1.620         
 2231   300  20.520   1.050         
 2232   300  20.520   0.870         
 2233   300  20.520   1.590         
 2234   300  20.520   0.760         
 2235   300  20.530   0.880         
 2236   300  20.530   0.990         
 2237   300  20.530   1.490         
 2238   300  20.530   1.500         
 2239   300  20.530   1.310         
 2240   300  20.530   1.640         
 2241   300  20.540   1.030         
 2242   300  20.540   1.160         
 2243   300  20.540   0.860         
 2244   300  20.540   1.150         
 2245   300  20.550   1.060         
 2246   300  20.550   1.380         
 2247   300  20.550   0.910         
 2248   300  20.560   0.850         
 2249   300  20.560   0.960         
 2250   300  20.560   1.290         
 2251   300  20.570   1.020         
 2252   300  20.570   1.230         
 2253   300  20.570   1.490         
 2254   300  20.570   0.920         
 2255   300  20.580   1.160         
 2256   300  20.580   0.650         
 2257   300  20.580   1.520         
 2258   300  20.590   0.830  -0.890
 2259   300  20.590   0.600         
 2260   300  20.590   1.250         
 2261   300  20.600   0.900         
 2262   300  20.600   1.630         
 2263   300  20.610   1.620         
 2264   300  20.620   1.230         
 2265   300  20.620   1.140         
 2266   300  20.620   0.960         
 2267   300  20.620   1.010         
 2268   300  20.620   1.100         
 2269   300  20.620   1.670         
 2270   300  20.630   1.170         
 2271   300  20.640   0.790         
 2272   300  20.650   1.330         
 2273   300  20.650   1.250         
 2274   300  20.650   0.960         
 2275   300  20.650   1.480         
 2276   300  20.660   1.520         
 2277   300  20.660   0.990         
 2278   300  20.670   1.560         
 2279   300  20.670   0.930         
 2280   300  20.670   1.000         
 2281   300  20.680   1.400         
 2282   300  20.680   1.560         
 2283   300  20.680   1.010         
 2284   300  20.680   0.790         
 2285   300  20.680   1.000         
 2286   300  20.690   1.130         
 2287   300  20.690   1.140         
 2288   300  20.690   1.030         
 2289   300  20.700   0.980         
 2290   300  20.700   1.280         
 2291   300  20.700   1.310         
 2292   300  20.710   1.140         
 2293   300  20.710   1.050         
 2294   300  20.710   0.920         
 2295   300  20.720   1.010         
 2296   300  20.720   1.400         
 2297   300  20.730   1.000         
 2298   300  20.730   0.780         
 2299   300  20.730   0.720         
 2300   300  20.730   0.980         
 2301   300  20.730   1.430         
 2302   300  20.740   1.630         
 2303   300  20.740   1.340         
 2304   300  20.740   0.900         
 2305   300  20.750   1.360         
 2306   300  20.750   1.510         
 2307   300  20.760   1.200         
 2308   300  20.760   1.140         
 2309   300  20.760   0.960         
 2310   300  20.760   1.030         
 2311   300  20.760   1.140         
 2312   300  20.760   1.090         
 2313   300  20.770   1.610         
 2314   300  20.770   1.510         
 2315   300  20.770   1.070         
 2316   300  20.770   1.040         
 2317   300  20.770   0.760         
 2318   300  20.780   1.160         
 2319   300  20.780   1.050         
 2320   300  20.780   1.070  -0.860
 2321   300  20.780   1.640         
 2322   300  20.780   0.510         
 2323   300  20.780   0.770         
 2324   300  20.780   1.140         
 2325   300  20.780   1.530         
 2326   300  20.780   1.370         
 2327   300  20.790   0.880         
 2328   300  20.790   0.640         
 2329   300  20.790   1.190         
 2330   300  20.800   1.280         
 2331   300  20.800   0.790         
 2332   300  20.800   1.450         
 2333   300  20.800   1.090         
 2334   300  20.810   1.570         
 2335   300  20.810   0.870         
 2336   300  20.820   1.280         
 2337   300  20.820   0.970         
 2338   300  20.820   1.490         
 2339   300  20.820   0.960         
 2340   300  20.830   0.710         
 2341   300  20.830   1.050         
 2342   300  20.830   1.490         
 2343   300  20.840   0.440         
 2344   300  20.840   0.870         
 2345   300  20.860   1.130         
 2346   300  20.870   1.560         
 2347   300  20.870   1.360         
 2348   300  20.880   1.080         
 2349   300  20.880   0.940         
 2350   300  20.880   1.500         
 2351   300  20.880   0.990         
 2352   300  20.880   0.730         
 2353   300  20.890   1.260         
 2354   300  20.890   1.330         
 2355   300  20.900   0.980         
 2356   300  20.900   1.280         
 2357   300  20.900   0.040  -0.530
 2358   300  20.910   1.580         
 2359   300  20.920   1.040         
 2360   300  20.920   1.210         
 2361   300  20.920   1.130         
 2362   300  20.930   1.070         
 2363   300  20.940   1.220         
 2364   300  20.940   1.230         
 2365   300  20.950   1.560         
 2366   300  20.950   0.980         
 2367   300  20.960   1.120         
 2368   300  20.970   1.690         
 2369   300  20.970   1.360         
 2370   300  20.980   1.500         
 2371   300  20.980   1.340         
 2372   300  20.980   0.620         
 2373   300  20.980   0.800         
 2374   300  20.980   1.640         
 2375   300  20.990   1.030         
 2376   300  21.000   1.320         
 2377   300  21.000   1.360         
 2378   300  21.000   1.080         
 2379   300  21.000   1.330         
 2380   300  21.010   1.060         
 2381   300  21.010   1.360         
 2382   300  21.010   1.690         
 2383   300  21.010   1.070         
 2384   300  21.010   0.910         
 2385   300  21.020   1.060         
 2386   300  21.020   1.080         
 2387   300  21.020   1.200         
 2388   300  21.020   1.710         
 2389   300  21.020   1.130         
 2390   300  21.020   1.270         
 2391   300  21.020   0.920         
 2392   300  21.020   0.990  -0.950
 2393   300  21.030   1.450         
 2394   300  21.030   1.270         
 2395   300  21.030   0.930         
 2396   300  21.030   0.970         
 2397   300  21.030   1.140         
 2398   300  21.040   1.580         
 2399   300  21.040   0.910         
 2400   300  21.040   1.140         
 2401   300  21.040   0.850         
 2402   300  21.040   1.390         
 2403   300  21.040   0.610         
 2404   300  21.040   1.350         
 2405   300  21.050   0.730         
 2406   300  21.060   0.730         
 2407   300  21.060   1.170         
 2408   300  21.060   1.060         
 2409   300  21.070   1.150         
 2410   300  21.070   1.320         
 2411   300  21.080   1.630         
 2412   300  21.080   1.280         
 2413   300  21.080   1.060         
 2414   300  21.080   0.550         
 2415   300  21.080   0.700         
 2416   300  21.100   1.550         
 2417   300  21.110   0.820         
 2418   300  21.110   1.310         
 2419   300  21.110   1.280         
 2420   300  21.120   0.460         
 2421   300  21.120   1.620         
 2422   300  21.120   0.850         
 2423   300  21.120   0.670         
 2424   300  21.130   1.040         
 2425   300  21.130   1.730         
 2426   300  21.130   0.920         
 2427   300  21.140   1.120         
 2428   300  21.140   1.320         
 2429   300  21.140   0.880         
 2430   300  21.150   1.050         
 2431   300  21.150   0.910         
 2432   300  21.150   1.020         
 2433   300  21.150   1.480         
 2434   300  21.150   1.510         
 2435   300  21.150   0.980         
 2436   300  21.160   1.100         
 2437   300  21.160   1.470         
 2438   300  21.160   0.970         
 2439   300  21.160   0.950         
 2440   300  21.160   0.820         
 2441   300  21.170   1.620         
 2442   300  21.170   0.560         
 2443   300  21.180   1.140         
 2444   300  21.180   0.750         
 2445   300  21.180   1.160         
 2446   300  21.190   0.930         
 2447   300  21.190   0.920         
 2448   300  21.200   1.290         
 2449   300  21.200   1.530         
 2450   300  21.200   1.300         
 2451   300  21.200   1.070         
 2452   300  21.210   0.710         
 2453   300  21.210   1.600         
 2454   300  21.220   1.300         
 2455   300  21.240   0.780         
 2456   300  21.250   1.480         
 2457   300  21.250   1.270         
 2458   300  21.250   1.130         
 2459   300  21.260   1.470         
 2460   300  21.260   0.900         
 2461   300  21.260   1.510         
 2462   300  21.260   0.450         
 2463   300  21.260   0.970         
 2464   300  21.260   1.010         
 2465   300  21.260   0.820         
 2466   300  21.270   1.170         
 2467   300  21.270   1.030         
 2468   300  21.270   0.860         
 2469   300  21.270   1.270         
 2470   300  21.290   0.870         
 2471   300  21.290   1.280         
 2472   300  21.290   1.010         
 2473   300  21.290   1.340         
 2474   300  21.290   1.020         
 2475   300  21.300   1.140         
 2476   300  21.300   0.800         
 2477   300  21.310   0.730         
 2478   300  21.310   0.910         
 2479   300  21.310   0.940         
 2480   300  21.320   0.980         
 2481   300  21.320   0.040         
 2482   300  21.320   1.090         
 2483   300  21.320   1.550         
 2484   300  21.320   0.930         
 2485   300  21.330   1.230         
 2486   300  21.330   1.260         
 2487   300  21.330   1.090         
 2488   300  21.350   1.030         
 2489   300  21.350   1.130         
 2490   300  21.350   0.940         
 2491   300  21.370   0.050         
 2492   300  21.380   1.040         
 2493   300  21.380   0.590         
 2494   300  21.380  -0.180         
 2495   300  21.380   1.410         
 2496   300  21.380   0.930         
 2497   300  21.390   1.090         
 2498   300  21.390   1.150         
 2499   300  21.390   1.130         
 2500   300  21.390   1.380         
 2501   300  21.400   0.810         
 2502   300  21.410   0.360   0.440
 2503   300  21.410   1.380         
 2504   300  21.430   1.360         
 2505   300  21.430   0.420         
 2506   300  21.430   0.950         
 2507   300  21.440   1.160         
 2508   300  21.440   1.360         
 2509   300  21.450   0.540  -1.310
 2510   300  21.450   0.670         
 2511   300  21.450   1.080         
 2512   300  21.460   1.230         
 2513   300  21.460   1.180         
 2514   300  21.460   1.120         
 2515   300  21.460   1.190         
 2516   300  21.470   0.830         
 2517   300  21.470   1.520         
 2518   300  21.470   0.900         
 2519   300  21.470   1.430         
 2520   300  21.480   0.660         
 2521   300  21.480   1.200         
 2522   300  21.480   0.790  -0.960
 2523   300  21.480   1.240         
 2524   300  21.490   1.130         
 2525   300  21.490   0.680         
 2526   300  21.490   1.170         
 2527   300  21.490   0.990         
 2528   300  21.510   1.300         
 2529   300  21.510   0.820         
 2530   300  21.520   0.810         
 2531   300  21.530   0.870         
 2532   300  21.530   1.120         
 2533   300  21.530   1.500         
 2534   300  21.550   1.030         
 2535   300  21.550   0.800         
 2536   300  21.570   0.690         
 2537   300  21.580   0.640         
 2538   300  21.580   0.850         
 2539   300  21.590   0.820         
 2540   300  21.590   1.420         
 2541   300  21.610   1.210         
 2542   300  21.610   1.410         
 2543   300  21.620   0.830         
 2544   300  21.620   0.590         
 2545   300  21.630   1.170         
 2546   300  21.640   0.880         
 2547   300  21.640   1.190         
 2548   300  21.650   1.080         
 2549   300  21.660   1.450         
 2550   300  21.660   0.810         
 2551   300  21.670   0.830         
 2552   300  21.670   1.010         
 2553   300  21.700   1.060         
 2554   300  21.730   0.970         
 2555   300  21.750   0.810         
 2556   300  21.760   0.620         
 2557   300  21.780   0.940         
 2558   300  21.790   0.540         
 2559   300  21.810   0.880         
 2560   300  21.890   1.250         
 2561   300  21.890   1.020         
 2562   300  21.940   0.770         
 2563   300  22.060   0.350         
 2564   300  22.100   1.380         
 2565   300  22.110   0.930         
 2566   300  22.160   0.170         
 2567   300  22.260   0.890         
 2568   300  22.280   0.100         
 2569   300  22.330   0.220         
 2570   300  22.500   0.450         
 2571   300  22.570  -0.820         
 2572   300  22.570   0.470         
 2573   300  22.620   0.430         
 2574   300  22.850  -1.090         
 2575   300  23.630  -0.480