UBV CCD observations

  No    Ref    V       B-V     U-B

 0001   208  15.860   0.779   0.324
 0001   495  15.682   0.835         
 0002   208  16.417   0.905   0.356
 0002   495  16.226   0.782         
 0003   208  15.380   1.325   0.627
 0003   495  15.309   1.276         
 0004   208  15.905   0.741   0.220
 0005   208  14.380   1.483   0.880
 0005   495  14.143   1.371         
 0006   208  15.814   0.864   0.342
 0006   495  15.521   0.827         
 0007   208  15.376   0.920   0.237
 0007   495  15.301   0.879         
 0008   208  15.957   0.810   0.374
 0008   495  15.382   0.867         
 0009   208  14.777   1.486   0.723
 0009   495  14.674   1.483         
 0010   208  16.141   1.255   0.563
 0011   208  15.305   1.529   0.915
 0011   495  14.328   1.593         
 0012   208  14.846   1.627   0.947
 0013   208  15.325   1.524   0.847
 0013   495  14.787   1.401         
 0014   208  15.776   1.334   0.575
 0015   208  15.510   1.002   0.346
 0015   495  14.911   0.916         
 0016   208  16.136   1.090   0.385
 0017   208  16.323   1.287   0.581
 0017   495  16.235   1.277         
 0018   208  14.976   1.494   0.866
 0018   495  14.951   1.484         
 0019   208  16.255   0.723   0.306
 0019   495  16.064   0.733         
 0020   208  16.004   0.886   0.061
 0021   208  14.711   1.510   1.031
 0021   495  14.586   1.343         
 0022   208  15.923   0.762   0.280
 0022   495  15.991   0.733         
 0023   208  15.064   3.592  -1.528
 0023   495  14.837   1.455         
 0024   208  16.428   0.825   0.319
 0024   495  16.441   0.803         
 0025   208  16.265   0.875   0.220
 0025   495  15.990   0.973         
 0026   208  15.706   1.318   0.468
 0026   495  15.617   2.720         
 0027   208  15.653   1.416   0.180
 0027   495  15.624   1.297         
 0028   208  15.216   1.216   0.384
 0029   208  13.667   0.661   0.310
 0030   208  12.033   0.445   0.050
 0030   495  11.859   2.339         
 0031   208  16.438   0.812   0.232
 0032   208  16.477   1.114  -0.056
 0032   495  16.426   1.116         
 0033   208  15.687   1.313   0.641
 0034   208  15.460   1.337   0.508
 0034   495  15.489   1.359         
 0035   208  16.239   1.200   0.728
 0035   495  16.106   1.125         
 0036   208  16.270   0.876   0.384
 0036   495  15.797   0.833         
 0037   208  14.774   1.602   1.000
 0037   495  14.707   1.570         
 0038   208  15.359   1.322   0.744
 0038   495  15.294   1.297         
 0039   208  15.545   1.304   0.590
 0039   495  15.400   1.253         
 0040   208  16.382   0.715   0.466
 0040   495  15.655   1.107         
 0041   208  14.700   1.802  -0.921
 0041   495  14.299   0.838         
 0042   208  16.480   0.720   0.188
 0042   495  16.229   0.758         
 0043   208  12.875   1.970   1.264
 0043   495  12.856   2.103         
 0044   208  16.417   0.842   0.276
 0044   495  16.026   0.897         
 0045   208  15.810   1.348   0.474
 0045   495  15.711   1.334         
 0046   208  15.622   1.329   0.590
 0046   495  15.417   1.281         
 0047   208  16.324   1.052   0.283
 0048   208  15.821   1.353   0.643
 0048   495  15.701   1.309         
 0049   208  16.437   0.739   0.377
 0049   495  16.503   0.740         
 0050   208  15.297   1.368   0.770
 0050   495  15.366   1.402         
 0051   208  14.799   0.747  -0.046
 0051   495  14.715   0.724         
 0052   208  15.180   1.306   0.780
 0052   495  15.198   1.332         
 0053   208  14.841   0.596   0.471
 0053   495  14.785   0.575         
 0054   208  15.334   0.914   0.360
 0054   495  15.309   0.939         
 0055   208  13.651   0.606   0.258
 0055   495  13.621   0.559         
 0056   208  15.665   1.405   0.803
 0056   495  15.424   1.434         
 0057   208  13.085   2.177   0.635
 0057   495  13.032   2.300         
 0058   208  15.990   0.868   0.051
 0058   495  15.648   0.809         
 0059   208  16.465   0.793   0.380
 0060   208  16.070   0.790   0.350
 0060   495  15.056   0.822         
 0061   208  16.376   0.779   0.249
 0061   495  15.090   1.108         
 0062   208  15.909   0.706   0.638
 0062   495  15.870   0.736         
 0063   208  15.532   1.303   0.675
 0063   495  15.312   1.636         
 0064   208  15.956   1.315   0.599
 0064   495  15.945   1.321         
 0065   208  13.686   1.249   0.851
 0065   495  13.661   1.285         
 0066   208  15.944   0.814   0.427
 0066   495  15.865   0.731         
 0067   208  15.601   0.975   0.470
 0067   495  15.409   1.162         
 0068   208  14.466   0.717   0.197
 0068   495  14.391   0.682         
 0069   208  16.269   0.929   0.442
 0069   495  16.211   0.930         
 0070   208  15.561   1.327   0.785
 0070   495  15.465   1.325         
 0071   208  14.911   1.430   0.952
 0071   495  14.891   1.488         
 0072   208  13.526   0.967   0.521
 0072   495  13.504   0.950         
 0073   208  15.998   0.713  -0.084
 0074   208  16.443   0.744   0.255
 0075   208  16.443   0.785   0.339
 0076   208  16.464   0.701  -0.255
 0076   495  15.287   0.604         
 0077   208  15.396   0.597   0.110
 0077   495  15.389   0.541         
 0078   208  14.605   1.579   0.825
 0078   495  14.569   1.603         
 0079   208  15.690   1.171   0.952
 0079   495  15.476   1.075         
 0080   208  16.121   0.714   0.207
 0080   495  16.106   0.694         
 0081   208  16.118   0.937   0.183
 0081   495  16.125   0.948         
 0082   208  15.828   0.951   0.128
 0083   208  16.413   1.034   0.227
 0083   495  16.369   1.066         
 0084   208  15.681   1.387   0.812
 0084   495  15.716   1.381         
 0085   208  16.398   0.824   0.370
 0085   495  16.391   0.871         
 0086   208  15.313   1.056   0.376
 0086   495  15.410   0.965         
 0087   208  16.326   0.786   0.174
 0088   208  16.235   0.812   0.151
 0088   495  16.217   0.826         
 0089   208  14.442   0.892   0.430
 0089   495  14.424   0.891         
 0090   208  13.855   0.639   0.038
 0090   495  13.852   0.608         
 0091   208  15.381   1.456   0.877
 0091   495  15.364   1.453         
 0092   208  14.297   1.584   1.068
 0092   495  14.317   1.642         
 0093   208  16.404   0.693   0.242
 0094   208  16.215   1.452   0.617
 0094   495  16.095   1.510         
 0095   208  15.996   1.342   0.698
 0095   495  15.989   1.313         
 0096   208  15.396   0.923   0.507
 0097   208  15.580   1.336   0.710
 0098   208  14.267   0.765   0.238
 0098   495  14.220   0.703         
 0099   208  14.986   1.729   1.178
 0099   495  15.418   1.186         
 0100   208  16.010   1.026   0.631
 0100   495  16.037   0.953         
 0101   208  14.157   1.667   1.143
 0101   495  14.116   1.665         
 0102   208  15.359   0.906   0.341
 0102   495  15.296   1.406         
 0103   208  12.988   0.509   0.365
 0103   495  12.964   0.498         
 0104   208  14.687   0.953   0.666
 0104   495  14.694   0.902         
 0105   208  14.753   0.482   0.201
 0105   495  14.825   0.405         
 0106   208  15.891   1.441   0.505
 0106   495  15.884   1.419         
 0107   208  15.623   0.566   0.162
 0107   495  15.654   0.505         
 0108   208  16.177   0.527   0.235
 0108   495  16.151   0.509         
 0109   208  19.370   1.093         
 0110   208  19.185   1.087         
 0111   208  15.691   1.445         
 0111   495  15.691   1.441         
 0112   208  18.526   1.096         
 0113   208  17.247   1.045         
 0113   495  17.288   0.903         
 0114   208  19.652   0.836         
 0115   208  18.829   1.028         
 0115   495  18.691   0.912         
 0116   208  19.779   1.490         
 0117   208  19.805   1.310         
 0118   208  19.933   0.855         
 0119   208  20.413   0.822         
 0120   208  20.651   0.809         
 0121   208  18.760   1.034         
 0121   495  19.248   0.520         
 0122   208  20.301   1.115         
 0123   208  19.161   1.100         
 0124   208  19.533   1.302         
 0125   208  18.956   1.308         
 0126   208  17.818   1.091         
 0127   208  18.640   1.023         
 0127   495  18.409   1.226         
 0128   208  19.662   1.360         
 0129   208  17.355   0.852         
 0130   208  20.427   0.851         
 0131   208  16.508   1.026         
 0132   208  19.961   1.290         
 0133   208  18.027   1.048         
 0133   495  18.029   1.207         
 0134   208  20.146   1.402         
 0135   208  19.696   1.642         
 0136   208  15.327   0.954         
 0136   495  15.376   0.930         
 0137   208  19.221   0.989         
 0138   208  20.007   1.450         
 0139   208  20.773   0.851         
 0140   208  19.662   1.227         
 0141   208  18.369   1.664         
 0142   208  18.482   0.899         
 0143   208  17.627   1.121         
 0143   495  17.616   1.175         
 0144   208  17.701   0.837         
 0144   495  17.529   1.002         
 0145   208  19.280   1.573         
 0146   208  21.275   0.412         
 0147   208  20.663   1.002         
 0148   208  19.000   1.108         
 0149   208  20.371   0.970         
 0150   208  19.740   1.116         
 0151   208  19.598   1.331         
 0152   208  17.398   0.942         
 0152   495  17.460   0.953         
 0153   208  19.905   1.550         
 0154   208  19.642   1.140         
 0155   208  19.159   1.263         
 0156   208  20.274   1.052         
 0157   208  18.538   1.009         
 0157   495  18.742   1.045         
 0158   208  15.553   0.962         
 0158   495  15.595   0.924         
 0159   208  19.663   1.253         
 0160   208  19.566   0.835         
 0161   208  19.858   0.984         
 0162   208  17.302   1.166         
 0162   495  17.353   1.171         
 0163   208  19.501   1.359         
 0164   208  18.631   1.081         
 0164   495  18.501   1.167         
 0165   208  19.785   1.435         
 0166   208  19.939   1.175         
 0167   208  19.906   1.155         
 0168   208  19.932   1.046         
 0169   208  18.566   0.859         
 0170   208  19.869   1.167         
 0171   208  19.867   1.131         
 0172   208  17.842   1.052         
 0172   495  17.881   1.123         
 0173   208  17.751   0.835         
 0173   495  17.795   0.813         
 0174   208  18.710   0.967         
 0175   208  19.268   0.940         
 0176   208  20.183   1.108         
 0177   208  20.344   1.151         
 0178   208  17.974   1.330         
 0178   495  17.737   1.319         
 0179   208  17.533   0.855         
 0179   495  17.502   0.834         
 0180   208  19.928   1.531         
 0181   208  19.295   1.056         
 0182   208  19.389   1.046         
 0183   208  17.495   0.948         
 0183   495  17.398   0.922         
 0184   208  19.601   1.066         
 0185   208  18.967   1.044         
 0186   208  19.744   1.245         
 0187   208  20.318   0.984         
 0188   208  16.434   0.736         
 0188   495  16.175   0.760         
 0189   208  17.950   1.183         
 0189   495  17.796   1.185         
 0190   208  18.271   1.088         
 0191   208  17.906   1.052         
 0191   495  18.102   0.864         
 0192   208  19.696   1.224         
 0193   208  19.178   0.940         
 0194   208  17.175   0.846         
 0194   495  16.866   0.873         
 0195   208  17.961   0.940         
 0195   495  17.786   1.044         
 0196   208  18.315   0.950         
 0196   495  18.028   1.049         
 0197   208  19.452   0.868         
 0198   208  19.835   0.991         
 0199   208  18.513   1.011         
 0200   208  18.571   1.035         
 0201   208  21.005   0.779         
 0202   208  18.972   1.298         
 0203   208  19.917   1.121         
 0204   208  18.506   1.077         
 0204   495  18.340   0.950         
 0205   208  19.009   0.910         
 0206   208  19.474   1.031         
 0207   208  19.678   1.455         
 0208   208  19.437   1.047         
 0209   208  19.597   1.009         
 0210   208  19.238   1.176         
 0211   208  17.419   0.867         
 0211   495  17.457   0.849         
 0212   208  20.430   1.196         
 0213   208  18.647   1.125         
 0213   495  18.805   1.155         
 0214   208  17.769   0.956         
 0215   208  18.225   0.935         
 0215   495  18.195   0.987         
 0216   208  17.537   0.877         
 0216   495  17.078   0.897         
 0217   208  19.191   1.069         
 0218   208  19.542   1.093         
 0219   208  19.778   0.998         
 0220   208  18.457   0.963         
 0221   208  17.492   0.875         
 0221   495  16.545   0.855         
 0222   208  17.526   0.837         
 0223   208  19.016   1.002         
 0224   208  17.949   1.305         
 0224   495  17.988   1.423         
 0225   208  17.488   1.337         
 0225   495  17.015   1.219         
 0226   208  19.386   1.225         
 0227   208  20.342   0.707         
 0228   208  17.846   0.917         
 0228   495  17.827   0.900         
 0229   208  17.152   0.949         
 0229   495  16.654   1.008         
 0230   208  18.105   1.043         
 0231   208  16.970   0.795         
 0231   495  16.332   0.780         
 0232   208  17.602   0.821         
 0233   208  19.506   1.000         
 0234   208  18.787   0.993         
 0235   208  17.841   0.910         
 0236   208  18.209   0.976         
 0236   495  18.252   0.868         
 0237   208  20.163   0.913         
 0238   208  18.350   1.057         
 0238   495  18.463   1.111         
 0239   208  18.845   0.867         
 0240   208  16.738   0.830         
 0240   495  16.703   0.816         
 0241   208  20.045   1.134         
 0242   208  18.510   1.031         
 0242   495  17.399   1.029         
 0243   208  17.524   0.807         
 0244   208  20.178   1.040         
 0245   208  18.280   1.147         
 0245   495  18.301   1.383         
 0246   208  18.753   0.985         
 0246   495  19.410   0.948         
 0247   208  18.722   0.950         
 0248   208  21.130   0.222         
 0249   208  19.421   0.999         
 0250   208  18.450   1.107         
 0250   495  18.499   1.375         
 0251   208  19.917   1.111         
 0252   208  17.956   0.875         
 0253   208  20.292   1.099         
 0254   208  14.970   0.755         
 0254   495  14.945   0.746         
 0255   208  18.842   1.464         
 0256   208  18.553   1.026         
 0256   495  18.764   0.834         
 0257   208  18.325   0.920         
 0258   208  20.020   1.215         
 0259   208  19.373   1.315         
 0260   208  20.087   1.493         
 0261   208  16.793   1.041         
 0261   495  16.118   0.947         
 0262   208  19.534   1.166         
 0263   208  18.150   1.419         
 0264   208  16.353   0.840         
 0264   495  16.322   0.859         
 0265   208  19.243   0.990         
 0266   208  17.221   0.808         
 0266   495  17.043   0.863         
 0267   208  17.066   1.330         
 0267   495  16.733   1.306         
 0268   208  18.740   1.083         
 0269   208  17.241   1.289         
 0269   495  17.249   1.249         
 0270   208  20.182   1.204         
 0271   208  18.297   0.969         
 0271   495  18.234   0.971         
 0272   208  18.780   0.960         
 0273   208  18.905   0.901         
 0274   208  19.073   1.085         
 0275   208  17.367   1.251         
 0276   208  18.594   1.117         
 0277   208  18.253   1.271         
 0278   208  19.939   1.209         
 0279   208  20.682   1.139         
 0280   208  18.132   0.898         
 0281   208  18.350   1.059         
 0282   208  19.282   0.934         
 0283   208  18.542   0.947         
 0283   495  18.400   0.944         
 0284   208  18.311   1.084         
 0285   208  19.228   0.993         
 0286   208  19.879   1.555         
 0287   208  19.117   1.051         
 0288   208  19.125   1.136         
 0289   208  19.437   1.050         
 0290   208  18.844   0.937         
 0291   208  19.733   1.222         
 0292   208  17.577   1.162         
 0292   495  17.453   1.209         
 0293   208  19.697   1.471         
 0294   208  18.713   1.185         
 0294   495  18.676   1.143         
 0295   208  19.420   1.251         
 0296   208  21.395   0.521         
 0297   208  19.600   1.303         
 0298   208  18.579   0.901         
 0299   208  18.475   0.946         
 0300   208  17.642   0.837         
 0301   208  19.883   1.032         
 0302   208  19.965   1.184         
 0303   208  18.596   1.414         
 0304   208  19.422   1.429         
 0305   208  19.608   1.170         
 0306   208  17.552   1.018         
 0306   495  17.480   1.133         
 0307   208  17.522   1.117         
 0307   495  17.469   1.190         
 0308   208  19.499   1.057         
 0309   208  18.656   1.580         
 0310   208  19.156   1.220         
 0311   208  19.927   1.242         
 0312   208  18.179   0.853         
 0313   208  17.491   0.779         
 0313   495  17.036   0.828         
 0314   208  19.218   1.313         
 0315   208  14.594   0.933         
 0315   495  14.635   0.885         
 0316   208  19.092   0.940         
 0317   208  20.168   1.302         
 0318   208  20.076   1.277         
 0319   208  17.364   1.022         
 0319   495  17.003   1.001         
 0320   208  19.681   1.210         
 0321   208  19.370   1.186         
 0322   208  19.626   0.888         
 0323   208  18.617   1.079         
 0323   495  18.619   1.074         
 0324   208  19.648   1.144         
 0325   208  15.402   0.862         
 0325   495  15.331   0.863         
 0326   208  18.110   0.897         
 0327   208  19.767   0.942         
 0328   208  18.916   1.043         
 0329   208  17.904   1.097         
 0330   208  17.366   0.944         
 0331   208  17.175   1.038         
 0332   208  18.524   0.870         
 0332   495  18.618   1.025         
 0333   208  15.461   0.883         
 0333   495  15.456   0.842         
 0334   208  20.463   0.836         
 0335   208  20.400   1.062         
 0336   208  19.461   1.113         
 0337   208  20.010   1.261         
 0338   208  19.303   1.064         
 0339   208  19.336   0.967         
 0340   208  19.887   1.385         
 0341   208  19.043   1.583         
 0342   208  18.850   1.178         
 0343   208  18.556   1.369         
 0344   208  17.634   1.482         
 0344   495  17.654   1.486         
 0345   208  17.742   1.119         
 0345   495  17.735   1.176         
 0346   208  12.588   0.610         
 0346   495  12.631   0.557         
 0347   208  14.718   0.773         
 0347   495  14.807   0.780         
 0348   208  20.097   1.050         
 0349   208  20.866   0.631         
 0350   208  16.944   1.210         
 0350   495  16.933   1.265         
 0351   208  19.322   1.015         
 0352   208  17.587   0.963         
 0353   208  16.350   0.729         
 0353   495  16.293   0.716         
 0354   208  15.725   0.900         
 0354   495  15.744   0.856         
 0355   208  15.644   1.272         
 0355   495  16.123   0.686         
 0356   208  20.375   1.091         
 0357   208  17.740   1.116         
 0357   495  17.889   1.016         
 0358   208  19.652   1.519         
 0359   208  15.895   0.724         
 0359   495  15.916   0.678         
 0360   208  17.248   0.747         
 0360   495  17.296   0.763         
 0361   208  18.217   1.088         
 0361   495  18.248   1.155         
 0362   208  19.122   1.555         
 0363   208  18.550   0.971         
 0363   495  18.435   0.730         
 0364   208  16.031   0.576         
 0364   495  16.052   0.523         
 0365   208  17.824   0.993         
 0365   495  17.785   0.958         
 0366   208  18.668   0.991         
 0366   495  18.670   1.058         
 0367   208  20.117   1.152         
 0368   208  14.035   1.081         
 0368   495  14.128   1.061         
 0369   208  20.013   1.316         
 0370   208  18.785   1.193         
 0371   208  20.957   0.849         
 0372   208  19.388   1.402         
 0373   208  17.823   1.000         
 0373   495  17.945   0.897         
 0374   208  17.842   0.991         
 0374   495  17.828   1.067         
 0375   208  19.761   0.951         
 0376   208  16.904   1.337         
 0376   495  16.880   1.133         
 0377   208  18.600   0.992         
 0378   208  18.341   1.027         
 0378   495  18.365   1.081         
 0379   208  18.814   0.890         
 0379   495  18.873   1.211         
 0380   208  19.859   1.469         
 0381   208  18.906   0.943         
 0382   208  17.521   1.428         
 0382   495  17.525   1.522         
 0383   208  18.214   0.881         
 0383   495  18.488   0.932         
 0384   208  18.606   0.999         
 0384   495  18.048   0.805         
 0385   208  18.982   0.874         
 0386   208  19.349   1.152         
 0387   208  16.745   0.873         
 0388   208  18.573   0.967         
 0389   208  15.788   1.481         
 0389   495  15.785   1.471         
 0390   208  20.155   1.279         
 0391   208  18.564   1.016         
 0392   208  20.285   1.321         
 0393   208  19.423   1.011         
 0394   208  19.954   1.190         
 0395   208  19.568   1.386         
 0396   208  18.139   1.030         
 0397   208  13.591   0.813         
 0397   495  13.566   0.538         
 0398   208  19.933   1.199         
 0399   208  19.955   0.832         
 0400   208  18.141   0.897         
 0400   495  17.966   0.925         
 0401   208  19.253   1.030         
 0402   208  17.612   1.300         
 0402   495  17.578   1.317         
 0403   208  16.399   1.565         
 0403   495  16.423   1.570         
 0404   208  18.838   0.972         
 0405   208  18.867   0.948         
 0406   208  18.589   0.917         
 0407   208  18.815   1.080         
 0408   208  18.835   1.165         
 0409   208  18.051   1.176         
 0409   495  18.101   1.244         
 0410   208  19.528   1.212         
 0411   208  19.364   1.011         
 0412   208  18.405   0.938         
 0413   208  17.790   0.779         
 0413   495  17.860   0.667         
 0414   208  19.145   1.189         
 0415   208  19.190   1.206         
 0416   208  16.936   1.130         
 0417   208  19.315   0.950         
 0418   208  18.906   1.132         
 0419   208  19.084   0.997         
 0420   208  15.820   0.991         
 0420   495  15.851   0.919         
 0421   208  19.759   0.984         
 0422   208  18.690   0.919         
 0423   208  17.449   0.765         
 0423   495  17.136   0.675         
 0424   208  16.876   0.860         
 0424   495  16.819   0.818         
 0425   208  19.537   1.151         
 0426   208  19.153   0.981         
 0427   208  17.301   0.758         
 0427   495  16.969   0.760         
 0428   208  19.941   0.748         
 0429   208  19.263   1.126         
 0430   208  19.610   1.290         
 0431   208  19.579   1.516         
 0432   208  18.307   0.898         
 0433   208  19.238   0.868         
 0434   208  16.754   0.801         
 0434   495  16.694   0.783         
 0435   208  19.734   1.200         
 0436   208  19.949   1.228         
 0437   208  18.328   1.007         
 0437   495  18.600   0.903         
 0438   208  19.255   1.069         
 0439   208  14.000   1.263         
 0440   208  18.150   0.916         
 0441   208  21.669   0.300         
 0442   208  20.087   0.878         
 0443   208  17.510   1.481         
 0443   495  17.382   1.591         
 0444   208  20.076   1.229         
 0445   208  17.250   1.063         
 0445   495  17.023   0.936         
 0446   208  18.657   1.027         
 0447   208  18.465   1.532         
 0448   208  20.028   1.163         
 0449   208  17.674   1.119         
 0449   495  17.681   1.201         
 0450   208  16.954   0.895         
 0450   495  16.830   0.983         
 0451   208  18.868   0.892         
 0452   208  17.578   0.890         
 0452   495  17.508   0.983         
 0453   208  17.604   1.399         
 0453   495  17.727   1.274         
 0454   208  17.599   0.808         
 0455   208  17.136   0.694         
 0455   495  17.171   0.588         
 0456   208  17.954   0.905         
 0456   495  17.573   0.965         
 0457   208  18.718   0.989         
 0458   208  18.118   0.920         
 0458   495  18.165   1.129         
 0459   208  18.047   1.245         
 0460   208  21.124   1.390         
 0461   208  19.715   1.321         
 0462   208  18.805   0.965         
 0463   208  18.053   1.020         
 0464   208  18.224   0.948         
 0464   495  18.082   1.103         
 0465   208  20.383   1.084         
 0466   208  19.294   1.376         
 0467   208  18.217   0.926         
 0468   208  18.411   1.063         
 0469   208  19.483   1.561         
 0470   208  17.966   0.905         
 0471   208  19.915   1.110         
 0472   208  12.855   0.632         
 0472   495  12.922   0.575         
 0473   208  18.389   1.031         
 0474   208  20.001   0.928         
 0475   208  17.783   0.944         
 0475   495  17.659   1.028         
 0476   208  18.790   1.097         
 0476   495  19.104   1.517         
 0477   208  19.378   1.135         
 0478   208  18.269   0.959         
 0478   495  18.400   0.899         
 0479   208  17.941   0.958         
 0479   495  17.922   0.912         
 0480   208  19.336   1.130         
 0481   208  17.665   0.961         
 0482   208  14.266   1.343         
 0482   495  14.228   1.352         
 0483   208  19.460   1.016         
 0484   208  19.265   1.304         
 0485   208  19.321   1.094         
 0486   208  20.092   1.528         
 0487   208  19.185   1.147         
 0488   208  16.411   0.859         
 0488   495  16.199   0.725         
 0489   208  20.043   1.369         
 0490   208  18.554   1.545         
 0491   208  19.220   1.091         
 0492   208  19.735   1.163         
 0493   208  19.913   1.094         
 0494   208  17.251   0.854         
 0494   495  17.085   0.783         
 0495   208  20.147   1.118         
 0496   208  18.253   0.873         
 0497   208  19.007   0.946         
 0498   208  17.812   0.923         
 0499   208  18.376   0.884         
 0500   208  17.135   0.837         
 0500   495  16.713   0.891         
 0501   208  20.254   1.222         
 0502   208  13.980   1.332         
 0502   495  13.979   1.347         
 0503   208  19.875   1.515         
 0504   208  15.334   0.709         
 0504   495  15.294   0.728         
 0505   208  19.795   1.289         
 0506   208  19.432   1.238         
 0507   208  20.035   1.308         
 0508   208  18.876   1.166         
 0509   208  18.230   0.908         
 0509   495  18.245   0.808         
 0510   208  18.685   0.922         
 0511   208  18.839   1.191         
 0512   208  17.873   0.904         
 0512   495  17.724   0.933         
 0513   208  20.250   1.117         
 0514   208  17.565   0.948         
 0515   208  19.890   0.952         
 0516   208  19.287   0.998         
 0517   208  17.641   0.816         
 0518   208  18.201   1.018         
 0519   208  18.286   1.258         
 0520   208  19.024   1.044         
 0521   208  14.927   0.941         
 0521   495  14.939   0.927         
 0522   208  16.929   0.836         
 0522   495  16.819   0.786         
 0523   208  17.222   0.852         
 0523   495  17.438   0.368         
 0524   208  17.948   1.199         
 0525   208  19.626   0.996         
 0526   208  16.871   1.088         
 0526   495  16.778   1.125         
 0527   208  19.297   1.046         
 0528   208  17.335   1.553         
 0528   495  17.045   1.389         
 0529   208  18.081   0.875         
 0530   208  19.536   0.993         
 0531   208  19.163   1.033         
 0532   208  19.100   1.016         
 0533   208  18.947   1.226         
 0534   208  19.721   1.247         
 0535   208  15.437   1.385         
 0535   495  15.398   1.391         
 0536   208  17.877   0.884         
 0537   208  19.073   0.966         
 0537   495  20.253   0.426         
 0538   208  16.826   0.842         
 0538   495  16.804   0.804         
 0539   208  16.662   0.856         
 0539   495  16.589   0.939         
 0540   208  19.183   1.041         
 0541   208  17.480   1.113         
 0541   495  17.653   1.176         
 0542   208  16.589   0.672         
 0542   495  16.547   0.712         
 0543   208  17.551   0.880         
 0543   495  17.453   0.924         
 0544   208  19.622   1.051         
 0545   208  19.092   1.590         
 0546   208  17.032   0.804         
 0546   495  17.563  -1.116         
 0547   208  20.119   1.234         
 0548   208  18.930   1.102         
 0549   208  19.429   1.374         
 0550   208  19.946   1.100         
 0551   208  19.923   1.211         
 0552   208  19.735   1.134         
 0553   208  17.098   0.792         
 0554   208  17.780   1.103         
 0554   495  17.750   1.052         
 0555   208  18.097   0.924         
 0556   208  19.746   1.147         
 0557   208  19.410   1.120         
 0558   208  18.496   0.996         
 0559   208  18.735   0.936         
 0560   208  19.265   1.463         
 0561   208  16.738   0.857         
 0561   495  16.394   0.870         
 0562   208  19.727   0.819         
 0563   208  18.336   1.052         
 0564   208  20.270   1.239         
 0565   208  18.432   0.943         
 0565   495  18.599   1.055         
 0566   208  18.456   1.123         
 0567   208  18.405   0.977         
 0568   208  17.701   1.062         
 0569   208  16.602   0.804         
 0569   495  16.435   0.812         
 0570   208  17.598   0.887         
 0571   208  20.265   1.080         
 0572   208  17.475   1.182         
 0572   495  17.621   1.276         
 0573   208  19.573   1.089         
 0574   208  18.015   0.935         
 0575   208  17.797   0.830         
 0575   495  17.729   0.825         
 0576   208  19.812   1.031         
 0577   208  20.519   1.009         
 0578   208  19.401   1.102         
 0579   208  18.392   1.096         
 0580   208  20.222   1.168         
 0581   208  17.930   1.036         
 0581   495  18.035   1.269         
 0582   208  20.061   1.031         
 0583   208  18.579   0.970         
 0583   495  19.120   1.051         
 0584   208  19.952   1.123         
 0585   208  18.446   1.127         
 0586   208  16.113   0.915         
 0586   495  16.106   0.928         
 0587   208  19.361   1.125         
 0588   208  16.831   0.940         
 0589   208  17.825   0.956         
 0589   495  17.763   1.207         
 0590   208  20.402   1.008         
 0591   208  19.883   1.216         
 0592   208  19.196   1.249         
 0593   208  18.601   0.972         
 0594   208  18.757   1.040         
 0595   208  18.293   0.917         
 0595   495  18.595   0.915         
 0596   208  18.266   0.930         
 0596   495  18.346   0.749         
 0597   208  17.956   0.937         
 0597   495  18.337   1.010         
 0598   208  18.263   0.914         
 0598   495  18.242   0.821         
 0599   208  18.851   0.975         
 0600   208  19.569   1.098         
 0601   208  16.276   0.984         
 0601   495  16.312   0.984         
 0602   208  19.626   1.209         
 0603   208  18.485   0.941         
 0604   208  17.187   0.866         
 0604   495  17.131   0.874         
 0605   208  18.563   1.153         
 0606   208  19.190   1.088         
 0607   208  16.126   1.263         
 0607   495  16.044   1.246         
 0608   208  16.653   0.816         
 0609   208  17.095   1.127         
 0610   208  19.474   1.409         
 0611   208  18.571   1.040         
 0612   208  18.523   0.923         
 0613   208  18.964   0.991         
 0614   208  19.102   0.978         
 0614   495  19.426   1.484         
 0615   208  19.148   1.220         
 0616   208  19.177   1.040         
 0617   208  19.798   1.152         
 0618   208  19.486   0.991         
 0619   208  18.055   0.951         
 0620   208  16.591   0.803         
 0620   495  16.467   0.784         
 0621   208  15.962   1.082         
 0622   208  17.615   0.884         
 0622   495  16.796   0.934         
 0623   208  17.517   0.818         
 0624   208  16.775   0.807         
 0624   495  16.829   0.774         
 0625   208  16.877   0.747         
 0625   495  16.903   0.699         
 0626   208  19.227   0.940         
 0627   208  19.644   1.545         
 0628   208  17.830   0.856         
 0628   495  17.417   1.057         
 0629   208  18.145   0.869         
 0629   495  18.144   1.002         
 0630   208  18.473   1.574         
 0631   208  20.652   0.965         
 0632   208  16.227   0.894         
 0632   495  16.214   0.904         
 0633   208  17.557   0.923         
 0634   208  19.126   1.142         
 0635   208  17.976   0.895         
 0635   495  18.057   0.709         
 0636   208  14.078   0.703         
 0636   495  14.118   0.667         
 0637   208  20.003   1.705         
 0638   208  17.269   0.848         
 0638   495  16.976   0.867         
 0639   208  17.945   1.353         
 0639   495  17.904   1.502         
 0640   208  20.269   1.002         
 0641   208  18.755   0.977         
 0641   495  18.412   1.155         
 0642   208  18.246   0.924         
 0642   495  18.502   1.299         
 0643   208  17.382   0.829         
 0643   495  17.359   0.788         
 0644   208  20.097   1.334         
 0645   208  19.440   1.124         
 0646   208  17.561   0.831         
 0647   208  20.339   1.016         
 0648   208  19.535   1.027         
 0649   208  18.894   1.011         
 0650   208  19.525   1.073         
 0651   208  19.678   1.470         
 0652   208  18.295   0.930         
 0652   495  17.966   1.295         
 0653   208  19.845   0.890         
 0654   208  17.835   0.920         
 0654   495  17.877   0.878         
 0655   208  19.843   1.147         
 0656   208  18.045   0.963         
 0656   495  18.080   0.933         
 0657   208  19.294   0.990         
 0658   208  18.341   0.914         
 0659   208  20.717   1.486         
 0660   208  20.052   1.147         
 0661   208  18.646   0.956         
 0661   495  18.709   1.318         
 0662   208  19.224   0.925         
 0663   208  18.882   0.953         
 0664   208  19.866   1.340         
 0665   208  16.975   0.972         
 0665   495  16.451   1.026         
 0666   208  17.597   0.823         
 0666   495  17.970   0.552         
 0667   208  18.762   1.240         
 0668   208  17.894   0.917         
 0668   495  18.002   1.225         
 0669   208  18.435   1.208         
 0670   208  17.119   0.815         
 0670   495  16.914   0.813         
 0671   208  19.201   0.987         
 0672   208  17.456   0.836         
 0672   495  16.976   0.658         
 0673   208  18.684   1.060         
 0673   495  18.365   0.988         
 0674   208  20.038   1.145         
 0675   208  18.016   1.023         
 0675   495  18.544   0.964         
 0676   208  19.107   0.985         
 0677   208  17.180   0.936         
 0678   208  20.023   0.894         
 0679   208  20.017   1.433         
 0680   208  16.700   0.807         
 0681   208  19.648   0.896         
 0682   208  19.495   1.097         
 0683   208  18.846   0.991         
 0684   208  20.009   1.058         
 0685   208  18.498   1.601         
 0686   208  16.757   0.753         
 0686   495  15.968   0.795         
 0687   208  19.474   0.921         
 0688   208  18.179   1.561         
 0689   208  19.686   1.363         
 0690   208  18.883   0.924         
 0691   208  16.714   0.790         
 0691   495  16.398   0.823         
 0692   208  19.767   1.282         
 0693   208  19.153   1.038         
 0694   208  17.654   0.882         
 0694   495  17.579   0.938         
 0695   208  19.663   1.328         
 0696   208  16.221   0.913         
 0696   495  16.245   0.910         
 0697   208  19.174   1.186         
 0698   208  20.152   1.510         
 0699   208  17.796   0.847         
 0699   495  17.763   0.788         
 0700   208  19.204   0.953         
 0701   208  19.557   1.211         
 0702   208  17.208   0.931         
 0702   495  17.040   1.030         
 0703   208  19.859   1.289         
 0704   208  16.510   0.789         
 0704   495  16.515   0.757         
 0705   208  18.870   1.186         
 0706   208  20.207   1.280         
 0707   208  10.000   1.193         
 0708   208  19.859   1.101         
 0709   208  20.356   1.369         
 0710   208  19.052   1.073         
 0711   208  19.967   1.180         
 0712   208  19.023   1.028         
 0713   208  19.531   1.384         
 0714   208  17.049   0.787         
 0714   495  17.006   0.746         
 0715   208  19.645   1.190         
 0716   208  18.692   1.030         
 0716   495  18.969   1.084         
 0717   208  19.059   1.138         
 0718   208  17.693   0.875         
 0718   495  17.418   0.926         
 0719   208  18.223   1.065         
 0719   495  17.827   0.884         
 0720   208  18.741   0.934         
 0720   495  19.190   0.823         
 0721   208  19.215   1.078         
 0722   208  16.134   0.627         
 0723   208  13.721   0.827         
 0723   495  13.728   0.814         
 0724   208  18.431   1.082         
 0724   495  18.461   1.135         
 0725   208  19.295   1.526         
 0726   208  18.505   1.262         
 0726   495  18.704   1.466         
 0727   208  17.467   1.092         
 0727   495  17.372   1.117         
 0728   208  18.810   1.024         
 0729   208  18.858   1.163         
 0730   208  17.679   0.827         
 0731   208  19.602   1.249         
 0732   208  16.790   0.766         
 0732   495  16.764   0.714         
 0733   208  19.233   1.123         
 0734   208  19.407   1.479         
 0735   208  20.956   1.327         
 0736   208  16.874   0.916         
 0737   208  18.474   1.209         
 0738   208  19.847   1.136         
 0739   208  17.841   0.982         
 0740   208  20.134   1.205         
 0741   208  18.900   1.036         
 0741   495  18.669   1.065         
 0742   208  19.598   1.205         
 0743   208  19.200   1.147         
 0744   208  20.295   1.101         
 0745   208  17.545   0.891         
 0745   495  16.653   1.062         
 0746   208  18.685   1.056         
 0746   495  18.676   0.886         
 0747   208  18.514   1.130         
 0747   495  18.478   1.049         
 0748   208  18.225   1.066         
 0749   208  19.553   1.178         
 0750   208  19.086   1.010         
 0751   208  17.057   0.737         
 0752   208  20.141   1.057         
 0753   208  19.618   1.517         
 0754   208  18.331   0.993         
 0754   495  18.411   1.311         
 0755   208  16.156   0.825         
 0756   208  12.997   0.450         
 0756   495  13.622  -0.355         
 0757   208  21.207   0.461         
 0758   208  20.111   1.196         
 0759   208  18.610   1.148         
 0760   208  17.480   0.800         
 0760   495  17.143   1.004         
 0761   208  18.970   1.174         
 0762   208  19.720   1.273         
 0763   208  17.962   0.888         
 0763   495  18.049   0.822         
 0764   208  18.412   0.948         
 0764   495  18.314   1.027         
 0765   208  18.745   0.878         
 0766   208  18.824   1.136         
 0766   495  18.786   1.219         
 0767   208  19.223   1.112         
 0768   208  16.890   1.178         
 0768   495  16.769   1.163         
 0769   208  21.023   0.467         
 0770   208  17.841   1.093         
 0770   495  17.908   0.978         
 0771   208  17.566   1.036         
 0771   495  17.554   1.028         
 0772   208  17.258   1.391         
 0772   495  17.118   1.496         
 0773   208  17.194   0.926         
 0773   495  17.227   0.913         
 0774   208  17.669   0.848         
 0774   495  17.746   0.860         
 0775   208  19.974   1.471         
 0776   208  14.281   0.647         
 0776   495  14.234   0.689         
 0777   208  19.063   0.956         
 0778   208  18.826   1.122         
 0778   495  18.567   1.452         
 0779   208  19.034   0.962         
 0780   208  17.833   0.880         
 0780   495  17.882   0.843         
 0781   208  19.885   1.302         
 0782   208  18.051   0.943         
 0783   208  16.701   0.919         
 0783   495  16.050   1.088         
 0784   208  16.726   0.742         
 0784   495  16.399   0.835         
 0785   208  19.011   1.046         
 0786   208  18.200   1.062         
 0787   208  19.693   0.879         
 0788   208  17.259   0.903         
 0788   495  17.020   0.913         
 0789   208  17.424   1.018         
 0789   495  17.372   0.940         
 0790   208  20.120   1.486         
 0791   208  18.410   0.905         
 0792   208  17.707   1.048         
 0792   495  17.236   1.039         
 0793   208  19.240   1.235         
 0794   208  16.288   0.859         
 0794   495  16.249   0.908         
 0795   208  17.587   0.802         
 0795   495  17.303   1.038         
 0796   208  19.104   0.924         
 0797   208  16.517   0.922         
 0797   495  16.456   0.870         
 0798   208  18.921   1.158         
 0799   208  17.492   1.067         
 0799   495  17.356   1.104         
 0800   208  19.683   1.461         
 0801   208  16.671   0.681         
 0802   208  18.494   1.047         
 0803   208  19.145   0.974         
 0804   208  18.585   1.376         
 0805   208  17.446   0.957         
 0805   495  17.288   0.982         
 0806   208  19.004   1.090         
 0807   208  17.722   1.095         
 0808   208  18.826   1.033         
 0809   208  17.181   0.884         
 0809   495  17.124   0.882         
 0810   208  18.743   0.971         
 0811   208  17.189   0.883         
 0811   495  16.974   0.932         
 0812   208  17.707   0.812         
 0813   208  16.916   0.781         
 0813   495  16.281   0.793         
 0814   208  19.483   1.189         
 0815   208  19.119   0.916         
 0816   208  19.635   1.131         
 0817   208  17.247   0.881         
 0818   208  18.216   0.936         
 0819   208  17.305   0.802         
 0819   495  17.659   0.679         
 0820   208  17.940   1.275         
 0820   495  17.928   1.486         
 0821   208  19.789   1.273         
 0822   208  19.928   1.293         
 0823   208  18.794   1.163         
 0824   208  18.264   1.184         
 0825   208  19.914   1.246         
 0826   208  17.606   0.893         
 0826   495  17.558   0.728         
 0827   208  18.000   1.220         
 0827   495  17.689   1.241         
 0828   208  18.548   1.059         
 0829   208  19.360   1.496         
 0830   208  17.477   0.959         
 0831   208  19.659   0.855         
 0832   208  19.637   0.929         
 0833   208  18.499   1.297         
 0833   495  17.720   1.397         
 0834   208  19.528   0.812         
 0835   208  18.355   0.998         
 0836   208  17.092   0.803         
 0836   495  16.861   0.848         
 0837   208  15.355   0.820         
 0837   495  14.974   0.919         
 0838   208  18.997   1.206         
 0839   208  18.477   0.936         
 0839   495  18.264   0.895         
 0840   208  19.538   1.033         
 0841   208  18.240   1.048         
 0842   208  16.735   0.793         
 0842   495  16.634   0.814         
 0843   208  17.771   1.404         
 0843   495  17.217   1.679         
 0844   208  19.353   1.173         
 0845   208  17.536   0.867         
 0846   208  19.651   1.089         
 0847   208  18.316   1.541         
 0848   208  16.803   0.962         
 0849   208  16.019   0.739         
 0849   495  15.922   0.778         
 0850   208  18.856   1.684         
 0851   208  19.687   0.960         
 0852   208  19.051   1.483         
 0853   208  19.188   1.150         
 0854   208  20.034   1.102         
 0855   208  17.481   0.836         
 0856   208  17.260   0.828         
 0856   495  17.263   0.810         
 0857   208  16.665   0.742         
 0857   495  16.600   0.718         
 0858   208  19.204   0.986         
 0859   208  19.215   1.047         
 0860   208  18.803   1.051         
 0861   208  18.510   1.041         
 0861   495  18.572   1.272         
 0862   208  18.873   1.152         
 0862   495  18.537   1.237         
 0863   208  16.918   0.815         
 0864   208  17.033   1.007         
 0864   495  17.040   0.945         
 0865   208  20.031   1.000         
 0866   208  17.464   0.697         
 0866   495  17.464   0.682         
 0867   208  17.894   1.049         
 0867   495  17.939   1.068         
 0868   208  18.131   0.974         
 0869   208  19.743   1.088         
 0870   208  19.504   1.161         
 0871   208  17.467   0.681         
 0871   495  16.944   0.866         
 0872   208  18.418   0.805         
 0873   208  20.176   1.323         
 0874   208  19.479   1.493         
 0875   208  19.680   1.505         
 0876   208  17.812   1.065         
 0877   208  16.525   0.965         
 0877   495  16.355   0.988         
 0878   208  18.716   0.951         
 0879   208  18.036   0.517         
 0879   495  16.686   1.006         
 0880   208  19.881   1.411         
 0881   208  19.313   1.274         
 0882   208  19.580   0.943         
 0883   208  20.230   0.981         
 0884   208  20.363   1.030         
 0885   208  20.689   0.931         
 0886   208  17.796   1.061         
 0886   495  17.364   1.035         
 0887   208  19.593   1.016         
 0888   208  18.707   1.014         
 0888   495  18.567   1.412         
 0889   208  19.680   1.153         
 0890   208  15.697   0.699         
 0890   495  15.448   0.737         
 0891   208  16.694   0.773         
 0891   495  16.672   0.760         
 0892   208  18.443   1.457         
 0893   208  14.602   0.872         
 0894   208  18.287   0.849         
 0894   495  17.692   0.994         
 0895   208  19.248   1.183         
 0896   208  17.485   1.013         
 0897   208  16.602   0.878         
 0897   495  16.001   0.933         
 0898   208  19.637   1.158         
 0899   208  19.502   1.107         
 0900   208  19.505   1.040         
 0901   208  18.936   0.922         
 0901   495  17.892   1.136         
 0902   208  18.507   0.956         
 0903   208  18.980   1.141         
 0904   208  17.389   1.096         
 0905   208  17.745   0.861         
 0906   208  17.366   0.816         
 0906   495  16.459   0.961         
 0907   208  17.607   0.935         
 0908   208  18.465   1.025         
 0908   495  18.578   1.486         
 0909   208  16.101   0.945         
 0909   495  16.156   0.884         
 0910   208  19.233   1.240         
 0911   208  16.529   0.748         
 0911   495  16.085   0.785         
 0912   208  18.797   1.009         
 0913   208  17.359   0.838         
 0913   495  16.368   0.786         
 0914   208  17.035   0.824         
 0915   208  17.924   1.135         
 0916   208  17.087   0.876         
 0917   208  18.405   1.035         
 0918   208  18.736   0.964         
 0919   208  19.122   1.161         
 0920   208  18.719   1.228         
 0921   208  17.355   1.311         
 0922   208  16.661   0.768         
 0923   208  19.697   1.602         
 0924   208  16.982   0.746         
 0925   208  18.904   1.036         
 0926   208  19.753   0.992         
 0927   208  20.460   0.914         
 0928   208  19.443   1.141         
 0929   208  17.165   0.751         
 0929   495  16.692   0.828         
 0930   208  18.407   1.059         
 0931   208  19.616   1.175         
 0932   208  18.404   1.050         
 0933   208  19.587   0.977         
 0934   208  19.235   1.089         
 0935   208  20.087   1.031         
 0936   208  17.464   1.086         
 0936   495  17.113   1.017         
 0937   208  18.138   1.220         
 0938   208  17.805   1.610         
 0939   208  18.961   1.090         
 0939   495  19.223   0.980         
 0940   208  17.795   0.875         
 0941   208  20.118   1.671         
 0942   208  18.303   1.715         
 0943   208  19.556   1.088         
 0944   208  17.984   1.001         
 0945   208  18.287   0.897         
 0946   208  17.651   0.927         
 0947   208  18.963   1.175         
 0948   208  20.462   1.615         
 0949   208  18.437   1.216         
 0950   208  20.726   0.894         
 0951   208  18.921   2.583         
 0952   208  15.677  -0.168         
 0953   208  19.824   1.273         
 0954   208  17.280   0.516         
 1014   208  18.399   0.946         
 1015   208  19.580   0.973         
 1016   208  18.238   0.970         
 1016   495  18.184   0.834         
 1017   208  18.775   1.203         
 1017   495  18.882   1.039         
 1018   208  20.252   1.054         
 1019   208  18.344   0.961         
 1020   208  18.239   1.118         
 1021   208  17.493   1.038         
 1021   495  17.541   1.011         
 1022   208  18.763   1.409         
 1023   208  16.811   1.147         
 1023   495  16.788   1.177         
 1024   208  19.887   1.389         
 1025   208  18.724   1.018         
 1026   208  18.145   1.306         
 1026   495  18.172   1.439         
 1027   208  19.834   1.239         
 1028   208  19.904   1.127         
 1029   208  19.636   1.701         
 1030   208  18.702   1.024         
 1030   495  18.921   1.135         
 1031   208  18.915   1.645         
 1032   208  19.484   1.188         
 1033   208  18.931   1.058         
 1034   208  18.610   0.917         
 1034   495  18.953   0.717         
 1035   208  17.519   1.029         
 1035   495  17.498   1.117         
 1036   208  20.033   1.179         
 1037   208  17.213   0.919         
 1037   495  16.321   0.899         
 1038   208  19.695   1.066         
 1039   208  19.193   0.961         
 1040   208  19.540   1.005         
 1041   208  19.419   1.291         
 1042   208  20.198   1.250         
 1043   208  19.983   0.969         
 1044   208  18.667   1.018         
 1044   495  18.415   1.153         
 1045   208  18.664   0.987         
 1046   208  19.356   0.984         
 1047   208  19.777   1.522         
 1048   208  19.101   1.160         
 1049   208  19.092   0.958         
 1050   208  19.391   1.459         
 1051   208  19.494   1.069         
 1052   208  19.899   1.166         
 1053   208  19.777   1.331         
 1054   208  19.347   1.010         
 1055   208  19.156   1.457         
 1056   208  18.480   1.035         
 1056   495  18.604   0.897         
 1057   208  15.967   1.391         
 1058   208  18.948   1.180         
 1059   208  18.533   1.608         
 1060   208  20.538   1.189         
 1061   208  19.347   1.238         
 1062   208  20.197   0.948         
 1063   208  19.149   1.102         
 1064   208  14.259   1.315         
 1064   495  14.261   1.345         
 1065   208  17.989   0.966         
 1065   495  18.111   0.916         
 1066   208  19.339   1.083         
 1067   208  14.334   0.453         
 1067   495  14.390   0.424         
 1068   208  18.770   0.892         
 1069   208  18.516   1.617         
 1070   208  17.535   1.162         
 1070   495  17.244   1.227         
 1071   208  19.887   1.404         
 1072   208  17.437   0.808         
 1072   495  17.425   0.772         
 1073   208  19.935   1.389         
 1074   208  18.524   1.011         
 1075   208  19.645   0.972         
 1076   208  19.249   1.234         
 1077   208  18.304   0.950         
 1077   495  18.112   0.939         
 1078   208  12.839   0.515         
 1078   495  12.884   0.489         
 1079   208  18.095   1.245         
 1080   208  19.776   1.118         
 1081   208  19.948   1.216         
 1082   208  19.188   0.958         
 1083   208  19.535   1.197         
 1084   208  19.894   0.864         
 1085   208  20.406   1.008         
 1086   208  20.104   1.501         
 1087   208  17.122   1.081         
 1087   495  17.088   1.084         
 1088   208  19.241   1.399         
 1089   208  17.546   1.283         
 1089   495  17.063   1.171         
 1090   208  18.517   1.165         
 1091   208  17.569   0.943         
 1091   495  17.366   0.850         
 1092   208  18.463   1.050         
 1092   495  18.421   1.247         
 1093   208  17.646   0.970         
 1093   495  17.627   0.861         
 1094   208  19.111   0.984         
 1095   208  19.385   1.355         
 1096   208  20.299   1.435         
 1097   208  19.033   1.566         
 1098   208  18.962   1.782         
 1099   208  20.105   1.012         
 1100   208  19.845   1.259         
 1101   208  19.682   1.257         
 1102   208  17.071   0.888         
 1102   495  17.548   0.226         
 1103   208  20.121   0.904         
 1104   208  19.506   1.143         
 1105   208  20.294   1.166         
 1106   208  19.787   1.159         
 1107   208  17.120   1.258         
 1107   495  16.957   1.221         
 1108   208  18.676   1.136         
 1109   208  17.732   0.843         
 1109   495  17.735   0.749         
 1110   208  19.508   1.064         
 1111   208  18.393   1.183         
 1112   208  18.612   0.942         
 1113   208  19.432   0.952         
 1114   208  19.242   1.170         
 1115   208  16.621   0.985         
 1115   495  16.591   0.943         
 1116   208  19.074   1.202         
 1117   208  18.866   1.098         
 1118   208  19.174   1.261         
 1119   208  19.693   1.538         
 1120   208  19.373   1.011         
 1121   208  17.554   1.038         
 1121   495  17.544   1.142         
 1122   208  18.549   1.175         
 1122   495  18.783   1.269         
 1123   208  19.074   0.824         
 1124   208  20.498   0.927         
 1125   208  18.772   1.155         
 1126   208  19.717   1.064         
 1127   208  14.985   0.920         
 1127   495  15.047   0.888         
 1128   208  18.616   1.210         
 1129   208  15.998   0.891         
 1129   495  15.877   0.893         
 1130   208  17.252   1.313         
 1131   208  17.649   0.890         
 1131   495  17.627   0.955         
 1132   208  20.227   1.057         
 1133   208  18.488   1.164         
 1133   495  18.625   1.091         
 1134   208  19.817   0.988         
 1135   208  19.785   1.028         
 1136   208  19.781   1.230         
 1137   208  18.853   1.423         
 1138   208  18.190   0.957         
 1139   208  19.878   1.220         
 1140   208  20.906   0.567         
 1141   208  19.245   1.215         
 1142   208  17.992   0.924         
 1143   208  17.215   0.963         
 1143   495  17.128   0.968         
 1144   208  18.653   0.983         
 1144   495  18.364   0.864         
 1145   208  17.618   0.912         
 1145   495  16.216   0.897         
 1146   208  19.411   1.496         
 1147   208  18.079   0.940         
 1147   495  17.991   1.048         
 1148   208  18.730   1.191         
 1148   495  18.444   1.004         
 1149   208  19.491   1.104         
 1150   208  19.588   0.950         
 1151   208  20.105   1.374         
 1152   208  17.587   1.252         
 1152   495  17.507   1.129         
 1153   208  17.220   0.830         
 1153   495  17.206   0.772         
 1154   208  17.869   1.321         
 1154   495  17.915   1.288         
 1155   208  19.731   1.425         
 1156   208  19.126   1.172         
 1157   208  18.838   1.205         
 1158   208  20.184   1.180         
 1159   208  16.681   0.919         
 1159   495  16.686   0.862         
 1160   208  19.561   1.167         
 1161   208  16.745   0.820         
 1162   208  18.709   1.100         
 1163   208  19.133   1.064         
 1164   208  19.526   1.643         
 1165   208  18.385   1.166         
 1165   495  18.580   1.393         
 1166   208  17.247   0.809         
 1166   495  17.000   0.812         
 1167   208  15.948   1.296         
 1167   495  15.789   1.240         
 1168   208  17.943   0.959         
 1169   208  17.796   1.214         
 1170   208  18.308   1.059         
 1170   495  18.228   1.111         
 1171   208  19.233   1.121         
 1172   208  17.355   0.779         
 1172   495  17.172   0.825         
 1173   208  19.345   0.841         
 1174   208  15.712   1.354         
 1174   495  15.711   1.371         
 1175   208  20.032   1.052         
 1176   208  18.884   1.055         
 1177   208  17.874   1.035         
 1177   495  17.503   1.087         
 1178   208  20.181   0.854         
 1179   208  18.049   0.996         
 1179   495  18.010   1.003         
 1180   208  17.985   1.163         
 1180   495  17.875   1.044         
 1181   208  17.616   0.873         
 1181   495  17.688   0.767         
 1182   208  18.366   0.902         
 1182   495  18.470   0.960         
 1183   208  14.394   0.561         
 1183   495  14.420   0.530         
 1184   208  15.588   1.181         
 1184   495  15.601   1.183         
 1185   208  14.933   0.847         
 1185   495  15.010   0.782         
 1186   208  18.549   1.060         
 1187   208  17.092   0.971         
 1188   208  16.245   0.984         
 1188   495  16.241   0.992         
 1189   208  17.297   0.768         
 1189   495  17.336   0.763         
 1190   208  19.109   1.029         
 1191   208  19.124   0.956         
 1192   208  18.926   1.095         
 1192   495  18.238   1.084         
 1193   208  19.036   1.089         
 1194   208  17.622   1.050         
 1194   495  17.664   1.102         
 1195   208  16.259   1.071         
 1195   495  16.307   1.101         
 1196   208  17.932   1.290         
 1196   495  17.835   1.347         
 1197   208  20.254   1.275         
 1198   208  18.502   0.913         
 1198   495  18.329   0.884         
 1199   208  19.339   1.075         
 1200   208  20.064   1.226         
 1201   208  16.284   1.538         
 1201   495  16.243   1.623         
 1202   208  17.777   0.962         
 1202   495  17.780   0.927         
 1203   208  20.020   0.988         
 1204   208  19.411   0.960         
 1205   208  16.965   1.043         
 1205   495  16.974   1.066         
 1206   208  20.446   0.832         
 1207   208  20.323   1.132         
 1208   208  16.093   0.855         
 1208   495  16.033   0.876         
 1209   208  18.729   1.002         
 1210   208  18.213   0.867         
 1210   495  18.098   0.900         
 1211   208  18.116   1.018         
 1211   495  17.792   1.268         
 1212   208  19.144   1.170         
 1213   208  16.810   0.859         
 1213   495  16.752   0.896         
 1214   208  20.808   0.697         
 1215   208  20.372   1.603         
 1216   208  19.057   0.939         
 1217   208  17.441   0.987         
 1217   495  17.485   0.928         
 1218   208  19.359   0.987         
 1219   208  18.951   1.004         
 1220   208  14.877   0.835         
 1220   495  14.821   0.773         
 1221   208  18.983   0.935         
 1221   495  19.294   1.320         
 1222   208  19.333   1.150         
 1223   208  20.698   0.306         
 1224   208  16.918   0.619         
 1224   495  16.910   0.654         
 1225   208  18.088   0.920         
 1225   495  17.965   0.899         
 1226   208  19.172   1.147         
 1227   208  19.771   1.418         
 1228   208  19.535   1.163         
 1229   208  18.510   1.083         
 1229   495  18.450   1.162         
 1230   208  19.342   1.108         
 1231   208  18.782   0.810         
 1231   495  18.803   0.733         
 1232   208  17.014   1.192         
 1232   495  16.905   1.173         
 1233   208  19.216   0.769         
 1234   208  19.249   1.183         
 1235   208  20.105   1.366         
 1236   208  18.463   0.944         
 1236   495  18.702   1.148         
 1237   208  19.865   1.394         
 1238   208  17.587   0.878         
 1238   495  17.452   0.921         
 1239   208  20.032   0.908         
 1240   208  17.789   1.075         
 1240   495  17.820   1.115         
 1241   208  17.683   0.972         
 1241   495  17.629   1.042         
 1242   208  20.568   1.166         
 1243   208  19.377   1.099         
 1244   208  15.953   1.305         
 1244   495  15.965   1.311         
 1245   208  19.508   0.942         
 1246   208  19.226   1.126         
 1247   208  19.754   1.470         
 1248   208  19.451   1.217         
 1249   208  17.650   1.024         
 1249   495  17.423   0.925         
 1250   208  18.414   0.864         
 1250   495  18.505   0.987         
 1251   208  16.911   1.057         
 1251   495  16.814   1.071         
 1252   208  18.605   0.957         
 1253   208  18.712   0.972         
 1254   208  19.325   1.054         
 1255   208  18.838   0.892         
 1255   495  18.860   1.153         
 1256   208  16.432   1.021         
 1256   495  16.390   1.059         
 1257   208  18.423   0.995         
 1258   208  20.104   1.051         
 1259   208  18.993   0.983         
 1260   208  17.706   0.930         
 1260   495  17.709   0.865         
 1261   208  19.550   1.050         
 1262   208  18.909   1.149         
 1263   208  16.640   0.842         
 1263   495  16.567   0.915         
 1264   208  14.982   0.626         
 1264   495  14.944   0.638         
 1265   208  19.372   0.980         
 1266   208  19.355   1.007         
 1267   208  19.664   1.154         
 1268   208  17.951   1.009         
 1268   495  18.154   0.713         
 1269   208  20.187   1.167         
 1270   208  17.535   0.869         
 1271   208  15.812   0.930         
 1272   208  19.697   0.900         
 1273   208  18.068   0.957         
 1273   495  17.977   1.049         
 1274   208  17.814   0.856         
 1274   495  17.908   0.806         
 1275   208  19.140   1.541         
 1276   208  16.914   1.005         
 1276   495  16.515   1.387         
 1277   208  19.148   1.058         
 1278   208  17.803   0.805         
 1278   495  17.348   0.756         
 1279   208  19.721   0.994         
 1280   208  18.968   1.006         
 1280   495  18.563   1.049         
 1281   208  18.503   1.078         
 1282   208  19.498   1.153         
 1283   208  17.786   1.267         
 1283   495  17.822   1.349         
 1284   208  15.574   1.421         
 1284   495  15.614   1.445         
 1285   208  17.404   0.933         
 1285   495  16.829   1.040         
 1286   208  18.171   0.875         
 1286   495  18.349   0.847         
 1287   208  19.747   1.083         
 1288   208  18.256   1.136         
 1288   495  18.300   1.299         
 1289   208  20.012   0.953         
 1290   208  19.598   1.321         
 1291   208  18.710   1.215         
 1292   208  20.452   1.330         
 1293   208  17.903   1.229         
 1293   495  17.916   1.249         
 1294   208  18.328   0.959         
 1294   495  18.473   0.993         
 1295   208  19.179   0.968         
 1296   208  20.474   1.112         
 1297   208  20.085   0.980         
 1298   208  18.468   1.387         
 1299   208  18.180   0.965         
 1299   495  17.630   1.133         
 1300   208  18.786   0.946         
 1301   208  16.771   0.686         
 1301   495  15.705   0.764         
 1302   208  17.740   0.855         
 1303   208  16.695   1.010         
 1303   495  16.640   1.001         
 1304   208  17.582   1.198         
 1304   495  17.595   1.146         
 1305   208  19.462   1.111         
 1306   208  18.356   1.015         
 1306   495  18.419   1.012         
 1307   208  20.003   1.027         
 1308   208  22.696  -0.251         
 1309   208  18.794   0.909         
 1309   495  18.643   1.289         
 1310   208  19.053   1.072         
 1311   208  18.034   1.020         
 1312   208  19.983   0.951         
 1313   208  19.270   1.464         
 1314   208  20.021   1.374         
 1315   208  19.264   1.411         
 1316   208  19.614   1.877         
 1317   208  18.447   0.915         
 1318   208  18.450   0.784         
 1319   208  15.815   0.741         
 1320   208  14.110   3.352         
 1320   495  13.881   0.835         
 1323   495  17.127   0.921         
 1324   495  16.500   0.988         
 1325   495  15.684   0.777         
 1326   495  16.750   1.081         
 1327   495  17.801   1.341         
 1328   495  18.092   0.977         
 1330   495  18.278   1.014         
 1331   495  17.685   0.994         
 1332   495  17.204   0.659         
 1352   495  17.727   0.884         
 1353   495  16.019   0.935         
 1355   495  17.901   1.172         
 1357   495  15.725   1.312         
 1358   495  15.917   0.660         
 1359   495  17.607   1.554         
 1360   495  17.189   1.139         
 1361   495  17.449   1.123         
 1362   495  16.703   1.558         
 1363   495  17.915   1.302         
 1364   495  13.492   1.385         
 1365   495  17.338   0.790         
 1368   495  15.697   0.777         
 1369   495  16.905   0.866         
 1370   495  16.878   0.876         
 1371   495  15.990   1.008         
 1372   495  18.220   1.273         
 1373   495  16.660   1.087         
 1374   495  17.615   0.854         
 1375   495  17.709   1.402         
 1376   495  16.139   1.128         
 1377   495  18.225  -0.595         
 1378   495  16.374   1.125         
 1380   495  17.273   1.035         
 1382   495  15.609   1.444         
 1383   495  16.875   0.883         
 1384   495  15.271   0.740         
 1385   495  18.154   0.714         
 1388   495  15.965   0.840         
 1407   495  18.237   1.154         
 1411   495  18.658   1.083         
 2000   495  15.270   0.789         
 2001   495  14.579   1.373         
 2002   495  13.469   1.951         
 2003   495  15.591   0.553         
 2004   495  15.235   0.828         
 2005   495  15.845   0.644         
 2006   495  13.294  -0.808         
 2007   495  15.442   0.607         
 2008   495  14.846   1.404         
 2009   495  14.416   1.607         
 2010   495  13.696   1.459         
 2011   495  14.302   0.784         
 2012   495  13.095   0.738         
 2013   495  14.013   1.230         
 2014   495  12.990   0.560         
 2015   495  15.431   0.816         
 2016   495  11.421   0.653         
 2017   495  14.750   0.400         
 2018   495  12.861   1.766         
 2019   495  14.228   1.329         
 2020   495  14.354   0.815         
 2021   495  15.300   1.165         
 2022   495  11.990   1.227         
 2023   495  15.440   1.066         
 2024   495  14.690   0.745         
 2025   495  14.926   1.425         
 2026   495  15.515   0.831         
 2027   495  12.012   0.646         
 2028   495  15.312   1.574         
 2029   495  15.702   0.753         
 2030   495  15.211   0.892         
 2031   495  12.158   0.587         
 2032   495  15.448   0.876         
 2033   495  14.553   0.630         
 2034   495  14.906   0.500         
 2035   495  13.148   1.467         
 2036   495  14.357   1.501         
 2037   495  14.755   0.950         
 2038   495  14.084   0.642         
 2039   495  14.617   0.541         
 2040   495  14.530   1.074         
 2041   495  11.469   0.746         
 2042   495  14.604   0.420         
 2043   495  14.897   1.343         
 2044   495  15.471   0.788         
 2045   495  15.727   0.550         
 2046   495  14.994   1.315         
 2047   495  12.276   0.761         
 2048   495  13.989   1.741         
 2049   495  14.235   0.744         
 2050   495  14.965   1.069         
 2051   495  14.517   0.703         
 2052   495  14.539   1.877         
 2053   495  13.969   0.633         
 2054   495  10.718   0.897         
 2055   495  15.180   0.742         
 2056   495  14.429   0.723         
 2057   495  13.477   0.818         
 2058   495  12.963   0.440         
 2059   495  15.275   0.669         
 2060   495  15.092   0.970         
 2061   495  14.854   0.520         
 2062   495  15.284   0.990         
 2063   495  15.240   0.990         
 2064   495  12.895   0.591         
 2065   495  14.812   0.720         
 2066   495  14.851   1.371         
 2067   495  15.195   0.744         
 2068   495  14.189   0.440         
 2069   495  15.405   0.852         
 2070   495  15.215   0.735         
 2071   495  14.953   0.977         
 2072   495  14.576   1.482         
 2073   495  15.756   0.885         
 2074   495  15.188   0.783         
 2075   495  15.065   0.789         
 2076   495  14.641   0.879         
 2077   495  15.302   0.946         
 2078   495  14.229   0.458         
 2079   495  15.065   0.842         
 2080   495  15.967  -0.005         
 2081   495  15.644   0.479         
 2082   495  15.950   0.794         
 2083   495  14.508   1.054         
 2084   495  14.142   0.729         
 2085   495  13.170   0.645         
 2086   495  12.573   1.282         
 2087   495  15.311   1.075         
 2088   495  12.548   0.649         
 2089   495  13.256   0.811         
 2090   495  12.157   0.814         
 2091   495  14.582   0.761         
 2092   495  13.951   0.715         
 2093   495  12.117   0.374         
 2094   495  14.813   0.455         
 2095   495  15.453   0.775         
 2096   495  13.855   1.452         
 2097   495  13.836   1.386         
 2098   495  14.295   0.874         
 2099   495  15.319   0.751         
 2100   495  14.816   0.775         
 2101   495  15.152   1.068         
 2102   495  14.586   1.250         
 2103   495  12.345   0.530         
 2104   495  15.619   0.503         
 2105   495  15.283   0.713         
 2106   495  14.279   1.630         
 2107   495  14.869   0.612         
 2108   495  14.227   0.922         
 2109   495  15.033   0.920         
 2110   495  15.178   0.873         
 2111   495  14.936   0.838         
 2112   495  11.218   0.278         
 2113   495  14.572   0.877         
 2114   495  14.805   0.609         
 2115   495  14.919   1.593         
 2116   495  14.387   1.706         
 2117   495  13.788   1.597         
 2118   495  14.369   0.875         
 2119   495  14.525   0.737         
 2120   495  11.838   0.933         
 2121   495  15.321   0.848         
 2122   495  15.733   0.925         
 2123   495  14.942   0.849         
 2124   495  15.289   0.536         
 2125   495  15.050   0.688         
 2126   495  15.831   0.519         
 2127   495  13.591  -1.426         
 2128   495  12.641   0.626         
 2129   495  15.783   0.894         
 2130   495  15.029   1.614         
 2131   495  15.981   0.761         
 2132   495  15.770   0.869         
 2133   495  15.782   0.873         
 2134   495  15.761   1.155         
 2135   495  16.060   0.475         
 2136   495  15.141   1.153         
 2137   495  15.928   0.784         
 2138   495  16.057   0.724         
 2139   495  15.518   1.115         
 2140   495  15.855   0.827         
 2141   495  16.120   0.540         
 2142   495  15.858   0.681         
 2143   495  15.926   0.960         
 2144   495  18.524   1.099         
 2145   495  15.988   1.035         
 2146   495  17.265   0.966         
 2147   495  17.838   0.951         
 2148   495  18.215   1.275         
 2149   495  18.300   1.453         
 2150   495  17.614   1.041         
 2151   495  17.033   1.087         
 2152   495  17.555   1.531         
 2153   495  17.012   0.959         
 2154   495  17.590   0.864         
 2155   495  16.903   0.864         
 2156   495  17.202   1.090         
 2157   495  18.408   0.866         
 2158   495  18.192   0.772         
 2159   495  16.026   0.934         
 2160   495  18.187   1.016         
 2161   495  18.056   0.943         
 2162   495  17.572   1.555         
 2163   495  18.000   1.063         
 2164   495  17.872   0.897         
 2165   495  17.697   0.916         
 2166   495  15.943   1.538         
 2167   495  16.313   1.030         
 2168   495  17.961   0.926         
 2169   495  15.970   0.906         
 2170   495  18.023   0.954         
 2171   495  16.191   0.922         
 2172   495  17.872   1.468         
 2173   495  16.966   1.174         
 2174   495  18.448   1.582         
 2175   495  15.332   1.689         
 2176   495  17.884   1.132         
 2177   495  17.487   1.234         
 2178   495  17.808   1.270         
 2179   495  17.897   0.811         
 2180   495  18.000   0.931         
 2181   495  16.880   0.977         
 2182   495  18.202   1.293         
 2183   495  17.579   1.734         
 2184   495  17.038   0.892         
 2185   495  18.469   0.851         
 2186   495  15.676   1.267         
 2187   495  18.608   1.002         
 2188   495  17.727   1.167         
 2189   495  18.927   1.136         
 2190   495  17.494   0.974         
 2191   495  16.825   1.246         
 2192   495  17.085   0.897         
 2193   495  17.227   1.091         
 2194   495  16.693   0.912         
 2195   495  18.485   1.116         
 2196   495  18.811   0.790         
 2197   495  15.875   0.521         
 2198   495  17.788   1.482         
 2199   495  17.884   1.090         
 2200   495  18.277   1.041         
 2201   495  18.339   1.311         
 2202   495  17.040   1.111         
 2203   495  17.081   0.996         
 2204   495  16.515   0.859         
 2205   495  17.123   0.936         
 2206   495  18.123   0.326         
 2207   495  17.283   0.905         
 2208   495  17.954   0.953         
 2209   495  18.430   0.624         
 2210   495  17.992   1.108         
 2211   495  16.527   1.438         
 2212   495  16.029   0.971         
 2213   495  15.603   1.174         
 2214   495  18.582   0.952         
 2215   495  18.675   0.828         
 2216   495  18.631   0.776         
 2217   495  16.842   1.589         
 2218   495  19.161   1.055         
 2219   495  18.378   0.932         
 2220   495  17.384   0.913         
 2221   495  18.686   1.470         
 2222   495  18.752   1.203         
 2223   495  18.869   1.098         
 2224   495  16.742   1.079         
 2225   495  19.333   0.713         
 2226   495  16.640   0.959         
 2227   495  16.887   0.678         
 2228   495  17.205   0.828         
 2229   495  16.832   0.567         
 2230   495  17.216   1.093         
 2231   495  16.677   1.200         
 2232   495  18.467   1.128         
 2233   495  17.343   0.943         
 2234   495  17.006   0.586         
 2235   495  17.344   0.839         
 2236   495  17.470   1.141         
 2237   495  17.171   0.818         
 2238   495  18.253   1.051         
 2239   495  16.282   1.389         
 2240   495  16.830   0.820         
 2241   495  17.689   0.872         
 2242   495  16.323   0.889         
 2243   495  15.698   1.341         
 2244   495  17.736   1.008         
 2245   495  17.598   1.224         
 2246   495  18.037   1.360         
 2247   495  18.653   0.865         
 2248   495  17.221   1.042         
 2249   495  15.852   1.092         
 2250   495  18.902   1.064         
 2251   495  17.564   1.565         
 2252   495  17.765   1.030         
 2253   495  18.360   0.955         
 2254   495  16.675   1.038         
 2255   495  18.345   0.958         
 2256   495  18.775   0.998         
 2257   495  15.371   1.119         
 2258   495  18.255   1.047         
 2259   495  18.469   1.663         
 2260   495  18.320   1.003         
 2261   495  16.115   1.083         
 2262   495  15.964   0.934         
 2263   495  17.921   1.238         
 2264   495  16.943   0.982         
 2265   495  18.390   1.246         
 2266   495  18.115   0.921         
 2267   495  18.572   0.004         
 2268   495  15.558   1.360         
 2269   495  17.114   1.331         
 2270   495  16.612   0.968         
 2271   495  17.115   0.820         
 2272   495  18.241   1.063         
 2273   495  16.992   1.367         
 2274   495  18.435   1.293         
 2275   495  15.300   1.457         
 2276   495  18.617   1.480         
 2277   495  17.351   0.855         
 2278   495  17.914   0.900         
 2279   495  18.049   1.338         
 2280   495  18.247   1.347         
 2281   495  17.203   0.917         
 2282   495  17.446   1.112         
 2283   495  18.208   1.007         
 2284   495  18.444   1.329         
 2285   495  18.066   1.023         
 2286   495  18.386   1.308         
 2287   495  18.418   1.017         
 2288   495  16.729   1.622         
 2289   495  17.015   0.872         
 2290   495  16.514   1.097         
 2291   495  16.084   1.090         
 2292   495  18.644   1.133         
 2293   495  18.640   0.960         
 2294   495  17.053   0.795         
 2295   495  17.610   1.300         
 2296   495  18.625   1.224         
 2297   495  17.001   1.071         
 2298   495  18.265   1.351         
 2299   495  17.277   1.017         
 2300   495  18.393   1.069         
 2301   495  18.557   1.543         
 2302   495  16.827   0.945         
 2303   495  16.913   0.991         
 2304   495  19.297   0.853         
 2305   495  18.482   0.757         
 2306   495  17.895   0.820         
 2307   495  18.471   0.896         
 2308   495  17.166   0.970         
 2309   495  16.891   0.887         
 2310   495  18.518   1.469         
 2311   495  17.930   0.917         
 2312   495  15.633   1.535         
 2313   495  18.636   0.999         
 2314   495  18.275   1.098         
 2315   495  18.381   1.000         
 2316   495  18.078   1.874         
 2317   495  16.444   1.280         
 2318   495  17.660   1.013         
 2319   495  17.380   1.196         
 2320   495  17.539   0.969         
 2321   495  17.166   0.743         
 2322   495  17.693   1.105         
 2323   495  16.334   0.935         
 2324   495  17.163   0.841         
 2325   495  18.047   0.957         
 2326   495  16.521   0.996         
 2327   495  17.346   0.990         
 2328   495  16.623   0.765         
 2329   495  18.486   1.178         
 2330   495  18.132   1.686         
 2331   495  17.735   1.447         
 2332   495  18.163   1.235         
 2333   495  18.349   1.115         
 2334   495  18.027   0.768         
 2335   495  16.361   1.127         
 2336   495  17.245   0.829         
 2337   495  17.989   1.203         
 2338   495  17.704   0.962         
 2339   495  17.372   0.898         
 2340   495  16.148   0.966         
 2341   495  17.512   0.811         
 2342   495  18.384   1.084         
 2343   495  16.036   1.210         
 2344   495  17.805   0.894         
 2345   495  18.465   1.159         
 2346   495  16.085   0.831         
 2347   495  17.892   1.045         
 2348   495  15.997   1.179         
 2349   495  16.085   0.855         
 2350   495  18.226   1.226         
 2351   495  17.424   0.932         
 2352   495  16.537   0.970         
 2353   495  17.277   1.147         
 2354   495  17.518   1.088         
 2355   495  17.798   0.744         
 2356   495  17.179   0.737         
 2357   495  16.359   1.248         
 2358   495  16.983   0.873         
 2359   495  16.481   0.879         
 2360   495  17.844   1.214         
 2361   495  18.462   0.875         
 2362   495  18.368   1.160         
 2363   495  18.514   0.877         
 2364   495  18.578   1.031         
 2365   495  18.040   0.895         
 2366   495  16.819   0.961         
 2367   495  16.933   1.232         
 2368   495  18.244   0.978         
 2369   495  16.814   0.943         
 2370   495  18.602   1.506         
 2371   495  17.636   0.966         
 2372   495  17.203   0.786         
 2373   495  16.593   1.246         
 2374   495  17.398   1.310         
 2375   495  17.704   1.042         
 2376   495  17.554   1.093         
 2377   495  16.790   0.890         
 2378   495  17.895   1.517         
 2379   495  16.344   0.723         
 2380   495  18.069   0.706         
 2381   495  17.148   0.805         
 2382   495  16.154   1.384         
 2383   495  18.447   1.228         
 2384   495  16.384   1.013         
 2385   495  17.536   0.731         
 2386   495  16.029   1.145         
 2387   495  17.908   0.900         
 2388   495  15.703   1.054         
 2389   495  16.009   1.399         
 2390   495  17.481   0.921         
 2391   495  17.424   0.771         
 2392   495  15.990   1.454         
 2393   495  18.765   1.535         
 2394   495  18.366   1.486         
 2395   495  15.388   1.379         
 2396   495  16.992   1.025         
 2397   495  16.927   0.920         
 2398   495  18.089   1.037         
 2399   495  16.600   1.048         
 2400   495  17.177   0.708         
 2401   495  15.969   0.947         
 2402   495  17.814   1.472         
 2403   495  16.163   0.899         
 2404   495  17.547   0.909         
 2405   495  16.718   1.137         
 2406   495  17.795   0.927         
 2407   495  17.862   1.154         
 2408   495  18.237   1.072         
 2409   495  16.078   1.057         
 2410   495  17.728   0.847         
 2411   495  18.706   0.816         
 2412   495  18.149   1.044         
 2413   495  18.304   1.272         
 2414   495  18.304   0.895         
 2415   495  19.020   1.486         
 2416   495  18.241   1.014         
 2417   495  18.129   0.992         
 2418   495  16.318   0.866         
 2419   495  18.722   1.478         
 2420   495  17.465   0.921         
 2421   495  17.360   1.389         
 2422   495  18.292   1.098         
 2423   495  18.604   1.425         
 2424   495  17.395   1.074         
 2425   495  16.418   0.708         
 2426   495  17.128   0.786         
 2427   495  17.926   1.321         
 2428   495  16.378   0.951         
 2429   495  15.946   1.043         
 2430   495  17.204   1.335         
 2431   495  17.375   0.685         
 2432   495  18.261   0.688         
 2433   495  17.886   1.059         
 2434   495  18.098   1.105         
 2435   495  16.531   0.945         
 2436   495  17.728   1.014         
 2437   495  17.316   0.922         
 2438   495  17.017   1.096         
 2439   495  18.141   1.231         
 2440   495  16.578   0.852         
 2441   495  16.436   1.282         
 2442   495  17.499   0.888         
 2443   495  16.357   1.180         
 2444   495  18.269   1.010         
 2445   495  17.310   0.769         
 2446   495  17.713   0.828         
 2447   495  18.355   1.602         
 2448   495  18.215   1.514         
 2449   495  19.146   1.246         
 2450   495  18.421   0.741         
 2451   495  16.567   0.731         
 2452   495  17.202   0.960         
 2453   495  17.141   1.203         
 2454   495  17.257   1.032         
 2455   495  18.293   1.810         
 2456   495  16.794   1.276         
 2457   495  16.524   0.943         
 2458   495  18.204   0.863         
 2459   495  17.315   0.755         
 2460   495  17.859   0.740         
 2461   495  17.438   0.995         
 2462   495  17.136   0.739         
 2463   495  18.092   0.822         
 2464   495  17.293   1.383         
 2465   495  18.865   0.981         
 2466   495  18.067   0.997         
 2467   495  17.206   0.974         
 2468   495  17.492   1.367         
 2469   495  19.091   0.935         
 2470   495  17.462   0.958         
 2471   495  18.364   1.088         
 2472   495  18.178   0.959         
 2473   495  18.144   1.190         
 2474   495  18.312   1.020         
 2475   495  17.448   1.140         
 2476   495  18.150   1.260         
 2477   495  17.962   1.049         
 2478   495  17.601   0.847         
 2479   495  17.706   1.051         
 2480   495  17.693   1.007         
 2481   495  16.190   0.919         
 2482   495  16.715   1.169         
 2483   495  17.068   0.718         
 2484   495  18.557   1.150         
 2485   495  16.978   0.957         
 2486   495  17.980   0.989         
 2487   495  16.880   0.951         
 2488   495  17.329   1.134         
 2489   495  19.270   0.709         
 2490   495  16.176   0.867         
 2491   495  17.669   1.010         
 2492   495  17.999   1.255         
 2493   495  17.190   1.033         
 2494   495  16.255   0.566         
 2495   495  17.462   1.112         
 2496   495  17.385   0.895         
 2497   495  18.244   0.960         
 2498   495  18.232   1.000         
 2499   495  15.636   0.937         
 2500   495  17.846   1.408         
 2501   495  17.861   1.086         
 2502   495  17.977   0.683         
 2503   495  16.168   0.839         
 2504   495  16.637   1.081         
 2505   495  17.974   1.061         
 2506   495  17.448   0.937         
 2507   495  16.970   1.166         
 2508   495  16.907   0.951         
 2509   495  16.514   0.926         
 2510   495  18.993   1.350         
 2511   495  18.239   0.920         
 2512   495  17.573   0.871         
 2513   495  17.733   0.887         
 2514   495  18.467   0.802         
 2515   495  18.260   1.238         
 2516   495  16.725   0.922         
 2517   495  16.732   1.114         
 2518   495  17.826   1.225         
 2519   495  16.755   0.695         
 2520   495  18.443   1.532         
 2521   495  15.943   1.329         
 2522   495  17.225   1.453         
 2523   495  17.663   1.128         
 2524   495  17.200   1.093         
 2525   495  18.521   0.955         
 2526   495  17.683   0.948         
 2527   495  16.218   1.335         
 2528   495  16.018   1.375         
 2529   495  16.016   0.773         
 2530   495  16.204   1.032         
 2531   495  18.142   0.905         
 2532   495  16.458   1.157         
 2533   495  17.999   1.120         
 2534   495  16.634   0.973         
 2535   495  17.777   0.851         
 2536   495  17.248   1.012         
 2537   495  17.712   1.216         
 2538   495  18.842   0.979         
 2539   495  16.399   0.853         
 2540   495  16.634   1.065         
 2541   495  18.365   0.943         
 2542   495  16.870   1.044         
 2543   495  18.279   1.058         
 2544   495  17.950   0.991         
 2545   495  17.115   1.111         
 2546   495  17.697   1.540         
 2547   495  17.385   1.262         
 2548   495  17.404   1.225         
 2549   495  17.954   0.818         
 2550   495  17.779   0.717         
 2551   495  18.454   0.974         
 2552   495  16.387   1.166         
 2553   495  18.554   0.927         
 2554   495  16.799   0.972         
 2555   495  17.534  -0.136         
 2556   495  19.268   1.216         
 2557   495  18.294   1.359         
 2558   495  17.989   1.491         
 2559   495  16.591   1.162         
 2560   495  18.278   0.803         
 2561   495  16.468   0.575         
 2562   495  18.724   0.935         
 2563   495  17.875   1.172         
 2564   495  17.637   0.706         
 2565   495  16.553   0.890         
 2566   495  17.987   0.877         
 2567   495  17.010   0.793         
 2568   495  18.594   1.016         
 2569   495  18.145   1.219         
 2570   495  18.487   0.772         
 2571   495  16.573   0.632         
 2572   495  16.786   0.973         
 2573   495  18.906   1.163         
 2574   495  18.450   1.467         
 2575   495  16.364   0.776         
 2576   495  17.144   0.807         
 2577   495  17.549   0.893         
 2578   495  17.540   0.882         
 2579   495  17.623   1.125         
 2580   495  17.841   1.102         
 2581   495  17.791   1.221         
 2582   495  16.628   0.999         
 2583   495  17.223   1.001         
 2584   495  16.649   0.955         
 2585   495  18.349   1.008         
 2586   495  17.285   0.981         
 2587   495  18.307   0.974         
 2588   495  16.850   0.888         
 2589   495  17.053   1.179         
 2590   495  16.478   0.854         
 2591   495  16.962   1.080         
 2592   495  17.275   1.293         
 2593   495  17.344   1.171         
 2594   495  18.012   1.047         
 2595   495  18.856   0.893         
 2596   495  18.060   1.261         
 2597   495  17.753   1.136         
 2598   495  17.918   1.007         
 2599   495  17.483   0.788         
 2600   495  18.556   1.297         
 2601   495  17.668   1.372         
 2602   495  18.743   0.667         
 2603   495  17.454   1.087         
 2604   495  16.702   0.773         
 2605   495  16.156   0.942         
 2606   495  18.255   1.027         
 2607   495  18.191   0.914         
 2608   495  18.069   1.180         
 2609   495  17.468   0.958         
 2610   495  17.669   0.863         
 2611   495  16.284   1.401         
 2612   495  17.209   1.589         
 2613   495  15.733   1.584         
 2614   495  16.980   1.545         
 2615   495  18.380   0.931         
 2616   495  17.481   1.071         
 2617   495  17.995   0.946         
 2618   495  16.715   0.881         
 2619   495  17.584   0.990         
 2620   495  16.291   0.781         
 2621   495  17.450   1.575         
 2622   495  18.890   1.058         
 2623   495  17.805   1.555         
 2624   495  18.174   1.063         
 2625   495  17.948   1.033         
 2626   495  17.744   0.986         
 2627   495  18.118   0.921         
 2628   495  18.911   0.970         
 2629   495  16.488   0.941         
 2630   495  17.885   1.181         
 2631   495  16.482   0.898         
 2632   495  17.531   1.509         
 2633   495  16.159   0.585         
 2634   495  18.041   1.104         
 2635   495  17.901   1.052         
 2636   495  18.777   1.189         
 2637   495  18.582   0.945         
 2638   495  16.868   1.228         
 2639   495  17.610   1.043         
 2640   495  18.470   1.582         
 2641   495  18.507   0.839         
 2642   495  16.319   0.905         
 2643   495  18.552   1.094         
 2644   495  18.135   1.259         
 2645   495  17.962   1.721         
 2646   495  16.599   1.123         
 2647   495  18.379   0.951         
 2648   495  16.500   0.938         
 2649   495  19.145   1.127         
 2650   495  18.961   0.762         
 2651   495  17.026   0.803         
 2652   495  16.517   0.890         
 2653   495  18.133   0.941         
 2654   495  17.888   0.688         
 2655   495  18.515   1.491         
 2656   495  18.540   1.135         
 2657   495  17.770  -0.219         
 2658   495  17.204   1.241         
 2659   495  17.085   0.946         
 2660   495  17.499   0.808         
 2661   495  18.171   1.029         
 2662   495  19.161   1.072         
 2663   495  16.910   0.973         
 2664   495  17.069   0.918         
 2665   495  17.048   0.994         
 2666   495  16.122   1.096         
 2667   495  15.962   0.935         
 2668   495  16.460   0.899         
 2669   495  18.384   1.273         
 2670   495  18.512   0.943         
 2671   495  17.042   0.933         
 2672   495  16.982   0.971         
 2673   495  18.255   1.445         
 2674   495  18.331   0.945         
 2675   495  17.901   1.028         
 2676   495  18.699   0.945         
 2677   495  19.060   0.704         
 2678   495  15.790   1.220         
 2679   495  17.076   1.303         
 2680   495  18.101   1.217         
 2681   495  16.329   0.872         
 2682   495  16.922   1.365         
 2683   495  18.640   0.914         
 2684   495  16.217   1.077         
 2685   495  16.381   0.789         
 2686   495  18.461   1.355         
 2687   495  18.622   1.284         
 2688   495  16.744   0.656         
 2689   495  16.597   1.325         
 2690   495  15.894   0.804         
 2691   495  16.813   1.308         
 2692   495  16.903   0.967         
 2693   495  16.059   1.595         
 2694   495  18.890   1.141         
 2695   495  18.169   1.225         
 2696   495  17.946   1.352         
 2697   495  16.535   1.046         
 2698   495  15.750   1.400         
 2699   495  18.561   1.114         
 2700   495  16.246   0.889         
 2701   495  18.417   1.405         
 2702   495  19.064   1.608         
 2703   495  17.494   1.143         
 2704   495  17.508   1.084         
 2705   495  16.762   1.180         
 2706   495  17.638   0.957         
 2707   495  17.412   0.754         
 2708   495  17.894   1.203         
 2709   495  17.351   1.277         
 2710   495  16.536   0.584         
 2711   495  18.208   1.053         
 2712   495  15.825   1.056         
 2713   495  16.408   0.853         
 2714   495  16.834   1.004         
 2715   495  17.122   1.123         
 2716   495  17.318   1.621         
 2717   495  18.699   0.777         
 2718   495  17.415   0.981         
 2719   495  16.503   1.262         
 2720   495  18.214   1.065         
 2721   495  16.570   1.212         
 2722   495  17.554   1.242         
 2723   495  17.047   0.944         
 2724   495  16.915   1.048         
 2725   495  18.600   0.822         
 2726   495  16.231   0.805         
 2727   495  18.775   1.195         
 2728   495  18.893   0.987         
 2729   495  18.536   1.259         
 2730   495  18.537   1.087         
 2731   495  17.907   1.075         
 2732   495  17.120   0.821         
 2733   495  17.529   0.980         
 2734   495  17.533   1.268         
 2735   495  16.649   0.901         
 2736   495  15.964   1.654         
 2737   495  18.206   1.133         
 2738   495  18.066   0.783         
 2739   495  18.111   1.286         
 2740   495  17.624   1.063         
 2741   495  17.053   1.412         
 2742   495  18.484   1.364         
 2743   495  16.664   1.134         
 2744   495  18.587   1.584         
 2745   495  15.556   1.265         
 2746   495  17.641   1.103         
 2747   495  17.023   1.087         
 2748   495  17.884   1.747         
 2749   495  16.207   1.016         
 2750   495  18.560   0.953         
 2751   495  17.336   0.897         
 2752   495  16.292   1.489         
 2753   495  15.953   0.883         
 2754   495  16.422   1.058         
 2755   495  16.619   1.034         
 2756   495  17.128   0.851         
 2757   495  16.522   1.652         
 2758   495  16.682   1.005         
 2759   495  18.466   0.930         
 2760   495  16.876   0.841         
 2761   495  17.396   1.062         
 2762   495  16.697   1.571         
 2763   495  18.104   1.272         
 2764   495  18.392   1.054         
 2765   495  17.512   0.929         
 2766   495  17.939   1.135         
 2767   495  17.941   1.048         
 2768   495  16.138   1.013         
 2769   495  16.774   1.116         
 2770   495  16.248   1.001         
 2771   495  16.583   1.095         
 2772   495  18.020   1.065         
 2773   495  16.371   1.013         
 2774   495  17.683   0.899         
 2775   495  18.462   1.424         
 2776   495  17.699   0.967         
 2777   495  17.735   0.918         
 2778   495  18.094   1.417         
 2779   495  17.384   1.057         
 2780   495  16.215   1.180         
 2781   495  17.732   1.099         
 2782   495  18.862   1.284         
 2783   495  16.030   0.993         
 2784   495  16.403   0.776         
 2785   495  17.345   0.950         
 2786   495  15.597   1.310         
 2787   495  17.205   0.906         
 2788   495  17.010   1.347         
 2789   495  17.520   0.942         
 2790   495  18.418   0.909         
 2791   495  18.846   1.578         
 2792   495  18.317   1.296         
 2793   495  17.818   1.099         
 2794   495  16.098   1.654         
 2795   495  16.315   0.955         
 2796   495  16.804   0.979         
 2797   495  18.320   1.141         
 2798   495  18.258   0.978         
 2799   495  17.320   1.123         
 2800   495  18.166   1.380         
 2801   495  17.132   0.891         
 2802   495  17.666   1.508         
 2803   495  17.953   1.016         
 2804   495  16.149   1.247         
 2805   495  18.430   0.976         
 2806   495  17.085   0.902         
 2807   495  17.281   1.183         
 2808   495  17.547   1.495         
 2809   495  16.789   1.055         
 2810   495  16.348   0.648         
 2811   495  17.828   1.606         
 2812   495  16.419   1.115         
 2813   495  18.423   0.760         
 2814   495  18.001   1.037         
 2815   495  16.858   1.381         
 2816   495  18.355   0.873         
 2817   495  17.948   0.915         
 2818   495  17.363   1.237         
 2819   495  16.318   1.471         
 2820   495  17.694   0.918         
 2821   495  17.679   1.042         
 2822   495  16.877   1.008         
 2823   495  17.984   1.178         
 2824   495  17.884   0.938         
 2825   495  17.908   0.882         
 2826   495  18.084   1.002         
 2827   495  16.230   1.260         
 2828   495  16.554   1.010         
 2829   495  17.909   1.047         
 2830   495  18.065   1.900         
 2831   495  18.342   1.215         
 2832   495  17.849   1.276         
 2833   495  17.337   0.994         
 2834   495  18.112   1.598         
 2835   495  17.389   1.111         
 2836   495  16.488   0.963         
 2837   495  18.460   1.301         
 2838   495  18.671   1.116         
 2839   495  18.073   1.394         
 2840   495  18.278   0.935         
 2841   495  17.541   1.156         
 2842   495  16.954   1.579         
 2843   495  18.336   1.444         
 2844   495  18.498   1.040         
 2845   495  17.326   1.548         
 2846   495  17.630   1.020         
 2847   495  16.494   0.804         
 2848   495  16.648   1.161         
 2849   495  16.807   0.993         
 2850   495  17.244   0.955         
 2851   495  17.937   1.157         
 2852   495  16.969   0.859         
 2853   495  18.030   1.397         
 2854   495  16.241   0.794         
 2855   495  16.978   1.070         
 2856   495  17.175   0.820         
 2857   495  16.471   0.916         
 2858   495  18.047   1.352