UBV CCD observations

  No    Ref    V       B-V     U-B

 0001    24  19.626   0.891         
 0003    24  19.258   1.162         
 0003    24  20.018   0.762         
 0005   505  14.543   0.700         
 0007   505  14.276   0.658         
 0008   505  14.757   0.419         
 0009   505  13.089   0.508         
 0010    24  15.393   0.526         
 0010   505  15.393   0.540         
 0011   505  14.682   0.427         
 0012   505  14.698   0.590         
 0013    24  14.307   0.766         
 0013   505  14.314   0.737         
 0014    24  15.086   0.641         
 0014   505  15.090   0.648         
 0015   505  14.505   0.562         
 0016   505  14.262   0.406         
 0017    24  11.643   0.277         
 0017   505  11.618   0.307         
 0020   505  13.502   0.551         
 0021    24  15.177   0.539         
 0021   505  15.186   0.536         
 0022    24  15.073   0.984         
 0022   505  15.070   0.983         
 0024   505  15.030   0.699         
 0025   505  14.871   0.710         
 0026    24  15.392   0.641         
 0026   505  15.407   0.640         
 0027    24  14.514   0.426         
 0027   505  14.502   0.449         
 0028   505  15.430   0.430         
 0029   505  14.339   0.811         
 0030    24  14.054   0.605         
 0030   505  14.041   0.618         
 0031    24  14.655   0.496         
 0031   505  14.645   0.497         
 0032   505  13.757   1.149         
 0033    24  14.513   0.427         
 0033   505  14.501   0.445         
 0034    24  13.087   1.006         
 0034    24  17.001   0.859         
 0034   505  13.058   0.986         
 0035   505  14.462   1.359         
 0036    24  14.907   0.397         
 0036   505  14.897   0.412         
 0037    24  14.338   0.878         
 0037   246  14.343   0.920         
 0037   505  14.329   0.877         
 0038    24  15.108   0.453         
 0038   505  15.090   0.479         
 0039   505  14.546   0.863         
 0040    24  15.592   0.435         
 0040   505  15.585   0.459         
 0041    24  12.671   1.077         
 0041   505  12.661   1.065         
 0042   505  11.510   0.580         
 0043   505  15.195   0.618         
 0044   505  14.553   0.451         
 0045   505  15.175   0.411         
 0046    24  15.329   0.446         
 0046   505  15.321   0.461         
 0047    24  15.415   0.450         
 0047   246  15.408   0.507         
 0047   505  15.422   0.446         
 0048   505  14.587   0.438         
 0049   505  14.881   0.421         
 0050   505  13.474   0.462         
 0051    24  15.477   0.572         
 0051   505  15.469   0.574         
 0052   505  15.337   0.421         
 0053   246  14.556   1.350         
 0053   505  14.560   1.273         
 0054    24  15.106   0.908         
 0054    24  17.395   0.786         
 0054   505  14.913   0.986         
 0055   505  14.319   0.438         
 0056   505  13.661   0.537         
 0057   505  14.849   0.408         
 0058    24  15.564   0.445         
 0058   505  15.569   0.441         
 0062   505  14.436   0.911         
 0063    24  14.832   0.409         
 0063   246  14.808   0.479         
 0063   505  14.830   0.420         
 0064    24  14.616   0.414         
 0064   505  14.602   0.428         
 0065    24  17.077   0.634         
 0066    24  14.560   0.885         
 0066    24  18.808   0.647         
 0066   505  14.589   0.873         
 0067    24  15.563   0.436         
 0067   505  15.561   0.453         
 0068    24  14.062   0.608         
 0068   505  14.055   0.608         
 0069    24  16.110   0.476         
 0069    24  16.470   0.127         
 0069   505  15.498   0.533         
 0073    24  11.086   1.433         
 0073    24  14.854   0.548         
 0074    24  13.985   0.482         
 0074    24  14.510   0.416         
 0074   505  13.394   0.538         
 0075    24  15.157   0.402         
 0075   246  15.135   0.486         
 0075   505  15.160   0.421         
 0076    24  12.656   0.990         
 0076   505  12.029   1.708         
 0077   505  14.405   1.055         
 0078   505  11.053   0.430         
 0079    24  14.233   0.651         
 0079   246  14.217   0.705         
 0079   505  14.235   0.652         
 0080    24  13.097   0.389         
 0080   505  13.105   0.401         
 0081    24  15.620   0.459         
 0081   246  15.604   0.520         
 0081   505  15.635   0.455         
 0083   505  14.998   0.415         
 0084   505  15.233   0.664         
 0085    24  15.219   0.410         
 0085   505  15.227   0.422         
 0086    24  14.772   0.399         
 0086   505  14.774   0.421         
 0087    24  14.383   0.413         
 0087   246  14.362   0.480         
 0087   505  14.386   0.426         
 0088    24  15.422   0.589         
 0088   246  15.405   0.659         
 0088   505  15.431   0.608         
 0089   505  15.122   0.434         
 0090    24  15.269   0.739         
 0090   505  15.258   0.762         
 0091    24  12.650   1.021         
 0091   505  12.623   0.992         
 0092   505  13.855   0.504         
 0093    24  15.184   0.439         
 0093    24  17.814   0.957         
 0093   505  15.130   0.454         
 0094    24  15.006   0.400         
 0094   505  15.018   0.412         
 0096    24  14.131   0.369         
 0096    24  15.020   0.409         
 0097    24  13.915   0.419         
 0097   505  13.818   0.447         
 0098    24  15.442   0.420         
 0099   505  15.652   0.466         
 0100    24  14.660   0.393         
 0100   505  14.626   0.426         
 0101    24  14.321   0.865         
 0101   505  14.331   0.881         
 0102   505  13.391   1.324         
 0103    24  14.577   0.429         
 0103   246  14.562   0.506         
 0103   505  14.573   0.453         
 0104    24  14.617   0.414         
 0104   246  14.603   0.485         
 0104   505  14.611   0.435         
 0105    24  15.332   0.417         
 0105   505  15.335   0.437         
 0106   505  14.732   0.425         
 0107   505  15.368   0.557         
 0108    24  15.636   0.442         
 0108   505  15.644   0.463         
 0109    24  14.743   0.403         
 0109   505  14.753   0.415         
 0110    24  15.169   0.442         
 0110   505  15.167   0.463         
 0111    24  12.629   0.898         
 0111   246  12.584   0.961         
 0111   505  12.590   0.897         
 0112   505  13.486   0.501         
 0113    24  14.854   0.391         
 0113   505  14.860   0.412         
 0114    24  13.103   1.004         
 0114   505  13.095   0.997         
 0115   246  11.541   1.163         
 0115   505  11.538   1.113         
 0116    24  14.579   0.419         
 0116   505  14.584   0.433         
 0117    24  15.211   0.406         
 0117    24  18.542   0.993         
 0117   505  15.147   0.451         
 0118    24  12.613   0.996         
 0118    24  15.996   0.614         
 0118   505  12.571   0.986         
 0119    24  12.541   0.983         
 0119   505  12.535   0.980         
 0120    24  14.609   0.836         
 0120   505  14.568   0.860         
 0121   505  15.291   0.414         
 0122    24  14.986   0.446         
 0122   505  14.999   0.455         
 0123    24  14.689   0.423         
 0123   505  14.698   0.433         
 0124    24  15.161   0.447         
 0124   505  15.172   0.466         
 0125    24  13.990   0.546         
 0125   505  13.977   0.559         
 0126    24  13.695   0.922         
 0126   246  13.676   0.991         
 0126   505  13.686   0.934         
 0127    24  14.963   0.412         
 0127   505  14.938   0.430         
 0128    24  15.594   0.490         
 0128   505  15.570   0.512         
 0129    24  14.387   0.855         
 0129   505  14.387   0.882         
 0130    24  14.271   0.466         
 0130   505  14.272   0.488         
 0131   505  13.161   0.984         
 0132    24  15.280   0.396         
 0133    24  15.647   0.534         
 0133   505  15.658   0.542         
 0134    24  15.365   0.502         
 0134   505  15.386   0.517         
 0135    24  14.617   0.410         
 0135    24  15.915   0.472         
 0135   505  14.620   0.393         
 0137   505  15.119   0.532         
 0138    24  14.509   0.432         
 0138   246  14.489   0.516         
 0138   505  14.510   0.453         
 0139    24  12.582   0.997         
 0139    24  13.857   0.452         
 0139    24  14.585   0.775         
 0139    24  17.176   0.732         
 0140    24  11.529   1.273         
 0140   246  11.465   1.338         
 0140   505  11.498   1.237         
 0141    24  15.047   0.445         
 0141   505  15.051   0.471         
 0142    24  15.766   0.462         
 0142   505  15.788   0.473         
 0143    24  14.495   0.417         
 0143   505  14.509   0.421         
 0144   505  15.393   0.426         
 0145    24  14.493   0.866         
 0145   246  14.474   0.930         
 0145   505  14.496   0.864         
 0146    24  14.268   0.469         
 0146   246  14.252   0.532         
 0146   505  14.267   0.471         
 0147   505  14.765   0.420         
 0148    24  15.625   0.450         
 0148   505  15.594   0.470         
 0149    24  14.561   0.424         
 0149   505  14.566   0.449         
 0150   505  14.691   0.605         
 0151    24  15.762   0.468         
 0151   505  15.721   0.488         
 0152   505  14.598   0.941         
 0153   505  15.000   0.423         
 0154   505  12.108   0.589         
 0155    24  15.178   0.638         
 0155   246  15.176   0.702         
 0155   505  15.189   0.644         
 0156    24  14.851   0.399         
 0156   505  14.855   0.410         
 0157    24  14.566   0.419         
 0157   246  14.552   0.496         
 0157   505  14.571   0.433         
 0158    24  14.480   0.433         
 0158   246  14.468   0.502         
 0158   505  14.489   0.453         
 0159    24  13.680  -0.003         
 0159   505  13.670   0.054         
 0160    24  14.268   0.433         
 0160   246  14.254   0.516         
 0160   505  14.276   0.448         
 0161    24  15.518   0.423         
 0161   505  15.522   0.442         
 0162   505  14.692   0.436         
 0163   505  14.994   0.470         
 0164    24  15.534   0.437         
 0164   505  15.567   0.446         
 0165   505  14.727   0.435         
 0166    24  14.419   0.433         
 0166   246  14.405   0.517         
 0166   505  14.418   0.454         
 0167    24  13.972   0.462         
 0167   246  13.951   0.515         
 0167   505  13.969   0.467         
 0168   505  15.319   0.753         
 0169   505  12.556   0.963         
 0170   505  15.389   0.433         
 0171    24  13.954   0.433         
 0171   246  13.934   0.495         
 0171   505  13.950   0.446         
 0172    24  12.442   0.160         
 0172   505  12.446   0.201         
 0173    24  11.768   0.908         
 0173   246  11.750   0.942         
 0173   505  11.754   0.897         
 0174    24  12.397   1.011         
 0174   505  12.399   1.032         
 0175    24  14.268   0.465         
 0175   505  14.232   0.493         
 0176    24  13.537   0.965         
 0176   246  13.515   1.010         
 0176   505  13.526   0.966         
 0177    24  14.264   0.621         
 0177   505  14.263   0.633         
 0178   505  14.582   0.654         
 0180   505  15.643   0.463         
 0181   505  14.011   1.063         
 0182    24  15.143   0.399         
 0182   505  15.145   0.421         
 0183    24  15.754   0.450         
 0183   505  15.760   0.474         
 0184   505  15.122   0.442         
 0185   505  14.518   0.431         
 0186   505  14.160   0.982         
 0187   505  15.192   0.616         
 0188    24  13.478   0.943         
 0188   246  13.452   0.986         
 0188   505  13.468   0.940         
 0189   505  11.104   0.938         
 0190    24  12.387   0.110         
 0190    24  16.488   0.574         
 0190   505  12.376   0.155         
 0191    24  14.724   0.409         
 0191   505  14.730   0.409         
 0192    24  12.937   1.033         
 0192   246  12.921   1.087         
 0192   505  12.937   1.031         
 0193    24  15.167   0.396         
 0193   505  15.166   0.420         
 0194    24  14.424   0.466         
 0194   246  14.407   0.523         
 0194   505  14.429   0.463         
 0195    24  15.015   0.403         
 0195   505  15.035   0.407         
 0196    24  14.665   0.414         
 0196   505  14.668   0.430         
 0197    24  15.084   0.379         
 0197   505  15.080   0.418         
 0198    24  15.842   0.469         
 0198   246  15.836   0.531         
 0198   505  15.845   0.491         
 0199    24  15.715   0.455         
 0199   246  15.711   0.505         
 0199   505  15.729   0.463         
 0200    24  14.770   0.404         
 0200   505  14.779   0.411         
 0201    24  14.898   0.404         
 0201   505  14.873   0.436         
 0202   505  13.424   0.633         
 0203   505  14.072   1.038         
 0204    24  15.275   0.472         
 0204   505  15.271   0.493         
 0205    24  14.028   0.523         
 0205   246  14.003   0.597         
 0205   505  14.024   0.526         
 0206    24  15.547   0.470         
 0206   505  15.542   0.482         
 0207    24  14.776   0.380         
 0207   505  14.774   0.402         
 0208    24  14.329   0.459         
 0208   246  14.323   0.516         
 0208   505  14.339   0.460         
 0209    24  14.731   0.381         
 0209   505  14.724   0.408         
 0210   505  15.267   0.413         
 0211    24  15.266   0.480         
 0211   505  15.281   0.478         
 0212   246  13.231   0.894         
 0212   505  13.249   0.831         
 0213   505  13.783   0.515         
 0214    24  15.346   0.414         
 0214   505  15.350   0.432         
 0215    24  15.484   0.522         
 0215   505  15.459   0.451         
 0216    24  14.533   0.409         
 0216   246  14.509   0.487         
 0216   505  14.532   0.432         
 0217    24  13.970   0.634         
 0217   246  13.950   0.688         
 0217   505  13.977   0.634         
 0218   505  15.012   0.413         
 0219    24  14.972   0.393         
 0219   505  14.888   0.430         
 0220   505  13.586   0.261         
 0222   505  15.045   0.420         
 0223    24  14.873   0.400         
 0223   246  14.859   0.474         
 0223   505  14.882   0.412         
 0224    24  14.708   0.404         
 0224   246  14.694   0.466         
 0224   505  14.713   0.420         
 0225   505  15.050   0.424         
 0226    24  14.413   0.446         
 0226    24  17.771   0.608         
 0226   505  14.389   0.453         
 0227    24  14.766   0.384         
 0227   246  14.753   0.461         
 0227   505  14.768   0.405         
 0228   246  14.586   1.145         
 0228   505  14.602   1.086         
 0229    24  14.647   0.417         
 0229   505  14.642   0.443         
 0230   505  14.691   0.857         
 0231   505  15.396   0.421         
 0232    24  14.759   0.416         
 0232    24  17.922   0.872         
 0232   505  14.720   0.450         
 0233    24  14.811   0.377         
 0233   505  14.806   0.411         
 0234    24  15.146   0.402         
 0234   505  15.145   0.424         
 0235    24  14.342   0.462         
 0235   246  14.314   0.526         
 0235   505  14.339   0.477         
 0236    24  12.587   0.983         
 0236   246  12.561   1.031         
 0236   505  12.580   0.986         
 0237    24  15.096   0.396         
 0237   505  15.104   0.414         
 0238    24  14.908   0.587         
 0238   505  14.910   0.599         
 0240    24  15.233   0.390         
 0240   505  15.237   0.415         
 0241    24  14.470   0.413         
 0241   505  14.473   0.433         
 0242    24  15.462   0.506         
 0242   505  15.390   0.534         
 0243    24  15.786   0.480         
 0243   505  15.812   0.484         
 0244   505   8.975   0.966         
 0245    24  15.050   0.417         
 0245   505  15.060   0.428         
 0246   505  15.033   0.393         
 0247   505  15.271   0.424         
 0248    24  15.637   0.422         
 0248   505  15.629   0.455         
 0249   505  15.238   0.421         
 0250   505  11.421   1.360         
 0251    24  14.673   0.427         
 0251   505  14.691   0.433         
 0252    24  15.238   0.404         
 0252   505  15.260   0.411         
 0253    24  15.326   0.409         
 0253   505  15.369   0.405         
 0254    24  14.510   0.730         
 0254   246  14.497   0.788         
 0254   505  14.530   0.734         
 0255   505  11.971   1.056         
 0256   505  14.710   0.779         
 0257   505  12.418   0.475         
 0258   505  14.812   0.664         
 0259   505  15.067   0.705         
 0260   505  15.048   0.822         
 0261   505  14.441   0.467         
 0262   505  12.871   0.879         
 0263   505  15.769   0.473         
 0264   505  14.984   0.433         
 0265   505  14.947   0.561         
 0268   505  14.879   0.395         
 0270   505  13.581   1.041         
 0271   505  14.394   0.544         
 0272   505  13.937   1.261         
 0273   505  14.542   0.580         
 0276   505  15.024   0.680         
 0277   505  15.087   0.734         
 0283    24  15.600   0.439         
 0283   505  15.617   0.469         
 0325    24  15.786   0.676         
 0325   505  15.806   0.693         
 0326    24  17.196   0.691         
 0326   505  17.270   0.692         
 0327    24  17.486   0.732         
 0327   505  17.496   0.773         
 0328    24  15.956   0.478         
 0328   505  15.961   0.508         
 0329    24  16.253   0.605         
 1101    24  18.341   0.851         
 1101   505  18.365   0.896         
 1102    24  18.412   0.861         
 1102   505  18.347   0.948         
 1103    24  14.917   0.413         
 1103    24  15.762   0.473         
 1103   505  14.485   0.425         
 1104    24  17.037   0.656         
 1105    24  17.919   0.940         
 1105   505  17.932   0.904         
 1106    24  14.513   0.439         
 1106    24  14.866   0.387         
 1106   505  13.857   0.458         
 1107    24  17.380   0.802         
 1107   505  16.855   0.828         
 1108    24  17.694   0.783         
 1109    24  16.602   0.602         
 1109   505  16.551   0.651         
 1110    24  18.159   1.010         
 1111    24  16.277   0.623         
 1112    24  17.273   0.676         
 1113    24  16.113   0.605         
 1113   505  16.027   0.634         
 1115    24  17.756   0.759         
 1117    24  17.706   0.719         
 1118    24  15.855   0.475         
 1118   505  15.858   0.503         
 1119    24  18.575   0.918         
 1119   505  18.601   1.028         
 1120    24  16.690   0.689         
 1120   505  16.716   0.721         
 1123    24  15.780   0.460         
 1123   505  15.808   0.471         
 1125    24  18.604   0.915         
 1125   505  18.566   1.019         
 1126    24  18.437   0.503         
 1126   505  18.529   0.464         
 1128    24  16.700   0.571         
 1128   505  16.722   0.597         
 1129    24  18.340   0.859         
 1129   505  18.376   0.922         
 1130    24  15.645   0.439         
 1131    24  18.008   0.821         
 1131   505  17.723   0.903         
 1132    24  18.300   0.894         
 1132   505  18.276   0.885         
 1133    24  17.221   0.802         
 1133   505  17.173   0.828         
 1134    24  16.619   0.552         
 1134   505  16.624   0.571         
 1201    24  17.836   0.809         
 1201   505  17.844   0.799         
 1202    24  18.398   0.935         
 1202   505  18.435   0.912         
 1203    24  17.623   0.727         
 1203   505  17.616   0.770         
 1204    24  15.382   0.413         
 1205    24  16.819   0.602         
 1205   505  16.824   0.628         
 1207    24  18.223   0.851         
 1207   505  18.223   0.890         
 1208    24  18.071   0.874         
 1208   505  18.077   0.876         
 1210    24  18.113   0.963         
 1210   505  18.130   0.959         
 1212    24  16.730   0.579         
 1212   505  16.740   0.590         
 1213    24  17.521   0.706         
 1213   505  17.545   0.715         
 1214    24  17.594   0.742         
 1214   505  17.593   0.778         
 1215    24  16.611   0.730         
 1215   246  16.604   0.815         
 1215   505  16.640   0.755         
 1216    24  18.319   1.099         
 1216   505  18.379   1.092         
 1301    24  18.106   1.713         
 1301   505  18.050   1.753         
 1302    24  17.953   0.756         
 1302   505  17.941   0.807         
 1303   505  17.534   0.763         
 1304   505  16.364   0.938         
 1305    24  17.352   0.716         
 1305   505  17.354   0.728         
 1306    24  17.550   0.498         
 1306   505  17.552   0.499         
 1307    24  17.421   0.446         
 1307   505  17.394   0.499         
 1308    24  17.273   0.739         
 1308   505  17.318   0.731         
 1309    24  17.206   0.683         
 1309   505  17.206   0.656         
 1310    24  15.923   0.482         
 1310   505  15.910   0.495         
 1311    24  16.051   0.488         
 1311   505  16.048   0.507         
 1312    24  17.968   0.806         
 1312   505  17.971   0.819         
 1313   505  18.598   0.860         
 1315    24  16.327   0.615         
 1315   505  16.314   0.633         
 1316    24  18.220   0.597         
 1316   505  18.214   0.630         
 1317    24  15.795   0.463         
 1317   505  15.799   0.471         
 1318    24  17.582   0.808         
 1318   505  17.585   0.828         
 1319    24  18.322   0.453         
 1320    24  18.495   0.776         
 1320   505  18.478   0.816         
 1321    24  16.304   0.516         
 1321   505  16.314   0.533         
 1322    24  17.537   0.713         
 1322   505  17.534   0.747         
 1323    24  17.152   0.654         
 1323   505  17.153   0.660         
 1324    24  17.151   0.782         
 1324   505  17.154   0.801         
 1325    24  16.819   0.595         
 1325   505  16.841   0.595         
 1327    24  16.569   0.541         
 1327   505  16.554   0.578         
 1328    24  17.755   0.941         
 1328   505  17.807   0.908         
 1330    24  16.502   0.549         
 1330    24  18.263   0.885         
 1330   505  16.338   0.611         
 1331    24  17.118   0.637         
 1331   505  17.112   0.659         
 1332    24  18.179   1.263         
 1332   505  18.200   1.178         
 1334    24  17.321   0.509         
 1334   505  17.297   0.550         
 1335    24  17.405   0.856         
 1335   505  17.408   0.864         
 1336    24  16.525   0.544         
 1336   505  16.523   0.564         
 1338    24  16.001   0.635         
 1338   505  15.993   0.665         
 1339    24  16.829   0.594         
 1339   505  16.817   0.610         
 1343    24  16.384   0.852         
 1344    24  17.665   0.765         
 1344   505  17.583   0.835         
 1345    24  19.038   0.693         
 1345   505  19.028   0.680         
 1347    24  18.433   0.976         
 1347   505  18.469   0.970         
 1350    24  18.454   0.935         
 1350   505  18.473   0.944         
 1352    24  16.828   0.601         
 1352   505  16.845   0.620         
 1353    24  17.734   1.400         
 1353   505  17.755   1.328         
 1354    24  17.152   0.722         
 1354   505  17.192   0.750         
 1355    24  16.732   0.683         
 1355   505  16.734   0.702         
 1357    24  16.671   0.591         
 1357   505  16.679   0.595         
 1359    24  17.309   0.664         
 1360    24  18.516   1.360         
 1360   505  18.495   1.362         
 1362    24  17.132   0.851         
 1362   505  17.142   0.876         
 1363    24  17.183   0.664         
 1363   505  17.201   0.692         
 1365    24  17.917   0.796         
 1365   505  17.945   0.804         
 1366    24  17.165   0.667         
 1366   505  17.179   0.678         
 1367    24  17.177   0.668         
 1367   505  17.204   0.675         
 1369    24  18.027   0.981         
 1369   505  18.025   1.005         
 1370    24  18.385   0.898         
 1370   505  18.412   0.930         
 1371    24  18.429   0.812         
 1371   505  18.513   0.765         
 1372    24  15.974   0.489         
 1372   246  15.967   0.525         
 1372   505  15.985   0.501         
 1373    24  16.173   0.615         
 1373   246  16.165   0.634         
 1373   505  16.177   0.621         
 1374    24  18.055   0.878         
 1374   505  18.114   0.851         
 1403   505  15.909   0.863         
 1404   505  16.102   0.582         
 1407   505  16.701   0.696         
 1408   505  16.803   0.619         
 1409   505  17.790   0.735         
 1410   505  18.405   0.973         
 1411   505  16.804   0.832         
 1413   505  17.388   0.800         
 1414   505  16.533   0.838         
 1416    24  16.199   0.509         
 1416   505  16.196   0.512         
 1419   505  16.673   0.622         
 1421   505  17.545   0.874         
 1423   505  16.763   1.049         
 1424   505  17.499   0.747         
 1425   505  16.980   0.645         
 1426   505  17.462   0.751         
 1427   505  18.485   0.894         
 1428    24  17.247   0.621         
 1428   505  17.257   0.693         
 1429    24  17.354   0.703         
 1429   505  17.367   0.706         
 1431    24  17.871   0.486         
 1431   505  17.889   0.479         
 1432    24  17.928   0.816         
 1432   505  17.942   0.831         
 1433    24  16.937   0.614         
 1433   505  16.956   0.650         
 1434   505  17.507   0.761         
 1435   505  18.416   0.925         
 1436   505  16.868   0.645         
 1437    24  16.522   0.558         
 1437   505  16.552   0.566         
 1438    24  16.309   0.529         
 1438   505  16.332   0.537         
 1439   505  17.069   0.672         
 1441   505  16.109   0.741         
 1442   505  17.107   0.780         
 1443    24  16.438   0.605         
 1443   505  16.458   0.627         
 1444    24  16.677   0.684         
 1444   505  16.684   0.709         
 1445    24  17.707   0.843         
 1445   505  17.729   0.896         
 1446    24  18.145   0.859         
 1446   505  18.156   0.850         
 1447    24  16.421   0.542         
 1447   505  16.444   0.558         
 1448   505  17.403   0.502         
 1450   505  16.772   0.600         
 1451   505  18.065   1.528         
 1452   505  17.139   0.922         
 1454    24  16.684   0.568         
 1454   505  16.708   0.587         
 1455    24  16.440   0.539         
 1455   505  16.456   0.560         
 1456    24  17.448   0.828         
 1456   505  17.463   0.889         
 2101    24  17.128   0.641         
 2101   505  17.138   0.602         
 2102    24  17.253   0.667         
 2102   505  17.263   0.684         
 2103    24  17.694   0.732         
 2103   505  17.631   0.787         
 2105    24  15.796   0.472         
 2105   505  15.815   0.484         
 2107    24  16.897   0.734         
 2107   505  16.701   0.720         
 2109    24  17.701   0.884         
 2109   505  17.792   0.908         
 2110    24  17.969   0.823         
 2110   505  18.021   0.854         
 2112    24  18.175   0.897         
 2113    24  16.561   0.554         
 2113   505  16.590   0.581         
 2115    24  16.357   0.525         
 2117    24  18.415   0.920         
 2117   505  18.390   1.013         
 2118    24  18.201   1.050         
 2118   505  18.054   1.306         
 2121    24  16.364   0.637         
 2121   505  16.376   0.665         
 2123    24  16.699   0.598         
 2123    24  17.424   0.681         
 2123   505  16.327   0.640         
 2124    24  15.944   0.578         
 2124   505  15.962   0.584         
 2125    24  17.996   0.723         
 2125   505  18.031   0.704         
 2126    24  18.443   0.898         
 2130    24  18.189   0.841         
 2130   505  18.225   0.873         
 2202    24  16.288   0.535         
 2202   505  16.296   0.544         
 2204    24  16.916   0.610         
 2204   505  16.942   0.638         
 2205    24  17.176   0.628         
 2208    24  17.399   0.701         
 2208   505  17.426   0.731         
 2209    24  17.614   0.697         
 2209   505  17.631   0.730         
 2210    24  17.244   0.799         
 2212    24  16.485   0.551         
 2212   505  16.504   0.559         
 2213    24  16.314   0.535         
 2213   246  16.312   0.605         
 2213   505  16.333   0.544         
 2214    24  17.302   0.663         
 2214   505  17.329   0.716         
 2215    24  16.339   0.538         
 2215   505  16.348   0.554         
 2216    24  17.031   0.621         
 2216   505  17.036   0.669         
 2217    24  15.973   0.478         
 2217   505  15.988   0.498         
 2219    24  18.633   1.152         
 2219   505  18.711   1.163         
 2220    24  16.002   0.496         
 2220   505  16.024   0.503         
 2222    24  17.400   0.687         
 2222   505  17.434   0.729         
 2223    24  18.815   0.984         
 2223   505  18.847   1.115         
 2225    24  15.984   0.485         
 2225   505  16.003   0.503         
 2301    24  18.398   0.922         
 2301   505  18.417   0.972         
 2302    24  16.881   0.677         
 2302   505  16.896   0.692         
 2303    24  15.776   0.455         
 2303   246  15.762   0.498         
 2303   505  15.781   0.468         
 2304    24  18.043   0.938         
 2304   505  18.129   0.925         
 2305    24  18.296   0.492         
 2306    24  17.359   0.730         
 2306    24  18.458   1.043         
 2306   505  17.167   0.814         
 2308    24  17.466   0.826         
 2308   505  17.484   0.874         
 2309    24  18.113   0.868         
 2309   505  18.139   0.853         
 2310    24  18.373   0.914         
 2310   505  18.374   0.899         
 2311    24  16.312   0.529         
 2311   246  16.304   0.587         
 2311   505  16.325   0.544         
 2312    24  17.219   0.756         
 2312   246  17.220   0.826         
 2312   505  17.224   0.772         
 2314    24  16.852   0.647         
 2314   505  16.864   0.683         
 2315    24  17.137   0.549         
 2315   246  17.160   0.657         
 2315   505  17.173   0.598         
 2316    24  17.773   0.775         
 2316   505  17.808   0.802         
 2318    24  16.678   0.581         
 2318   505  16.696   0.594         
 2319    24  18.772   1.007         
 2320    24  17.568   0.719         
 2320   505  17.574   0.773         
 2321    24  17.726   0.842         
 2321   505  17.714   0.912         
 2322    24  16.378   0.526         
 2322   246  16.369   0.610         
 2322   505  16.385   0.551         
 2324    24  18.172   0.878         
 2324   505  18.221   0.873         
 2327    24  17.296   0.666         
 2327   246  17.296   0.769         
 2327   505  17.339   0.666         
 2328    24  16.594   0.555         
 2328   246  16.596   0.620         
 2328   505  16.623   0.575         
 2329    24  17.038   0.897         
 2329   246  17.051   0.995         
 2329   505  17.058   0.911         
 2330    24  17.578   0.963         
 2330   505  17.604   0.979         
 2331    24  16.945   0.621         
 2331   246  16.958   0.688         
 2331   505  16.979   0.639         
 2332    24  16.680   0.990         
 2332   246  16.687   1.066         
 2332   505  16.716   0.987         
 2333    24  17.844   1.156         
 2335    24  15.940   0.526         
 2335   246  15.920   0.576         
 2335   505  15.949   0.538         
 2336    24  17.741   0.789         
 2337    24  17.342   0.851         
 2337   505  17.088   0.849         
 2338    24  16.502   0.785         
 2338   246  16.503   0.877         
 2338   505  16.526   0.805         
 2339    24  16.224   0.559         
 2339   505  16.252   0.576         
 2340    24  17.593   1.577         
 2340   505  17.544   1.611         
 2342    24  17.717   0.726         
 2342   505  17.745   0.801         
 2345    24  15.824   0.449         
 2345   505  15.836   0.476         
 2346    24  18.543   0.831         
 2346   505  18.673   0.968         
 2349    24  17.662   1.350         
 2349   505  17.689   1.295         
 2350    24  16.470   0.585         
 2350   505  16.497   0.590         
 2351   505  18.788   1.002         
 2353   505  16.074   0.496         
 2354   246  15.980   1.404         
 2354   505  16.002   1.326         
 2356   505  18.258   0.845         
 2358   505  18.366   1.150         
 2362    24  17.675   0.755         
 2362   505  17.704   0.797         
 2363    24  17.140   0.796         
 2363   505  17.185   0.823         
 2401   505  16.182   0.754         
 2402   505  17.040   0.661         
 2403   505  16.987   0.644         
 2404    24  16.720   0.581         
 2404   505  16.750   0.608         
 2405    24  16.064   0.488         
 2405   505  16.076   0.507         
 2406   505  18.525   1.005         
 2407   505  17.853   0.815         
 2408   505  16.621   0.573         
 2409   505  17.420   0.721         
 2410    24  17.810   0.813         
 2410   505  17.853   0.823         
 2412    24  18.060   1.072         
 2412   505  17.968   1.075         
 2415    24  15.965   0.492         
 2415   246  15.984   0.546         
 2415   505  15.998   0.498         
 2416    24  18.054   0.912         
 2416   505  18.121   0.948         
 2417    24  18.024   1.042         
 2417   505  17.988   1.030         
 2419   505  15.830   1.243         
 2420   505  18.694   0.938         
 2421   505  16.578   0.514         
 2422   505  17.864   1.035         
 2423    24  17.983   0.856         
 2423   505  18.058   0.833         
 2424    24  16.395   0.536         
 2424   505  16.422   0.560         
 2426   505  15.244   1.171         
 2427   505  16.036   0.549         
 2428   505  16.687   0.600         
 2429   505  16.271   1.098         
 2433   505  18.740   1.288         
 2434   505  17.535   0.888         
 2435   505  17.756   0.756         
 2437   505  17.885   0.809         
 2438   505  18.199   0.802         
 2439   505  18.596   1.601         
 2440   505  16.602   0.603         
 2441   505  18.831   0.984         
 2442   505  17.361   0.700         
 2443   505  17.563   0.865         
 2445   505  18.457   1.773         
 2447   505  17.358   0.274         
 2449   505  18.070   0.898         
 2452   505  17.454   0.718         
 2454   505  16.160   0.507         
 2455   505  16.893   0.621         
 2456   505  18.116   0.842         
 2458   505  18.421   0.874         
 2459   505  16.163   0.517         
 2460   505  17.219   0.666         
 2461   505  17.027   0.498         
 2462   505  17.296   0.705         
 2466   505  18.820   1.086         
 2467   505  17.927   0.761         
 3101    24  17.751   0.765         
 3101   505  17.806   0.820         
 3103    24  17.962   0.960         
 3106    24  19.580   1.382         
 3107    24  16.665   0.614         
 3107   505  16.479   0.786         
 3108    24  18.703   1.267         
 3108   505  18.716   1.247         
 3109    24  16.880   0.633         
 3109   246  16.878   0.698         
 3109   505  16.898   0.651         
 3111    24  18.240   0.872         
 3113    24  16.925   0.623         
 3113   505  16.946   0.633         
 3114    24  15.927   0.476         
 3114   505  15.958   0.492         
 3116    24  18.554   0.915         
 3116   505  18.627   0.905         
 3117    24  16.825   0.600         
 3117   505  16.850   0.629         
 3120    24  17.193   0.663         
 3120   246  17.197   0.719         
 3120   505  17.228   0.677         
 3121    24  18.160   0.842         
 3121   505  18.138   0.858         
 3122    24  18.737   1.009         
 3122   505  18.843   1.033         
 3201    24  18.721   0.996         
 3201   505  18.817   0.984         
 3202    24  15.793   0.577         
 3202   505  15.799   0.589         
 3203    24  17.471   0.879         
 3203   505  17.505   0.887         
 3204    24  17.855   0.835         
 3204   505  17.884   0.851         
 3207    24  18.703   1.017         
 3207   505  18.761   0.957         
 3208    24  17.549   0.898         
 3208   505  17.610   0.895         
 3209    24  18.496   0.980         
 3209   505  18.559   0.983         
 3210    24  18.514   0.722         
 3210   505  18.389   0.768         
 3211    24  17.278   0.686         
 3211   246  17.298   0.796         
 3211   505  17.295   0.707         
 3213    24  17.720   0.515         
 3213   505  17.752   0.534         
 3214    24  16.439   0.556         
 3214   505  16.461   0.566         
 3215    24  18.533   1.152         
 3215   505  18.617   1.194         
 3218    24  18.058   0.852         
 3218   505  18.117   0.870         
 3219    24  16.977   0.683         
 3219   505  16.987   0.694         
 3220    24  18.373   0.875         
 3220   505  18.414   0.911         
 3221    24  16.922   0.404         
 3221   505  16.935   0.440         
 3223    24  16.098   0.503         
 3223   246  16.085   0.572         
 3223   505  16.118   0.516         
 3226    24  16.261   0.522         
 3226   246  16.242   0.598         
 3226   505  16.278   0.531         
 3227    24  17.977   1.013         
 3227   505  18.016   0.998         
 3228    24  17.474   0.711         
 3228   505  17.367   0.791         
 3301   505  15.874   0.531         
 3302   246  16.759   0.655         
 3302   505  16.773   0.610         
 3303   505  16.628   0.617         
 3304    24  17.496   0.901         
 3305    24  16.502   0.610         
 3305   505  16.574   0.588         
 3306   505  17.345   0.745         
 3308    24  17.697   0.986         
 3308   505  17.749   0.978         
 3310   505  17.133   0.699         
 3312   505  18.857   1.154         
 3313    24  16.563   0.651         
 3314    24  18.737   1.034         
 3314   505  18.782   1.042         
 3315    24  16.458   0.571         
 3315   246  16.453   0.623         
 3315   505  16.484   0.559         
 3316   246  16.285   0.585         
 3316   505  16.306   0.540         
 3318   505  17.368   0.886         
 3319   505  16.579   0.887         
 3320   505  18.022   1.013         
 3321   505  18.754   1.006         
 3322    24  14.983   0.420         
 3323    24  17.236   0.677         
 3323   505  17.267   0.690         
 3324    24  18.633   1.153         
 3324   505  18.683   1.114         
 3325    24  16.082   0.496         
 3325   505  16.097   0.502         
 3326    24  17.878   0.773         
 3326   505  17.887   0.811         
 3327    24  17.767   0.796         
 3327   505  17.810   0.778         
 3328    24  16.986   1.405         
 3328   505  17.014   1.315         
 3330    24  18.641   1.030         
 3330   505  18.681   0.935         
 3331    24  17.020   0.635         
 3331   246  17.018   0.690         
 3331   505  17.047   0.633         
 3332    24  18.552   1.204         
 3332   505  18.602   1.157         
 3333    24  17.755   0.785         
 3333   505  17.774   0.800         
 3334    24  18.810   1.049         
 3334   505  18.818   1.005         
 3335    24  15.961   1.026         
 3335   246  15.978   1.036         
 3335   505  15.983   0.995         
 3337    24  15.838   0.558         
 3337   505  15.846   0.564         
 3339    24  18.386   0.697         
 3339   505  18.423   0.705         
 3340    24  17.621   0.729         
 3340   505  17.640   0.753         
 3341    24  17.091   0.714         
 3341   246  17.069   0.791         
 3341   505  17.093   0.750         
 3342    24  17.007   0.644         
 3342   246  16.994   0.705         
 3342   505  17.032   0.654         
 3343    24  17.455   0.720         
 3343   505  17.476   0.739         
 3345    24  18.723   0.977         
 3345   505  18.741   0.961         
 3403   505  17.735   1.289         
 3408   505  16.927   0.656         
 3409   505  18.272   0.642         
 3410   505  17.613   0.756         
 3411   505  16.291   0.576         
 3415   505  16.479   0.622         
 3418   505  17.329   0.831         
 3419   505  16.448   0.604         
 3420   505  18.853   0.801         
 3423   505  16.185   0.532         
 3424   505  16.988   0.642         
 3426   505  17.011   0.648         
 3427   505  17.600   0.785         
 3428   505  17.206   0.696         
 3429   505  16.756   0.625         
 3430   505  16.799   0.637         
 3431   505  16.442   0.572         
 3433   505  17.423   1.014         
 3434   505  16.012   0.568         
 3435   505  18.888   1.014         
 3436    24  15.823   0.529         
 3436   505  15.849   0.511         
 3437    24  17.458   0.743         
 3437   505  17.513   0.746         
 3439   505  18.537   1.209         
 3442    24  18.412   0.986         
 3442   505  18.490   0.932         
 3443    24  17.648   0.766         
 3443   505  17.691   0.783         
 3445    24  17.098   0.667         
 3445   505  17.123   0.684         
 3448   505  18.700   0.487         
 3449    24  18.659   0.690         
 3450    24  17.024   0.667         
 3450   505  17.052   0.657         
 3451    24  17.583   0.559         
 3451   505  17.663   0.537         
 3453    24  17.498   1.494         
 3453   505  17.566   1.380         
 3454    24  18.307   0.897         
 3454   505  18.361   0.902         
 3456    24  17.245   0.654         
 3456   505  17.253   0.701         
 3458    24  16.363   0.542         
 3458   505  16.397   0.550         
 3459    24  15.475   1.069         
 3459   505  15.504   1.030         
 3461   505  16.682   0.757         
 3462   505  17.848  -0.066         
 4102    24  13.895   0.482         
 4102    24  16.962   0.640         
 4103    24  16.815   0.591         
 4103   505  16.804   0.617         
 4104    24  18.313   1.130         
 4104   505  18.433   1.091         
 4105    24  16.642   0.529         
 4105    24  18.519   1.007         
 4105   505  16.637   0.541         
 4107    24  17.385   0.832         
 4108    24  16.450   0.604         
 4108   505  16.458   0.622         
 4109    24  16.949   0.631         
 4109   505  16.872   0.662         
 4110    24  18.007   0.829         
 4112    24  17.291   0.800         
 4112    24  18.365   1.010         
 4113    24  18.167   0.872         
 4117    24  17.805   0.789         
 4117   505  17.860   0.804         
 4118    24  16.177   0.509         
 4118   505  16.220   0.520         
 4119    24  18.024   0.884         
 4122    24  14.676   0.416         
 4122   505  14.678   0.436         
 4123    24  18.179   0.852         
 4123   505  18.226   0.859         
 4124    24  15.892   0.468         
 4124   505  15.902   0.498         
 4125    24  16.142   0.608         
 4125   505  16.150   0.627         
 4204    24  15.903   0.468         
 4204   505  15.918   0.480         
 4205    24  18.681   0.993         
 4205   505  18.710   0.984         
 4206    24  16.464   0.541         
 4206   505  16.477   0.556         
 4207    24  18.828   1.047         
 4208    24  16.712   0.716         
 4210    24  18.594   0.928         
 4210   505  18.633   0.947         
 4211    24  18.391   0.676         
 4211   505  18.393   0.644         
 4212    24  17.770   0.767         
 4212   505  17.753   0.827         
 4213    24  17.192   0.680         
 4213   505  17.221   0.673         
 4214    24  16.202   1.047         
 4214   505  16.150   1.062         
 4215   505  19.122   1.019         
 4217    24  18.539   0.961         
 4217   505  18.670   1.014         
 4218    24  17.015   0.634         
 4221    24  16.591   0.565         
 4221   505  16.615   0.575         
 4301    24  16.215   0.766         
 4301   246  16.209   0.815         
 4301   505  16.228   0.777         
 4302    24  18.851   1.169         
 4302   505  18.903   1.014         
 4303    24  18.112   0.868         
 4303   505  18.158   0.711         
 4304    24  18.406   1.161         
 4304   505  18.335   1.049         
 4305    24  18.325   1.231         
 4305   505  18.395   1.133         
 4307    24  18.703   0.579         
 4307   505  18.639   0.623         
 4308    24  16.203   0.513         
 4308   505  16.209   0.537         
 4311    24  16.484   0.542         
 4311   505  16.484   0.560         
 4312    24  17.551   0.703         
 4312   505  17.575   0.710         
 4313    24  18.372   0.928         
 4313   505  18.406   0.952         
 4314    24  16.206   0.502         
 4314   505  16.201   0.512         
 4315    24  18.405   0.937         
 4315   505  18.418   0.947         
 4316    24  15.786   0.449         
 4316   505  15.771   0.472         
 4317    24  18.691   1.205         
 4318    24  18.566   0.940         
 4318   505  18.600   0.935         
 4320    24  18.129   0.549         
 4322    24  18.398   0.914         
 4322   505  18.471   0.866         
 4324    24  17.249   0.617         
 4324   505  17.236   0.632         
 4325    24  16.299   0.526         
 4325   505  16.291   0.547         
 4326    24  17.185   0.643         
 4326   505  17.170   0.681         
 4331    24  16.651   0.581         
 4331   505  16.656   0.582         
 4333    24  17.028   0.630         
 4333   505  17.024   0.650         
 4334   505  17.415   0.778         
 4336    24  16.313   0.518         
 4336   505  16.292   0.520         
 4338    24  17.137   0.647         
 4338   505  17.157   0.645         
 4339    24  16.127   0.492         
 4339   505  16.135   0.505         
 4341    24  16.743   0.581         
 4341   505  16.748   0.600         
 4342    24  16.922   0.620         
 4342   505  16.934   0.630         
 4343    24  18.593   0.980         
 4343   505  18.669   0.885         
 4344    24  17.810   0.763         
 4344   505  17.809   0.797         
 4345    24  17.600   1.224         
 4345   505  17.626   1.189         
 4346    24  17.813   0.861         
 4346   505  17.881   0.886         
 4347    24  15.850   0.456         
 4347   505  15.859   0.483         
 4349    24  17.585   0.753         
 4349   505  17.606   0.768         
 4350    24  16.899   0.749         
 4350   505  16.902   0.770         
 4351   505  17.490   0.990         
 4352   505  18.548   0.948         
 4402    24  16.097   0.782         
 4402   505  16.119   0.779         
 4403    24  18.375   0.671         
 4403   505  18.420   0.674         
 4404    24  18.375   0.717         
 4404   505  18.428   0.751         
 4405    24  17.250   0.709         
 4405   505  17.278   0.693         
 4406    24  14.878   0.703         
 4407    24  17.921   0.841         
 4407   505  17.969   0.812         
 4409    24  17.330   0.707         
 4409   505  17.352   0.732         
 4410    24  18.518   0.990         
 4410   505  18.580   0.986         
 4411    24  16.224   0.640         
 4411   505  16.208   0.667         
 4412    24  18.265   0.899         
 4412   505  18.337   0.891         
 4413    24  16.714   0.808         
 4413   505  16.723   0.842         
 4415    24  17.757   0.795         
 4415   505  17.763   0.765         
 4416    24  18.140   0.871         
 4416   505  18.165   0.876         
 4417    24  16.877   0.798         
 4417   505  16.882   0.807         
 4418    24  16.776   0.472         
 4418   505  16.791   0.485         
 4419    24  17.993   0.841         
 4419   505  18.016   0.841         
 4420    24  17.723   0.766         
 4420   505  17.728   0.802         
 4421    24  15.601   1.014         
 4421   505  15.614   0.983         
 4422    24  18.413   0.482         
 4422   505  18.459   0.517         
 4423    24  18.555   0.503         
 4423   505  18.555   0.509         
 4424    24  16.926   0.623         
 4424   505  16.912   0.651         
 4425    24  18.788   1.604         
 4425   505  18.707   1.561         
 4426    24  16.438   0.532         
 4426   505  16.437   0.558         
 4427    24  16.239   0.542         
 4427   505  16.263   0.530         
 4428    24  16.768   0.569         
 4428   505  16.811   0.572         
 4429    24  17.494   0.716         
 4429   505  17.505   0.743         
 4430   505  16.718   0.714         
 4431   505  17.348   0.696         
 4432   505  16.395   0.559         
 4436   505  18.575   1.570         
 4437    24  14.468   0.424         
 4440   505  16.249   0.535         
 4441   505  17.169   0.665         
 4442   505  17.577   0.802         
 4443   505  16.823   0.814         
 4444   505  18.475   0.768         
 4445   505  16.805   0.627         
 4446   505  17.643   0.689         
 4447   505  15.835   0.496         
 4448   505  16.934   0.768         
 4450   505  18.824   1.148         
 4451   505  18.222   0.871         
 4452   505  16.103   0.514         
 4453   505  16.133   0.523         
 4455   505  17.075   0.649         
 4456   505  16.059   0.671         
 4457   505  16.347   0.578         
 4458   505  17.637   0.697         
 5001    24  19.690   1.380         
 5001   505  19.692   0.951         
 5002    24  18.905   1.238         
 5002   505  18.948   1.109         
 5003    24  18.891   0.753         
 5003   505  18.939   0.912         
 5004    24  18.877   1.000         
 5004   505  18.894   0.951         
 5005    24  19.490   1.232         
 5005   505  19.553   1.046         
 5006    24  18.967   1.052         
 5006   505  19.015   1.096         
 5007    24  18.641   1.027         
 5008    24  19.897   0.746         
 5009    24  19.357   1.351         
 5009   505  19.379   1.333         
 5010    24  18.984   0.977         
 5011    24  19.245   1.166         
 5012    24  19.279   0.597         
 5012   505  19.392   0.520         
 5013    24  18.932   0.978         
 5013   505  18.925   1.055         
 5014    24  19.400   0.621         
 5014   505  19.455   0.614         
 5015   505  19.381   0.930         
 5016    24  19.114   1.699         
 5016   505  19.088   1.517         
 5017    24  18.749   1.057         
 5017   505  18.819   1.011         
 5018    24  19.076   1.252         
 5018   505  19.194   1.160         
 5019    24  19.140   1.624         
 5019   505  19.149   1.517         
 5020    24  19.178   1.297         
 5020   505  19.179   1.321         
 5021    24  18.787   0.991         
 5021   505  18.833   0.991         
 5022    24  19.314   1.630         
 5022   505  19.382   1.526         
 5023    24  19.411   1.304         
 5024    24  19.122   1.171         
 5024   505  19.129   1.206         
 5025   505  19.576   0.873         
 5026    24  19.745   0.592         
 5026   505  19.691   0.643         
 5027    24  19.666   0.947         
 5028    24  18.748   1.290         
 5028   505  18.829   1.279         
 5029    24  19.473   1.241         
 5030    24  19.548   1.138         
 5030   505  19.525   1.149         
 5031    24  18.875   1.703         
 5031   505  18.865   1.614         
 5032    24  19.178   0.678         
 5032   505  19.233   0.805         
 5033    24  19.268   1.158         
 5033   505  19.233   1.125         
 5034    24  18.697   1.017         
 5034   505  18.676   1.014         
 5035    24  19.112   1.105         
 5035   505  19.147   1.092         
 5036    24  18.993   1.077         
 5036   505  18.973   1.156         
 5037    24  19.522   1.143         
 5037   505  19.497   1.109         
 5038    24  19.309   1.231         
 5038   505  19.292   1.151         
 5039    24  19.143   1.469         
 5039   505  19.202   1.400         
 5040    24  19.278   1.174         
 5040   505  19.241   1.164         
 5041    24  19.876   1.234         
 5042    24  19.648   0.823         
 5042   505  19.580   0.914         
 5043    24  19.039   1.271         
 5043   505  19.083   1.070         
 5044    24  19.320   1.198         
 5044   505  19.327   1.195         
 5045    24  19.144   1.056         
 5046    24  19.628   1.538         
 5047    24  19.493   0.498         
 5047   505  19.394   0.692         
 5048    24  19.600   1.400         
 5049    24  19.003   1.122         
 5050    24  18.837   0.998         
 5051    24  19.148   1.029         
 5051   505  19.135   1.074         
 5052    24  19.095   1.406         
 5052   505  19.159   1.305         
 5053    24  19.429   1.293         
 5054    24  18.827   0.997         
 5054   505  18.897   0.907         
 5055    24  18.974   1.020         
 5055   505  18.954   0.944         
 5056    24  18.877   1.024         
 5057    24  19.228   0.904         
 5058    24  19.623   1.390         
 5059    24  19.003   1.250         
 5059   505  18.790   1.251         
 5060    24  18.875   1.033         
 5061    24  19.095   1.102         
 5061   505  19.123   1.022         
 5062    24  19.191   1.234         
 5062   505  19.326   1.184         
 5063    24  18.919   1.125         
 5064    24  19.701   1.297         
 5065    24  19.562   1.254         
 5066    24  18.760   0.624         
 5066   505  18.854   0.653         
 5067    24  19.020   0.541         
 5067   505  18.965   0.649         
 5068    24  19.134   1.294         
 5069    24  19.138   1.221         
 5069   505  19.222   1.101         
 5070    24  18.949   1.166         
 5071    24  18.882   0.770         
 5072    24  19.028   1.274         
 5073    24  18.946   1.059         
 5073   505  18.970   1.138         
 5074    24  19.951   1.380         
 5075    24  19.558   1.237         
 5076    24  19.787   1.445         
 5077    24  18.916   1.054         
 5077   505  18.962   1.046         
 5078    24  18.936   1.049         
 5078   505  19.098   0.997         
 5079    24  19.371   0.598         
 5079   505  19.383   0.533         
 5080    24  18.967   1.116         
 5080   505  19.088   1.005         
 5081    24  19.399   1.153         
 5082    24  19.008   1.161         
 5083    24  19.680   1.428         
 5084    24  19.255   0.700         
 5084   505  19.256   0.773         
 5085    24  19.467   1.145         
 5086    24  18.992   1.113         
 5086   505  19.052   1.095         
 5087    24  19.326   1.174         
 5087   505  19.330   1.165         
 5088    24  19.138   1.594         
 5088   505  19.155   1.488         
 5089    24  19.362   1.202         
 5089   505  19.427   1.151         
 5090    24  19.011   1.221         
 5090   505  19.012   1.264         
 5091    24  19.310   1.270         
 5091   505  19.344   1.171         
 5092    24  19.137   1.360         
 5092   505  19.126   1.262         
 5093    24  19.671   1.370         
 5094    24  19.521   1.240         
 5094   505  19.452   1.181         
 5095    24  18.895   1.067         
 5095   505  18.973   0.980         
 5096    24  18.917   1.106         
 5096   505  18.897   1.166         
 5097    24  18.719   0.993         
 5097   505  18.717   0.959         
 5098    24  18.763   0.960         
 5098   505  18.761   1.038         
 5100    24  19.303   1.181         
 5100   505  19.367   1.140         
 5101    24  19.682   1.207         
 5102    24  19.383   1.436         
 5102   505  19.438   1.176         
 5103    24  18.783   1.209         
 5103   505  18.736   1.239         
 5104    24  19.177   1.224         
 5104   505  19.178   1.251         
 5105    24  19.258   1.166         
 5105   505  19.364   1.129         
 5106    24  19.314   0.611         
 5106   505  19.374   0.509         
 5107    24  19.162   1.179         
 5107   505  19.174   1.212         
 5108    24  19.153   0.961         
 5108   505  19.140   1.014         
 5109    24  19.174   1.330         
 5109   505  19.272   1.208         
 5110    24  18.909   0.798         
 5110   505  18.913   0.800         
 5111    24  18.817   1.030         
 5112    24  19.231   0.899         
 5112   505  18.935   0.996         
 5113    24  19.855   0.668         
 5114    24  19.489   0.977         
 5114   505  19.521   0.965         
 5115    24  18.866   0.838         
 5115   505  18.949   0.754         
 5116    24  19.372   1.172         
 5116   505  19.349   1.256         
 5117    24  19.218   1.142         
 5117   505  19.259   1.133         
 5118    24  19.184   1.110         
 5118   505  19.273   1.216         
 5119    24  19.576   1.237         
 5120    24  18.973   1.112         
 5120   505  19.039   1.086         
 5121    24  19.206   1.186         
 5121   505  19.261   1.095         
 5122    24  18.231   0.841         
 5122   505  18.252   0.877         
 5123    24  18.799   0.825         
 5123   505  18.916   0.709         
 5124    24  18.571   0.564         
 5124   505  18.663   0.557         
 5125    24  19.208   1.809         
 5125   505  19.263   1.467         
 5126    24  17.113   0.887         
 5126   505  17.155   0.872         
 5127    24  18.603   1.021         
 5127   505  18.689   1.050         
 5128    24  19.020   0.561         
 5128   505  19.054   0.583         
 6003   505  11.034   1.417         
 6005   505  12.286   0.825         
 6009   505  13.755   0.413         
 6010   505  14.460   0.454         
 6024   505  15.106   0.845         
 6026   505  15.217   0.495         
 6031   505  15.061   0.498         
 6033   505  15.488   0.850         
 6037   505  15.562   0.551         
 6040   505  15.636   1.221         
 6043   505  15.642   0.448         
 6045   505  15.672   0.450         
 6047   505  15.723   1.201         
 6048   505  15.669   0.674         
 6056   505  15.730   0.478         
 6059   505  15.816   0.656         
 6061   505  15.829   0.778         
 6064   505  15.878   1.029         
 6066   505  15.867   0.943         
 6070   505  15.868   0.479         
 6072   505  15.906   0.478         
 6073   505  15.901   0.495         
 6074   505  15.938   0.494         
 6077   505  15.957   0.504         
 6078   505  15.996   0.974         
 6082   505  16.023   0.869         
 6084   505  16.066   0.893         
 6086   505  16.085   0.962         
 6088   505  16.059   0.497         
 6091   505  16.153   1.129         
 6093   505  16.111   0.509         
 6094   505  16.145   0.514         
 6098   505  16.250   0.699         
 6099   505  16.294   0.949         
 6101   505  16.275   0.610         
 6103   505  16.356   0.477         
 6107   505  16.381   0.545         
 6108   505  16.426   0.925         
 6109   505  16.397   0.241         
 6110   505  16.406   0.799         
 6111   505  16.470   1.059         
 6112   505  16.454   0.555         
 6115   505  16.494   0.993         
 6121   505  16.540   0.584         
 6123   505  16.530   0.512         
 6124   505  16.546   0.570         
 6127   505  16.590   0.665         
 6135   505  16.687   0.766         
 6136   505  16.680   0.788         
 6137   505  16.676   0.604         
 6138   505  16.693   0.854         
 6139   505  16.684   0.801         
 6141   505  16.726   0.637         
 6143   505  16.753   0.614         
 6148   505  16.856   0.894         
 6150   505  16.817   0.986         
 6155   505  16.888   0.761         
 6157   505  16.849   0.728         
 6161   505  16.874   0.663         
 6162   505  16.857   0.640         
 6163   505  16.883   0.619         
 6164   505  16.893   0.630         
 6171   505  16.966   0.632         
 6175   505  16.962   0.627         
 6176   505  16.966   0.655         
 6178   505  16.976   0.630         
 6179   505  17.022   0.898         
 6180   505  16.993   0.649         
 6181   505  17.021   0.605         
 6186   505  17.105   0.658         
 6187   505  17.074   0.652         
 6189   505  17.091   0.656         
 6191   505  17.128   0.665         
 6192   505  17.162   1.565         
 6193   505  17.140   0.658         
 6195   505  17.184   0.672         
 6196   505  17.176   0.678         
 6197   505  17.236   1.078         
 6199   505  17.167   0.664         
 6200   505  17.219   0.891         
 6202   505  17.238   0.741         
 6204   505  17.271   0.497         
 6205   505  17.227   0.693         
 6206   505  17.317   0.557         
 6209   505  17.485   0.477         
 6210   505  17.065   0.739         
 6211   505  17.323   0.765         
 6212   505  17.027   0.666         
 6213   505  17.315   0.706         
 6220   505  17.365   0.713         
 6221   505  17.368   0.718         
 6222   505  17.392   0.912         
 6226   505  17.406   0.724         
 6227   505  17.437   0.795         
 6232   505  17.472   0.707         
 6233   505  17.469   0.737         
 6235   505  17.503   0.723         
 6236   505  17.518   0.918         
 6240   505  17.542   0.711         
 6241   505  17.558   0.824         
 6242   505  17.527   0.538         
 6244   505  17.599   0.783         
 6245   505  17.565   0.792         
 6246   505  17.581   0.560         
 6247   505  17.611   0.872         
 6248   505  17.619   0.859         
 6249   505  17.600   0.771         
 6250   505  17.638   0.749         
 6251   505  17.612   0.716         
 6252   505  17.665   0.909         
 6254   505  17.688   0.764         
 6255   505  17.673   1.755         
 6256   505  17.722   0.854         
 6257   505  17.757   0.813         
 6259   505  17.785   0.929         
 6261   505  17.744   0.954         
 6262   505  17.727   0.768         
 6263   505  17.717   0.775         
 6264   505  17.751   0.771         
 6267   505  17.731   0.607         
 6268   505  17.762   1.479         
 6269   505  17.712   0.566         
 6270   505  17.753   0.804         
 6271   505  17.775   0.536         
 6272   505  17.748   0.827         
 6273   505  17.753   0.645         
 6274   505  17.813   0.817         
 6276   505  17.806   1.398         
 6279   505  17.830   0.790         
 6280   505  17.791   0.771         
 6281   505  17.833   0.742         
 6282   505  17.854   0.740         
 6283   505  17.815   0.815         
 6284   505  17.888   0.863         
 6285   505  17.874   0.856         
 6287   505  17.875   0.933         
 6288   505  17.929   1.177         
 6289   505  17.878   1.124         
 6294   505  17.919   0.910         
 6296   505  17.968   0.612         
 6297   505  17.948   0.627         
 6298   505  18.009   1.066         
 6299   505  17.969   0.871         
 6300   505  18.002   1.502         
 6301   505  17.960   0.824         
 6303   505  17.996   0.484         
 6304   505  18.003   0.967         
 6307   505  17.858   0.769         
 6309   505  17.955   0.621         
 6310   505  17.992   0.859         
 6311   505  17.552   0.694         
 6313   505  18.019   0.915         
 6315   505  18.039   0.664         
 6317   505  18.027   0.495         
 6318   505  18.037   0.840         
 6320   505  18.048   0.841         
 6321   505  18.180   0.769         
 6322   505  18.038   0.874         
 6323   505  18.023   0.833         
 6325   505  18.085   0.956         
 6326   505  18.040   0.583         
 6327   505  18.083   1.016         
 6329   505  18.072   0.455         
 6330   505  18.109   0.687         
 6331   505  18.117   0.907         
 6333   505  18.204   0.902         
 6336   505  18.219   0.812         
 6337   505  18.135   0.536         
 6339   505  18.213   0.799         
 6342   505  18.245   0.965         
 6345   505  18.208   0.559         
 6348   505  18.263   0.903         
 6349   505  18.283   1.051         
 6350   505  18.249   0.932         
 6352   505  18.277   0.633         
 6353   505  18.298   0.495         
 6356   505  18.368   0.624         
 6358   505  18.356   1.691         
 6359   505  18.332   0.924         
 6361   505  18.341   0.475         
 6362   505  18.253   0.530         
 6365   505  18.398   0.941         
 6366   505  18.567   1.283         
 6367   505  18.446   1.258         
 6368   505  18.479   0.911         
 6374   505  18.527   0.947         
 6375   505  18.585   0.996         
 6380   505  18.564   1.076         
 6384   505  18.506   0.961         
 6386   505  18.595   1.480         
 6387   505  18.568   0.675         
 6388   505  18.579   0.573         
 6389   505  18.586   0.946         
 6391   505  18.643   0.894         
 6392   505  18.646   0.943         
 6394   505  18.716   0.883         
 6395   505  18.638   0.962         
 6399   505  18.669   0.890         
 6401   505  18.762   0.794         
 6402   505  18.689   0.892         
 6403   505  18.640   0.558         
 6404   505  18.722   0.969         
 6405   505  18.692   1.001         
 6406   505  18.761   0.964         
 6407   505  18.741   0.928         
 6408   505  18.827   0.996         
 6409   505  18.759   0.567         
 6410   505  18.774   0.377         
 6411   505  18.861   0.995         
 6413   505  18.829   0.959         
 6414   505  18.817   0.991         
 6416   505  18.823   1.027         
 6417   505  18.898   1.386         
 6419   505  18.754   0.597         
 6420   505  18.768   0.488         
 6422   505  18.860   1.023         
 6423   505  18.913   1.014         
 6425   505  19.065   1.044         
 6426   505  18.395   0.885         
 6427   505  18.870   0.836         
 6428   505  18.829   0.558         
 6429   505  18.869   0.838         
 6430   505  18.882   1.116         
 6434   505  18.863   0.620         
 6439   505  19.036   0.678         
 6440   505  19.008   0.704         
 6442   505  19.171   0.727         
 6444   505  19.077   0.215         
 6445   505  19.165   0.622         
 6446   505  19.153   0.845         
 7002   505  19.435   1.309         
 7006   505  18.837   1.001         
 7007   505  19.584   0.985         
 7008   505  19.222   1.312         
 7009   505  19.715   0.662         
 7012   505  11.953   1.618         
 7014   505  19.107   1.289         
 7015   505  19.701   0.821         
 7018   505  18.987   1.103         
 7019   505  19.528   0.714         
 7020   505  19.091   1.015         
 7022   505  19.248   1.283         
 7025   505  19.414   1.191         
 7027   505  19.089   1.065         
 7031   505  19.184   1.041         
 7033   505  19.006   1.209         
 7034   505  19.177   1.150         
 7035   505  18.693   0.991         
 7036   505  19.478   1.045         
 7038   505  19.060   0.876         
 7039   505  19.248   1.069         
 7041   505  19.455   0.654         
 7042   505  19.441   0.848         
 7044   505  19.411   1.241         
 7046   505  19.279   1.020         
 7049   505  19.591   1.026         
 7050   505  19.795   0.518         
 7051   505  19.035   1.162         
 7052   505  19.204   0.910         
 7053   505  19.617   1.007         
 7054   505  19.288   1.354         
 7056   505  18.938   1.375         
 7058   505  19.379   1.059         
 7059   505  19.079   1.564         
 7060   505  19.008   1.178         
 7061   505  19.052   0.604         
 7063   505  19.684   0.609         
 7064   505  17.814   1.336         
 7065   505  19.113   0.711         
 7067   505  18.975   0.895         
 7070   505  19.214   0.862         
 7071   505  18.932   1.462         
 7073   505  19.017   0.438         
 7074   505  18.896   0.930         
 7075   505  19.353   0.746         
 7077   505  19.096   0.507         
 7078   505  19.765   1.159         
 7079   505  19.458   1.273         
 7081   505  19.437   0.707         
 7082   505  19.728   0.739         
 7083   505  19.619   0.563         
 7085   505  19.339   1.057         
 7086   505  19.019   1.311         
 7087   505  18.968   1.015         
 7088   505  18.929   0.624         
 7089   505  16.680   0.587         
 7092   505  19.170   1.033         
 7093   505  19.535   0.662         
 7094   505  19.361   1.192         
 7095   505  18.773   1.635         
 7096   505  18.415   1.316         
 7097   505  19.598   0.552         
 7099   505  19.458   1.321         
 7100   505  19.377   1.135         
 7101   505  19.299   0.444         
 7102   505  19.174   1.272         
 7103   505  19.359   0.935         
 7104   505  19.083   1.033         
 7106   505  18.877   0.892         
 7107   505  18.841   1.293         
 7109   505  19.118   0.497         
 7110   505  18.487   1.599         
 7111   505  19.216   1.029         
 7112   505  19.500   1.107         
 7113   505  18.942   1.382         
 7114   505  19.390   0.699         
 7115   505  18.904   1.048         
 7116   505  19.363   1.084         
 7120   505  20.037   0.550         
 7121   505  19.292   0.869         
 7123   505  19.149   1.458         
 7124   505  18.958   1.042         
 7125   505  19.407   1.284         
 7126   505  19.392   0.552         
 7127   505  19.407   0.742         
 7129   505  19.074   0.586         
 7130   505  18.627   1.502         
 7132   505  18.841   1.443         
 7133   505  19.387   0.947         
 7134   505  18.858   0.980         
 7135   505  19.907   0.271         
 7136   505  19.142   1.006         
 7137   505  19.507   1.226         
 7138   505  18.744   1.457         
 7139   505  19.012   0.673         
 7140   505  19.491   0.988         
 7141   505  19.670   1.010         
 7142   505  19.496   0.557         
 7144   505  19.282   1.355         
 7146   505  18.954   1.740         
 7147   505  19.826   0.822         
 7148   505  19.148   1.151         
 7149   505  19.456   1.215         
 7151   505  19.485   1.417         
 7152   505  19.627   1.020         
 7153   505  19.238   0.952         
 7154   505  19.048   1.342         
 7155   505  19.865   0.733         
 7156   505  16.244   0.530         
 7157   505  19.083   1.045         
 7159   505  19.016   1.403         
 7160   505  17.197   0.638         
 7161   505  19.153   1.387         
 7162   505  19.261   0.333         
 7163   505  18.923   0.564         
 7164   505  18.962   1.193         
 7165   505  19.792   1.019         
 7166   505  19.186   1.506         
 7167   505  19.263   0.981         
 7169   505  19.192   1.167         
 7170   505  19.637   0.904         
 7171   505  16.472   0.964         
 7172   505  17.971   0.851         
 7173   505  16.538   0.552         
 7174   505  18.313   1.031         
 7175   505  18.510   0.948         
 7176   505  19.252   0.525         
 7178   505  17.939   0.822         
 7179   505  18.592   1.008