UBV CCD observations

  No    Ref    V       B-V     U-B

 0007   115  11.280   0.550         
 0008   115  10.590   0.460         
 0010   115  11.380   0.380         
 0011   115  10.250   0.460         
 0015    93  10.640   0.540         
 0016    93  11.100   0.480         
 0020    93  10.600   1.270         
 0020   115  10.540   1.350         
 0021    93  11.620   0.460         
 0021   115  11.570   0.470         
 0025    93  10.110   0.230         
 0032    93  10.220   0.330         
 0033    93  10.440   0.370         
 0035    93  11.300   0.300         
 0036    93  10.590   0.140         
 0039    93  10.330   0.370         
 0041    93  10.810   0.460         
 0041   115  10.750   0.470         
 0043    93  10.420   0.660         
 0044    93  11.360   0.540         
 0046    93  11.040   1.000         
 0049    93  10.630   0.450         
 0050    93  11.110   0.500         
 0050   115  11.020   0.500         
 0051   115   9.190   0.210         
 0052    93  11.590   0.300         
 0053   115  11.430   0.450         
 0054   115  10.650   0.470         
 0057    93  10.930   0.490         
 0064    93  10.150   1.670         
 0064   115  10.050   1.820         
 0066    93  10.460   0.480         
 0066   115  10.430   0.500         
 0067    93  10.660   0.430         
 0069    93  10.070   0.330         
 0069   115  10.000   0.340         
 0070   115   9.140   0.090         
 0073    93  11.580   0.680         
 0073   115  11.530   0.700         
 0074    93  10.200   0.400         
 0074   115  10.110   0.440         
 0075    93  10.580   0.430         
 0076    93  10.860   0.510         
 0076   115  10.790   0.520         
 0078   115   9.450   0.400         
 0080    93  10.790   0.550         
 0081    93  10.250   0.360         
 0081   115  10.190   0.380         
 0083    93  10.630   0.430         
 0084    93  10.240   0.510         
 0085    93  10.120   0.280         
 0087    93  11.380   0.540         
 0093    93  11.270   0.540         
 0094    93  10.610   0.430         
 0095    93  11.250   0.400         
 0097    93  11.230   0.540         
 0098    93  11.130   0.350         
 0100    93  10.780   0.340         
 0102    93  11.170   0.530         
 0106    93  11.160   0.760         
 0106   115  11.120   0.840         
 0107    93  10.640   0.660         
 0107   115  10.590   0.740         
 0113    93  10.780   0.510         
 0115    93  11.210   0.520         
 0117    93  10.510   0.400         
 0117   115  10.400   0.450         
 0119    93  10.980   0.490         
 0120   115  10.110   0.420         
 0127    93  11.080   0.510         
 0129   115  10.160   0.420         
 0130   115   9.450   1.930         
 0154   176  12.300   0.750         
 0156   176  14.050   1.040         
 0940    93  11.280   0.680         
 1016    93  12.100   0.760         
 1019    93  11.960   0.730         
 1107    93  11.690   0.720         
 1114    93  11.830   0.630         
 1117    93  12.130   0.660         
 1120    93  12.460   0.690         
 1122    93  12.920   0.810         
 1128    93  11.810   0.680         
 1201    93  12.280   0.710         
 1205    93  12.360   0.710         
 1206    93  12.190   0.690         
 1214    93  12.190   0.680         
 1215    93  15.230   1.740         
 1217    93  12.730   0.350         
 1223    93  11.450   0.560         
 1228    93  12.170   0.710         
 1334    93  10.950   0.570         
 1344    93  12.170   0.690         
 1348    93  12.370   0.820         
 1438    93  12.870   0.730         
 1446    93  12.320   0.700         
 1446   115  12.200   0.660         
 1447    93  12.630   0.800         
 1447   115  12.500   0.750         
 1459   115  10.250   0.580         
 1460   115  11.880   0.700         
 1521    93  12.060   0.660         
 1529    93  12.120   0.680         
 1533    93  11.750   0.600         
 1536    93  12.780   0.780         
 1549    93  11.950   0.640         
 1549   115  11.880   0.670         
 1550   115  11.670   0.630         
 1560   115  11.420   0.760         
 1629    93  11.700   0.600         
 1630    93  12.330   0.830         
 1723    93  12.370   0.690         
 1724    93  11.720   0.930         
 3071    93  14.150   1.060         
 3072    93  13.780   1.080         
 3081    93  14.130   1.760         
 3083    93  13.480   1.980         
 3084    93  14.310   1.560         
 3090    93  15.500   1.400         
 3100    93  12.990   1.100         
 3110    93  14.230   1.040         
 3120    93  15.680   1.560         
 3181    93  14.570   1.390         
 3182    93  14.940   1.530         
 3183    93  14.270   1.550         
 3190    93  14.240   1.070         
 3260    93  14.890   1.500         
 3300    93  14.960   1.210         
 3330    93  13.420   0.890         
 3350    93  14.540   1.310         
 3370    93  15.600   1.460         
 3400    93  15.590   1.400         
 3410    93  15.460   1.930         
 3440    93  15.440   1.520         
 3450    93  14.010   1.270         
 3461    93  13.590   0.970         
 3462    93  15.430   1.530         
 3480    93  14.730   1.280         
 3522    93  15.130   0.770         
 3523    93  15.470   1.720         
 3530    93  13.400   0.900         
 3570    93  14.020   1.000         
 3620    93  16.140   1.480         
 3630    93  15.200   1.370         
 3680    93  15.180   1.690         
 3701    93  15.310   1.400         
 3702    93  15.070   1.620         
 3710    93  14.150   1.170         
 3742    93  15.930   1.760         
 3750    93  15.570   1.950         
 3760    93  13.550   0.950         
 3771    93  13.850   0.740         
 3772    93  13.860   2.010         
 3780    93  15.510   1.250         
 3790    93  11.920   0.760         
 3801    93  15.530   2.210         
 3802    93  14.980   1.330         
 3822   176  12.530   0.740         
 3830    93  14.000   1.110         
 3840    93  15.420   1.430         
 3850    93  15.850   1.630         
 3860    93  13.680   1.130         
 3900    93  12.260   0.350         
 3910    93  15.950   1.510         
 3940    93  13.300   0.870         
 3961    93  14.850   1.120         
 3962    93  14.570   0.700         
 3963    93  15.040   1.350         
 4000    93  15.750   0.830         
 4011    93  15.020   1.390         
 4021    93  13.320   0.890         
 4031    93  12.370   0.710         
 4100    93  16.060   1.890         
 4111    93  13.420   0.890         
 4112    93  14.870   1.640         
 4131    93  13.550   1.480         
 4132    93  15.200   1.540         
 4133    93  14.980   0.810         
 4151    93  14.080   1.960         
 4152    93  15.200   1.490         
 4153    93  15.430   0.980         
 4154    93  14.890   1.950         
 4160    93  12.810   0.890         
 4160   115  12.730   0.870         
 4182    93  15.360   1.290         
 4192    93  13.460   0.910         
 4210    93  13.690   0.990         
 4220    93  13.970   0.850         
 4230    93  13.170   0.850         
 4290    93  14.160   1.040         
 4290   115  13.980   0.920         
 4310    93  15.260   1.720         
 4340   115  12.520   0.390         
 4342   115  12.990   0.520         
 4343   115  14.280   1.860         
 4344   115  15.410   0.840         
 4345   115  15.450   0.850         
 4346   115  12.410   0.840         
 4347   115  14.960   2.220         
 4348   115  15.690   1.970         
 4350   115  13.030   1.020         
 4370   115  13.360   0.990