UBV CCD observations

  No    Ref    V       B-V     U-B

 0001    73   8.776   0.215  -0.619
 0001   517   8.730   0.270  -0.720
 0002    73   9.695   0.243  -0.615
 0002   517   9.670   0.280  -0.880
 0003    73   9.823   0.346  -0.603
 0003   517   9.810   0.290  -0.680
 0004    73   9.892   0.288  -0.610
 0004   517   9.900   0.280  -0.720
 0005    73  10.938   0.228  -0.490
 0005   517  10.930   0.240  -0.490
 0006    73  11.996   0.342  -0.229
 0006   517  12.000   0.330  -0.180
 0007    73  12.457   0.304  -0.344
 0007   517  12.460   0.290  -0.330
 0008    73  13.119   0.303  -0.165
 0008   517  13.120   0.300  -0.070
 0009    73  12.767   0.381  -0.137
 0009   517  12.780   0.380  -0.070
 0010   517  14.250   0.570   0.480
 0011    73  12.906   0.347  -0.097
 0011   517  12.910   0.340  -0.020
 0012    73  12.211   0.451   0.207
 0012   517  12.200   0.450   0.320
 0013    73  12.841   0.344  -0.257
 0013   517  12.860   0.320  -0.240
 0014    73  11.747   0.318  -0.315
 0014   517  11.760   0.310  -0.300
 0015   517  10.620   0.270  -0.560
 0020    73  11.318   1.333   1.289
 0020   517  11.350   1.290   1.100
 0021   517  10.970   0.390  -0.510
 0022   517  12.300   0.340  -0.320
 0023   517  10.870   0.300  -0.430
 0025   517  13.060   0.410   0.310
 0026   517  12.690   0.710   0.190
 0108   517  14.070   0.410   0.240
 0109    73  13.255   0.432  -0.091
 0109   517  13.280   0.420  -0.050
 0111    73  13.348   0.363  -0.140
 0111   517  13.360   0.350  -0.090
 0118    73  11.716   0.200  -0.530
 0118   517  11.730   0.330  -0.360
 0121   517  14.160   0.440   0.330
 0122   517  14.080   0.400   0.260
 0125   517  13.680   0.290  -0.020
 0126   517  13.710   0.440   0.250
 0128   517  10.570   0.400   0.230
 0130   517  12.480   0.520   0.080
 0131   517  13.100   0.420   0.150
 0132   517  13.010   0.330   0.060
 0133   517  11.360   0.220   0.250
 0138   517  12.380   0.550   0.290
 0143   517  13.080   0.370   0.280
 0144   517  12.620   1.290   0.990
 0145   517  13.620   0.730   0.230
 0146   517  13.840   0.380   0.160
 0150   517  12.580   0.430   0.450
 0151   517  12.120   1.110   0.760
 0153   517  11.200   1.560   1.230
 0154   517  13.130   0.410   0.460
 0155   517  12.210   1.650   1.730
 0156    73  13.132   0.351  -0.179
 0156   517  13.130   0.340  -0.120
 0160    73  13.148   0.365  -0.123
 0160   517  13.150   0.380  -0.070
 0161   517  12.910   0.500   0.550
 0163   517  13.290   0.390   0.610
 0201    73  14.047   0.425   0.104
 0202    73  14.153   0.443   0.204
 0204    73  15.858   1.359   0.711
 0204   517  15.850   1.290         
 0205    73  10.649   0.215  -0.495
 0206    73  14.029   1.606   1.400
 0206   517  14.050   1.560   1.220
 0208    73  13.534   0.862   0.319
 0208   517  13.550   0.830   0.360
 0211    73  14.975   0.596   0.361
 0211   517  14.990   0.570   0.510
 0212    73  14.991   0.785   0.258
 0212   517  15.000   0.750   0.170
 0213    73  15.460   0.855   0.324
 0213   517  15.490   0.810   0.260
 0214    73  16.493   1.566         
 0214   517  16.470   1.540         
 0215    73  16.452   0.857   0.498
 0216    73  17.312   1.184         
 0216   517  17.340   1.010         
 0218    73  14.246   0.581   0.365
 0220    73  16.579   1.565         
 0220   517  16.610   1.510         
 0221    73  15.832   0.976   0.382
 0221   517  15.830   0.920         
 0222    73  16.805   1.266         
 0222   517  16.940   1.180         
 0223    73  15.866   1.364         
 0223   517  15.880   1.340         
 0224    73  16.386   1.059         
 0224   517  16.350   1.040         
 0225    73  16.115   0.912   0.204
 0225   517  16.110   0.860   0.130
 0226    73  17.341   0.984   0.450
 0226   517  17.430   0.990         
 0228    73  14.066   0.424   0.087
 0229    73  17.048   1.149         
 0229   517  17.050   1.200         
 0230    73  17.558   1.439         
 0230   517  17.550   1.200         
 0231    73  17.747   1.039         
 0231   517  17.720   1.150         
 0232    73  14.722   0.580   0.319
 0232   517  14.760   0.520   0.450
 0235    73  14.067   1.250   0.890
 0235   517  14.060   1.230   0.760
 0236    73  15.779   1.039         
 0236   517  15.830   0.940   0.540
 0239    73  18.027   1.720         
 0239   517  17.970   1.110         
 0240    73  16.153   1.033   0.257
 0240   517  16.250   0.970         
 0241    73  14.301   1.246   1.042
 0241   517  14.310   1.180   0.860
 0242    73  17.351   1.296         
 0242   517  17.420   1.240         
 0244    73  16.248   0.891   0.473
 0244   517  16.270   0.880         
 0245    73  17.335   1.178         
 0245   517  17.400   1.110         
 0246    73  18.468   0.694         
 0246   517  19.320   0.850         
 0247    73  16.829   1.194         
 0247   517  16.800   1.170         
 0248    73  17.166   1.092   0.510
 0248   517  17.170   1.240         
 0250    73  17.966   0.980         
 0252    73  16.214   2.002   0.701
 0252   517  16.210   1.870         
 0253    73  17.600   1.489         
 0253   517  17.690   1.390         
 0254    73  15.539   0.696   0.376
 0254   517  15.530   0.670   0.530
 0256    73  17.376   1.088  -0.410
 0256   517  17.460   0.940         
 0257    73  15.889   0.993         
 0257   517  15.890   0.950   0.400
 0258    73  17.062   1.131         
 0258   517  17.100   1.060         
 0259    73  16.252   0.785   0.246
 0259   517  16.290   0.850   0.480
 0261    73  17.617   1.055   0.765
 0261   517  17.630   1.150         
 0262    73  18.620   1.042         
 0263    73  16.967   0.999   0.415
 0263   517  17.030   1.000         
 0264    73  17.406   1.030         
 0264   517  17.460   1.060         
 0265    73  15.903   0.921   0.340
 0265   517  15.930   0.860   0.290
 0266    73  15.080   0.716   0.138
 0266   517  15.080   0.700   0.100
 0267    73  18.342   1.006         
 0268    73  17.257   0.946         
 0268   517  17.240   1.090         
 0269    73  16.859   1.514         
 0269   517  16.890   1.490         
 0270    73  16.232   1.053         
 0270   517  16.260   0.960         
 0273    73  15.135   0.630   0.363
 0273   517  15.160   0.590         
 0274    73  17.953   1.320         
 0274   517  18.000   1.440         
 0275    73  14.389   0.751   0.250
 0275   517  14.430   0.740   0.240
 0276    73  16.037   1.000   0.619
 0276   517  16.050   0.980   0.400
 0279    73  15.118   0.783   0.077
 0279   517  15.160   0.730   0.100
 0280    73  15.892   1.024   0.433
 0280   517  15.950   0.980   0.410
 0282    73  16.352   1.001   0.346
 0282   517  16.360   0.920         
 0283    73  16.669   0.959   0.169
 0283   517  16.730   0.880         
 0285    73  16.675   1.059   0.471
 0285   517  16.730   1.100         
 0286    73  13.886   0.950   0.370
 0286   517  13.870   0.920   0.340
 0287    73  17.868   1.326         
 0287   517  17.700   1.580         
 0288    73  15.975   0.818   0.216
 0288   517  16.000   0.780   0.200
 0289    73  15.123   0.861   0.413
 0289   517  15.130   0.830   0.300
 0290    73  15.325   1.466         
 0290   517  15.370   1.410         
 0291    73  16.914   1.169         
 0291   517  16.970   1.100         
 0292    73  15.872   0.877   0.296
 0292   517  15.880   0.840   0.390
 0293    73  17.193   1.537  -0.370
 0293   517  17.230   1.390         
 0294    73  17.468   1.033         
 0294   517  17.600   1.020         
 0295    73  16.730   0.892   0.494
 0295   517  16.750   0.920         
 0296    73  17.591   1.039         
 0296   517  17.640   1.070         
 0297    73  17.724   2.029         
 0297   517  17.590   2.070         
 0298    73  17.308   1.194         
 0298   517  17.410   1.060         
 0299    73  17.496   0.918         
 0299   517  17.360   0.920         
 0301    73  13.369   0.344  -0.184
 0301   517  13.360   0.360  -0.100
 0302    73  15.343   0.786   0.340
 0302   517  15.310   0.810   0.360
 0303    73  15.414   0.772   0.288
 0303   517  15.410   0.810         
 0304    73  16.827   0.848   0.729
 0304   517  16.840   0.940         
 0305    73  15.286   0.632   0.491
 0305   517  15.330   0.620   0.540
 0306    73  16.279   1.059   0.361
 0306   517  16.270   1.020         
 0307    73  18.194   1.141         
 0308    73  16.568   1.527         
 0308   517  16.570   1.500         
 0309    73  17.185   1.117         
 0309   517  17.260   1.120         
 0310    73  16.114   1.011   0.206
 0310   517  16.190   1.000         
 0311    73  15.632   0.759   0.050
 0311   517  15.720   0.780   0.130
 0312    73  17.714   1.336         
 0312   517  17.730   1.160         
 0313    73  16.335   1.199         
 0313   517  16.340   1.170         
 0314    73  16.808   1.020         
 0314   517  16.830   1.060         
 0315    73  16.538   1.278         
 0315   517  16.550   1.090         
 0316    73  15.331   0.818   0.272
 0316   517  15.340   0.820   0.210
 0317    73  15.532   0.798   0.183
 0317   517  15.550   0.770         
 0318    73  18.385   1.484         
 0318   517  18.480   1.240         
 0319    73  17.179   1.072   0.466
 0319   517  17.260   0.980         
 0320    73  16.308   1.129   0.499
 0320   517  16.400   1.000         
 0321    73  14.500   1.016   0.526
 0321   517  14.640   0.960   0.540
 0322    73  15.254   0.611   0.348
 0322   517  15.250   0.630   0.500
 0323    73  17.836   1.393         
 0323   517  17.750   1.470         
 0324    73  16.727   1.687         
 0324   517  16.780   1.600         
 0325    73  14.762   0.574   0.312
 0325   517  14.710   0.590   0.400
 0326    73  16.503   0.934   0.594
 0326   517  16.480   0.850         
 0327    73  17.763   1.561         
 0327   517  17.840   1.080         
 0328    73  15.790   0.778   0.160
 0328   517  15.790   0.830   0.190
 0330    73  16.189   0.918   0.406
 0330   517  16.070   1.000   0.350
 0331    73  16.041   0.994   0.399
 0331   517  16.110   0.900   0.410
 0332    73  17.395   1.208         
 0332   517  17.510   1.070         
 0333    73  16.784   1.267   0.522
 0333   517  16.510   1.400         
 0334    73  17.185   0.227         
 0334   517  17.260   0.990         
 0335    73  17.022   0.692         
 0335   517  16.930   0.880         
 0336    73  16.935   1.029   1.299
 0336   517  16.910   1.270         
 0337    73  15.378   0.851   0.390
 0337   517  15.210   0.920         
 0338    73  16.373   1.144         
 0338   517  16.420   1.250         
 0339    73  18.234   1.591         
 0339   517  18.260   1.330         
 0340    73  15.615   1.287         
 0340   517  15.880   0.870         
 0341    73  14.842  -0.098         
 0341   517  15.200   0.880         
 0342    73  17.161   0.771         
 0343    73  15.769  -0.206         
 0344    73  17.099  -0.008         
 0345    73  16.967   0.754         
 0345   517  16.500   1.230         
 0346    73  17.332   1.010         
 0346   517  17.230   1.040         
 0347    73  16.680   0.972         
 0348    73  17.539   1.222         
 0348   517  17.500   1.070         
 0349    73  16.796   1.313         
 0349   517  16.850   1.000         
 0350    73  16.955   1.142         
 0350   517  16.970   0.880         
 0351    73  13.848   0.669   0.050
 0352    73  17.397   0.898         
 0353    73  17.540   0.917         
 0353   517  17.400   1.030         
 0354    73  14.937   0.519   0.442
 0354   517  14.940   0.490   0.550
 0355    73  18.041   1.407         
 0355   517  17.970   1.200         
 0356    73  16.565   1.016         
 0358    73  14.066   0.418   0.083
 1000   517  15.530   0.560   0.250
 1002   517  18.380   1.270         
 1004   517  17.200   2.220         
 1005   517  18.730   1.170         
 1006   517  17.920   1.190         
 1008   517  18.340   0.280         
 1009   517  17.260   1.020         
 1010   517  15.440   0.770   1.030
 1011   517  18.970   1.370         
 1012   517  16.380   0.990   0.340
 1014   517  15.220   1.940         
 1015   517  16.100   1.010         
 1016   517  18.350   1.210         
 1017   517  18.120   1.080         
 1019   517  16.530   0.930         
 1020   517  18.630   1.250         
 1021   517  19.220   1.310         
 1022   517  18.520   1.100         
 1023   517  17.500   1.020         
 1025   517  18.390   1.660         
 1026   517  13.890   0.370   0.080
 1027   517  17.640   1.250         
 1029   517  16.010   0.840   0.430
 1031   517  16.030   0.880   0.240
 1032   517  16.830   0.960         
 1033   517  14.010   1.310   1.050
 1035   517  14.610   0.660   0.230
 1036   517  16.490   1.340         
 1037   517  15.710   0.870   0.350
 1038   517  15.700   0.860   0.440
 1039   517  17.500   1.090         
 1040   517  15.540   0.840   0.340
 1041   517  16.090   1.030         
 1044   517  16.040   0.860   0.290
 1046   517  15.540   0.830   0.270
 1047   517  18.720   1.390         
 1049   517  14.190   0.500   0.360
 1050   517  14.980   0.690   0.210
 1052   517  15.960   0.970   0.400
 1053   517  18.020   1.120         
 1055   517  14.410   0.480   0.340
 1056   517  15.520   0.720   0.200
 1057   517  14.010   0.610   0.100
 1058   517  17.090   1.060         
 1060   517  16.940   0.970         
 1061   517  17.880   1.080         
 1065   517  17.120   0.930         
 1066   517  15.390   2.290         
 1067   517  15.470   0.980   0.410
 1068   517  17.520   1.450         
 1070   517  14.580   0.950   0.610
 1071   517  17.300   2.710         
 1074   517  15.310   0.870         
 1075   517  17.240   3.280         
 1078   517  13.460   0.420   0.180
 1079   517  16.840   1.070         
 1080   517  16.760   2.550         
 1083   517  17.420   2.550         
 1084   517  14.600   0.790   0.260
 1085   517  18.930   1.640         
 1088   517  15.660   1.110   0.390
 1090   517  13.880   0.740   0.260
 1091   517  18.970   1.450         
 1092   517  14.490   1.440   0.960
 1094   517  14.850   1.070   0.800
 1095   517  15.670   1.560         
 1096   517  17.890   1.120         
 1097   517  18.870   1.170         
 1098   517  17.010   0.900         
 1100   517  16.580   2.380         
 1101   517  17.510   1.490         
 1103   517  17.100   0.930         
 1104   517  14.540   0.680   0.200
 1105   517  14.450   0.440   0.290
 1108   517  18.150   1.110         
 1110   517  18.190   1.200         
 1111   517  18.080   1.530         
 1112   517  15.630   0.950   0.540
 1113   517  16.920   1.200         
 1114   517  16.120   1.080         
 1117   517  14.980   0.770   0.130
 1118   517  15.390   0.650   0.400
 1119   517  18.000   1.120         
 1120   517  18.560   1.490         
 1121   517  14.240   1.490   1.140
 1122   517  17.330   1.160         
 1123   517  19.090   1.180         
 1124   517  17.800   1.090         
 1125   517  14.910   0.580   0.350
 1126   517  16.480   0.980         
 1127   517  16.970   1.000         
 1129   517  16.210   1.060         
 1130   517  18.580   1.300         
 1131   517  18.360   1.510         
 1134   517  17.140   1.400         
 1135   517  15.370   0.710   0.330
 1136   517  17.890   1.390         
 1139   517  15.090   0.790         
 1140   517  18.280   1.140         
 1142   517  15.830   0.800   0.300
 1144   517  17.370   0.540         
 1145   517  17.920   0.920         
 1148   517  16.620   0.990         
 1149   517  18.110   1.360         
 1150   517  17.500   0.950         
 1151   517  18.240   1.000         
 1153   517  15.670   0.810   0.300
 1154   517  15.250   0.610   0.480
 1155   517  18.530   1.510         
 1156   517  18.770   1.240         
 1157   517  15.920   0.750         
 1158   517  15.730   1.390         
 1159   517  14.760   0.570   0.410
 1161   517  16.890   0.930         
 1162   517  18.470   1.170         
 1163   517  17.400   1.040         
 1166   517  18.550   1.040         
 1167   517  14.330   0.710   0.170
 1168   517  15.430   1.000   0.470
 1170   517  15.910   0.630         
 1171   517  15.980   1.850         
 1172   517  17.310   1.120         
 1173   517  16.630   0.940         
 1174   517  18.870   1.200         
 1175   517  15.460   0.850   0.430
 1176   517  18.930   1.210         
 1177   517  18.330   1.050         
 1180   517  17.130   1.170         
 1181   517  17.770  -0.190         
 1182   517  16.290   1.030         
 1183   517  16.400   0.920         
 1184   517  18.510   1.790         
 1185   517  17.600   1.200         
 1186   517  18.100   1.290         
 1187   517  17.980   1.310         
 1190   517  18.060   1.040         
 1191   517  18.370   1.050         
 1196   517  19.520   1.730         
 1197   517  13.140   1.210   0.810
 1198   517  18.310   1.680         
 1199   517  17.800   0.900         
 1200   517  17.120   1.100         
 1201   517  15.850   0.690   0.370
 1202   517  17.290   1.030         
 1203   517  17.410   2.510         
 1204   517  18.480   1.280         
 1205   517  16.580   0.920         
 1208   517  17.860   1.010         
 1209   517  17.500   1.100         
 1210   517  16.380   0.860   0.170
 1212   517  18.600   1.090         
 1215   517  17.180   1.690         
 1216   517  16.340   0.950         
 1217   517  18.360   2.060         
 1219   517  16.620   0.920         
 1222   517  18.450   1.840         
 1223   517  16.990   1.110         
 1224   517  18.860   1.850         
 1225   517  15.800   1.080         
 1228   517  17.710   1.010         
 1229   517  17.240   1.000         
 1230   517  19.390   1.410         
 1231   517  16.800   1.080         
 1232   517  14.420   0.530   0.470
 1233   517  15.140   0.650   0.340
 1234   517  18.020   1.620         
 1235   517  17.790   1.150         
 1236   517  17.700   1.210         
 1237   517  17.110   1.020         
 1239   517  16.890   0.910         
 1240   517  18.910   1.330         
 1241   517  17.450   1.810         
 1243   517  16.200   0.830         
 1244   517  17.250   1.130         
 1245   517  18.720   1.090         
 1248   517  19.250   1.100         
 1249   517  18.590   1.490         
 1250   517  16.780   0.960         
 1251   517  17.950   1.140         
 1252   517  15.780   0.760         
 1253   517  18.790   1.380         
 1255   517  19.350   1.320         
 1257   517  17.520   1.500         
 1260   517  17.050   1.020         
 1261   517  18.030   1.150         
 1262   517  18.080   1.210         
 1263   517  18.830   1.000         
 1264   517  13.690   0.720   0.130
 1265   517  18.290   1.320         
 1266   517  16.460   0.930   0.180
 1267   517  17.100   1.210         
 1268   517  19.370   1.450         
 1269   517  18.480   1.030         
 1270   517  15.980   0.910         
 1271   517  18.260   1.310         
 1272   517  18.040   1.140         
 1273   517  16.620   1.040         
 1274   517  19.540   1.290         
 1275   517  17.810   1.050         
 1276   517  18.620   1.370         
 1277   517  15.090   0.730   0.250
 1278   517  18.040   1.010         
 1279   517  19.420   1.110         
 1280   517  15.990   1.390         
 1282   517  16.300   0.910         
 1283   517  18.010   0.900         
 1284   517  19.100   1.390         
 1285   517  19.230   1.290         
 1286   517  18.990   1.460         
 1288   517  18.010   1.250         
 1289   517  16.990   0.970         
 1291   517  16.090   0.910   0.380
 1293   517  18.300   1.270         
 1294   517  15.890   0.870   0.190
 1295   517  19.090   1.270         
 1296   517  17.520   1.320         
 1297   517  18.050   1.420         
 1298   517  17.180   0.840         
 1299   517  18.210   1.710         
 1303   517  19.180   1.360         
 1304   517  18.870   1.320         
 1306   517  16.380   1.110         
 1307   517  18.700   1.000         
 1308   517  18.830   1.020         
 1309   517  14.530   0.680   0.530
 1310   517  16.140   1.010         
 1311   517  18.520   1.000         
 1312   517  17.760   1.100         
 1313   517  19.120   1.140         
 1314   517  17.390   1.010         
 1315   517  18.280   1.100         
 1316   517  18.380   1.270         
 1317   517  18.780   1.160         
 1318   517  18.260   0.990         
 1319   517  18.500   1.170         
 1322   517  15.920   0.780         
 1323   517  17.440   1.300         
 1328   517  18.190   1.130         
 1329   517  13.390   0.640   0.110
 1330   517  18.570   1.260         
 1331   517  18.300   1.200         
 1332   517  17.870   1.150         
 1333   517  18.300   1.130         
 1334   517  17.870   1.280         
 1335   517  18.000   1.180         
 1336   517  17.960   1.010         
 1337   517  19.130   1.240         
 1338   517  17.000   1.070         
 1339   517  18.150   1.130         
 1340   517  18.360   1.070         
 1341   517  17.520   1.270         
 1342   517  16.850   1.160         
 1343   517  13.280   0.430   0.440
 1344   517  18.130   1.820         
 1345   517  16.140   0.910         
 1346   517  16.850   1.240         
 1349   517  15.950   0.750         
 1352   517  19.600   1.370         
 1353   517  18.320   1.180         
 1356   517  16.290   0.870         
 1358   517  17.810   1.160         
 1359   517  17.320   1.080         
 1365   517  19.020   1.160         
 1367   517  18.800   1.140         
 1368   517  19.010   1.280         
 1369   517  18.770   1.180         
 1370   517  16.090   0.900   0.500
 1371   517  18.460   1.260         
 1372   517  18.710   1.170         
 1373   517  14.040   0.440   0.420
 1374   517  18.180   1.090         
 1375   517  19.170   1.480         
 1376   517  18.720   1.410         
 1378   517  18.110   1.750         
 1379   517  17.180   2.460         
 1380   517  16.680   1.170         
 1381   517  19.050   1.510         
 1382   517  16.780   0.890         
 1383   517  16.820   1.030         
 1384   517  17.990   1.440         
 1386   517  18.940   1.270         
 1387   517  16.810   1.000         
 1388   517  17.610   1.210         
 1389   517  18.820   1.300         
 1390   517  18.610   1.290         
 1391   517  15.990   1.260         
 1392   517  16.640   0.920         
 1395   517  15.970   1.210         
 1397   517  18.060   1.180         
 1398   517  18.950   1.340         
 1399   517  15.290   1.100   0.690
 1400   517  17.940   1.270         
 1401   517  17.390   1.170         
 1402   517  16.560   0.890         
 1403   517  18.590   1.380         
 1404   517  19.570   1.200         
 1405   517  18.570   1.250         
 1407   517  19.260   1.260         
 1408   517  15.900   0.800   0.420
 1409   517  17.180   1.040         
 1410   517  14.620   0.630   0.080
 1411   517  17.810   1.160         
 1412   517  18.400   1.220         
 1413   517  18.360   1.310         
 1414   517  18.540   1.410         
 1415   517  17.340   0.950         
 1416   517  15.840   0.870   0.360
 1419   517  16.990   1.100         
 1420   517  13.900   0.730   0.170
 1425   517  16.100   0.920   0.310
 1426   517  17.310   1.140         
 1427   517  18.650   1.470         
 1428   517  16.660   1.870         
 1430   517  18.070   1.230         
 1431   517  18.850   1.210         
 1432   517  16.470   0.900         
 1433   517  17.870   1.150         
 1435   517  14.510   0.800   0.280
 1436   517  18.260   1.260         
 1437   517  18.590   1.510         
 1440   517  16.010   0.940         
 1441   517  18.590   1.350         
 1442   517  15.660   0.810   0.310
 1443   517  17.950   1.220         
 1444   517  17.470   0.860         
 1446   517  16.910   0.910         
 1447   517  13.270   1.270   0.870
 1450   517  18.720   0.960         
 1451   517  18.500   1.110         
 1454   517  14.790   0.810   0.280
 1455   517  19.530   1.410         
 1456   517  18.870   1.730         
 1457   517  17.670   1.060         
 1458   517  18.920   1.400         
 1459   517  16.830   1.140         
 1460   517  15.620   0.800         
 1461   517  18.770   1.260         
 1463   517  15.820   0.690   0.140
 1465   517  15.910   0.990         
 1466   517  15.500   0.820   0.160
 1472   517  16.650   1.020         
 1473   517  18.360   1.020         
 1474   517  18.370   1.120         
 1475   517  18.060   1.120         
 1476   517  16.960   1.250         
 1479   517  16.730   1.110         
 1480   517  17.760   1.140         
 1481   517  18.690   1.730         
 1482   517  18.740   1.290         
 1483   517  17.820   1.460         
 1484   517  18.940   1.510         
 1486   517  17.350   1.620         
 1487   517  17.720   1.260         
 1489   517  19.380   1.160         
 1490   517  14.790   0.800   0.200
 1492   517  16.700   0.880         
 1493   517  13.060   1.280   0.960
 1494   517  15.720   0.790         
 1495   517  18.970   1.730         
 1496   517  17.800   1.010         
 1497   517  19.430   1.460         
 1498   517  16.250   0.930         
 1499   517  18.770   1.310         
 1501   517  17.790   1.210         
 1502   517  18.440   1.080         
 1503   517  19.030   1.300         
 1504   517  18.070   1.000         
 1505   517  17.110   1.220         
 1506   517  15.690   1.130         
 1507   517  17.030   0.880         
 1508   517  17.750   1.090         
 1510   517  18.400   1.070         
 1512   517  17.410   1.130         
 1517   517  17.360   1.160         
 1518   517  18.700   1.380         
 1520   517  18.060   1.440         
 1521   517  19.020   1.210         
 1522   517  18.710   1.270         
 1523   517  18.580   1.920         
 1524   517  19.480   1.230         
 1525   517  18.180   1.080         
 1527   517  19.110   0.990         
 1528   517  15.340   0.690   0.210
 1529   517  18.510   1.360         
 1530   517  17.710   1.650         
 1531   517  18.920   0.970         
 1532   517  18.800   1.690         
 1533   517  19.760   1.500         
 1535   517  18.980   1.280         
 1536   517  16.060   0.870   0.290
 1537   517  15.180   0.590   0.490
 1538   517  18.090   1.300         
 1539   517  16.460   1.360         
 1540   517  18.300   1.090         
 1542   517  16.480   1.240         
 1543   517  19.200   1.190         
 1544   517  18.300   1.450         
 1545   517  16.260   1.220         
 1546   517  18.380   1.100         
 1547   517  17.280   1.010         
 1548   517  19.110   1.080         
 1550   517  16.770   1.630         
 1551   517  18.250   1.210         
 1553   517  14.980   1.120         
 1554   517  18.200   1.150         
 1556   517  14.940   0.860   0.340
 1557   517  18.890   1.520         
 1558   517  17.460   2.030         
 1559   517  15.870   1.030         
 1560   517  17.390   1.580         
 1561   517  17.960   1.130         
 1562   517  18.560   1.340         
 1565   517  18.420   1.380         
 1566   517  18.880   1.360         
 1568   517  16.120   1.060         
 1569   517  17.580   0.930         
 1570   517  19.470   1.060         
 1572   517  17.290   1.150         
 1573   517  17.730   1.060         
 1574   517  18.760   1.220         
 1575   517  16.050   0.870   0.360
 1577   517  18.060   1.080         
 1579   517  19.180   1.070         
 1580   517  19.950   1.380         
 1581   517  16.400   0.860   0.210
 1582   517  19.200   1.300         
 1583   517  14.560   0.960   0.560
 1586   517  19.260   1.420         
 1587   517  18.600   1.230         
 1588   517  18.830   1.550         
 1589   517  17.370   0.970         
 1590   517  18.400   1.010         
 1591   517  15.180   0.780   0.300
 1592   517  18.920   1.490         
 1593   517  18.360   1.170         
 1595   517  18.220   1.130         
 1596   517  16.580   0.910   0.250
 1597   517  16.830   0.990         
 1598   517  17.630   0.960         
 1599   517  15.680   0.940   0.350
 1600   517  17.180   1.100         
 1601   517  14.760   0.790   0.280
 1602   517  17.050   1.060         
 1603   517  18.330   1.160         
 1604   517  16.360   0.980         
 1605   517  18.850   1.380         
 1606   517  17.690   1.310         
 1608   517  19.240   1.050         
 1609   517  18.800   1.300         
 1610   517  17.210   0.990         
 1611   517  14.470   0.710   0.120
 1612   517  19.500   1.200         
 1613   517  18.520   1.220         
 1614   517  17.060   1.000         
 1618   517  17.100   0.980         
 1619   517  17.250   1.130         
 1620   517  16.640   0.900         
 1621   517  18.320   1.190         
 1622   517  16.750   2.350         
 1624   517  17.250   1.020         
 1625   517  17.630   1.370         
 1626   517  16.500   1.390         
 1627   517  17.610   1.290         
 1628   517  16.060   0.840   0.220
 1629   517  17.620   1.270         
 1631   517  16.430   1.000         
 1632   517  17.230   0.980         
 1633   517  17.380   1.620         
 1634   517  18.070   1.780         
 1635   517  17.010   1.100         
 1636   517  18.930   1.500         
 1637   517  18.250   1.320         
 1639   517  16.230   0.910   0.240
 1640   517  17.040   0.970         
 1641   517  17.390   3.000         
 1645   517  15.230   1.900         
 1646   517  18.500   2.040         
 1649   517  18.190   1.160         
 1650   517  17.460   1.150         
 1652   517  15.360   0.800   0.270
 1653   517  14.760   0.830   0.170
 1654   517  17.970   1.100         
 1655   517  18.470   1.940         
 1656   517  18.810   1.510         
 1658   517  16.810   0.990         
 1659   517  16.680   0.930         
 1661   517  19.560   1.610         
 1662   517  17.880   1.060         
 1664   517  18.060   1.120         
 1665   517  16.770   0.940         
 1666   517  15.980   0.980         
 1667   517  18.510   1.100         
 1668   517  15.390   0.760   0.140
 1669   517  17.640   1.160         
 1670   517  17.660   1.640         
 1671   517  18.420   1.300         
 1672   517  18.220   1.020         
 1673   517  17.390   0.990         
 1674   517  17.580   1.250         
 1675   517  19.210   1.240         
 1676   517  17.210   1.070         
 1677   517  15.900   1.020         
 1678   517  18.150   1.190         
 1679   517  15.340   0.680   0.570
 1681   517  19.110   1.130         
 1682   517  18.910   1.180         
 1683   517  18.430   2.750         
 1684   517  18.280   1.190         
 1686   517  16.730   0.960         
 1688   517  18.170   1.140         
 1690   517  16.510   1.250         
 1691   517  17.560   1.730         
 1694   517  14.850   1.840         
 1695   517  18.460   1.160         
 1697   517  16.660   1.080         
 1698   517  16.890   1.000         
 1700   517  18.510   1.210         
 1701   517  17.990   1.080         
 1704   517  14.330   1.490   1.130
 1705   517  16.270   1.360         
 1706   517  14.480   0.500   0.420
 1707   517  17.190   1.060         
 1708   517  15.910   0.830   0.300
 1710   517  18.110   1.260         
 1713   517  17.570   1.140         
 1714   517  17.550   0.940         
 1715   517  18.610   1.280         
 1716   517  19.220   1.310         
 1717   517  17.580   3.010         
 1718   517  18.170   1.730         
 1719   517  18.460   1.290         
 1722   517  17.270   1.020         
 1723   517  16.750   1.130         
 1724   517  18.200   1.090         
 1725   517  16.510   0.950         
 1727   517  17.040   1.250         
 1728   517  16.460   0.860         
 1729   517  18.530   1.280         
 1730   517  17.110   1.040         
 1731   517  18.320   1.170         
 1733   517  19.140   1.420         
 1734   517  18.070   1.210         
 1736   517  17.920   1.140         
 1737   517  16.150   0.950   0.270
 1740   517  17.290   1.000         
 1741   517  17.200   1.460         
 1742   517  17.940   1.350         
 1743   517  15.050   0.930   0.430
 1744   517  15.880   0.850   0.180
 1746   517  18.090   1.170         
 1747   517  17.210   2.540         
 1749   517  15.600   1.230         
 1750   517  15.260   0.770   0.160
 1752   517  17.790   1.460         
 1753   517  14.110   0.630   0.080
 1754   517  18.960   1.270         
 1755   517  18.170   1.610         
 1757   517  16.860   1.050         
 1758   517  16.400   1.460         
 1759   517  17.700   0.990         
 1760   517  16.840   1.020         
 1763   517  13.370   0.600   0.090
 1764   517  14.960   0.580   0.410
 1765   517  15.120   0.580   0.540
 1766   517  18.590   1.340         
 1767   517  15.740   0.880         
 1768   517  14.100   1.460   1.020
 1769   517  17.270   1.040         
 1773   517  15.570   3.100         
 1776   517  16.750   0.970         
 1777   517  16.600   0.910         
 1778   517  18.430   1.310         
 1779   517  18.830   1.030         
 1782   517  16.320   0.890         
 1783   517  16.090   0.890         
 1784   517  15.910   0.940         
 1786   517  16.610   1.050         
 1787   517  14.050   1.540   1.260
 1788   517  15.620   1.120   0.650
 1789   517  17.360   1.250         
 1790   517  17.690   2.540         
 1791   517  14.590   0.790   0.260
 1792   517  18.460   1.200         
 1793   517  18.790   1.210         
 1794   517  18.000   1.280         
 1796   517  18.570   1.720         
 1797   517  17.140   1.080         
 1798   517  18.460   1.530         
 1801   517  18.610   1.200         
 1802   517  18.490   1.380         
 1803   517  18.030   1.160         
 1804   517  19.320   1.250         
 1805   517  17.910   1.180         
 1806   517  18.910   0.910         
 1807   517  16.150   0.800         
 1808   517  16.880   1.030         
 1809   517  17.220   0.950         
 1810   517  19.070   1.260         
 1811   517  17.140   2.580         
 1812   517  17.310   0.940         
 1814   517  17.060   1.020         
 1816   517  17.230   1.110         
 1817   517  16.390   1.050         
 1819   517  15.990   2.150         
 1820   517  15.010   0.880   0.420
 1821   517  16.940   1.420         
 1822   517  15.810   0.820   0.150
 1823   517  15.710   0.750   0.240
 1824   517  18.750   1.200         
 1826   517  17.910   1.270         
 1827   517  17.020   1.760         
 1829   517  15.680   1.050   0.470
 1831   517  14.360   0.800   0.260
 1832   517  17.530   1.230         
 1833   517  17.090   0.990         
 1835   517  17.380  -1.530         
 1836   517  18.150   1.450         
 1837   517  17.170   0.140         
 1838   517  18.830   1.430         
 1839   517  13.140   0.340  -0.180
 1840   517  17.110   1.020         
 1841   517  18.100   1.210         
 1843   517  15.790   1.240         
 1845   517  15.870   1.210         
 1847   517  16.920   0.970         
 1848   517  17.110   1.190         
 1849   517  15.660   0.810         
 1851   517  18.020   1.100         
 1852   517  15.230   0.770   0.200
 1855   517  18.070   1.550         
 1856   517  19.080   1.610         
 1857   517  17.190   1.120         
 1858   517  17.230   2.450         
 1861   517  15.760   0.900         
 1862   517  15.090   0.570   0.470
 1863   517  18.880   1.360         
 1864   517  16.370   0.870   0.170
 1865   517  18.450   1.170         
 1866   517  12.550   0.470   0.150
 1868   517  15.580   0.810   0.350
 1871   517  16.720   2.850         
 1874   517  17.980   1.230         
 1875   517  17.660   1.080         
 1877   517  18.060   1.410         
 1879   517  17.300   1.130         
 1881   517  14.790   1.260         
 1882   517  18.080   1.210         
 1883   517  18.230   1.300         
 1885   517  18.710   1.250         
 1886   517  16.980   1.270         
 1887   517  18.970   1.510         
 1888   517  19.110   1.610         
 1890   517  18.070   2.080         
 1891   517  16.730   1.000         
 1895   517  16.420   0.900         
 1896   517  18.490   1.030         
 1897   517  18.450   1.730         
 1898   517  17.570   0.960         
 1899   517  18.640   1.080         
 1900   517  17.790   2.370         
 1901   517  18.840   1.470         
 1902   517  16.980   0.930         
 1904   517  15.550   0.860   0.400
 1905   517  19.070   1.360         
 1906   517  16.550   0.960         
 1907   517  16.730   0.870         
 1908   517  17.770   0.890         
 1909   517  16.900   0.930         
 1910   517  16.670   1.000         
 1911   517  15.500   0.600   0.500
 1912   517  15.340   0.860   0.740
 1913   517  18.860   0.970         
 1914   517  17.320   1.220         
 1916   517  18.450   1.060         
 1917   517  16.650   0.900         
 1919   517  18.530   1.530         
 1921   517  16.350   1.040         
 1922   517  19.400   1.140         
 1924   517  18.470   1.400         
 1925   517  18.430   1.090         
 1926   517  17.000   1.060         
 1927   517  17.240   1.090         
 1929   517  14.960   0.710   0.080
 1930   517  16.100   0.810   0.370
 1932   517  18.660   0.810         
 1934   517  17.180   1.030         
 1936   517  17.640   1.000         
 1938   517  16.450   1.200         
 1939   517  16.060   0.910   0.230
 1940   517  14.800   0.620   0.320
 1942   517  18.860   0.980         
 1943   517  17.320   1.040         
 1944   517  17.940   1.210         
 1946   517  17.420   1.600         
 1947   517  15.460   0.850         
 1948   517  16.950   1.000         
 1949   517  16.850   1.180         
 1950   517  16.060   0.920   0.250
 1951   517  16.340   1.020         
 1952   517  18.300   0.930         
 1953   517  16.970   1.090         
 1954   517  18.380   1.080         
 1955   517  17.230   1.060         
 1956   517  19.160   1.380         
 1958   517  18.200   1.270         
 1960   517  17.890   1.160         
 1962   517  16.250   0.830   0.250
 1963   517  16.700   2.470         
 1964   517  16.890   0.980         
 1965   517  16.450   0.920         
 1966   517  15.180   0.980         
 1968   517  17.710   1.140         
 1969   517  17.100   2.540         
 1971   517  16.300   0.880         
 1972   517  14.880   0.810   0.140
 1974   517  17.930   1.570         
 1975   517  18.180   1.670         
 1976   517  17.120   1.760         
 1977   517  18.510   1.190         
 1979   517  16.390   1.350         
 1980   517  19.250   1.650         
 1981   517  16.250   1.210         
 1982   517  16.670   1.090         
 1983   517  19.020   1.490         
 1984   517  14.750   0.810   0.670
 1985   517  15.780   1.090         
 1986   517  18.910   1.180         
 1987   517  17.710   1.900         
 1990   517  16.000   0.960         
 1991   517  17.150   2.510         
 1992   517  18.610   1.350         
 1993   517  18.730   1.270         
 1994   517  18.830   1.140         
 1995   517  17.620   1.210         
 1996   517  15.010   0.800         
 1997   517  16.760   1.210         
 1998   517  18.020   1.150         
 2001   517  18.730   1.440         
 2002   517  18.620   1.170         
 2005   517  14.510   0.880   0.350
 2006   517  18.370   1.230         
 2007   517  18.180   1.250         
 2008   517  16.430   0.870   0.200
 2010   517  18.170   1.140         
 2011   517  16.350   1.400         
 2012   517  17.680   1.030         
 2013   517  14.250   2.040         
 2014   517  13.810   0.570   0.460
 2016   517  16.110   0.460         
 2018   517  17.720   2.550         
 2022   517  16.790   0.930         
 2023   517  17.400   1.250         
 2024   517  17.420   0.990         
 2026   517  16.500   1.060         
 2027   517  15.900   0.890         
 2028   517  17.880   1.420         
 2029   517  18.360   1.800         
 2030   517  15.900   0.810   0.180
 2033   517  18.090   1.340         
 2034   517  17.820   1.130         
 2035   517  15.790   0.920   0.250
 2036   517  17.940   1.330         
 2037   517  13.390   0.640   0.090
 2038   517  17.480   1.190         
 2039   517  16.980   1.280         
 2040   517  16.740   1.180         
 2041   517  18.900   1.150         
 2042   517  15.470   0.720   0.130
 2043   517  16.530   1.070         
 2044   517  16.340   1.130         
 2046   517  17.830   1.190         
 2047   517  17.000   0.980         
 2048   517  17.710   1.070         
 2049   517  16.580   0.920         
 2050   517  18.300   1.110         
 2051   517  17.550   1.150         
 2052   517  18.420   2.020         
 2053   517  15.470   1.100   0.300
 2054   517  17.240   1.160         
 2055   517  14.580   0.690         
 2056   517  17.070   1.040         
 2057   517  15.080   0.770   0.510
 2058   517  17.450   1.170         
 2059   517  17.820   1.150         
 2060   517  18.310   1.250         
 2062   517  17.660   1.050         
 2064   517  16.530   0.880         
 2065   517  18.720   1.360         
 2067   517  17.280   1.280         
 2069   517  16.480   1.120         
 2070   517  18.270   1.180         
 2071   517  18.130   1.280         
 2072   517  17.600   1.420         
 2073   517  17.540   1.230         
 2075   517  15.850   1.480         
 2076   517  18.240   1.140         
 2077   517  17.130   1.620         
 2080   517  17.250   1.590         
 2081   517  17.820   1.410         
 2083   517  18.400   1.370         
 2084   517  17.950   1.620         
 2086   517  15.740   1.040   0.250
 2087   517  17.220   1.090         
 2088   517  18.060   1.050         
 2089   517  17.080   1.020         
 2091   517  16.000   0.980         
 2092   517  17.900   1.290         
 2093   517  17.950   1.060         
 2094   517  18.360   1.300         
 2097   517  19.400   1.240         
 2098   517  18.860   1.530         
 2100   517  18.230   1.250         
 2101   517  17.530   1.340         
 2103   517  17.210   1.020         
 2104   517  17.320   1.430         
 2105   517  18.690   1.860         
 2106   517  16.010   1.240         
 2107   517  17.570   1.150         
 2108   517  15.580   0.780   0.150
 2109   517  15.510   1.030         
 2110   517  18.670   1.090         
 2111   517  16.480   0.890         
 2112   517  17.540   0.990         
 2113   517  16.620   1.850         
 2114   517  18.460   1.240         
 2115   517  18.510   1.930         
 2116   517  16.640   1.430         
 2118   517  17.590   1.170         
 2120   517  17.670   1.730         
 2121   517  16.730   1.110         
 2122   517  16.390   0.800         
 2123   517  18.050   1.090         
 2124   517  17.910   1.080         
 2126   517  16.730   1.100         
 2127   517  17.130   0.980         
 2129   517  18.340   1.140         
 2130   517  16.110   0.930         
 2131   517  16.810   0.960         
 2133   517  14.740   0.800   0.170
 2136   517  18.160  -0.180         
 2137   517  18.290   1.070         
 2138   517  16.560   1.080         
 2139   517  16.140   1.050         
 2140   517  17.380   1.100         
 2141   517  17.410   1.390         
 2143   517  17.080   2.420         
 2144   517  18.820   1.310         
 2146   517  17.390   1.160         
 2147   517  18.020   1.050         
 2148   517  16.540   1.070         
 2149   517  17.950   1.070         
 2151   517  18.310   1.220         
 2153   517  15.140   0.780   0.280
 2154   517  16.230   0.920         
 2155   517  17.310   1.090         
 2156   517  16.510   0.890         
 2157   517  18.290   1.130         
 2158   517  15.160   1.090         
 2161   517  16.950   0.880         
 2162   517  17.080   1.260         
 2163   517  18.250   1.430         
 2164   517  16.660   0.960         
 2165   517  18.010   1.200         
 2167   517  18.260   1.150         
 2168   517  16.450   0.850         
 2169   517  18.670   2.250         
 2171   517  15.100   0.620   0.480
 2172   517  17.830   1.180         
 2173   517  16.230   1.100         
 2174   517  18.260   1.180         
 2175   517  15.540   1.770         
 2177   517  16.090   2.470         
 2178   517  17.400   0.940         
 2180   517  16.840   0.980         
 2183   517  16.690   1.060         
 2185   517  16.690   0.950         
 2186   517  15.910   0.780         
 2188   517  18.190   1.340         
 2189   517  19.200   1.380         
 2190   517  18.080   1.400         
 2191   517  16.400   0.990         
 2194   517  16.060   0.980   0.300
 2196   517  15.240   1.770         
 2197   517  17.890   1.090         
 2198   517  18.160   1.600         
 2199   517  17.050   1.200         
 2200   517  17.580   0.990         
 2202   517  16.420   1.100         
 2203   517  18.790   1.230         
 2204   517  16.750   1.120         
 2206   517  16.130   0.870         
 2207   517  17.110   1.540         
 2208   517  17.090   1.150         
 2209   517  18.730   1.260         
 2210   517  17.680   1.330         
 2211   517  16.060   1.010   0.410
 2212   517  16.520   1.000         
 2213   517  17.410   0.980         
 2217   517  18.010   1.410         
 2218   517  18.140   1.990         
 2219   517  16.640   2.920         
 2220   517  14.660   1.840         
 2221   517  18.850   2.090         
 2222   517  17.410   1.250         
 2223   517  17.640   1.140         
 2225   517  17.290   1.320         
 2228   517  17.190   1.120         
 2229   517  16.930   0.810         
 2230   517  17.800   1.330         
 2231   517  18.750   1.320         
 2232   517  16.660   1.110         
 2233   517  18.170   1.400         
 2234   517  16.770   1.220         
 2235   517  18.360   1.370         
 2236   517  17.790   1.150         
 2237   517  18.180   1.230         
 2238   517  17.460   1.210         
 2239   517  14.650   0.640   0.410
 2242   517  15.570   2.710         
 2243   517  13.350   2.050         
 2244   517  11.830   1.960   1.740
 2248   517  18.990   1.370         
 2255   517  18.750   1.320         
 2256   517  18.910   1.240         
 2257   517  18.780   1.350         
 2258   517  18.460   1.140         
 2260   517  19.050   1.000         
 2261   517  18.320   1.390         
 2262   517  18.820   1.380         
 2264   517  18.880   1.260         
 2267   517  17.090   1.350         
 2270   517  19.140   1.370         
 2271   517  19.200   1.430         
 2277   517  18.400   1.330