UBV CCD observations

  No    Ref    V       B-V     U-B

 0001   336  10.480   1.200   0.980
 0002   336  11.690   1.430   1.460
 0003   336  12.590   1.460   1.470
 0004   336  12.590   1.380   1.330
 0005   336  13.130   1.070   0.530
 0006   336  13.190   1.210   0.850
 0007   336  13.250   0.660   0.120
 0008   336  13.410   1.480   1.460
 0009   336  13.470   1.360   1.400
 0010   336  13.540   1.700   1.950
 0011   336  13.910   0.700   0.170
 0012   336  14.040   0.800   0.210
 0013   336  14.540   1.240   0.950
 0014   336  14.640   0.730   0.060
 0015   336  14.710   0.770   0.080
 0016   336  14.730   0.940   0.500
 0017   336  14.890   0.790   0.110
 0018   336  14.910   0.910   0.350
 0019   336  14.910   0.960   0.320
 0020   336  15.000   0.820   0.170
 0021   336  15.060   1.070   0.590
 0022   336  15.100   0.960   0.390
 0023   336  15.160   0.680   0.060
 0024   336  15.190   0.980   0.320
 0025   336  15.350   0.840   0.180
 0026   336  15.470   0.650   0.060
 0027   336  15.560   1.240   0.840
 0028   336  15.850   1.350   1.170
 0029   336  16.080   1.260   0.940
 0030   336  16.280   0.820   0.210
 0031   336  16.380   0.820   0.150
 0032   336  16.830   1.200   0.860
 0033   336  16.860   0.850   0.170
 0034   336  16.880   0.990   0.420
 0035   336  17.030   0.920   0.260
 0036   336  17.050   0.940   0.250
 0037   336  17.060   0.940   0.320
 0038   336  17.140   1.040   0.660
 0039   336  17.200   0.900   0.220
 0040   336  17.210   0.860   0.210
 0041   336  17.250   0.820   0.110
 0042   336  17.300   0.820   0.090
 0043   336  17.440   0.830   0.160
 0044   336  17.520   1.500   1.290
 0045   336  17.710   1.110   0.560
 0046   336  17.760   0.820   0.100
 0047   336  17.770   1.020   0.340
 0048   336  18.050   1.200   0.750
 0049   336  18.100   1.050   0.510
 0050   336  18.110   1.290   0.840
 0051   336  18.110   1.000   0.340
 0052   336  18.160   1.810   1.480
 0053   336  18.190   1.410   1.220
 0054   336  18.200   0.770   0.070
 0055   336  18.260   0.740   0.120
 0056   336  18.300   0.980   0.380
 0057   336  18.370   1.390   0.930
 0058   336  18.370   0.870   0.230
 0059   336  18.380   0.830   0.030
 0060   336  18.510   0.810   0.210
 0061   336  18.520   1.000   0.150
 0062   336  18.550   1.370         
 0063   336  18.570   0.990   0.300
 0064   336  18.640   0.860   0.260
 0065   336  18.770   1.200   0.740
 0066   336  18.790   0.800   0.050
 0067   336  18.810   0.920   0.170
 0068   336  18.840   0.990   0.370
 0069   336  18.900   1.050   0.440
 0070   336  18.920   0.860   0.030
 0071   336  18.930   1.340         
 0072   336  18.990   1.010   0.580
 0073   336  19.100   1.850         
 0074   336  19.140   1.060   0.200
 0075   336  19.150   0.950   0.040
 0076   336  19.160   1.200         
 0077   336  19.180   0.850         
 0079   336  19.290   1.490         
 0080   336  19.300   0.810   0.540
 0082   336  19.390   0.970   0.550
 0083   336  19.410   0.790   0.010
 0084   336  19.420   0.850   0.050
 0085   336  19.430   0.930   0.590
 0086   336  19.430   1.350         
 0088   336  19.460   1.570         
 0089   336  19.520   0.980   0.460
 0092   336  19.540   1.160         
 0093   336  19.560   0.880         
 0094   336  19.580   1.240         
 0095   336  19.710   0.990         
 0097   336  19.880   1.440         
 0098   336  19.910   1.110   0.060
 0099   336  19.930   1.390         
 0100   336  19.950   1.320         
 0103   336  20.010   1.780         
 0105   336  20.070   0.900         
 0107   336  20.090   0.900         
 0109   336  20.090   0.640   0.720
 0111   336  20.110   0.900         
 0112   336  20.120   0.960   0.470
 0114   336  20.130   0.700         
 0118   336  20.340   0.950         
 0119   336  20.350   1.200