UBV CCD observations

  No    Ref    V       B-V     U-B

 0001   535  16.814   0.973         
 0002   535  17.727   0.898         
 0003   535  16.856   1.321         
 0004   535  16.102   0.935   1.208
 0005   535  15.900   1.053         
 0006   535  14.521   1.265   1.640
 0007   535  17.035   0.964         
 0008   535  17.733   0.971         
 0009   535  15.264   1.088   1.234
 0010   535  16.850   1.037         
 0011   535  16.278   0.957   0.573
 0012   535  16.375   1.160         
 0013   535  18.398   1.063         
 0014   535  14.548   1.053   0.949
 0015   535  19.046   1.092         
 0016   535  17.890   1.198         
 0017   535  16.086   1.422         
 0018   535  14.383   1.069   1.168
 0019   535  15.862   1.062         
 0020   535  17.187   0.941         
 0021   535  16.798   1.031         
 0022   535  16.224   1.008   1.036
 0023   535  17.054   1.167         
 0024   535  16.407   0.691   0.509
 0025   535  15.345   1.109   1.167
 0026   535  17.527   0.926         
 0027   535  17.851   1.331         
 0028   535  16.231   1.438         
 0029   535  17.496   0.955   0.005
 0030   535  18.616   0.823         
 0031   535  17.131   0.978         
 0032   535  14.194   1.241   1.416
 0033   535  17.556   1.252         
 0034   535  14.805   0.988         
 0035   535  16.138   1.285   1.484
 0036   535  15.388   0.820   0.988
 0037   535  17.251   1.441         
 0038   535  16.301   1.037         
 0039   535  18.098   0.931         
 0040   535  15.779   1.141   1.193
 0041   535  17.490   0.816         
 0042   535  18.503   1.362         
 0043   535  14.092   0.853   1.033
 0044   535  16.529   1.144         
 0045   535  14.181   0.986   1.150
 0046   535  17.140   0.919         
 0047   535  12.395   0.882   0.900
 0048   535  13.861   1.007   1.120
 0049   535  14.826   0.957   1.106
 0050   535  17.412   1.025         
 0051   535  17.393   1.200   0.475
 0052   535  16.413   0.972   0.514
 0053   535  17.632   1.258   0.119
 0054   535  13.753   1.639         
 0055   535  17.179   1.071         
 0056   535  17.275   1.082  -0.084
 0057   535  18.679   1.051         
 0058   535  16.175   1.147   1.314
 0059   535  17.517   1.042         
 0060   535  14.024   0.840         
 0061   535  16.568   0.914   0.710
 0062   535  17.963   0.678         
 0063   535  12.607   1.356   1.711
 0064   535  19.860  -0.166         
 0065   535  15.037   1.256   1.588
 0066   535  17.021   0.956         
 0067   535  17.735   0.869         
 0068   535  18.574   0.724         
 0069   535  16.522   0.891         
 0070   535  15.755   1.016   1.077
 0071   535  17.868   1.092         
 0072   535  16.616   1.257         
 0073   535  16.178   0.997   0.929
 0074   535  17.443   0.885         
 0075   535  17.524   0.911         
 0076   535  15.285   0.955   0.883
 0077   535  17.277   0.944   0.841
 0078   535  17.017   0.979         
 0079   535  16.865   0.981         
 0080   535  17.156   1.179         
 0081   535  16.461   1.195         
 0082   535  17.403   0.924         
 0083   535  18.708   0.595         
 0084   535  17.745   1.080         
 0085   535  18.513   1.006         
 0086   535  17.070   1.185         
 0087   535  17.306   1.099         
 0088   535  16.087   1.256         
 0089   535  12.928   1.494   2.219
 0090   535  16.851   1.037         
 0091   535  18.438   0.829         
 0092   535  16.183   1.045         
 0093   535  15.603   1.065   1.153
 0094   535  14.412   1.264   1.454
 0095   535  17.381   1.073         
 0096   535  16.064   1.091         
 0097   535  17.448   1.287         
 0098   535  18.596   1.144         
 0099   535  15.181   1.280   1.397
 0100   535  16.042   1.011         
 0101   535  17.348   0.903         
 0102   535  16.440   0.980   0.999
 0103   535  17.366   1.104         
 0104   535  18.662   1.511         
 0105   535  16.375   1.013         
 0106   535  16.175   1.298         
 0107   535  17.842   1.044         
 0108   535  18.101   0.945         
 0109   535  17.066   1.112         
 0110   535  16.960   1.015