UBV CCD observations

  No    Ref    V       B-V     U-B

 0001   517   9.330   0.050  -0.770
 0002   517   9.640   0.100  -0.690
 0003   517  10.290   0.080  -0.730
 0004   517  10.460   0.210   0.200
 0005   517   9.770   0.050  -0.750
 0006   517  10.890   0.160  -0.630
 0008   517  12.070   0.200  -0.300
 0009   517  13.270   0.330   0.380
 0010   517  13.160   0.270  -0.210
 0011   517  14.530   0.570  -0.100
 0012   517  12.920   0.280   0.070
 0013   517  13.750   0.530  -0.070
 0014   517  13.330   0.230  -0.280
 0015   517  15.800   1.300         
 0103   517  13.260   0.470         
 0105   517  11.300   0.860   0.380
 0106   517  12.810   0.510   0.430
 0109   517  13.900   0.470  -0.050
 0110   517  12.830   0.210   0.140
 0243   517  15.440   0.540   0.400
 0244   517  12.250   0.540  -0.080
 0246   517  16.190   0.820         
 0247   517  16.130   0.810   0.120
 0249   517  12.530   0.640  -0.010
 0251   517  14.280   1.350   0.780
 0252   517  15.250   0.770   0.170
 0253   517  15.200   0.570   0.340
 0254   517  12.780   0.250  -0.310
 0255   517  15.450   0.640   0.400
 0256   517  12.880   0.270   0.240
 0257   517  15.090   0.740   0.180
 0258   517  15.590   0.730   0.110
 0259   517  15.500   0.890   0.420
 0260   517  12.730   0.250         
 0263   517  15.820   0.860   0.240
 0264   517  14.500   0.540  -0.030
 0265   517  14.540   0.640   0.060
 0266   517  13.970   0.260  -0.030
 0267   517  15.870   1.060   0.350
 0272   517  15.920   0.670  -0.030
 0273   517  15.650   0.800   0.250
 0274   517  12.290   0.440  -0.030
 0275   517  10.590   0.460   0.010
 0276   517  15.100   0.750   0.560
 0277   517  14.190   0.520         
 0278   517  13.180   0.570   0.250
 0279   517  16.070   0.770   0.080
 0281   517  14.410   0.620   0.050
 0282   517  14.960   0.570  -0.050
 0283   517  16.220   0.890   0.450
 0284   517  13.750   0.600         
 0285   517  14.210   1.090   0.440
 0286   517  15.060   0.660   0.440
 0287   517  14.930   1.500   0.940
 0288   517  15.410   1.850   1.350
 0290   517  15.560   1.200   0.540
 0292   517  13.670   0.360   0.130
 0293   517  14.020   0.450  -0.020
 0295   517  15.900   0.680  -0.080
 0296   517  12.710   0.400  -0.080
 0297   517  15.150   0.850   0.420
 0298   517  15.170   0.970   0.510
 0299   517  15.750   0.890   0.470
 0301   517  14.670   0.720   0.170
 0303   517  16.220   0.810   0.130
 0304   517  15.740   0.680   0.100
 0305   517  15.750   1.490   0.840
 0306   517  15.550   0.960   0.590
 0307   517  15.650   0.700   0.100
 0308   517  14.670   0.600   0.080
 0309   517  15.160   1.320   0.720
 0310   517  13.480   0.510  -0.040
 0311   517  15.110   0.650   0.090
 0312   517  15.730   0.680   0.140
 0313   517  15.990   0.990   0.370
 0315   517  15.160   0.820   0.360
 0316   517  15.120   0.690   0.090
 0317   517  15.130   1.560   1.110
 0318   517  15.400   1.550   1.010
 0319   517  13.390   0.750   0.230
 0320   517  16.150   0.720   0.120
 0321   517  11.950   1.720   1.490
 0322   517  14.870   2.180         
 0323   517  15.990   0.750   0.140
 0324   517  15.980   0.830   0.310
 0325   517  14.980   0.630   0.150
 0326   517  14.260   1.880   1.640
 0328   517  14.400   0.640   0.260
 0329   517  14.850   0.400   0.230
 0330   517  15.660   0.830   0.210
 0331   517  14.820   0.610   0.070
 0332   517  10.380   0.250   0.120
 0333   517  14.740   0.670   0.240
 0334   517  14.560   1.360   0.840
 0335   517  15.250   0.600   0.560
 0337   517  14.760   0.560   0.510
 0338   517  15.670   1.400   0.810
 0339   517  15.910   0.830   0.150
 0340   517  12.580   0.450  -0.040
 0342   517  15.830   0.600  -0.060
 0343   517  14.960   0.400   0.340
 0345   517  15.540   1.420   0.750
 0346   517  16.020   0.880   0.410
 0347   517  16.120   0.650   0.110
 0348   517  15.660   0.790   0.320
 0349   517  16.030   0.770   0.130
 0350   517  13.590   0.700   0.100
 0351   517  13.970   0.600  -0.040
 1000   517  21.020   1.050         
 1001   517  20.350   1.430         
 1008   517  20.670   1.230         
 1012   517  20.860   0.820         
 1017   517  19.880   1.340         
 1018   517  20.730   0.820         
 1020   517  20.630   1.090         
 1021   517  21.000   1.150         
 1027   517  20.410   1.090         
 1028   517  19.990   1.110         
 1029   517  20.720   1.020         
 1030   517  19.080   1.350         
 1032   517  20.380   1.050         
 1035   517  20.670   1.550         
 1036   517  18.510   0.950         
 1038   517  18.410   0.720         
 1039   517  18.820   1.310         
 1041   517  20.480   1.230         
 1043   517  16.660   0.890   0.180
 1044   517  17.710   1.630         
 1045   517  19.600   1.120         
 1046   517  17.430   0.850   0.110
 1047   517  19.290   1.110         
 1048   517  17.770   1.440         
 1050   517  19.370   0.860         
 1051   517  19.820   1.100         
 1054   517  20.020   1.260         
 1055   517  20.000   1.150         
 1057   517  19.160   0.990         
 1058   517  18.530   0.640         
 1059   517  19.000   1.190         
 1061   517  19.020   0.940         
 1062   517  19.090   1.770         
 1063   517  20.820   0.940         
 1064   517  19.610   1.060         
 1067   517  19.410   1.070         
 1068   517  20.070   1.120         
 1070   517  17.210   0.970   0.100
 1071   517  19.810   0.890         
 1073   517  18.760   1.080         
 1074   517  20.630   1.640         
 1075   517  19.780   1.550         
 1076   517  19.280   0.970         
 1077   517  19.210   0.890         
 1078   517  19.890   0.960         
 1079   517  19.900   0.640         
 1081   517  18.580   1.250         
 1082   517  17.290   0.670   0.480
 1083   517  16.280   0.800   0.160
 1084   517  20.870   0.970         
 1085   517  19.640   1.220         
 1089   517  18.990   0.850         
 1091   517  20.600   1.060         
 1092   517  20.020   1.220         
 1093   517  20.110   1.140         
 1094   517  18.980   1.140         
 1095   517  19.660   1.150         
 1096   517  19.520   1.370         
 1097   517  17.940   1.100         
 1098   517  19.410   1.050         
 1099   517  20.710   1.180         
 1101   517  20.450   1.070         
 1102   517  17.390   1.530         
 1103   517  20.170   1.380         
 1104   517  19.920   1.210         
 1106   517  18.560   1.120         
 1108   517  20.680   0.780         
 1109   517  20.300   0.780         
 1110   517  20.780   1.140         
 1112   517  16.980   0.930   0.250
 1115   517  18.780   1.080         
 1117   517  16.440   1.020   0.470
 1119   517  20.000   1.440         
 1120   517  20.250   1.440         
 1123   517  19.850   1.080         
 1124   517  19.010   0.960         
 1125   517  19.180   1.100         
 1129   517  18.790   1.090         
 1130   517  18.570   1.050         
 1132   517  20.230   1.140         
 1136   517  20.540   1.080         
 1137   517  19.780   1.030         
 1138   517  18.830   1.520         
 1139   517  20.020   0.860         
 1140   517  20.230   1.000         
 1141   517  18.590   0.910         
 1144   517  17.980   1.230         
 1146   517  20.420   1.250         
 1148   517  17.200   0.910         
 1149   517  20.090   0.880         
 1152   517  20.210   1.200         
 1153   517  21.120   0.910         
 1154   517  20.360   1.160         
 1155   517  20.540   1.120         
 1156   517  20.170   1.210         
 1157   517  20.240   1.060         
 1158   517  16.730   2.040         
 1159   517  20.250   0.960         
 1160   517  19.750   1.350         
 1161   517  16.340   0.720   0.110
 1162   517  19.440   1.130         
 1163   517  20.400   1.560         
 1165   517  20.600   1.010         
 1166   517  18.610   1.110         
 1167   517  19.470   1.140         
 1168   517  19.800   1.480         
 1169   517  20.680   0.970         
 1170   517  16.170   0.730   0.140
 1172   517  18.710   1.080         
 1173   517  18.670   1.480         
 1174   517  19.640   1.030         
 1175   517  19.770   0.920         
 1176   517  19.750   1.110         
 1177   517  19.290   1.220         
 1178   517  19.560   1.760         
 1179   517  16.640   0.910   0.230
 1180   517  19.210   1.150         
 1181   517  19.690   1.010         
 1183   517  19.970   1.050         
 1184   517  20.550   1.580         
 1185   517  19.550   1.180         
 1186   517  21.020   1.130         
 1187   517  18.170   1.570         
 1188   517  20.460   1.470         
 1191   517  19.860   1.300         
 1193   517  19.940   1.060         
 1194   517  17.750   1.520         
 1197   517  21.270   1.060         
 1198   517  20.300   1.150         
 1199   517  17.270   0.930   0.320
 1200   517  19.450   1.430         
 1202   517  20.560   1.120         
 1203   517  19.350   1.090         
 1204   517  20.170   0.950         
 1206   517  20.220   1.320         
 1208   517  20.590   1.070         
 1210   517  19.980   1.570         
 1211   517  19.090   1.100         
 1212   517  19.630   0.940         
 1213   517  20.630   1.400         
 1214   517  16.490   1.090   0.870
 1215   517  18.930   0.960         
 1217   517  16.480   0.680   0.120
 1218   517  20.510   0.960         
 1220   517  18.770   1.240         
 1221   517  18.990   1.230         
 1223   517  20.630   1.010         
 1224   517  17.360   1.150   0.440
 1225   517  19.780   0.970         
 1226   517  20.470   1.340         
 1227   517  20.560   1.130         
 1228   517  20.220   1.130         
 1229   517  16.920   0.930   0.570
 1230   517  20.160   1.420         
 1232   517  18.560   0.910         
 1233   517  19.910   0.810         
 1234   517  19.070   1.250         
 1236   517  20.710   1.430         
 1237   517  16.670   0.940   0.240
 1238   517  17.250   0.970   0.450
 1240   517  19.620   0.980         
 1241   517  20.490   0.710         
 1242   517  20.210   1.080         
 1245   517  20.230   1.000         
 1246   517  17.810   1.060   0.400
 1248   517  20.970   1.070         
 1249   517  20.070   1.000         
 1250   517  17.240   0.880   0.150
 1251   517  18.100   0.910         
 1254   517  17.520   1.120         
 1256   517  19.790   1.040         
 1258   517  19.910   1.460         
 1259   517  19.090   1.180         
 1260   517  19.670   1.270         
 1262   517  19.700   1.270         
 1264   517  21.230   0.810         
 1265   517  18.720   0.910         
 1266   517  20.430   0.970         
 1267   517  21.280   0.600         
 1268   517  19.660   0.960         
 1269   517  18.530   1.210         
 1270   517  19.880   1.200         
 1273   517  19.560   0.750         
 1275   517  20.350   0.890         
 1280   517  19.000   0.650         
 1282   517  20.080   1.020         
 1283   517  19.880   1.280         
 1284   517  20.320   0.920         
 1285   517  16.910   0.910   0.130
 1286   517  13.460   0.190  -0.130
 1287   517  16.620   0.770   0.320
 1288   517  20.150   0.940         
 1289   517  16.580   1.030   0.300
 1290   517  17.790   1.360         
 1291   517  16.320   0.430  -0.230
 1292   517  20.530   1.130         
 1294   517  17.940   0.640         
 1295   517  20.810   0.740         
 1297   517  18.950   0.830         
 1298   517  18.760   0.720         
 1300   517  19.110   1.020         
 1301   517  19.880   0.980         
 1302   517  19.720   0.980         
 1303   517  16.710   1.130         
 1304   517  16.940   0.860   0.240
 1305   517  19.110   0.990         
 1306   517  19.840   1.180         
 1308   517  19.820   1.320         
 1309   517  20.730   1.170         
 1314   517  19.480   1.210         
 1315   517  19.390   0.850         
 1316   517  19.980   1.070         
 1317   517  20.980   1.430         
 1318   517  20.680   0.830         
 1319   517  19.240   1.470         
 1320   517  20.020   0.850         
 1321   517  19.990   1.390         
 1322   517  19.730   1.500         
 1323   517  19.820   0.620         
 1324   517  16.130   1.310   0.690
 1325   517  19.210   0.870         
 1326   517  20.160   1.390         
 1327   517  19.440   1.400         
 1328   517  20.050   1.140         
 1329   517  17.150   1.030   0.310
 1331   517  19.940   0.890         
 1332   517  19.170   0.960         
 1333   517  19.790   1.140         
 1334   517  19.890   1.290         
 1335   517  20.970   0.880         
 1336   517  20.110   0.720         
 1339   517  20.690   1.000         
 1341   517  20.110   1.070         
 1342   517  19.580   1.100         
 1344   517  17.650   0.900   0.270
 1345   517  20.020   1.040         
 1347   517  20.400   1.060         
 1348   517  17.350   0.930   0.110
 1349   517  20.610   1.210         
 1350   517  20.230   1.640         
 1351   517  16.130   1.170   0.470
 1354   517  17.610   0.990   0.470
 1355   517  18.550   1.130         
 1357   517  20.700   1.100         
 1358   517  20.760   0.880         
 1360   517  20.920   0.950         
 1362   517  18.790   1.060         
 1363   517  20.250   1.460         
 1366   517  19.990   1.020         
 1367   517  20.840   1.240         
 1369   517  20.530   0.840         
 1370   517  19.680   0.900         
 1371   517  20.910   0.870         
 1372   517  19.720   1.250         
 1374   517  19.760   0.850         
 1375   517  19.620   0.910         
 1376   517  20.730   1.180         
 1377   517  17.110   0.780   0.340
 1378   517  20.030   1.040         
 1379   517  20.780   1.250         
 1380   517  19.170   1.080         
 1382   517  19.280   0.740         
 1383   517  20.740   1.380         
 1384   517  19.610   1.100         
 1385   517  16.640   0.840   0.330
 1388   517  19.820   1.000         
 1389   517  20.450   0.940         
 1391   517  20.450   0.850         
 1393   517  20.180   0.960         
 1394   517  16.800   0.850         
 1395   517  19.750   0.910         
 1396   517  19.500   0.810         
 1397   517  19.740   1.090         
 1398   517  18.620   0.680         
 1399   517  16.100   0.810   0.150
 1401   517  20.350   1.640         
 1403   517  19.120   1.540         
 1404   517  19.680   1.230         
 1405   517  19.390   0.850         
 1406   517  20.210   1.220         
 1407   517  20.110   1.100         
 1410   517  20.010   1.650         
 1411   517  19.630   0.880         
 1412   517  20.040   0.930         
 1413   517  19.730   0.950         
 1414   517  20.540   1.340         
 1415   517  19.660   1.030         
 1416   517  19.980   0.800         
 1417   517  20.290   0.890         
 1418   517  18.210   1.040         
 1419   517  20.340   1.360         
 1420   517  19.410   1.340         
 1423   517  19.710   1.070         
 1424   517  19.810   1.500         
 1425   517  19.820   1.010         
 1426   517  20.530   1.170         
 1427   517  19.020   1.200         
 1428   517  18.820   1.400         
 1430   517  19.420   0.980         
 1431   517  20.270   1.270         
 1432   517  17.900   0.700   0.360
 1433   517  20.370   1.170         
 1434   517  16.930   1.020   0.240
 1438   517  18.790   1.120         
 1439   517  19.830   1.360         
 1440   517  19.210   1.100         
 1441   517  18.840   1.110         
 1443   517  16.950   0.510   0.100
 1444   517  20.290   1.030         
 1445   517  20.100   1.040         
 1446   517  20.800   1.010         
 1447   517  16.560   0.830   0.120
 1448   517  19.900   1.050         
 1450   517  19.610   1.290         
 1451   517  19.730   1.250         
 1452   517  16.860   0.930         
 1453   517  20.710   1.130         
 1454   517  19.160   1.240         
 1455   517  19.410   1.260         
 1456   517  19.540   1.340         
 1458   517  19.450   0.880         
 1460   517  19.700   0.960         
 1461   517  20.030   1.250         
 1462   517  19.920   1.220         
 1463   517  19.890   1.230         
 1464   517  20.530   1.130         
 1466   517  19.120   0.970         
 1467   517  20.400   1.550         
 1468   517  20.470   1.010         
 1469   517  19.350   1.190         
 1470   517  19.970   1.060         
 1471   517  19.830   1.390         
 1472   517  18.190   0.760         
 1473   517  19.530   0.980         
 1475   517  19.400   1.310         
 1476   517  16.850   0.800   0.470
 1477   517  20.330   0.960         
 1478   517  19.550   0.900         
 1479   517  16.180   0.780   0.290
 1480   517  20.260   1.180         
 1481   517  20.820   1.050         
 1483   517  18.040   0.550         
 1484   517  17.220   0.940         
 1485   517  17.650   1.480         
 1486   517  19.830   1.140         
 1487   517  17.010   0.890   0.200
 1488   517  20.610   1.510         
 1491   517  16.650   0.750   0.150
 1493   517  20.700   0.730         
 1494   517  20.200   1.270         
 1496   517  19.970   0.990         
 1497   517  17.890   1.250         
 1498   517  20.820   1.370         
 1499   517  19.240   1.140         
 1501   517  19.920   0.930         
 1502   517  19.380   1.210         
 1504   517  19.830   0.890         
 1505   517  17.970   0.910         
 1506   517  16.740   1.000   0.260
 1507   517  19.680   1.120         
 1508   517  17.570   0.700   0.480
 1509   517  18.300   1.010         
 1511   517  17.690   1.130         
 1513   517  19.610   1.660         
 1514   517  19.380   1.060         
 1515   517  18.360   1.160         
 1520   517  20.250   1.500         
 1523   517  19.380   1.230         
 1524   517  16.290   0.810   0.050
 1525   517  20.500   1.410         
 1526   517  20.140   1.180         
 1527   517  19.500   0.960         
 1529   517  20.050   1.040         
 1530   517  19.790   1.270         
 1531   517  19.690   1.120         
 1533   517  20.260   0.920         
 1534   517  15.230   0.750   0.160
 1535   517  20.090   0.980         
 1540   517  17.030   0.480   0.150
 1541   517  16.740   1.030   0.340
 1542   517  19.440   0.950         
 1543   517  19.650   1.350         
 1544   517  18.270   1.040         
 1546   517  18.750   1.000         
 1547   517  17.910   1.000   0.160
 1548   517  19.260   1.190         
 1549   517  17.390   0.940         
 1550   517  20.220   1.100         
 1551   517  19.490   0.920         
 1552   517  16.470   0.900   0.340
 1553   517  20.350   0.990         
 1554   517  21.050   0.970         
 1557   517  17.760   1.130         
 1558   517  18.180   1.310         
 1559   517  20.060   1.530         
 1560   517  19.530   1.320         
 1561   517  20.200   1.010         
 1562   517  20.250   1.000         
 1564   517  20.150   1.420         
 1566   517  18.040   1.050         
 1568   517  19.980   1.430         
 1569   517  20.530   1.000         
 1571   517  18.610   0.680         
 1573   517  18.910   0.980         
 1574   517  20.400   1.120         
 1575   517  20.990   1.240         
 1576   517  18.440   0.770         
 1577   517  19.830   1.090         
 1578   517  19.200   0.770         
 1579   517  19.290   0.730         
 1580   517  19.720   0.620         
 1582   517  18.380   1.100         
 1583   517  20.420   1.420         
 1585   517  19.240   0.890         
 1586   517  17.280   0.890   0.380
 1587   517  18.750   1.140         
 1588   517  17.900   1.260         
 1589   517  18.570   1.150         
 1591   517  17.870   1.250         
 1594   517  18.590   1.030         
 1595   517  18.920   1.510         
 1597   517  19.860   1.030         
 1598   517  18.910   1.010         
 1599   517  20.460   0.980         
 1600   517  20.760   1.330         
 1601   517  16.640   0.810   0.140
 1602   517  16.510   0.830         
 1603   517  17.710   1.450         
 1604   517  18.920   1.400         
 1605   517  19.280   1.220         
 1606   517  16.200   0.760   0.110
 1608   517  19.200   1.430         
 1609   517  18.890   1.180         
 1612   517  20.130   1.210         
 1613   517  19.400   1.150         
 1614   517  18.060   1.650         
 1615   517  19.360   1.290         
 1616   517  21.160   0.730         
 1617   517  18.430   1.120         
 1619   517  18.770   1.040         
 1620   517  20.480   0.730         
 1621   517  19.490   1.290         
 1622   517  19.450   0.980         
 1624   517  16.700   0.610   0.230
 1625   517  18.880   0.910         
 1626   517  19.880   1.120         
 1628   517  20.970   1.020         
 1629   517  16.920   0.820   0.180
 1630   517  17.600   0.970   0.330
 1631   517  20.280   1.120         
 1632   517  16.520   1.010   0.610
 1633   517  20.460   1.030         
 1634   517  19.120   1.130         
 1635   517  19.480   1.250         
 1636   517  20.490   1.020         
 1637   517  19.080   0.960         
 1638   517  19.840   0.950         
 1639   517  18.380   0.790         
 1640   517  17.820   1.110         
 1641   517  18.930   1.110         
 1642   517  18.750   1.270         
 1643   517  20.150   1.150         
 1644   517  19.230   1.270         
 1645   517  16.720   0.870   0.380
 1646   517  20.650   1.110         
 1647   517  19.790   1.120         
 1648   517  19.630   1.040         
 1650   517  18.740   1.050         
 1651   517  19.330   0.780         
 1653   517  19.190   1.400         
 1655   517  18.620   0.990         
 1656   517  18.140   1.030   0.280
 1657   517  18.570   1.620         
 1658   517  17.020   0.840   0.500
 1659   517  19.570   0.700         
 1660   517  17.700   0.840         
 1661   517  18.180   0.760         
 1663   517  17.220   0.810   0.180
 1664   517  18.010   1.070         
 1665   517  17.960   1.000         
 1666   517  16.480   0.990   0.380
 1667   517  17.390   0.980         
 1668   517  19.460   0.960         
 1669   517  20.090   1.360         
 1670   517  18.950   1.590         
 1671   517  16.600   0.830   0.150
 1672   517  19.360   1.460         
 1673   517  18.340   1.020         
 1674   517  20.120   1.470         
 1675   517  20.150   1.180         
 1676   517  18.290   0.620         
 1677   517  18.120   0.940   0.230
 1678   517  19.490   1.130         
 1679   517  19.950   1.250         
 1680   517  19.530   1.070         
 1681   517  19.200   1.260         
 1682   517  19.110   1.150         
 1683   517  17.350   0.940   0.470
 1684   517  18.850   1.140         
 1685   517  19.240   0.970         
 1686   517  20.050   1.560         
 1687   517  19.970   1.000         
 1688   517  19.230   0.810         
 1689   517  18.940   1.250         
 1690   517  19.200   0.770         
 1691   517  18.410   1.110         
 1692   517  19.340   1.060         
 1693   517  20.870   1.160         
 1694   517  18.730   1.060         
 1695   517  19.330   1.230         
 1696   517  19.480   1.140         
 1697   517  18.300   0.830         
 1699   517  19.330   0.970         
 1700   517  17.420   1.460         
 1701   517  17.860   1.430         
 1702   517  19.720   1.000         
 1703   517  18.320   0.990         
 1704   517  19.220   1.060         
 1705   517  19.760   1.000         
 1706   517  19.940   0.960         
 1707   517  19.040   1.600         
 1710   517  18.440   1.280         
 1711   517  19.910   0.780         
 1712   517  19.150   1.540         
 1713   517  18.640   0.690         
 1714   517  17.490   0.710   0.450
 1715   517  19.780   1.160         
 1717   517  18.320   0.990         
 1718   517  19.370   1.520         
 1720   517  19.720   1.180         
 1721   517  16.830   1.590         
 1723   517  20.520   1.310         
 1724   517  20.120   1.090         
 1725   517  20.040   1.230         
 1726   517  18.560   1.050         
 1728   517  18.340   1.480         
 1729   517  18.140   1.000         
 1730   517  18.400   1.130         
 1731   517  19.570   1.280         
 1732   517  19.700   1.480         
 1733   517  19.810   1.470         
 1734   517  20.020   1.330         
 1735   517  20.610   1.140         
 1736   517  17.830   1.340         
 1737   517  19.230   1.150         
 1738   517  20.000   1.380         
 1740   517  18.330   0.780         
 1741   517  18.820   1.040         
 1742   517  17.030   0.830         
 1743   517  18.430   1.210         
 1745   517  20.970   1.190         
 1747   517  19.190   1.410         
 1748   517  20.010   1.650         
 1749   517  19.570   0.810         
 1750   517  15.720   1.750   1.220
 1751   517  18.820   1.300         
 1752   517  18.170   1.450         
 1753   517  20.030   1.370         
 1754   517  20.080   1.450         
 1755   517  17.050   0.980   0.270
 1756   517  18.870   1.060         
 1757   517  19.340   1.030         
 1758   517  19.150   1.030         
 1759   517  16.860   0.880         
 1760   517  17.580   0.920   0.190
 1761   517  18.350   1.290         
 1762   517  17.640   0.910   0.260
 1763   517  18.630   0.990         
 1764   517  19.800   1.250         
 1765   517  16.710   0.910   0.290
 1766   517  17.230   0.860         
 1767   517  17.700   1.150   0.550
 1768   517  18.550   1.310         
 1770   517  18.880   0.910         
 1771   517  19.840   1.060         
 1772   517  17.300   0.800   0.100
 1774   517  20.580   1.020         
 1775   517  19.070   1.070         
 1776   517  18.090   1.310         
 1777   517  20.120   1.230         
 1778   517  17.720   1.580         
 1779   517  18.300   0.970   0.120
 1780   517  19.500   0.930         
 1781   517  19.490   1.580         
 1782   517  16.230   1.270   0.890
 1783   517  18.650   0.900         
 1784   517  19.920   2.000         
 1785   517  16.290   0.510   0.390
 1787   517  18.360   0.950         
 1788   517  19.520   1.450         
 1789   517  20.680   1.290         
 1790   517  19.070   1.070         
 1791   517  19.500   0.740         
 1792   517  19.500   0.710         
 1793   517  17.320   0.830         
 1794   517  19.610   0.740         
 1795   517  19.760   0.870         
 1796   517  18.370   1.090         
 1797   517  19.590   0.770         
 1798   517  19.870   1.100         
 1799   517  16.730   0.940   0.220
 1800   517  18.340   1.080         
 1801   517  18.800   1.330         
 1803   517  18.530   0.770         
 1804   517  19.640   1.290         
 1805   517  18.660   1.060         
 1806   517  19.560   1.260         
 1807   517  16.340   0.910   0.170
 1809   517  20.110   0.810         
 1810   517  19.990   0.960         
 1812   517  20.050   1.190         
 1813   517  18.050   1.030         
 1814   517  18.970   1.210         
 1815   517  20.330   1.230         
 1816   517  20.420   1.350         
 1817   517  17.230   0.970   0.330
 1818   517  18.540   1.130         
 1819   517  18.720   1.080         
 1820   517  19.280   0.830         
 1821   517  20.200   0.970         
 1822   517  18.430   0.620         
 1823   517  19.670   1.490         
 1824   517  19.250   1.090         
 1825   517  19.180   1.150         
 1826   517  16.930   1.180   0.490
 1828   517  20.350   1.220         
 1829   517  19.800   1.570         
 1831   517  16.390   0.560         
 1832   517  16.270   0.600         
 1833   517  19.960   1.720         
 1834   517  19.960   1.670         
 1836   517  19.950   1.610         
 1837   517  18.760   1.050         
 1838   517  18.680   0.990         
 1840   517  19.510   1.630         
 1841   517  19.350   1.340         
 1842   517  19.420   0.910         
 1843   517  18.430   0.870         
 1844   517  19.080   1.080         
 1846   517  16.450   0.940   0.520
 1847   517  20.120   0.950         
 1850   517  19.790   0.830         
 1851   517  19.580   0.930         
 1853   517  19.780   1.250         
 1855   517  19.280   0.980         
 1856   517  18.160   1.070         
 1859   517  18.680   1.320         
 1860   517  18.950   1.490         
 1861   517  18.140   1.590         
 1862   517  18.270   0.860         
 1864   517  18.890   0.840         
 1865   517  17.150   0.780   0.080
 1866   517  20.060   1.070         
 1867   517  18.420   1.490         
 1868   517  18.210   1.280         
 1869   517  19.150   1.350         
 1872   517  19.630   0.980         
 1873   517  18.040   0.850         
 1874   517  20.280   0.810         
 1875   517  18.580   1.180         
 1876   517  19.110   1.190         
 1878   517  19.690   1.040         
 1880   517  18.980   1.040         
 1881   517  19.630   1.360         
 1884   517  17.950   1.460         
 1885   517  19.130   0.980         
 1886   517  18.000   1.160         
 1887   517  19.930   1.160         
 1888   517  20.730   0.900         
 1889   517  17.750   0.860         
 1891   517  17.660   1.270         
 1892   517  20.620   1.300         
 1893   517  20.690   1.320         
 1894   517  18.710   0.690         
 1895   517  18.930   1.150         
 1896   517  16.950   0.850   0.300
 1897   517  17.230   0.610         
 1898   517  18.560   1.320         
 1899   517  19.000   1.140         
 1900   517  17.800   1.050         
 1901   517  19.630   0.910         
 1902   517  16.790   0.820   0.270
 1903   517  17.620   1.330         
 1905   517  19.010   1.330         
 1906   517  18.090   0.880  -0.190
 1907   517  16.630   0.540         
 1908   517  18.360   1.210         
 1910   517  18.690   1.130         
 1911   517  18.200   0.990         
 1914   517  18.480   0.860         
 1915   517  19.430   1.290         
 1916   517  19.520   1.330         
 1917   517  19.630   1.470         
 1918   517  20.120   0.920         
 1919   517  20.320   1.150         
 1920   517  19.710   1.180         
 1921   517  17.110   0.890   0.200
 1922   517  19.340   1.460         
 1924   517  19.670   1.190         
 1925   517  17.600   1.110         
 1926   517  17.250   1.030   0.490
 1928   517  19.640   0.950         
 1929   517  17.570   1.130         
 1931   517  18.510   0.870         
 1932   517  19.670   1.010         
 1934   517  20.600   0.750         
 1935   517  20.350   1.100         
 1936   517  17.940   0.780   0.480
 1937   517  17.270   1.040         
 1938   517  18.420   0.930         
 1939   517  19.670   0.860         
 1940   517  20.480   0.900         
 1944   517  19.750   1.480         
 1946   517  17.700   1.380         
 1947   517  17.010   0.860   0.560
 1948   517  16.830   0.870   0.310
 1949   517  16.940   1.670         
 1950   517  19.610   1.690         
 1952   517  20.610   1.170         
 1953   517  19.050   0.930         
 1954   517  19.220   1.450         
 1955   517  18.270   0.650         
 1956   517  20.360   1.110         
 1957   517  18.360   1.660         
 1959   517  18.760   0.980         
 1960   517  19.660   1.100         
 1961   517  18.690   1.060         
 1963   517  20.010   1.640         
 1964   517  19.410   1.490         
 1965   517  19.780   0.990         
 1966   517  18.820   0.740         
 1967   517  18.000   0.820         
 1968   517  17.580   0.830   0.340
 1969   517  18.510   1.380         
 1970   517  19.990   1.300         
 1971   517  19.510   0.990         
 1972   517  19.430   0.980         
 1973   517  19.300   0.940         
 1974   517  19.660   1.300         
 1975   517  20.650   1.130         
 1976   517  18.680   0.770         
 1978   517  20.680   0.890         
 1979   517  17.040   1.510         
 1980   517  17.080   0.480   0.350
 1981   517  19.130   1.820         
 1983   517  17.260   0.970   0.220
 1984   517  18.150   0.900         
 1986   517  18.410   1.310         
 1988   517  19.370   0.910         
 1989   517  18.910   0.660         
 1990   517  17.910   1.170         
 1991   517  19.540   1.390         
 1992   517  19.150   1.030         
 1995   517  19.190   0.980         
 1996   517  19.070   1.060         
 1997   517  18.700   1.140         
 1998   517  17.790   0.780   0.470
 1999   517  17.800   1.060   0.360
 2000   517  19.430   1.060         
 2001   517  17.910   0.970   0.320
 2003   517  19.620   1.340         
 2004   517  19.260   1.180         
 2005   517  18.790   0.950         
 2006   517  20.060   0.990         
 2007   517  17.350   0.600   0.450
 2008   517  20.290   0.900         
 2009   517  18.200   1.180         
 2010   517  20.420   0.930         
 2011   517  19.490   1.020         
 2012   517  16.240   0.820   0.160
 2013   517  19.340   1.260         
 2014   517  18.610   0.800         
 2015   517  19.560   1.720         
 2016   517  19.470   1.100         
 2018   517  18.740   0.740         
 2020   517  18.540   1.150         
 2021   517  20.400   1.180         
 2022   517  16.130   1.050   0.380
 2023   517  19.270   1.490         
 2025   517  16.990   0.810   0.230
 2026   517  17.930   0.980   0.180
 2027   517  19.330   1.160         
 2028   517  18.870   1.590         
 2029   517  18.850   1.150         
 2030   517  19.560   1.150         
 2031   517  19.970   1.470         
 2032   517  18.570   0.940         
 2033   517  19.200   1.070         
 2034   517  17.810   0.920         
 2035   517  19.900   1.060         
 2036   517  18.110   0.970   0.160
 2038   517  19.960   1.470         
 2039   517  19.940   1.160         
 2040   517  18.530   0.980         
 2042   517  20.320   0.950         
 2043   517  19.540   1.410         
 2044   517  17.190   1.410   0.640
 2045   517  18.270   0.900         
 2046   517  20.530   1.110         
 2047   517  20.190   0.900         
 2048   517  17.190   0.990         
 2049   517  19.720   1.040         
 2050   517  19.110   1.140         
 2051   517  19.730   0.900         
 2052   517  19.290   0.760         
 2054   517  19.570   1.270         
 2055   517  19.200   1.190         
 2056   517  18.530   0.990  -0.040
 2057   517  18.060   0.690   0.530
 2058   517  17.520   0.970         
 2059   517  20.030   1.130         
 2060   517  16.740   0.990   0.210
 2061   517  19.850   1.230         
 2062   517  18.150   0.890   0.280
 2063   517  16.850   0.780   0.570
 2065   517  19.300   1.000         
 2066   517  20.470   1.190         
 2067   517  15.460   0.820   0.320
 2068   517  19.690   1.120         
 2070   517  20.290   1.260         
 2071   517  20.420   1.180         
 2072   517  16.910   0.960   0.300
 2074   517  20.580   1.650         
 2075   517  16.830   0.750   0.560
 2076   517  18.170   0.610         
 2077   517  16.490   0.850   0.390
 2078   517  19.720   1.230         
 2079   517  20.100   1.260         
 2080   517  18.880   1.310         
 2081   517  18.110   0.750         
 2082   517  20.270   1.150         
 2084   517  20.530   1.640         
 2085   517  19.320   1.830         
 2087   517  17.660   1.000         
 2088   517  20.220   1.660         
 2090   517  16.250   0.550   0.460
 2091   517  17.400   0.890   0.090
 2093   517  19.120   1.180         
 2095   517  18.370   0.950   0.160
 2096   517  16.740   0.840   0.120
 2097   517  19.440   1.100         
 2098   517  20.300   1.190         
 2100   517  18.940   0.960         
 2101   517  18.580   1.210         
 2102   517  17.910   0.950         
 2104   517  18.140   0.770         
 2105   517  16.120   1.050   0.680
 2106   517  20.190   1.270         
 2107   517  17.090   0.960   0.220
 2108   517  18.830   0.960         
 2109   517  19.880   1.250         
 2110   517  17.900   1.120   0.370
 2111   517  16.120   1.540   0.880
 2112   517  19.700   1.310         
 2113   517  17.790   0.960         
 2114   517  20.160   1.110         
 2115   517  19.450   1.040         
 2116   517  18.690   1.830         
 2119   517  20.530   1.060         
 2120   517  18.220   1.000   0.140
 2122   517  20.110   1.110         
 2123   517  19.400   0.980         
 2124   517  19.530   1.040         
 2125   517  18.760   1.390         
 2126   517  19.940   0.990         
 2127   517  20.870   0.680         
 2128   517  18.830   0.940         
 2129   517  20.430   1.460         
 2130   517  17.540   0.970         
 2131   517  19.500   1.160         
 2132   517  17.250   1.390         
 2133   517  18.440   0.910         
 2134   517  16.760   1.050   0.410
 2135   517  17.760   1.170         
 2136   517  16.930   0.990   0.690
 2137   517  17.060   1.490         
 2138   517  18.610   1.220         
 2139   517  19.160   0.980         
 2140   517  19.810   1.140         
 2141   517  20.500   0.980         
 2142   517  19.660   1.460         
 2143   517  19.800   1.030         
 2144   517  19.060   1.430         
 2145   517  19.080   1.160         
 2147   517  17.790   1.360         
 2148   517  17.390   1.490         
 2149   517  18.930   1.560         
 2151   517  20.020   1.140         
 2152   517  19.090   1.070         
 2153   517  20.120   1.220         
 2154   517  18.760   0.990         
 2155   517  19.050   0.970         
 2156   517  19.970   1.350         
 2157   517  18.890   1.250         
 2158   517  19.060   1.270         
 2159   517  18.070   1.520         
 2160   517  18.410   1.140         
 2161   517  20.300   1.210         
 2162   517  20.220   1.560         
 2163   517  19.750   1.440         
 2164   517  18.870   0.940         
 2165   517  19.120   1.010         
 2166   517  16.330   1.410   0.730
 2167   517  17.120   1.080   0.790
 2168   517  17.420   1.130   0.400
 2169   517  16.300   1.700         
 2170   517  17.590   1.080   0.410
 2171   517  19.030   1.110         
 2172   517  17.400   1.030   0.180
 2173   517  18.570   1.100         
 2175   517  18.720   1.080         
 2176   517  18.900   1.210         
 2179   517  19.970   1.460         
 2180   517  19.350   1.010         
 2181   517  18.930   1.220         
 2182   517  19.700   1.140         
 2183   517  19.730   1.500         
 2184   517  17.700   0.650         
 2185   517  19.860   0.820         
 2186   517  18.390   0.960         
 2187   517  17.810   0.980   0.270
 2188   517  17.700   1.200         
 2189   517  20.410   1.450         
 2190   517  20.240   1.040         
 2191   517  17.800   0.820         
 2192   517  18.980   1.310         
 2193   517  20.530   1.070         
 2194   517  18.360   1.520         
 2195   517  17.990   1.020         
 2196   517  18.370   1.370         
 2197   517  16.950   0.820         
 2198   517  18.610   1.430         
 2199   517  18.680   1.080         
 2200   517  18.440   1.100         
 2201   517  19.270   1.150         
 2202   517  17.120   1.660         
 2204   517  19.560   1.400         
 2205   517  17.630   0.990         
 2206   517  16.890   0.960   0.200
 2207   517  19.100   1.020         
 2208   517  17.150   0.920   0.600
 2209   517  19.680   1.050         
 2210   517  18.140   1.050         
 2211   517  18.650   1.290         
 2212   517  18.810   1.390         
 2213   517  18.150   1.020         
 2214   517  17.430   0.940   0.360
 2215   517  18.720   1.100         
 2216   517  18.730   1.590         
 2217   517  18.490   1.030         
 2218   517  17.650   1.160         
 2219   517  18.180   0.980         
 2220   517  17.180   1.000   0.670
 2221   517  19.180   0.890         
 2222   517  18.540   1.030         
 2223   517  16.250   1.110   0.860
 2224   517  19.620   1.410         
 2225   517  19.980   0.830         
 2226   517  17.580   1.190         
 2227   517  18.470   0.840         
 2228   517  17.620   0.960   0.330
 2229   517  18.310   0.850         
 2231   517  18.570   0.710         
 2232   517  16.560   0.860   0.320
 2233   517  17.400   0.860   0.240
 2234   517  18.110   1.020         
 2235   517  17.700   1.270         
 2236   517  18.540   1.140         
 2237   517  19.410   1.260         
 2238   517  18.860   1.000         
 2239   517  18.930   1.060         
 2240   517  18.390   1.160         
 2241   517  18.090   0.640   0.520
 2242   517  20.640   1.410         
 2244   517  17.550   1.160         
 2245   517  17.910   0.880   0.220
 2246   517  17.960   0.790   0.230
 2247   517  18.640   1.100         
 2248   517  18.590   0.930         
 2249   517  19.180   1.100         
 2250   517  19.430   1.860         
 2251   517  20.000   1.590         
 2253   517  19.560   0.900         
 2254   517  16.340   1.170   0.540
 2255   517  18.050   0.810         
 2256   517  18.610   1.090         
 2258   517  19.750   1.260         
 2259   517  18.510   1.420         
 2260   517  18.690   0.840         
 2261   517  19.750   1.070         
 2262   517  14.110   0.280   0.240
 2263   517  18.880   0.910         
 2264   517  18.600   1.050         
 2266   517  15.970   1.050   0.590
 2267   517  16.760   0.790   0.120
 2268   517  16.090   0.760   0.170
 2269   517  18.580   1.020         
 2270   517  19.100   0.900         
 2271   517  18.740   1.130         
 2272   517  16.290   0.810   0.190
 2273   517  19.960   1.350         
 2274   517  17.720   1.300         
 2275   517  18.190   1.090         
 2276   517  17.570   1.360         
 2277   517  17.950   0.990         
 2278   517  16.830   0.600   0.460
 2279   517  17.320   0.880   0.180
 2280   517  18.390   0.850         
 2281   517  19.300   1.000         
 2282   517  18.840   1.570         
 2283   517  19.420   1.200         
 2284   517  19.670   0.820         
 2285   517  19.060   1.070         
 2287   517  17.860   0.970   0.310
 2288   517  20.130   1.900         
 2289   517  18.410   1.280         
 2290   517  19.010   0.810         
 2291   517  20.290   0.840         
 2292   517  17.250   0.880   0.260
 2293   517  19.050   0.930         
 2294   517  18.270   0.960         
 2295   517  17.410   0.740   0.640
 2296   517  20.320   1.170         
 2297   517  18.820   0.970         
 2298   517  18.950   0.950         
 2299   517  18.890   0.750         
 2300   517  19.140   1.210         
 2301   517  19.300   1.040         
 2302   517  17.950   0.790         
 2303   517  18.010   0.790         
 2304   517  18.470   1.250         
 2305   517  19.290   0.890         
 2306   517  17.490   1.530         
 2307   517  19.620   0.980         
 2308   517  17.820   1.030   0.330
 2309   517  17.310   0.910   0.800
 2310   517  18.650   0.720         
 2311   517  18.680   1.070         
 2312   517  20.440   0.890         
 2313   517  19.930   1.350         
 2314   517  19.210   1.040         
 2315   517  19.090   1.050         
 2316   517  20.080   1.130         
 2317   517  17.870   1.010         
 2318   517  18.600   1.160         
 2320   517  17.490   0.970   0.430
 2321   517  18.270   1.280         
 2322   517  18.690   1.120         
 2323   517  17.140   0.870   0.340
 2324   517  18.670   0.950         
 2325   517  17.940   0.950   0.300
 2326   517  20.240   1.280         
 2327   517  18.270   0.990         
 2328   517  17.200   0.780   0.090
 2329   517  16.700   0.890   0.400
 2330   517  18.240   1.160         
 2331   517  17.810   1.210         
 2332   517  18.630   1.290         
 2333   517  17.890   0.600         
 2334   517  18.130   0.880         
 2335   517  19.550   1.000         
 2336   517  19.160   1.090         
 2337   517  20.330   1.780         
 2338   517  16.730   0.890   0.180
 2339   517  18.490   1.190         
 2340   517  18.070   1.090         
 2341   517  16.160   1.150   0.640
 2342   517  17.860   1.020   0.310
 2343   517  19.770   1.240         
 2344   517  18.640   1.030         
 2345   517  17.950   1.110   0.290
 2346   517  18.280   1.030         
 2347   517  17.070   1.370         
 2348   517  19.170   1.740         
 2349   517  19.260   0.910         
 2350   517  19.290   1.220         
 2352   517  18.970   0.920         
 2354   517  20.160   1.130         
 2355   517  19.190   1.390         
 2357   517  20.520   1.630         
 2360   517  20.320   0.970         
 2363   517  20.390   1.650         
 2367   517  20.970   1.050         
 2371   517  18.750   1.300         
 2372   517  20.900   1.130         
 2373   517  21.040   0.900         
 2374   517  19.340   0.830         
 2387   517  20.680   1.170