UBV CCD observations

  No    Ref    V       B-V     U-B

 0001   447  13.217   1.773         
 0002   447  13.709   0.750         
 0003   447  14.000   0.514         
 0004   447  15.270   2.036         
 0005   447  14.194   0.903         
 0006   447  14.453   0.950         
 0007   447  15.237   1.656         
 0008   447  14.923   2.012         
 0009   447  14.729   0.893         
 0010   447  14.810   0.927         
 0011   447  14.850   0.717         
 0012   447  14.941   0.918         
 0013   447  14.977   0.877         
 0014   447  15.084   0.951         
 0015   447  15.131   0.936         
 0016   447  15.223   0.849         
 0017   447  15.229   0.908         
 0018   447  15.505   1.611         
 0019   447  15.495   1.347         
 0020   447  15.303   1.164         
 0021   447  15.392   0.914         
 0022   447  15.583   0.977         
 0023   447  15.594   0.858         
 0024   447  15.589   0.899         
 0025   447  15.635   0.918         
 0026   447  15.976   1.768         
 0027   447  15.706   0.974         
 0028   447  15.983   1.151         
 0029   447  15.959   0.950         
 0030   447  15.978   0.950         
 0031   447  16.057   0.909         
 0032   447  16.187   1.000         
 0033   447  16.207   0.932         
 0034   447  16.461   1.625         
 0035   447  16.688   0.545         
 0036   447  16.693   1.078         
 0037   447  16.788   1.058         
 0038   447  16.577   1.462         
 0039   447  16.859   0.982         
 0040   447  17.256   1.545         
 0041   447  16.993   1.034         
 0042   447  16.980   1.015         
 0043   447  17.145   1.487         
 0044   447  17.152   1.093         
 0045   447  17.263   1.641         
 0046   447  17.214   1.233         
 0047   447  17.400   1.446         
 0048   447  17.527   1.590         
 0049   447  18.174   1.835         
 0050   447  17.384   1.214         
 0051   447  17.856   1.875         
 0052   447  17.749   1.551         
 0053   447  17.765   1.208         
 0054   447  18.122   1.394         
 0055   447  18.128   1.203         
 0056   447  18.163   1.310         
 0057   447  18.223   1.309         
 0058   447  18.334   1.675         
 0059   447  18.569   1.624         
 0060   447  18.290   1.147         
 0061   447  18.498   1.429         
 0062   447  18.328   1.158         
 0063   447  18.427   1.357         
 0064   447  18.567   1.634         
 0066   447  18.490   1.692         
 0067   447  18.667   1.567         
 0068   447  18.636   1.202         
 0069   447  18.673   1.327         
 0070   447  18.651   1.402         
 0071   447  18.863   1.550         
 0072   447  18.631   1.454         
 0073   447  18.694   1.348         
 0074   447  18.965   2.396         
 0075   447  18.622   1.032         
 0076   447  18.685   1.175         
 0077   447  18.733   1.440         
 0078   447  18.799   1.791         
 0079   447  18.787   1.292         
 0080   447  19.021   1.844         
 0082   447  18.867   1.505         
 0083   447  18.895   1.196         
 0084   447  18.880   1.253         
 0085   447  18.895   1.515         
 0086   447  18.900   1.156         
 0087   447  19.599   2.480         
 0088   447  19.037   1.371         
 0089   447  19.083   1.446         
 0090   447  18.876   1.206         
 0091   447  19.049   1.379         
 0092   447  18.940   1.222         
 0093   447  18.959   1.543         
 0094   447  19.163   1.444         
 0095   447  19.020   1.640         
 0096   447  19.215   2.189         
 0099   447  19.142   2.340         
 0100   447  19.183   1.646         
 0101   447  19.386   2.146         
 0102   447  19.282   1.708         
 0103   447  19.184   1.304         
 0104   447  19.183   2.058         
 0105   447  19.277   1.897         
 0106   447  19.219   1.195         
 0107   447  19.224   1.376         
 0108   447  19.244   1.726         
 0109   447  19.205   1.300         
 0110   447  19.196   1.201         
 0112   447  19.573   1.615         
 0113   447  19.445   1.433         
 0114   447  19.378   1.502         
 0115   447  19.514   1.909         
 0116   447  19.480   1.759         
 0117   447  19.594   1.434         
 0118   447  19.422   1.686         
 0119   447  19.475   1.614         
 0120   447  19.570   2.097         
 0121   447  19.355   1.367         
 0123   447  19.458   1.221         
 0124   447  19.716   1.956         
 0125   447  19.353   1.142         
 0126   447  19.538   1.733         
 0127   447  19.507   1.152         
 0128   447  19.609   2.216         
 0129   447  19.535   1.551         
 0130   447  19.518   1.148         
 0131   447  19.657   1.459         
 0132   447  19.525   1.913         
 0133   447  19.528   1.321         
 0134   447  19.765   2.269         
 0136   447  19.559   1.610         
 0140   447  19.743   1.522         
 0142   447  19.730   1.861         
 0143   447  20.036   1.720         
 0144   447  19.639   1.799         
 0145   447  19.660   1.367         
 0146   447  19.869   1.513         
 0147   447  19.667   1.208         
 0148   447  19.667   1.756         
 0149   447  19.491   1.000         
 0150   447  19.848   2.488         
 0151   447  19.796   2.292         
 0152   447  19.716   2.197         
 0153   447  19.689   1.481         
 0154   447  19.987   1.849         
 0155   447  19.791   1.284         
 0156   447  19.776   1.573         
 0157   447  19.819   1.642         
 0159   447  19.666   1.920         
 0160   447  20.021   1.154         
 0161   447  19.837   1.503         
 0162   447  19.910   1.197         
 0163   447  20.000   1.550         
 0164   447  20.916   2.005         
 0166   447  20.233   1.502         
 0167   447  20.011   1.810         
 0168   447  20.143   1.286         
 0169   447  20.871   1.896         
 0171   447  20.220   1.811         
 0172   447  20.105   2.493         
 0175   447  20.328   1.796         
 0177   447  19.933   1.522         
 0179   447  20.093   1.413         
 0180   447  20.127   1.284         
 0185   447  20.133   1.373         
 0186   447  20.105   1.357         
 0187   447  20.115   1.337         
 0189   447  20.149   0.990         
 0191   447  20.114   2.044         
 0193   447  20.299   2.004         
 0195   447  20.161   1.226         
 0197   447  20.216   1.779         
 0201   447  20.216   1.412         
 0202   447  20.121   1.278         
 0203   447  20.319   1.576         
 0204   447  20.308   1.393         
 0206   447  20.404   1.260         
 0207   447  20.351   1.313         
 0208   447  20.501   1.076         
 0210   447  20.547   1.867         
 0211   447  20.472   1.633         
 0212   447  20.303   1.348         
 0213   447  20.441   1.211         
 0214   447  20.343   1.250         
 0222   447  20.591   1.439         
 0223   447  20.524   1.982         
 0226   447  20.316   1.256         
 0235   447  20.532   1.463         
 0237   447  20.474   1.040         
 0238   447  20.541   1.309         
 0239   447  20.623   1.423         
 0240   447  20.549   1.272         
 0242   447  20.612   1.192         
 0246   447  20.550   1.318         
 0247   447  20.589   1.549         
 0251   447  20.799   1.223         
 0252   447  20.808   1.377         
 0253   447  20.961   1.668         
 0254   447  20.641   1.598         
 0255   447  20.551   1.069         
 0256   447  20.834   2.014         
 0257   447  20.926   1.227         
 0261   447  20.723   1.342         
 0262   447  20.943   1.320         
 0269   447  21.003   1.527         
 0270   447  21.396   1.208         
 0271   447  20.986   0.480         
 0274   447  21.697   1.107         
 0277   447  20.850   1.163         
 0280   447  20.923   1.412         
 0281   447  20.953   1.489         
 0285   447  20.907   1.357         
 0289   447  20.963   1.211         
 0291   447  20.947   1.405         
 0294   447  21.265   1.189         
 0302   447  21.057   1.515         
 0306   447  21.028   1.542         
 0307   447  21.090   1.802         
 0331   447  21.055   1.527         
 0333   447  21.025   1.459         
 0335   447  21.276   1.061         
 0339   447  21.213   1.328         
 0341   447  21.396   1.310         
 0342   447  21.185   1.108         
 0346   447  22.092   0.500         
 0352   447  21.329   1.299         
 0360   447  21.477   1.206         
 0365   447  21.303   1.238         
 0367   447  21.358   1.225         
 0378   447  21.672   1.165         
 0387   447  21.528   1.014         
 0397   447  21.501   1.455         
 0406   447  21.738   0.748         
 0422   447  22.399   0.232         
 0423   447  21.749   1.300         
 0429   447  21.935   0.399         
 0436   447  21.707   0.927         
 0437   447  21.530   0.707         
 0453   447  21.890   1.099         
 0457   447  21.659   1.234         
 0465   447  21.924   1.003         
 0475   447  21.878   0.846         
 0476   447  21.708   0.800         
 0477   447  22.319   0.508         
 0479   447  21.757   1.046         
 0484   447  22.939   0.049         
 0513   447  22.172   1.103         
 0519   447  23.478  -0.335         
 0520   447  22.530  -0.041         
 0533   447  22.138   0.844         
 0535   447  22.348   0.403         
 0537   447  22.621  -0.084         
 0545   447  22.456   0.698         
 0560   447  22.425   0.322         
 0565   447  22.737   0.190         
 0568   447  23.233  -0.395         
 0569   447  23.066  -0.043         
 0576   447  23.477  -0.323         
 0593   447  23.610  -0.277         
 0595   447  23.011   0.233