UBV CCD observations

  No    Ref    V       B-V     U-B

 0003   507  13.360   1.450         
 0004   507  14.570   0.750         
 0005   507  14.670   0.420         
 0017   507  12.240   1.460         
 0018     3  13.880   2.070         
 0018   507  13.880   2.070         
 0019     3  15.200   1.000         
 0019   507  15.150   0.920         
 0025     3  13.650   1.420         
 0025   507  13.646   1.420         
 0027     3  12.820   0.280         
 0027   507  12.806   0.280         
 0028     3  16.510   1.010         
 0028   507  16.581   1.010         
 0032     3  13.480   0.340         
 0032   507  13.481   0.340         
 0033     3  14.950   0.860         
 0033   507  14.950   0.860         
 0034     3  17.460   1.480         
 0034   507  17.556   1.480         
 0035     3  15.620   0.710         
 0035   507  15.651   0.710         
 0049   507  12.920   1.350         
 0065     3  14.840   0.880         
 0065   507  14.840   0.880         
 0085     3  13.650   0.310         
 0085   507  13.621   0.310         
 0086     3  16.140   2.630         
 0086   507  16.140   2.630         
 0087     3  13.540   1.390         
 0087   507  13.540   1.390         
 0088     3  13.770   0.370         
 0088   507  13.785   0.370         
 0089     3  12.900   0.280         
 0089   507  12.881   0.280         
 0090     3  13.740   0.320         
 0090   507  13.740   0.320         
 0092     3  14.530   0.490         
 0092   507  14.530   0.490         
 0097     3  14.550   0.500         
 0097   507  14.576   0.500         
 0104     3  15.300   1.540         
 0104   507  15.326   1.540         
 0105     3  14.520   0.520         
 0105   507  14.521   0.520         
 0106     3  12.950   0.340         
 0106   507  12.966   0.340         
 0107     3  14.720   1.640         
 0107   507  14.746   1.640         
 0108     3  14.490   0.540         
 0108   507  14.526   0.540         
 0109     3  15.240   0.860         
 0109   507  15.251   0.860         
 0111     3  17.960   1.010         
 0111   507  16.266   1.010         
 0113     3  15.280   0.800         
 0113   507  15.031   0.800         
 0114     3  14.750   0.540         
 0114   507  14.756   0.540         
 0115     3  15.560   0.680         
 0115   507  15.566   0.680         
 0116     3  15.270   0.610         
 0116   507  15.271   0.610         
 0117     3  14.950   0.830         
 0117   507  14.945   0.830         
 0118     3  15.980   1.120         
 0118   507  15.926   1.120         
 0120     3  15.830   0.920         
 0120   507  15.846   0.920         
 0121     3  15.290   1.100         
 0121   507  15.306   1.100         
 0132     3  14.460   0.540         
 0132   507  14.446   0.540         
 0134     3  14.920   0.610         
 0134   507  14.931   0.610         
 0135     3  13.890   0.430         
 0135   507  13.906   0.430         
 0137     3  14.960   1.500         
 0137   507  14.976   1.500         
 0138     3  14.410   0.500         
 0138   507  14.410   0.500         
 0139     3  14.440   1.220         
 0139   507  14.426   1.220         
 0141     3  15.580   1.800         
 0141   507  15.616   1.800         
 0142     3  15.250   0.940         
 0142   507  15.265   0.940         
 0143     3  14.220   0.460         
 0143   507  14.236   0.460         
 0155     3  14.630   1.590         
 0155   507  14.630   1.590         
 0156     3  14.490   0.530         
 0156   507  14.490   0.530         
 0158     3  14.620   0.690         
 0158   507  14.611   0.690         
 0161     3  15.300   0.500         
 0161   507  15.300   0.500         
 0162     3  15.160   1.450         
 0162   507  15.160   1.450         
 0163     3  14.390   0.520         
 0163   507  14.396   0.520         
 0164     3  15.880   0.880         
 0164   507  15.911   0.880         
 0166     3  14.990   0.720         
 0166   507  14.990   0.720         
 0167     3  14.390   0.690         
 0167   507  14.390   0.690         
 0194     3  11.140   0.230         
 0194   507  11.140   0.230         
 0214   507  13.980   0.300         
 0215   507  15.270   0.970         
 0216   507  14.550   0.800         
 0217   507  15.260   0.890         
 0218   507  14.330   0.400         
 0219   507  13.120   0.270         
 0220   507  14.800   0.750         
 0225     3  13.720   0.310         
 0225   507  13.720   0.310         
 0227   507  11.860   0.290         
 0228   507  11.860   0.410         
 0229   507   8.660   1.280         
 0230   507  11.660   0.540         
 0231   507  11.100   0.350         
 0232   507  11.330   1.280         
 0233   507  11.580   0.290         
 0234   507  11.300   0.180         
 0235   507  10.950   0.270         
 0236   507  11.230   1.230         
 0237   507  12.100   0.270         
 0239   507  11.330   0.380         
 0240   507   9.990   1.700         
 0241   507  11.660   0.170         
 0243   507  12.220   0.230         
 0245   507  12.450   0.320         
 0246   507  11.680   0.300         
 0247   507  10.080   1.540         
 0248   507  11.340   0.190         
 0249   507  11.660   0.260         
 0250   507  12.250   0.260         
 0254   507  10.700   0.260         
 0255   507  11.770   0.240         
 0256   507  11.890   0.220         
 0258   507  12.180   0.240         
 0259     3  12.390   0.310         
 0259   507  12.390   0.310         
 0260   507  10.420   0.240         
 0261     3  11.710   0.330         
 0261   507  10.737   1.055         
 0263     3  11.710   0.270         
 0263   507  11.690   0.280         
 0264   507  10.340   0.130         
 0266     3  12.050   0.230         
 0266   507  12.050   0.225         
 0267     3   9.020   0.170         
 0267   507   9.027   0.175         
 0269     3  12.350   0.240         
 0269   507  12.355   0.245         
 0270     3  11.630   0.260         
 0270   507  11.647   0.260         
 0271   507  10.631   0.220         
 0272   507  11.090   0.210         
 0273     3  11.280   0.200         
 0273   507  11.254   0.215         
 0274     3  10.940   0.260         
 0274   507  10.927   0.265         
 0275     3   9.110   1.790         
 0275   507   9.134   1.825         
 0276     3           9.680         
 0276     3          10.050         
 0276   507   9.706   5.960         
 0277     3  11.110   0.190         
 0277   507  11.067   0.210         
 0278     3  12.630   0.300         
 0278   507  12.514   0.335         
 0279     3  10.900   0.190         
 0279   507  10.917   0.185         
 0280     3  12.200   1.230         
 0280   507  12.200   1.230         
 0281   507  12.020   0.290         
 0283   507  11.620   0.260         
 0284   507  11.520   0.220         
 0285     3  10.940   0.260         
 0285   507  10.941   0.260         
 0286   507  10.150   0.180         
 0288   507  10.550   0.250         
 0289   507  11.991   0.240         
 0290     3  10.690   0.150         
 0290   507  10.690   0.150         
 0291     3  11.270   0.240         
 0291   507  11.261   0.240         
 0292     3  10.090   1.520         
 0292   507  10.090   1.520         
 0295     3  11.190   0.210         
 0295   507  11.180   0.210         
 0296   507  12.390   0.180         
 0297     3   8.230   1.110         
 0297   507   8.340   1.105         
 0298     3   8.990   0.520         
 0298   507   9.000   0.500         
 0299   507  10.230   0.230         
 0300     3  12.080   0.230         
 0300   507  12.080   0.230         
 0301   507  11.100   0.300         
 0303   507   9.970   1.550         
 0306     3  10.580   0.290         
 0306   507  10.400   0.945         
 0307     3  12.800   0.220         
 0307   507  12.800   0.220         
 0308     3  12.480   0.320         
 0308   507  12.496   0.320         
 0309     3  12.130   0.180         
 0309   507  12.096   0.180         
 0310     3  10.770   0.300         
 0310   507  10.776   0.300         
 0311   507  10.880   0.420         
 0312     3  11.630   0.210         
 0312   507  11.630   0.210         
 0313     3  12.160   0.360         
 0313   507  12.176   0.360         
 0314     3  11.790   0.270         
 0314   507  11.807   0.265         
 0316   507   8.860   0.930         
 0317   507  12.260   0.280         
 0318   507  12.260   0.240         
 0322   507  12.330   0.240         
 0323   507  10.240   1.540         
 0325   507  10.360   0.320         
 1003     3  11.180   0.250         
 1003   507  11.181   0.250         
 1004     3  12.950   0.270         
 1004   507  12.951   0.270         
 1005     3  12.520   0.290         
 1005   507  12.506   0.290         
 1006     3  10.060   1.760         
 1006   507  10.076   1.760         
 1010     3  12.300   0.380         
 1010   507  12.316   0.380         
 1011     3  12.720   0.380         
 1011   507  12.736   0.380         
 1012     3  12.850   0.380         
 1012   507  12.846   0.380         
 1013     3  13.810   0.410         
 1013   507  13.801   0.410         
 1014     3  12.780   0.620         
 1014   507  12.771   0.620         
 1015     3  14.350   0.490         
 1015   507  14.341   0.490         
 1016     3  12.760   0.280         
 1016   507  12.756   0.280         
 1017     3  13.120   0.310         
 1017   507  13.125   0.310         
 1018     3  13.450   0.420         
 1018   507  13.431   0.420         
 1020     3  13.600   0.320         
 1020   507  13.621   0.320         
 1021     3  14.550   0.500         
 1021   507  14.566   0.500         
 1022     3  15.020   0.680         
 1022   507  15.035   0.680         
 1023     3  14.880   1.510         
 1023   507  14.880   1.510         
 1024     3  17.870   1.410         
 1024   507  17.870   1.410         
 1025     3  16.070   0.770         
 1025   507  16.131   0.770         
 1026     3  18.820   1.360         
 1026   507  18.820   1.360         
 1027     3  17.940   1.970         
 1027   507  17.940   1.970         
 1028     3  17.630   1.150         
 1028   507  17.630   1.150         
 1029     3  18.130   1.170         
 1029   507  18.130   1.170         
 1030     3  16.640   0.870         
 1030   507  16.631   0.870         
 1031     3  17.430   0.980         
 1031   507  17.430   0.980         
 1032     3  18.230   1.100         
 1032   507  18.230   1.100         
 1033     3  18.330   1.250         
 1033   507  18.330   1.250         
 1034     3  14.210   0.390         
 1034   507  14.186   0.390         
 1036     3  16.820   0.890         
 1036   507  16.820   0.890         
 1037     3  17.760   1.170         
 1037   507  17.926   1.170         
 1039     3  17.810   2.340         
 1039   507  17.810   2.340         
 1040     3  15.800   0.870         
 1040   507  15.756   0.870         
 1041     3  15.910   2.200         
 1041   507  15.936   2.200         
 1042     3  16.850   1.010         
 1042   507  16.866   1.010         
 1043     3  18.080   1.100         
 1043   507  18.080   1.100         
 1044     3  16.470   0.840         
 1044   507  16.346   0.840         
 1045     3  16.640   1.060         
 1045   507  16.601   1.060         
 1046     3  18.280   0.940         
 1046   507  18.280   0.940         
 1047     3  18.340   1.270         
 1047   507  18.340   1.270         
 1048     3  18.070   2.510         
 1048   507  18.070   2.510         
 1051     3  18.440   1.150         
 1051   507  18.440   1.150         
 1052     3  12.950   0.270         
 1052   507  12.950   0.270         
 1054     3  16.890   0.850         
 1054   507  16.890   0.850         
 1055     3  16.880   1.010         
 1055   507  16.601   1.010         
 1058     3  18.430   0.930         
 1058   507  18.430   0.930         
 1059     3  11.680   1.300         
 1059   507  11.680   1.300         
 1060     3  16.770   1.420         
 1060   507  16.831   1.420         
 1061     3  16.390   1.230         
 1061   507  15.461   1.230         
 1062     3  18.880   1.310         
 1062   507  18.880   1.310         
 1063     3  19.020   1.200         
 1063   507  19.020   1.200         
 1064     3  17.790   1.150         
 1064   507  17.790   1.150         
 1065     3  17.410   2.420         
 1065   507  17.410   2.420         
 1066     3  18.980   2.090         
 1066   507  18.980   2.090         
 1067     3  16.490   1.200         
 1067   507  16.490   1.200         
 1068     3  15.740   0.760         
 1068   507  15.691   0.760         
 1069     3  18.830   1.150         
 1069   507  18.830   1.150         
 1070     3  18.280   1.090         
 1070   507  17.605   1.090         
 1071     3  17.890   1.080         
 1071   507  17.200   1.080         
 1072     3  19.050   1.250         
 1072   507  19.050   1.250         
 1073     3  15.760   0.740         
 1073   507  15.785   0.740         
 1074     3  18.240   1.130         
 1074   507  18.240   1.130         
 1075     3  17.140   1.090         
 1075   507  17.181   1.090         
 1076     3  18.580   1.170         
 1076   507  18.580   1.170         
 1077     3  17.890   0.980         
 1077   507  17.991   0.980         
 1078     3  18.630   1.110         
 1078   507  18.401   1.110         
 1079     3  18.320   1.600         
 1079   507  18.320   1.600         
 1080     3  18.420   1.120         
 1080   507  18.420   1.120         
 1081     3  15.030   0.700         
 1081   507  15.015   0.700         
 1082     3  18.500   0.960         
 1082   507  18.500   0.960         
 1083     3  15.220   0.630         
 1083   507  15.191   0.630         
 1084     3  18.150   1.740         
 1084   507  18.150   1.740         
 1085     3  18.680   1.070         
 1085   507  18.680   1.070         
 1086     3  17.320   2.580         
 1086   507  17.200   2.580         
 1087     3  18.230   1.390         
 1087   507  18.230   1.390         
 1088     3  18.000   1.080         
 1088   507  18.000   1.080         
 1089     3  15.990   1.660         
 1089   507  15.931   1.660         
 1090     3  17.490   1.310         
 1090   507  17.490   1.310         
 1091     3  17.910   1.140         
 1091   507  17.910   1.140         
 1092     3  18.000   1.130         
 1092   507  18.000   1.130         
 1093     3  18.570   2.200         
 1093   507  18.570   2.200         
 1094     3  15.930   0.860         
 1094   507  15.941   0.860         
 1095     3  17.740   1.360         
 1095   507  17.740   1.360         
 1096     3  17.030   0.960         
 1096   507  17.030   0.960         
 1097     3  18.540   1.260         
 1097   507  18.540   1.260         
 1098     3  17.180   1.020         
 1098   507  17.221   1.020         
 1100     3  17.430   1.050         
 1100   507  17.430   1.050         
 1101     3  17.910   1.180         
 1101   507  17.910   1.180         
 1102     3  17.530   1.460         
 1102   507  17.641   1.460         
 1103     3  17.820   1.050         
 1103   507  17.820   1.050         
 1104     3  18.810   1.280         
 1104   507  18.810   1.280         
 1105     3  19.050   1.530         
 1105   507  19.050   1.530         
 1106     3  18.350   1.980         
 1106   507  18.350   1.980         
 1107     3  18.330   1.990         
 1107   507  18.330   1.990         
 1108     3  18.100   1.020         
 1108   507  18.100   1.020         
 1109     3  18.400   1.240         
 1109   507  18.400   1.240         
 1113     3  18.490   1.160         
 1113   507  18.490   1.160         
 1114     3  15.450   0.690         
 1114   507  15.471   0.690         
 1115     3  17.830   1.080         
 1115   507  17.830   1.080         
 1116     3  18.250   1.180         
 1116   507  18.250   1.180         
 1117     3  18.000   1.040         
 1117   507  18.000   1.040         
 1119     3  18.250   1.540         
 1119   507  18.250   1.540         
 1120     3  18.360   1.160         
 1120   507  18.360   1.160         
 1122     3  18.700   2.030         
 1122   507  18.700   2.030         
 1123     3  17.060   0.950         
 1123   507  16.996   0.950         
 1124     3  18.770   1.130         
 1124   507  18.770   1.130         
 1125     3  15.660   0.710         
 1125   507  15.701   0.710         
 1128     3  15.050   1.590         
 1128   507  15.056   1.590         
 1129     3  16.270   0.870         
 1129   507  16.270   0.870         
 1130     3  14.400   0.800         
 1130   507  14.411   0.800         
 1131     3  16.810   0.940         
 1131   507  16.831   0.940         
 1133     3  18.230   1.130         
 1133   507  18.230   1.130         
 1134     3  17.260   1.240         
 1134   507  17.146   1.240         
 1136     3  18.010   2.240         
 1136   507  18.010   2.240         
 1137     3  18.290   1.180         
 1137   507  18.290   1.180         
 1138     3  16.660   0.910         
 1138   507  16.696   0.910         
 1139     3  16.500   0.860         
 1139   507  16.476   0.860         
 1140     3  15.030   0.620         
 1140   507  15.046   0.620         
 1141     3  17.930   1.000         
 1141   507  17.930   1.000         
 1142     3  18.380   2.120         
 1142   507  18.380   2.120         
 1143     3  16.560   0.880         
 1143   507  16.490   0.880         
 1144     3  16.920   0.950         
 1144   507  16.806   0.950         
 1145     3  18.690   1.160         
 1145   507  18.690   1.160         
 1146     3  17.690   1.150         
 1146   507  17.690   1.150         
 1148     3  17.940   1.480         
 1148   507  17.940   1.480         
 1149     3  18.110   0.990         
 1149   507  18.110   0.990         
 1151     3  18.670   1.110         
 1151   507  18.670   1.110         
 1152     3  15.670   0.700         
 1152   507  15.691   0.700         
 1153     3  16.870   0.900         
 1153   507  16.871   0.900         
 1154     3  17.840   1.060         
 1154   507  17.840   1.060         
 1155     3  17.930   1.110         
 1155   507  17.930   1.110         
 1156     3  14.920   0.550         
 1156   507  14.901   0.550         
 1158     3  17.980   1.380         
 1158   507  17.980   1.380         
 1159     3  16.410   1.030         
 1159   507  16.270   1.030         
 1160     3  18.560   1.230         
 1160   507  18.560   1.230         
 1161     3  17.390   1.100         
 1161   507  17.390   1.100         
 1162     3  15.750   1.070         
 1162   507  15.801   1.070         
 1163     3  16.760   0.980         
 1163   507  17.096   0.980         
 1164     3  17.520   1.270         
 1164   507  17.520   1.270         
 1165     3  16.850   1.020         
 1165   507  16.910   1.020         
 1166     3  18.550   2.550         
 1166   507  18.550   2.550         
 1167     3  18.300   1.150         
 1167   507  18.300   1.150         
 1168     3  18.500   1.130         
 1168   507  18.500   1.130         
 1169     3  18.910   1.400         
 1169   507  18.910   1.400         
 1170     3  17.510   0.980         
 1170   507  17.510   0.980         
 1171     3  18.740   1.630         
 1171   507  18.740   1.630         
 1172     3  16.930   0.960         
 1172   507  16.930   0.960         
 1173     3  16.390   1.000         
 1173   507  16.316   1.000         
 1174     3  18.520   1.150         
 1174   507  18.520   1.150         
 1175     3  15.210   0.680         
 1175   507  15.221   0.680         
 1176     3  16.510   1.050         
 1176   507  16.546   1.050         
 1177     3  16.030   0.900         
 1177   507  16.061   0.900         
 1178     3  17.820   1.030         
 1178   507  17.820   1.030         
 1179     3  18.270   1.250         
 1179   507  18.270   1.250         
 1180     3  17.620   1.210         
 1180   507  17.620   1.210         
 1181     3  15.140   0.800         
 1181   507  15.156   0.800         
 1183     3  15.750   0.790         
 1183   507  15.801   0.790         
 1184     3  18.160   1.200         
 1184   507  18.160   1.200         
 1185     3  17.890   1.840         
 1185   507  17.891   1.840         
 1187     3  17.750   1.230         
 1187   507  17.750   1.230         
 1190     3  17.380   1.190         
 1190   507  17.361   1.190         
 1191     3  14.870   0.620         
 1191   507  14.886   0.620         
 1192     3  15.730   0.760         
 1192   507  15.721   0.760         
 1193     3  17.140   2.350         
 1193   507  17.140   2.350         
 1195     3  18.210   1.080         
 1195   507  18.210   1.080         
 1196     3  18.720   1.130         
 1196   507  18.720   1.130         
 1197     3  17.710   2.120         
 1197   507  17.710   2.120         
 1199     3  18.350   1.040         
 1199   507  18.350   1.040         
 1200     3  16.690   0.810         
 1200   507  16.686   0.810         
 1201     3  18.830   1.280         
 1201   507  18.830   1.280         
 1202     3  18.060   1.410         
 1202   507  18.060   1.410         
 1203     3  18.560   1.210         
 1203   507  18.560   1.210         
 1204     3  17.730   1.060         
 1204   507  17.730   1.060         
 1205     3  16.590   0.890         
 1205   507  16.681   0.890         
 1206     3  18.640   1.200         
 1206     3  18.810   1.610         
 1206   507  18.810   1.610         
 1207     3  17.820   1.110         
 1207   507  17.820   1.110         
 1208     3  15.880   0.880         
 1208   507  15.881   0.880         
 1209     3  18.140   1.080         
 1209   507  18.140   1.080         
 1210     3  18.850   2.440         
 1210   507  18.850   2.440         
 1211     3  17.260   1.030         
 1211   507  17.241   1.030         
 1212     3  17.430   1.170         
 1212   507  17.430   1.170         
 1213     3  16.360   1.040         
 1213   507  16.340   1.040         
 1214     3  14.650   0.550         
 1214   507  14.656   0.550         
 1215     3  17.610   0.980         
 1215   507  17.610   0.980         
 1217     3  17.250   0.980         
 1217   507  17.250   0.980         
 1218     3  18.440   1.660         
 1218   507  18.440   1.660         
 1219     3  17.250   1.160         
 1219   507  17.261   1.160         
 1220     3  17.300   1.410         
 1220   507  17.241   1.410         
 1221     3  18.240   2.310         
 1221   507  18.240   2.310         
 1222     3  17.730   1.180         
 1222   507  17.730   1.180         
 1223     3  18.590   1.250         
 1223   507  18.590   1.250         
 1225     3  17.820   2.180         
 1225   507  17.820   2.180         
 1226     3  17.220   1.150         
 1226   507  17.220   1.150         
 1227     3  14.150   0.430         
 1227   507  14.156   0.430         
 1228     3  17.950   1.210         
 1228   507  17.950   1.210         
 1229     3  17.570   1.110         
 1229   507  17.575   1.110         
 1230     3  18.250   1.100         
 1230   507  18.250   1.100         
 1231     3  18.590   1.200         
 1231   507  18.590   1.200         
 1232     3  16.810   1.060         
 1232   507  16.810   1.060         
 1233     3  16.080   0.830         
 1233   507  16.130   0.830         
 1234     3  17.730   1.290         
 1234   507  17.691   1.290         
 1238     3  16.840   0.940         
 1238   507  16.861   0.940         
 1239     3  16.790   1.020         
 1239   507  16.806   1.020         
 1241     3  18.270   1.230         
 1241   507  18.270   1.230         
 1242     3  18.030   1.180         
 1242   507  18.030   1.180         
 1243     3  18.770   1.330         
 1243   507  18.770   1.330         
 1244     3  17.520   1.060         
 1244   507  17.501   1.060         
 1245     3  17.500   1.060         
 1245   507  17.500   1.060         
 1247     3  18.160   1.110         
 1247   507  18.160   1.110         
 1249     3  17.080   0.940         
 1249   507  17.080   0.940         
 1250     3  17.000   1.080         
 1250   507  16.726   1.080         
 1251     3  18.460   2.460         
 1251   507  18.460   2.460         
 1252     3  18.110   2.190         
 1252   507  18.110   2.190         
 1253     3  17.820   1.060         
 1253   507  17.820   1.060         
 1254     3  18.520   0.920         
 1254   507  18.520   0.920         
 1255     3  16.470   2.450         
 1255   507  16.515   2.450         
 1256     3  17.630   1.060         
 1256   507  17.715   1.060         
 1257     3  18.010   2.220         
 1257   507  18.010   2.220         
 1258     3  17.320   2.650         
 1258   507  17.501   2.650         
 1259     3  17.690   1.180         
 1259   507  17.690   1.180         
 1260     3  17.710   1.100         
 1260   507  17.710   1.100         
 1261     3  18.090   1.130         
 1261   507  18.090   1.130         
 1262     3  18.180   1.230         
 1262   507  18.180   1.230         
 1263     3  17.990   2.530         
 1263   507  17.990   2.530         
 1264     3  17.120   1.430         
 1264   507  17.120   1.430         
 1268     3  16.140   0.890         
 1268   507  16.081   0.890         
 1270     3  17.860   1.250         
 1270   507  17.860   1.250         
 1271     3  18.160   2.930         
 1271   507  18.160   2.930         
 1272     3  17.860   1.110         
 1272   507  17.860   1.110         
 1273     3  17.790   2.840         
 1273   507  17.790   2.840         
 1274     3  17.750   1.090         
 1274   507  17.750   1.090         
 1275     3  17.980   1.170         
 1275   507  17.980   1.170         
 1276     3  18.710   2.010         
 1276   507  18.710   2.010         
 1277     3  17.380   0.970         
 1277   507  17.480   0.970         
 1278     3  16.590   0.940         
 1278   507  16.546   0.940         
 1279     3  17.480   1.140         
 1279   507  17.421   1.140         
 1280     3  18.930   1.620         
 1280   507  18.930   1.620         
 1281     3  18.500   1.030         
 1281   507  18.500   1.030         
 1282     3  17.930   1.010         
 1282   507  17.930   1.010         
 1283     3  17.970   1.080         
 1283   507  17.970   1.080         
 1284     3  18.570   1.300         
 1284   507  18.570   1.300         
 1285     3  18.050   1.090         
 1285   507  18.050   1.090         
 1286     3  17.690   1.030         
 1286   507  17.770   1.030         
 1287     3  17.200   0.960         
 1287   507  17.221   0.960         
 1288     3  17.050   0.910         
 1288   507  17.026   0.910         
 1289     3  18.110   1.140         
 1289   507  18.110   1.140         
 1290     3  15.910   0.910         
 1290   507  15.896   0.910         
 1291     3  14.810   0.870         
 1291   507  14.811   0.870         
 1292     3  18.510   1.200         
 1292   507  18.510   1.200         
 1297     3  11.870   0.220         
 1297   507  11.886   0.220         
 1302     3  15.080   0.570         
 1302   507  15.080   0.570         
 1303     3  13.520   0.340         
 1303   507  13.535   0.340         
 1304     3  12.250   0.280         
 1304   507  12.261   0.280         
 1305     3  13.660   0.330         
 1305   507  13.651   0.330         
 1306     3  12.290   1.750         
 1306   507  12.296   1.750         
 1307     3  11.420   0.240         
 1307   507  11.421   0.240         
 1308     3  11.960   0.250         
 1308   507  11.971   0.250         
 1309     3  12.370   0.300         
 1309   507  12.371   0.300         
 1311     3  14.930   0.580         
 1311   507  14.930   0.580         
 1313     3  15.890   0.750         
 1313   507  15.890   0.750         
 1314     3  16.610   1.050         
 1314   507  16.586   1.050         
 1315     3  15.610   0.880         
 1315   507  15.601   0.880         
 1316     3  14.720   0.580         
 1316   507  14.731   0.580         
 1317     3  16.840   0.910         
 1317   507  16.831   0.910         
 1318     3  13.550   0.320         
 1318   507  13.566   0.320         
 1319     3  14.890   0.590         
 1319   507  14.886   0.590         
 1320     3  15.580   0.770         
 1320   507  15.591   0.770         
 1321     3  16.870   0.910         
 1321   507  16.870   0.910         
 1322     3  15.880   0.820         
 1322   507  15.881   0.820         
 1324     3  15.690   0.740         
 1324   507  15.625   0.740         
 1325     3  17.650   1.180         
 1325   507  17.650   1.180         
 1326     3  16.160   0.940         
 1326   507  16.126   0.940         
 1327     3  18.500   1.270         
 1327   507  18.500   1.270         
 1329     3  16.500   0.920         
 1329   507  16.500   0.920         
 1330     3  14.700   1.590         
 1330   507  14.741   1.590         
 1331     3  18.220   1.330         
 1331   507  18.220   1.330         
 1332     3  17.870   0.990         
 1332   507  17.870   0.990         
 1334     3  16.830   0.940         
 1334   507  16.830   0.940         
 1335     3  17.990   1.140         
 1335   507  17.990   1.140         
 1336     3  18.080   1.090         
 1336   507  18.080   1.090         
 1337     3  18.040   2.760         
 1337   507  18.040   2.760         
 1338     3  18.890   2.160         
 1338   507  18.890   2.160         
 1339     3  15.260   0.670         
 1339   507  15.265   0.670         
 1340     3  17.870   1.430         
 1340   507  17.870   1.430         
 1341     3  14.630   0.580         
 1341   507  14.641   0.580         
 1342     3  18.300   1.020         
 1342   507  18.300   1.020         
 1343     3  18.300   0.990         
 1343   507  18.300   0.990         
 1345     3  18.330   1.060         
 1345   507  18.330   1.060         
 1346     3  16.620   0.870         
 1346   507  16.621   0.870         
 1347     3  17.510   1.010         
 1347   507  17.510   1.010         
 1348     3  17.320   1.110         
 1348   507  17.320   1.110         
 1350     3  17.930   0.950         
 1350   507  17.930   0.950         
 1353     3  17.860   1.370         
 1353   507  17.860   1.370         
 1354     3  17.150   1.220         
 1354   507  17.676   1.220         
 1355     3  18.000   1.280         
 1355   507  18.000   1.280         
 1356     3  17.710   1.080         
 1356   507  17.710   1.080         
 1357     3  18.510   1.090         
 1357   507  18.510   1.090         
 1358     3  14.490   0.510         
 1358   507  14.486   0.510         
 1359     3  17.040   2.290         
 1359   507  17.040   2.290         
 1360     3  18.210   1.280         
 1360   507  18.210   1.280         
 1361     3  14.610   0.560         
 1361   507  14.621   0.560         
 1362     3  18.260   1.010         
 1362   507  18.260   1.010         
 1363     3  17.540   1.030         
 1363   507  17.540   1.030         
 1364     3  16.220   0.890         
 1364   507  16.070   0.890         
 1365     3  16.790   0.960         
 1365   507  16.790   0.960         
 1366     3  17.670   1.200         
 1366   507  17.670   1.200         
 1367     3  17.960   1.310         
 1367   507  17.960   1.310         
 1368     3  17.900   1.100         
 1368   507  17.900   1.100         
 1369     3  17.700   2.080         
 1369   507  17.700   2.080         
 1370     3  17.660   1.160         
 1370   507  17.660   1.160         
 1371     3  15.630   0.940         
 1371   507  15.656   0.940         
 1372     3  14.630   0.540         
 1372   507  14.641   0.540         
 1373     3  18.150   1.020         
 1373   507  18.150   1.020         
 1374     3  17.560   1.150         
 1374   507  17.560   1.150         
 1375     3  17.380   0.990         
 1375   507  17.380   0.990         
 1376     3  17.780   0.990         
 1376   507  17.780   0.990         
 1377     3  18.610   1.250         
 1377   507  18.610   1.250         
 1378     3  16.720   0.950         
 1378   507  16.720   0.950         
 1379     3  17.340   0.890         
 1379   507  17.340   0.890         
 1380     3  18.290   1.130         
 1380   507  18.290   1.130         
 1381     3  18.070   1.150         
 1381   507  18.070   1.150         
 1382     3  18.220   2.630         
 1382   507  18.220   2.630         
 1383     3  17.290   1.160         
 1383   507  17.290   1.160         
 1384     3  16.250   0.960         
 1384   507  15.861   0.960         
 1385     3  17.410   1.070         
 1385   507  17.410   1.070         
 1386     3  18.450   1.140         
 1386   507  18.450   1.140         
 1387     3  18.190   1.180         
 1387   507  18.190   1.180         
 1388     3  18.760   1.320         
 1388   507  18.760   1.320         
 1389     3  18.360   2.280         
 1389   507  18.360   2.280         
 1392     3  18.010   1.200         
 1392   507  18.010   1.200         
 1393     3  17.630   1.320         
 1393   507  17.630   1.320         
 1395     3  18.230   1.090         
 1395   507  18.230   1.090         
 1396     3  18.350   1.090         
 1396   507  18.350   1.090         
 1397     3  16.690   0.880         
 1397   507  16.690   0.880         
 1398     3  18.330   1.030         
 1398   507  18.330   1.030         
 1399     3  18.250   1.070         
 1399   507  18.250   1.070         
 1400     3  15.090   0.740         
 1400   507  15.086   0.740         
 1401     3  18.530   3.320         
 1401   507  18.530   3.320         
 1402     3  18.570   1.240         
 1402   507  18.570   1.240         
 1403     3  18.330   1.130         
 1403   507  18.330   1.130         
 1404     3  18.550   1.000         
 1404   507  18.550   1.000         
 1405     3  16.340   0.980         
 1405   507  16.366   0.980         
 1406     3  18.300   1.130         
 1406   507  18.300   1.130         
 1407     3  16.010   0.770         
 1407   507  15.976   0.770         
 1408     3  18.090   1.160         
 1408   507  18.090   1.160         
 1409     3  18.110   1.130         
 1409   507  18.110   1.130         
 1410     3  16.330   0.950         
 1410   507  16.325   0.950         
 1411     3  14.610   1.410         
 1411   507  14.576   1.410         
 1412     3  16.740   1.050         
 1412   507  16.740   1.050         
 1413     3  18.580   0.940         
 1413   507  18.580   0.940         
 1416     3  17.480   1.010         
 1416   507  17.480   1.010         
 1417     3  17.270   1.030         
 1417   507  17.270   1.030         
 1418     3  17.730   0.860         
 1418   507  17.730   0.860         
 1419     3  17.180   1.380         
 1419   507  17.180   1.380         
 1420     3  17.870   1.020         
 1420   507  17.870   1.020         
 1421     3  13.990   0.380         
 1421   507  13.986   0.380         
 1422     3  18.350   0.810         
 1422   507  18.350   0.810         
 1423     3  16.980   0.810         
 1423   507  16.980   0.810         
 1425     3  16.790   1.320         
 1425   507  16.790   1.320         
 1426     3  17.170   0.890         
 1426   507  17.170   0.890         
 1427     3  15.320   0.660         
 1427   507  15.296   0.660         
 1429     3  16.880   0.950         
 1429   507  16.880   0.950         
 1430     3  18.570   2.100         
 1430   507  18.570   2.100         
 1431     3  15.720   0.840         
 1431   507  15.720   0.840         
 1433     3  13.830   0.420         
 1433   507  13.861   0.420         
 1434     3  14.660   1.590         
 1434   507  14.660   1.590         
 1435     3  16.130   1.250         
 1435   507  16.130   1.250         
 1436     3  18.070   0.180         
 1436   507  18.070   0.180         
 1437     3  18.000   1.240         
 1437   507  18.000   1.240         
 1438     3  12.990   0.270         
 1438   507  12.990   0.270         
 1439     3  14.550   0.670         
 1439   507  14.550   0.670         
 1440     3  16.050   0.810         
 1440   507  16.050   0.810         
 1441     3  18.700   1.200         
 1441   507  18.700   1.200         
 1442     3  18.630   1.110         
 1442   507  18.630   1.110         
 1443     3  18.410   1.270         
 1443   507  18.410   1.270         
 1444     3  14.040   0.360         
 1444   507  14.381   0.360         
 1445     3  17.040   1.480         
 1445   507  16.476   1.480         
 1446     3  17.480   1.090         
 1446   507  17.480   1.090         
 1447     3  18.120   1.070         
 1447   507  18.120   1.070         
 1450     3  18.290   1.230         
 1450   507  17.185   1.230         
 1451     3  18.400   1.040         
 1451   507  18.400   1.040         
 1455     3  19.500   1.880         
 1455   507  18.306   1.880         
 1456     3  18.340   1.200         
 1456   507  18.340   1.200         
 1457     3  18.690   2.400         
 1457   507  18.690   2.400         
 1458     3  17.230   0.870         
 1458   507  17.230   0.870         
 1459     3  14.290   0.680         
 1459   507  14.290   0.680         
 1460     3  12.520   1.550         
 1460   507  12.520   1.550         
 1461     3  17.410   0.890         
 1461   507  17.410   0.890         
 1462     3  13.440   0.330         
 1462   507  13.440   0.330         
 1463     3  18.510   1.090         
 1463   507  18.510   1.090         
 1464     3  18.950   1.210         
 1464   507  18.950   1.210         
 1465     3  17.930   1.080         
 1465   507  17.930   1.080         
 1467     3  17.820   1.070         
 1467   507  17.820   1.070         
 1468     3  17.900   0.910         
 1468   507  17.900   0.910         
 1471     3  18.210   2.200         
 1471   507  18.210   2.200         
 1472     3  17.100   0.900         
 1472   507  17.100   0.900         
 1473     3  13.160   0.320         
 1473   507  13.160   0.320         
 1474     3  17.590   0.970         
 1474   507  17.590   0.970         
 1475     3  17.650   1.470         
 1475   507  17.650   1.470         
 1476     3  17.420   0.940         
 1476   507  17.420   0.940         
 1477     3  18.470   2.210         
 1477   507  18.470   2.210         
 1478     3  17.960   1.210         
 1478   507  17.960   1.210         
 1479     3  18.410   1.230         
 1479   507  18.410   1.230         
 1480     3  15.220   0.790         
 1480   507  15.220   0.790         
 1481     3  17.360   1.070         
 1481   507  17.360   1.070         
 1482     3  17.380   1.010         
 1482   507  17.380   1.010         
 1483     3  16.160   0.820         
 1483   507  14.671   0.820         
 1484     3  17.940   1.270         
 1484   507  17.940   1.270         
 1485     3  16.040   0.760         
 1485   507  16.040   0.760         
 1486     3  14.560   1.470         
 1486   507  14.560   1.470         
 1487     3  16.210   0.930         
 1487   507  16.210   0.930         
 1488     3  13.550   0.350         
 1488   507  13.550   0.350         
 1489     3  15.270   0.730         
 1489   507  15.270   0.730         
 1490     3  17.390   0.990         
 1490   507  16.285   0.990         
 1491     3  16.750   0.980         
 1491   507  16.750   0.980         
 1493     3  18.220   1.110         
 1493   507  18.220   1.110         
 1494     3  17.640   1.000         
 1494   507  17.640   1.000         
 1495     3  17.710   1.030         
 1495   507  17.710   1.030         
 1496     3  16.780   0.880         
 1496   507  15.621   0.880         
 1497     3  18.270   1.040         
 1497   507  18.270   1.040         
 1498     3  13.300   0.310         
 1498   507  13.436   0.310         
 1499     3  16.230   1.000         
 1499   507  15.761   1.000         
 1500     3  16.660   0.930         
 1500   507  16.660   0.930         
 1501     3  18.520   2.460         
 1501   507  18.520   2.460         
 1502     3  16.880   1.000         
 1502   507  15.910   1.000         
 1503     3  15.080   0.960         
 1503   507  15.080   0.960         
 1504     3  15.930   0.840         
 1504   507  15.930   0.840         
 1505     3  13.750   0.400         
 1505   507  13.750   0.400         
 1506     3  17.360   1.410         
 1506   507  17.360   1.410         
 1507     3  18.440   1.200         
 1507   507  18.440   1.200         
 1508     3  17.530   2.940         
 1508   507  15.411   2.940         
 1509     3  17.740   1.150         
 1509   507  17.740   1.150         
 1510     3  17.590   1.160         
 1510   507  17.590   1.160         
 1511     3  16.890   1.010         
 1511   507  16.890   1.010         
 1512     3  15.660   0.900         
 1512   507  16.181   0.900         
 1515     3  15.480   0.950         
 1515   507  14.611   0.950         
 1516     3  15.470   0.710         
 1516   507  15.470   0.710         
 1517     3  17.880   1.200         
 1517   507  17.880   1.200         
 1518     3  16.660   1.750         
 1518   507  17.101   1.750         
 1519     3  16.360   0.860         
 1519   507  16.360   0.860         
 1520     3  14.880   1.540         
 1520   507  14.880   1.540         
 1521     3  17.860   1.720         
 1521   507  17.410   1.720         
 1522     3  14.490   0.540         
 1522   507  15.081   0.540         
 1523     3  17.490   0.970         
 1523   507  17.490   0.970         
 1524     3  17.390   0.960         
 1524   507  17.390   0.960         
 1525     3  18.380   1.290         
 1525   507  16.916   1.290         
 1526     3  15.290   1.510         
 1526   507  15.386   1.510         
 1529     3  14.500   0.810         
 1529   507  14.500   0.810         
 1531     3  18.710   1.440         
 1531   507  18.710   1.440         
 1532     3  16.800   2.440         
 1532     3  17.930   2.060         
 1532   507  17.930   2.060         
 1533     3  17.730   1.070         
 1533   507  17.730   1.070         
 1534     3  16.060   0.750         
 1534   507  15.685   0.750         
 1536     3  16.990   1.070         
 1536   507  16.990   1.070         
 1537     3  18.270   1.460         
 1537   507  16.351   1.460         
 1538     3  16.650   2.570         
 1538   507  15.566   2.570         
 1539     3  16.590   0.920         
 1539   507  16.840   0.920         
 1540     3  18.140   1.160         
 1540   507  18.140   1.160         
 1541     3  17.630   1.170         
 1541   507  17.630   1.170         
 1542     3  16.810   0.910         
 1542   507  16.820   0.910         
 1543     3  18.130   1.010         
 1543   507  18.130   1.010         
 1546     3  14.180   0.250         
 1546   507  14.180   0.250         
 1548     3  16.180   0.830         
 1548   507  14.301   0.830         
 1549     3  14.290   0.470         
 1549   507  14.290   0.470         
 1550     3  17.750   0.950         
 1550   507  17.750   0.950         
 1551     3  14.770   0.620         
 1551   507  14.770   0.620         
 1552     3  17.380   1.200         
 1552   507  15.816   1.200         
 1553     3  16.720   0.910         
 1553   507  16.720   0.910         
 1555     3  17.980   1.030         
 1555   507  17.980   1.030         
 1556     3  14.360   0.510         
 1556   507  14.360   0.510         
 1557     3  17.950   1.110         
 1557   507  16.596   1.110         
 1558     3  17.380   1.020         
 1558   507  17.736   1.020         
 1559     3  15.800   0.720         
 1559   507  15.800   0.720         
 1560     3  17.850   1.180         
 1560   507  17.850   1.180         
 1561     3  18.170   1.150         
 1561   507  18.170   1.150         
 1563     3  17.660   1.270         
 1563   507  17.660   1.270         
 1564     3  18.480   1.270         
 1564   507  18.480   1.270         
 1569     3  13.340   1.440         
 1569   507  13.336   1.440         
 1571     3  11.600   1.340         
 1571   507  11.601   1.340         
 1573     3  13.200   0.350         
 1573   507  13.191   0.350         
 1574     3  12.020   0.270         
 1574   507  12.015   0.270         
 1575     3  15.410   1.030         
 1575   507  15.410   1.030         
 1577     3  13.160   0.350         
 1577   507  13.131   0.350         
 1578     3  12.060   0.290         
 1578   507  12.041   0.290         
 1580     3  12.650   0.290         
 1580   507  12.640   0.290         
 1582     3  14.840   0.720         
 1582   507  14.791   0.720         
 1583     3  18.300   1.300         
 1583   507  18.300   1.300         
 1584     3  17.860   1.220         
 1584   507  17.860   1.220         
 1585     3  17.540   0.940         
 1585   507  17.540   0.940         
 1586     3  18.040   1.080         
 1586   507  18.040   1.080         
 1588     3  17.790   1.080         
 1588   507  17.790   1.080         
 1589     3  14.520   0.510         
 1589   507  14.521   0.510         
 1590     3  15.290   0.750         
 1590   507  15.320   0.750         
 1591     3  15.400   0.620         
 1591   507  15.416   0.620         
 1592     3  17.320   1.210         
 1592   507  17.320   1.210         
 1593     3  16.630   0.870         
 1593   507  16.630   0.870         
 1594     3  17.810   1.020         
 1594   507  17.810   1.020         
 1595     3  17.880   1.320         
 1595   507  17.880   1.320         
 1596     3  17.360   0.940         
 1596   507  17.360   0.940         
 1597     3  17.010   0.970         
 1597   507  17.010   0.970         
 1598     3  18.210   1.360         
 1598   507  18.210   1.360         
 1599     3  17.190   0.890         
 1599   507  17.190   0.890         
 1600     3  17.260   0.990         
 1600   507  17.260   0.990         
 1601     3  17.160   2.680         
 1601   507  16.840   2.680         
 1602     3  16.960   1.040         
 1602   507  16.960   1.040         
 1604     3  17.610   1.120         
 1604   507  17.610   1.120         
 1605     3  16.230   0.830         
 1605   507  16.230   0.830         
 1606     3  17.310   1.010         
 1606   507  17.310   1.010         
 1607     3  15.800   0.870         
 1607   507  15.806   0.870         
 1608     3  14.300   0.600         
 1608   507  14.271   0.600         
 1609     3  17.590   2.480         
 1609   507  17.566   2.480         
 1610     3  16.240   1.020         
 1610   507  16.176   1.020         
 1611     3  16.130   1.630         
 1611   507  16.126   1.630         
 1612     3  16.690   0.860         
 1612   507  16.645   0.860         
 1613     3  17.370   0.960         
 1613   507  17.230   0.960         
 1614     3  15.550   0.750         
 1614   507  15.511   0.750         
 1615     3  15.680   0.930         
 1615   507  15.581   0.930         
 1616     3  16.110   0.940         
 1616   507  16.110   0.940         
 1617     3  16.140   0.980         
 1617   507  16.196   0.980         
 1618     3  16.770   0.930         
 1618   507  16.770   0.930         
 1619     3  17.790   2.390         
 1619   507  17.790   2.390         
 1620     3  15.850   0.850         
 1620   507  15.826   0.850         
 1621     3  15.510   1.380         
 1621   507  15.496   1.380         
 1622     3  15.290   1.800         
 1622   507  15.296   1.800         
 1623     3  13.160   1.500         
 1623   507  13.171   1.500         
 1624     3  13.090   0.330         
 1624   507  13.081   0.330         
 1626     3  17.680   1.090         
 1626   507  17.680   1.090         
 1627     3  17.920   1.200         
 1627   507  17.920   1.200         
 1628     3  17.050   1.070         
 1628   507  17.050   1.070         
 1629     3  15.590   0.750         
 1629   507  15.570   0.750         
 1630     3  18.050   1.140         
 1630   507  18.050   1.140         
 1631     3  17.980   1.250         
 1631   507  17.980   1.250         
 1633     3  14.850   0.570         
 1633   507  14.826   0.570         
 1634     3  18.290   1.230         
 1634   507  18.290   1.230         
 1635     3  17.960   1.110         
 1635   507  17.960   1.110         
 1636     3  17.720   1.060         
 1636   507  17.720   1.060         
 1637     3  14.220   0.500         
 1637   507  14.216   0.500         
 1638     3  13.380   0.340         
 1638   507  13.366   0.340         
 1640     3  18.080   1.220         
 1640   507  18.080   1.220         
 1643     3  17.990   1.180         
 1643   507  17.990   1.180         
 1644     3  17.340   1.150         
 1644   507  17.340   1.150         
 1645     3  16.810   0.890         
 1645   507  16.810   0.890         
 1646     3  16.720   0.860         
 1646   507  16.720   0.860         
 1648     3  16.860   0.950         
 1648   507  16.860   0.950         
 1649     3  16.820   0.990         
 1649   507  16.820   0.990         
 1650     3  14.190   0.430         
 1650   507  14.156   0.430         
 1651     3  15.520   1.750         
 1651   507  15.520   1.750         
 1654     3  17.220   1.350         
 1654   507  17.220   1.350         
 1655     3  14.090   0.410         
 1655   507  14.511   0.410         
 1656     3  18.090   1.150         
 1656   507  16.090   1.150         
 1657     3  15.900   0.880         
 1657   507  15.900   0.880         
 1658     3  17.690   1.070         
 1658   507  17.690   1.070         
 1659     3  18.120   1.310         
 1659   507  18.120   1.310         
 1664     3  16.070   1.270         
 1664   507  16.070   1.270         
 1665     3  17.230   1.180         
 1665   507  17.230   1.180         
 1666     3  16.410   1.040         
 1666   507  16.450   1.040         
 1667     3  16.830   1.000         
 1667   507  16.825   1.000         
 1668     3  17.710   1.590         
 1668   507  17.710   1.590         
 1669     3  17.420   1.010         
 1669   507  17.226   1.010         
 1670     3  17.450   1.000         
 1670   507  17.450   1.000         
 1672     3  17.540   1.270         
 1672   507  17.540   1.270         
 1673     3  17.300   1.150         
 1673   507  17.300   1.150         
 1675     3  17.270   1.040         
 1675   507  17.156   1.040         
 1676     3  16.680   0.940         
 1676   507  16.680   0.940         
 1677     3  16.260   0.830         
 1677   507  16.230   0.830         
 1678     3  16.040   1.710         
 1678   507  16.015   1.710         
 1679     3  17.980   1.180         
 1679   507  17.980   1.180         
 1680     3  17.040   0.940         
 1680   507  17.040   0.940         
 1681     3  18.080   1.060         
 1681   507  18.080   1.060         
 1682     3  18.500   1.130         
 1682   507  18.500   1.130         
 1683     3  18.110   1.120         
 1683   507  18.110   1.120         
 1684     3  17.930   1.040         
 1684   507  17.930   1.040         
 1685     3  17.750   2.510         
 1685   507  17.866   2.510         
 1686     3  15.360   0.840         
 1686   507  15.360   0.840         
 1688     3  13.860   0.540         
 1688   507  13.855   0.540         
 1689     3  17.100   1.120         
 1689   507  17.100   1.120         
 1690     3  14.600   1.620         
 1690   507  14.596   1.620         
 1691     3  16.350   0.970         
 1691   507  16.355   0.970         
 1692     3  17.630   1.340         
 1692   507  17.630   1.340         
 1693     3  14.600   0.520         
 1693   507  14.621   0.520         
 1694     3  15.860   0.760         
 1694   507  15.860   0.760         
 1696     3  17.440   1.090         
 1696   507  17.440   1.090         
 1697     3  16.640   1.680         
 1697   507  16.686   1.680         
 1698     3  16.540   0.900         
 1698   507  16.540   0.900         
 1699     3  16.960   1.090         
 1699   507  17.026   1.090         
 1700     3  16.560   1.000         
 1700   507  16.640   1.000         
 1701     3  16.410   1.060         
 1701   507  16.465   1.060         
 1702     3  17.630   2.120         
 1702   507  17.630   2.120         
 1703     3  12.990   0.340         
 1703   507  12.991   0.340         
 1704     3  15.630   0.960         
 1704   507  15.630   0.960         
 1706     3  18.030   1.660         
 1706   507  18.030   1.660         
 1707     3  17.650   1.030         
 1707   507  17.650   1.030         
 1708     3  18.060   1.070         
 1708   507  18.060   1.070         
 1709     3  17.160   0.960         
 1709   507  17.160   0.960         
 1710     3  16.850   0.850         
 1710   507  16.850   0.850         
 1711     3  15.780   0.770         
 1711   507  15.791   0.770         
 1712     3  13.900   0.460         
 1712   507  13.890   0.460         
 1713     3  17.800   1.190         
 1713   507  17.800   1.190         
 1714     3  16.880   0.900         
 1714   507  16.910   0.900         
 1715     3  17.130   1.180         
 1715   507  17.130   1.180         
 1716     3  15.130   0.780         
 1716   507  15.131   0.780         
 1720     3  17.880   1.350         
 1720   507  17.880   1.350         
 1721     3  16.800   0.910         
 1721   507  16.800   0.910         
 1722     3  17.370   1.040         
 1722   507  17.370   1.040         
 1723     3  17.300   1.390         
 1723   507  17.016   1.390         
 1724     3  17.750   1.510         
 1724   507  17.376   1.510         
 1725     3  16.570   1.650         
 1725   507  16.636   1.650         
 1726     3  16.480   0.860         
 1726   507  16.480   0.860         
 1727     3  17.270   0.890         
 1727   507  16.785   0.890         
 1728     3  15.650   1.620         
 1728   507  15.686   1.620         
 1729     3  15.640   0.710         
 1729   507  15.651   0.710         
 1730     3  14.950   0.790         
 1730   507  14.945   0.790         
 1731     3  16.790   1.140         
 1731   507  16.790   1.140         
 1732     3  15.030   0.590         
 1732   507  15.031   0.590         
 1735     3  16.650   1.080         
 1735   507  16.526   1.080         
 1736     3  18.370   1.350         
 1736   507  18.370   1.350         
 1737     3  17.950   1.200         
 1737   507  17.950   1.200         
 1738     3  18.390   1.120         
 1738   507  18.390   1.120         
 1739     3  15.580   0.930         
 1739   507  15.570   0.930         
 1740     3  14.630   0.550         
 1740   507  14.621   0.550         
 1741     3  15.200   0.960         
 1741   507  15.211   0.960         
 1742     3  15.010   1.230         
 1742   507  14.976   1.230         
 1743     3  16.180   0.870         
 1743   507  16.180   0.870         
 1744     3  17.530   1.000         
 1744   507  17.530   1.000         
 1746     3  15.550   1.610         
 1746   507  15.541   1.610         
 1747     3  14.990   0.620         
 1747   507  14.996   0.620         
 1748     3  17.460   1.080         
 1748   507  17.460   1.080         
 1750     3  15.340   1.510         
 1750   507  15.340   1.510         
 1751     3  15.270   0.740         
 1751   507  15.265   0.740         
 1752     3  17.570   1.050         
 1752   507  17.526   1.050         
 1755     3  17.020   2.040         
 1755   507  16.136   2.040         
 1757     3  15.180   0.610         
 1757   507  15.180   0.610         
 1758     3  17.450   1.070         
 1758   507  17.450   1.070         
 1759     3  16.630   0.870         
 1759   507  16.630   0.870         
 1761     3  16.520   0.970         
 1761   507  16.520   0.970         
 1762     3  14.310   1.570         
 1762   507  14.310   1.570         
 1763     3  17.710   1.140         
 1763   507  17.710   1.140         
 1764     3  17.080   0.990         
 1764   507  16.965   0.990         
 1765     3  16.470   0.940         
 1765   507  16.426   0.940         
 1768     3  17.390   1.300         
 1768   507  17.390   1.300         
 1769     3  17.690   1.020         
 1769   507  17.690   1.020         
 1772     3  16.410   0.980         
 1772   507  16.391   0.980         
 1774     3  17.340   0.900         
 1774   507  17.340   0.900         
 1775     3  16.800   1.120         
 1775   507  15.646   1.120         
 1776     3  17.040   2.710         
 1776   507  17.075   2.710         
 1777     3  16.600   0.960         
 1777   507  16.600   0.960         
 1778     3  17.480   0.960         
 1778   507  17.480   0.960         
 1779     3  17.100   1.060         
 1779   507  17.100   1.060         
 1780     3  17.460   0.900         
 1780   507  17.460   0.900         
 1781     3  17.070   1.060         
 1781   507  17.126   1.060         
 1782     3  17.660   1.040         
 1782   507  17.660   1.040         
 1786     3  17.260   1.070         
 1786   507  17.260   1.070         
 1788     3  17.720   2.100         
 1788   507  17.720   2.100         
 1789     3  18.100   1.150         
 1789   507  18.100   1.150         
 1790     3  18.120   1.030         
 1790   507  18.120   1.030         
 1794     3  12.650   0.230         
 1794   507  12.646   0.230         
 1795     3  11.710   0.240         
 1795   507  11.691   0.240         
 1796     3  11.040   0.220         
 1796   507  11.011   0.220         
 1797     3  11.660   0.230         
 1797   507  11.640   0.230         
 1802     3  12.830   0.260         
 1802   507  12.830   0.260         
 1804     3  11.420   0.290         
 1804   507  11.406   0.290         
 1805     3  12.860   0.360         
 1805   507  12.841   0.360         
 1807     3  18.480   2.180         
 1807   507  18.480   2.180         
 1808     3  18.500   1.250         
 1808   507  18.500   1.250         
 1810     3  19.100   0.740         
 1810   507  19.100   0.740         
 1814     3  17.960   1.180         
 1814   507  17.960   1.180         
 1818     3  15.270   0.690         
 1818   507  15.251   0.690         
 1819     3  18.150   0.930         
 1819   507  18.150   0.930         
 1820     3  17.430   1.010         
 1820   507  17.380   1.010         
 1821     3  15.930   0.760         
 1821   507  15.936   0.760         
 1822     3  17.880   1.160         
 1822   507  17.880   1.160         
 1823     3  13.700   0.400         
 1823   507  13.671   0.400         
 1824     3  16.820   0.930         
 1824   507  16.820   0.930         
 1827     3  17.770   1.020         
 1827   507  17.770   1.020         
 1829     3  18.050   2.240         
 1829   507  18.050   2.240         
 1830     3  17.660   0.930         
 1830   507  17.660   0.930         
 1831     3  18.120   1.270         
 1831   507  18.120   1.270         
 1832     3  16.780   1.340         
 1832   507  16.780   1.340         
 1833     3  17.960   1.160         
 1833   507  17.960   1.160         
 1834     3  16.280   0.900         
 1834   507  16.280   0.900         
 1835     3  16.560   1.510         
 1835   507  16.560   1.510         
 1836     3  17.940   2.470         
 1836   507  17.940   2.470         
 1837     3  18.200   1.000         
 1837   507  18.200   1.000         
 1838     3  17.070   0.980         
 1838   507  17.070   0.980         
 1839     3  18.610   1.300         
 1839   507  18.610   1.300         
 1840     3  16.730   1.050         
 1840   507  16.730   1.050         
 1841     3  17.930   1.170         
 1841   507  17.930   1.170         
 1842     3  18.330   1.020         
 1842   507  18.330   1.020         
 1843     3  18.030   0.950         
 1843   507  18.030   0.950         
 1844     3  18.090   1.110         
 1844   507  18.090   1.110         
 1845     3  18.020   1.020         
 1845   507  18.020   1.020         
 1848     3  14.320   1.620         
 1848   507  14.320   1.620         
 1849     3  17.430   0.860         
 1849   507  17.430   0.860         
 1850     3  15.190   0.980         
 1850   507  15.176   0.980         
 1851     3  15.020   0.560         
 1851   507  15.006   0.560         
 1852     3  18.340   0.910         
 1852   507  18.340   0.910         
 1853     3  17.590   0.860         
 1853   507  17.616   0.860         
 1854     3  15.160   0.620         
 1854   507  15.161   0.620         
 1855     3  17.010   0.960         
 1855   507  16.886   0.960         
 1859     3  14.060   0.560         
 1859   507  14.066   0.560         
 1860     3  13.570   1.580         
 1860   507  13.576   1.580         
 1861     3  15.930   0.800         
 1861   507  15.966   0.800         
 1862     3  13.760   0.420         
 1862   507  13.765   0.420         
 1863     3  14.840   0.690         
 1863   507  14.840   0.690         
 1866     3  17.670   2.120         
 1866   507  17.670   2.120         
 1867     3  16.910   1.170         
 1867   507  16.910   1.170         
 1868     3  15.850   2.520         
 1868   507  15.916   2.520         
 1870     3  18.100   1.090         
 1870   507  18.090   1.090         
 1871     3  14.160   0.770         
 1871   507  14.161   0.770         
 1873     3  17.090   2.310         
 1873   507  17.090   2.310         
 1874     3  17.710   1.140         
 1874   507  17.710   1.140         
 1875     3  17.910   1.290         
 1875   507  17.910   1.290         
 1876     3  18.240   1.150         
 1876   507  18.240   1.150         
 1877     3  18.000   1.020         
 1877   507  18.000   1.020         
 1878     3  13.680   0.370         
 1878   507  13.676   0.370         
 1879     3  15.540   0.790         
 1879   507  15.590   0.790         
 1880     3  15.750   0.880         
 1880   507  15.750   0.880         
 1881     3  15.540   0.870         
 1881   507  15.281   0.870         
 1882     3  18.740   1.330         
 1882   507  18.740   1.330         
 1883     3  14.360   0.690         
 1883   507  14.366   0.690         
 1885     3  14.540   1.500         
 1885   507  14.541   1.500         
 1886     3  18.090   1.060         
 1886   507  18.090   1.060         
 1887     3  18.390   1.100         
 1887   507  18.390   1.100         
 1888     3  16.640   0.970         
 1888   507  16.730   0.970         
 1889     3  18.380   1.300         
 1889   507  18.380   1.300         
 1891     3  17.030   0.960         
 1891   507  17.056   0.960         
 1892     3  17.670   0.970         
 1892   507  17.670   0.970         
 1893     3  15.850   0.730         
 1893   507  15.871   0.730         
 1894     3  16.510   0.840         
 1894   507  16.465   0.840         
 1895     3  18.070   1.090         
 1895   507  18.070   1.090         
 1896     3  18.420   1.330         
 1896   507  18.420   1.330         
 1897     3  18.740   1.300         
 1897   507  18.740   1.300         
 1898     3  18.630   1.270         
 1898   507  18.630   1.270         
 1899     3  18.540   1.420         
 1899   507  18.540   1.420         
 1900     3  18.510   1.470         
 1900   507  18.510   1.470         
 1903     3  18.790   1.390         
 1903   507  18.790   1.390         
 1904     3  18.380   1.060         
 1904   507  18.380   1.060         
 1905     3  15.740   0.780         
 1905   507  15.740   0.780         
 1906     3  17.730   1.060         
 1906   507  17.730   1.060         
 1907     3  16.100   0.780         
 1907   507  16.100   0.780         
 1908     3  16.910   0.820         
 1908   507  16.910   0.820         
 1909     3  18.730   1.310         
 1909   507  18.730   1.310         
 1910     3  18.520   1.160         
 1910   507  18.520   1.160         
 1911     3  18.110   1.130         
 1911   507  18.110   1.130         
 1912     3  17.910   2.560         
 1912   507  17.910   2.560         
 1913     3  18.490   1.290         
 1913   507  18.490   1.290         
 1914     3  18.540   1.090         
 1914   507  18.540   1.090         
 1915     3  18.750   1.080         
 1915   507  18.750   1.080         
 1916     3  18.550   1.060         
 1916   507  18.550   1.060         
 1917     3  18.460   2.410         
 1917   507  18.460   2.410         
 1918     3  18.370   1.050         
 1918   507  18.370   1.050         
 1919     3  18.420   1.070         
 1919   507  18.420   1.070         
 1920     3  15.910   0.770         
 1920   507  15.910   0.770         
 1921     3  14.540   1.300         
 1921   507  14.540   1.300         
 1922     3  14.370   0.880         
 1922   507  14.370   0.880         
 1923     3  14.330   0.480         
 1923   507  14.330   0.480         
 1924     3  16.260   0.800         
 1924   507  16.260   0.800         
 1925     3  17.900   1.000         
 1925   507  17.900   1.000         
 1926     3  18.840   1.260         
 1926   507  18.840   1.260         
 1927     3  15.820   0.700         
 1927   507  15.820   0.700         
 1928     3  18.130   0.830         
 1928   507  18.130   0.830         
 1929     3  16.730   0.900         
 1929   507  16.730   0.900         
 1932     3  16.520   0.880         
 1932   507  16.520   0.880         
 1933     3  17.040   0.930         
 1933   507  17.040   0.930         
 1934     3  18.100   1.040         
 1934   507  18.100   1.040         
 1935     3  17.320   2.460         
 1935   507  17.320   2.460         
 1936     3  15.110   0.850         
 1936   507  15.110   0.850         
 1939     3  18.150   1.110         
 1939   507  18.150   1.110         
 1940     3  16.420   0.970         
 1940   507  16.420   0.970         
 1941     3  17.250   1.040         
 1941   507  17.250   1.040         
 1942     3  15.480   2.380         
 1942   507  15.480   2.380         
 1945     3  13.530   0.360         
 1945   507  13.531   0.360         
 1946     3  17.750   1.070         
 1946   507  17.750   1.070         
 1947     3  17.760   1.160         
 1947   507  17.760   1.160         
 1948     3  16.430   2.640         
 1948   507  16.511   2.640         
 1949     3  16.950   1.020         
 1949   507  16.976   1.020         
 1950     3  15.590   0.900         
 1950   507  15.605   0.900         
 1951     3  16.910   2.230         
 1951   507  16.961   2.230         
 1952     3  18.080   1.080         
 1952   507  18.080   1.080         
 1953     3  18.890   1.790         
 1953   507  18.890   1.790         
 1954     3  15.900   0.970         
 1954   507  15.926   0.970         
 1958     3  17.490   1.020         
 1958   507  17.490   1.020         
 1959     3  17.530   1.360         
 1959   507  17.176   1.360         
 1960     3  18.560   1.340         
 1960   507  18.560   1.340         
 1961     3  16.640   1.040         
 1961   507  16.691   1.040         
 1962     3  16.950   1.080         
 1962   507  17.011   1.080         
 1963     3  17.890   1.180         
 1963   507  17.890   1.180         
 1965     3  18.860   1.270         
 1965   507  18.860   1.270         
 1966     3  17.830   2.520         
 1966   507  17.830   2.520         
 1967     3  17.860   1.250         
 1967   507  17.860   1.250         
 1968     3  17.960   1.100         
 1968   507  17.960   1.100         
 1969     3  15.550   0.760         
 1969   507  15.550   0.760         
 1971     3  18.330   1.170         
 1971   507  18.330   1.170         
 1972     3  17.370   2.220         
 1972   507  17.416   2.220         
 1973     3  18.130   1.350         
 1973   507  18.130   1.350         
 1974     3  16.610   1.660         
 1974   507  16.610   1.660         
 1975     3  14.490   0.560         
 1975   507  14.501   0.560         
 1976     3  16.540   0.990         
 1976   507  16.566   0.990         
 1977     3  17.870   1.090         
 1977   507  17.870   1.090         
 1978     3  17.940   1.090         
 1978   507  17.940   1.090         
 1979     3  17.910   1.240         
 1979   507  17.906   1.240         
 1981     3  15.720   1.060         
 1981   507  15.765   1.060         
 1982     3  15.900   0.900         
 1982   507  15.971   0.900         
 1983     3  18.190   0.970         
 1983   507  18.190   0.970         
 1984     3  18.680   1.290         
 1984   507  18.680   1.290         
 1985     3  18.490   0.840         
 1985   507  18.490   0.840         
 1986     3  14.850   1.230         
 1986   507  14.861   1.230         
 1987     3  17.820   0.950         
 1987   507  17.820   0.950         
 1989     3  18.640   1.540         
 1989   507  18.640   1.540         
 1990     3  17.690   0.930         
 1990   507  17.690   0.930         
 1991     3  13.940   0.360         
 1991   507  13.940   0.360         
 1992     3  17.420   1.060         
 1992   507  17.420   1.060         
 1993     3  18.520   1.240         
 1993   507  18.520   1.240         
 1994     3  18.350   2.010         
 1994   507  18.350   2.010         
 1995     3  16.190   0.780         
 1995   507  16.190   0.780         
 1996     3  18.470   1.560         
 1996   507  18.470   1.560         
 1997     3  18.090   1.130         
 1997   507  18.090   1.130         
 1998     3  18.480   2.220         
 1998   507  18.480   2.220         
 1999     3  17.140   1.260         
 1999   507  17.140   1.260         
 2000     3  14.660   0.530         
 2000   507  14.660   0.530         
 2002     3  18.380   1.190         
 2002   507  18.380   1.190         
 2003     3  16.860   0.900         
 2003   507  16.860   0.900         
 2004     3  18.570   1.210         
 2004   507  18.570   1.210         
 2005     3  15.510   0.670         
 2005   507  15.510   0.670         
 2006     3  16.490   1.130         
 2006   507  16.490   1.130         
 2007     3  18.460   1.660         
 2007   507  18.460   1.660         
 2010     3  18.650   1.110         
 2010   507  18.650   1.110         
 2011     3  15.450   0.750         
 2011   507  15.450   0.750         
 2012     3  18.330   1.090         
 2012   507  18.330   1.090         
 2014     3  17.500   0.930         
 2014   507  17.500   0.930         
 2015     3  17.430   1.260         
 2015   507  17.430   1.260         
 2016     3  16.960   0.880         
 2016   507  16.960   0.880         
 2017     3  17.910   1.210         
 2017   507  17.910   1.210         
 2018     3  16.580   0.890         
 2018   507  16.580   0.890         
 2019     3  17.480   1.030         
 2019   507  17.471   1.030         
 2020     3  16.980   0.930         
 2020   507  16.986   0.930         
 2021     3  17.830   1.270         
 2021   507  17.830   1.270         
 2022     3  13.720   0.360         
 2022   507  13.720   0.360         
 2023     3  17.840   2.180         
 2023   507  17.840   2.180         
 2024     3  18.500   1.130         
 2024   507  18.500   1.130         
 2025     3  17.550   0.970         
 2025   507  17.550   0.970         
 2026     3  18.290   1.250         
 2026   507  18.290   1.250         
 2028     3  14.230   0.430         
 2028   507  14.230   0.430         
 2029     3  15.160   0.580         
 2029   507  15.160   0.580         
 2030     3  16.320   0.950         
 2030   507  16.320   0.950         
 2031     3  16.350   0.860         
 2031   507  16.350   0.860         
 2032     3  18.210   1.100         
 2032   507  18.210   1.100         
 2033     3  16.210   0.780         
 2033   507  16.210   0.780         
 2034     3  15.350   0.930         
 2034   507  15.350   0.930         
 2035     3  14.290   0.720         
 2035   507  14.290   0.720         
 2036     3  14.030   0.420         
 2036   507  14.030   0.420         
 2037     3  17.430   1.290         
 2037   507  17.430   1.290         
 2039     3  16.490   1.540         
 2039   507  16.490   1.540         
 2040     3  18.500   0.050         
 2040   507  18.500   0.050         
 2041     3  13.070   1.380         
 2041   507  13.070   1.380         
 2042     3  13.920   0.390         
 2042   507  13.920   0.390         
 2043     3  14.400   1.350         
 2043   507  14.400   1.350         
 2044     3  13.490   0.390         
 2044   507  13.490   0.390         
 2045     3  12.160   0.250         
 2045   507  12.160   0.250         
 2049     3  14.300   1.050         
 2049   507  14.300   1.050         
 2050     3  16.230   0.950         
 2050   507  16.230   0.950         
 2051     3  15.680   0.890         
 2051   507  15.680   0.890         
 2052     3  16.190   0.780         
 2052   507  16.190   0.780         
 2053     3  15.680   0.890         
 2053   507  15.680   0.890         
 2054     3  13.700   1.600         
 2054   507  13.700   1.600         
 2055     3  16.590   1.880         
 2055   507  16.590   1.880         
 2056     3  15.510   0.570         
 2056   507  15.510   0.570         
 2058     3  15.220   0.570         
 2058   507  15.220   0.570         
 2060     3  14.660   0.500         
 2060   507  14.660   0.500         
 2061     3  15.970   1.090         
 2061   507  15.970   1.090         
 2062     3  16.060   0.760         
 2062   507  16.060   0.760         
 2063     3  13.850   0.380         
 2063   507  13.850   0.380         
 2068     3  12.400   0.270         
 2068   507  12.400   0.270         
 2069     3  11.890   0.260         
 2069   507  11.890   0.260         
 2071     3  16.790   1.100         
 2071   507  16.790   1.100         
 2073     3  16.300   0.850         
 2073   507  16.300   0.850         
 2074     3  16.980   0.970         
 2074   507  16.980   0.970         
 2075     3  15.700   1.130         
 2075   507  15.700   1.130         
 2076     3  16.880   0.950         
 2076   507  16.880   0.950         
 2077     3  16.790   0.860         
 2077   507  16.790   0.860         
 2078     3  15.810   1.100         
 2078   507  15.810   1.100         
 2079     3  12.840   0.270         
 2079   507  12.840   0.270         
 2080     3  13.880   0.350         
 2080   507  13.880   0.350         
 2081     3  13.460   0.440         
 2081   507  13.460   0.440         
 2082     3  12.920   0.340         
 2082   507  12.920   0.340         
 2083     3  13.240   0.340         
 2083   507  13.240   0.340         
 2085     3  15.080   0.890         
 2085   507  15.080   0.890         
 2086     3  15.590   0.730         
 2086   507  15.590   0.730         
 2087     3  15.270   0.270         
 2087   507  15.270   0.270         
 2088     3  15.040   0.640         
 2088   507  15.040   0.640         
 2090     3  14.480   0.540         
 2090   507  14.480   0.540         
 2092     3  16.720   0.890         
 2092   507  16.720   0.890         
 2094     3  15.320   0.790         
 2094   507  15.320   0.790         
 2095     3  13.770   0.360         
 2095   507  13.770   0.360         
 2097     3  15.040   0.640         
 2097   507  15.040   0.640         
 2098     3  14.320   0.450         
 2098   507  14.320   0.450         
 2099     3  12.930   0.270         
 2099   507  12.930   0.270         
 2102     3  15.580   0.780         
 2102   507  15.771   0.780         
 2105     3  13.210   0.310         
 2105   507  13.210   0.310         
 2106     3  12.490   0.290         
 2106   507  12.490   0.290         
 2108     3  15.730   0.710         
 2108   507  15.730   0.710         
 2109     3  16.140   0.900         
 2109   507  16.140   0.900         
 2110     3  11.970   0.240         
 2110   507  11.970   0.240         
 2111     3  13.870   0.400         
 2111   507  13.870   0.400         
 2112     3  16.530   0.770         
 2112   507  16.526   0.770         
 2113     3  14.970   0.610         
 2113   507  14.970   0.610         
 2114     3  16.790   1.000         
 2114   507  16.790   1.000         
 2115     3  16.250   0.770         
 2115   507  16.250   0.770         
 2116     3  16.580   0.830         
 2116   507  16.580   0.830         
 2117     3  15.540   0.680         
 2117   507  15.540   0.680         
 2118     3  13.980   1.340         
 2118   507  13.980   1.340         
 2119     3  13.950   0.330         
 2119   507  13.926   0.330         
 2120     3  16.060   0.760         
 2120   507  16.060   0.760         
 2121     3  15.700   1.130         
 2121   507  15.700   1.130         
 2122     3  15.860   0.780         
 2122   507  15.860   0.780         
 2123     3  15.810   0.770         
 2123   507  15.810   0.770         
 2124     3  15.100   0.530         
 2124   507  15.100   0.530         
 2125     3  13.410   0.320         
 2125   507  13.410   0.320         
 2126     3  15.970   0.920         
 2126   507  15.970   0.920         
 2127     3  16.560   0.900         
 2127   507  16.560   0.900         
 2128     3  16.500   0.780         
 2128   507  16.500   0.780         
 2129     3  16.890   0.990         
 2129   507  16.890   0.990         
 2130     3  16.340   0.840         
 2130   507  16.340   0.840         
 2131     3  16.810   0.860         
 2131   507  16.810   0.860         
 2132     3  15.500   0.700         
 2132   507  15.500   0.700         
 2133     3  15.180   0.660         
 2133   507  15.180   0.660         
 2134     3  16.690   0.770         
 2134   507  16.690   0.770         
 2135     3  15.560   0.850         
 2135   507  15.560   0.850         
 2288     3  17.190   1.010         
 2288   507  17.190   1.010         
 3038     3  16.410   2.410         
 3038   507  16.410   2.410