UBV CCD observations

  No    Ref    V       B-V     U-B

 0001   436  13.200   0.520         
 0002   436  13.775   0.515         
 0003   436  14.044   1.550         
 0004   436  14.133   1.191         
 0005   436  14.143   1.405         
 0006   436  14.479   1.294         
 0007   436  14.597   0.708         
 0008   436  14.613   0.840         
 0009   436  14.863   1.371         
 0010   436  14.775   1.440         
 0011   436  14.906   0.856         
 0012   436  14.999   0.977         
 0013   436  15.070   0.803         
 0014   436  15.261   0.817         
 0015   436  15.303   0.543         
 0016   436  15.394   1.335         
 0017   436  15.380   0.821         
 0018   436  15.394   0.775         
 0019   436  15.427   0.713         
 0020   436  15.484   0.855         
 0021   436  15.503   0.752         
 0022   436  15.569   1.267         
 0023   436  15.725   1.374         
 0024   436  15.704   0.779         
 0025   436  15.655   0.787         
 0026   436  15.802   0.913         
 0027   436  15.864   0.771         
 0028   436  15.877   0.797         
 0029   436  15.832   0.770         
 0030   436  15.912   0.898         
 0031   436  15.962   0.797         
 0032   436  15.946   0.830         
 0033   436  15.933   0.761         
 0034   436  15.997   1.035         
 0035   436  15.979   0.778         
 0036   436  16.196   1.312         
 0037   436  16.188   1.421         
 0038   436  16.032   0.817         
 0039   436  16.098   0.733         
 0040   436  16.059   0.766         
 0041   436  16.134   1.053         
 0042   436  16.245   1.508         
 0043   436  16.115   0.776         
 0044   436  16.182   0.817         
 0045   436  16.142   0.839         
 0046   436  16.273   0.945         
 0047   436  16.218   0.846         
 0048   436  16.238   0.785         
 0049   436  16.264   0.765         
 0050   436  16.344   0.902         
 0051   436  16.369   0.794         
 0052   436  16.352   1.376         
 0053   436  16.341   0.710         
 0054   436  16.379   0.753         
 0055   436  16.418   0.827         
 0056   436  16.473   0.800         
 0057   436  16.483   0.811         
 0058   436  16.442   0.771         
 0059   436  16.547   0.885         
 0060   436  16.499   0.817         
 0061   436  16.497   0.764         
 0062   436  16.678   0.901         
 0063   436  16.649   0.788         
 0064   436  16.714   0.831         
 0065   436  16.714   0.913         
 0066   436  16.663   0.824         
 0067   436  16.789   0.854         
 0068   436  16.718   0.796         
 0069   436  16.822   1.470         
 0070   436  16.798   0.860         
 0071   436  16.785   0.805         
 0072   436  16.794   0.893         
 0073   436  16.781   1.008         
 0074   436  16.688   0.526         
 0075   436  16.819   0.841         
 0076   436  16.808   0.850         
 0077   436  16.937   0.900         
 0078   436  17.155   1.492         
 0079   436  16.970   1.193         
 0080   436  16.909   0.845         
 0081   436  16.970   0.902         
 0082   436  16.976   0.954         
 0083   436  17.333   1.867         
 0084   436  16.987   0.944         
 0085   436  16.975   1.012         
 0086   436  16.993   0.901         
 0087   436  17.025   0.826         
 0088   436  17.067   0.892         
 0089   436  17.089   0.898         
 0090   436  17.313   1.470         
 0091   436  17.085   0.898         
 0092   436  17.215   1.470         
 0093   436  17.174   0.891         
 0094   436  17.206   0.878         
 0095   436  17.194   0.855         
 0096   436  17.259   0.913         
 0097   436  17.312   0.901         
 0098   436  17.291   0.899         
 0099   436  17.377   1.411         
 0100   436  17.334   0.994         
 0101   436  17.469   1.524         
 0102   436  17.338   1.038         
 0103   436  17.320   0.966         
 0104   436  17.365   0.805         
 0105   436  17.396   0.955         
 0106   436  17.383   0.909         
 0107   436  17.538   1.343         
 0108   436  17.633   1.439         
 0109   436  17.508   0.912         
 0110   436  17.577   0.983         
 0111   436  17.578   1.025         
 0112   436  17.616   1.020         
 0113   436  17.582   1.023         
 0114   436  17.628   0.965         
 0115   436  17.637   0.977         
 0116   436  17.714   0.868         
 0117   436  17.666   1.106         
 0118   436  17.655   0.979         
 0119   436  17.626   0.894         
 0120   436  17.660   0.939         
 0121   436  17.697   1.025         
 0122   436  17.686   0.917         
 0123   436  17.879   1.260         
 0124   436  17.773   0.945         
 0125   436  17.854   1.154         
 0126   436  17.853   0.931         
 0127   436  17.843   0.993         
 0128   436  17.873   1.033         
 0129   436  17.915   1.016         
 0130   436  17.906   0.982         
 0131   436  18.072   1.412         
 0132   436  17.972   1.079         
 0133   436  17.923   0.976         
 0134   436  17.970   1.089         
 0135   436  17.966   1.007         
 0136   436  17.946   1.005         
 0137   436  17.978   0.903         
 0138   436  18.073   1.029         
 0139   436  18.104   0.974         
 0140   436  18.245   1.028         
 0141   436  18.268   1.036         
 0142   436  18.231   0.989         
 0143   436  18.280   1.077         
 0144   436  18.506   1.368         
 0145   436  18.296   1.062         
 0146   436  18.360   1.080         
 0147   436  18.294   1.053         
 0148   436  18.298   1.005         
 0149   436  18.579   1.446         
 0150   436  18.548   1.485         
 0151   436  18.474   1.226         
 0152   436  20.285   1.751         
 0153   436  18.300   0.854         
 0154   436  18.610   0.838         
 0155   436  18.439   1.151         
 0156   436  18.682   1.512         
 0157   436  18.270   0.840         
 0158   436  18.441   1.108         
 0159   436  18.405   0.977         
 0160   436  18.426   1.030         
 0161   436  18.526   1.217         
 0162   436  18.845   1.674         
 0163   436  18.548   1.195         
 0164   436  18.463   1.116         
 0165   436  18.401   0.954         
 0166   436  18.464   1.088         
 0167   436  18.438   0.997         
 0168   436  18.536   1.271         
 0169   436  18.476   1.006         
 0170   436  18.499   1.074         
 0171   436  19.004   1.637         
 0172   436  18.713   1.270         
 0173   436  18.424   0.851         
 0174   436  18.505   1.442         
 0175   436  18.583   1.170         
 0176   436  18.548   1.046         
 0177   436  18.545   1.027         
 0178   436  18.595   1.003         
 0179   436  18.615   1.088         
 0180   436  18.678   1.194         
 0181   436  18.741   1.174         
 0182   436  18.616   1.056         
 0183   436  18.647   1.122         
 0184   436  18.732   1.198         
 0185   436  18.728   1.057         
 0186   436  18.733   1.250         
 0187   436  18.760   1.094         
 0188   436  19.084   1.605         
 0189   436  18.615   0.855         
 0190   436  18.715   1.039         
 0191   436  18.842   1.230         
 0192   436  18.716   1.022         
 0193   436  18.812   1.060         
 0194   436  18.844   1.425         
 0195   436  18.801   1.113         
 0196   436  19.114   1.445         
 0197   436  19.028   1.525         
 0198   436  18.895   1.125         
 0199   436  18.842   0.995         
 0200   436  18.852   0.893         
 0201   436  18.885   1.146         
 0202   436  18.980   1.313         
 0203   436  18.902   0.985         
 0204   436  18.947   1.121         
 0205   436  19.049   1.190         
 0206   436  19.564   1.933         
 0207   436  18.974   1.178         
 0208   436  19.001   1.154         
 0209   436  18.965   1.094         
 0210   436  19.371   1.808         
 0211   436  18.993   1.147         
 0212   436  19.000   1.151         
 0213   436  18.941   0.788         
 0214   436  19.046   1.137         
 0215   436  19.048   1.271         
 0216   436  20.330   1.482         
 0217   436  18.960   0.954         
 0218   436  19.044   1.157         
 0219   436  18.973   0.976         
 0220   436  19.142   1.422         
 0221   436  19.029   1.910         
 0222   436  18.929   0.946         
 0223   436  19.030   1.096         
 0224   436  20.546   2.091         
 0225   436  19.240   1.222         
 0226   436  19.529   1.634         
 0227   436  19.116   1.067         
 0228   436  19.143   1.344         
 0229   436  19.160   1.219         
 0230   436  19.075   0.915         
 0231   436  19.430   1.570         
 0232   436  19.273   1.294         
 0233   436  19.335   1.432         
 0234   436  19.495   2.136         
 0235   436  19.155   1.004         
 0236   436  19.143   1.138         
 0237   436  19.190   0.951         
 0238   436  19.924   1.888         
 0239   436  19.357   1.323         
 0240   436  19.146   1.017         
 0241   436  19.269   1.135         
 0242   436  19.199   1.072         
 0243   436  19.172   0.968         
 0244   436  19.283   1.215         
 0245   436  19.315   1.280         
 0246   436  19.242   1.162         
 0247   436  19.297   1.084         
 0248   436  19.489   1.587         
 0249   436  19.283   1.023         
 0250   436  19.363   1.229         
 0251   436  20.441   1.396         
 0252   436  20.344   1.573         
 0253   436  19.521   1.395         
 0254   436  19.992   1.404         
 0255   436  19.427   1.222         
 0256   436  19.474   1.391         
 0257   436  19.452   1.208         
 0258   436  20.510   1.934         
 0259   436  19.422   1.137         
 0260   436  19.382   0.975         
 0261   436  19.413   1.259         
 0262   436  19.474   1.252         
 0263   436  19.483   1.376         
 0264   436  19.616   1.290         
 0265   436  19.327   1.011         
 0266   436  19.430   1.024         
 0267   436  19.427   1.098         
 0268   436  19.589   1.216         
 0269   436  19.525   1.303         
 0270   436  20.389   1.928         
 0271   436  19.552   1.236         
 0272   436  19.488   1.160         
 0273   436  19.562   1.234         
 0274   436  19.864   1.603         
 0275   436  19.481   1.229         
 0276   436  19.691   1.227         
 0277   436  19.715   1.314         
 0278   436  19.737   1.428         
 0279   436  19.766   1.710         
 0280   436  19.933   1.365         
 0281   436  19.499   1.033         
 0282   436  19.555   0.954         
 0283   436  19.637   1.255         
 0284   436  19.568   1.084         
 0285   436  19.566   1.113         
 0286   436  19.713   1.223         
 0287   436  19.615   1.022         
 0288   436  19.561   0.892         
 0289   436  19.706   1.282         
 0290   436  19.808   1.428         
 0291   436  19.707   1.186         
 0292   436  19.906   1.511         
 0293   436  19.790   1.299         
 0294   436  19.762   1.184         
 0295   436  19.744   1.015         
 0296   436  19.753   1.058         
 0297   436  19.711   1.053         
 0298   436  19.826   1.169         
 0299   436  19.867   1.340         
 0300   436  19.888   1.344         
 0301   436  19.698   1.024         
 0302   436  19.732   0.993         
 0303   436  19.772   1.112         
 0304   436  20.149   1.521         
 0305   436  19.798   1.083         
 0306   436  19.714   1.046         
 0307   436  20.035   1.654         
 0308   436  20.266   1.397         
 0309   436  19.820   1.192         
 0310   436  19.760   1.346         
 0311   436  19.828   1.292         
 0312   436  19.833   1.077         
 0313   436  19.768   0.916         
 0314   436  19.744   1.015         
 0315   436  20.372   1.927         
 0316   436  19.847   1.319         
 0317   436  19.827   0.970         
 0318   436  20.108   2.116         
 0319   436  19.825   1.335         
 0320   436  19.920   1.252         
 0321   436  19.788   1.010         
 0322   436  20.092   1.367         
 0323   436  19.920   1.067         
 0324   436  20.472   1.418         
 0325   436  19.887   0.941         
 0326   436  20.270   1.756         
 0327   436  19.912   1.043         
 0328   436  20.665   2.011         
 0329   436  19.892   1.005         
 0330   436  19.846   0.894         
 0331   436  20.062   1.417         
 0333   436  20.061   1.133         
 0334   436  19.970   0.779         
 0335   436  19.988   1.039         
 0336   436  20.003   1.113         
 0337   436  20.092   1.259         
 0338   436  20.487   1.565         
 0339   436  20.597   2.076         
 0340   436  20.045   0.969         
 0341   436  20.343   1.354         
 0342   436  19.967   0.803         
 0344   436  20.061   1.276         
 0345   436  20.321   1.268         
 0346   436  19.990   1.148         
 0347   436  20.242   1.680         
 0348   436  20.323   1.339         
 0349   436  20.299   1.273         
 0350   436  20.157   1.109         
 0351   436  20.120   1.089         
 0352   436  19.995   0.962         
 0353   436  19.888   0.758         
 0354   436  20.174   1.070         
 0355   436  20.043   0.744         
 0356   436  20.101   1.161         
 0357   436  20.154   1.353         
 0358   436  20.027   0.912         
 0360   436  20.089   1.085         
 0361   436  20.438   1.262         
 0362   436  20.292   2.152         
 0364   436  20.361   1.650         
 0365   436  20.154   1.137         
 0367   436  20.465   1.112         
 0368   436  20.482   1.634         
 0369   436  20.127   0.994         
 0370   436  20.705   1.589         
 0372   436  20.181   1.064         
 0373   436  20.524   1.578         
 0374   436  20.574   1.660         
 0377   436  20.140   1.319         
 0378   436  20.258   1.323         
 0379   436  20.276   1.251         
 0380   436  20.164   1.044         
 0381   436  20.218   1.027         
 0382   436  20.403   1.184         
 0383   436  20.323   1.147         
 0384   436  20.158   1.129         
 0385   436  20.355   1.107         
 0386   436  20.315   0.913         
 0388   436  20.628   1.510         
 0389   436  20.314   0.380         
 0390   436  20.257   1.166         
 0391   436  20.160   0.170         
 0392   436  20.441   1.462         
 0394   436  20.317   1.120         
 0395   436  20.548   1.376         
 0396   436  20.386   0.932         
 0397   436  20.347   0.983         
 0398   436  20.854   1.840         
 0399   436  20.613   1.652         
 0400   436  20.325   0.999         
 0402   436  20.328   0.931         
 0403   436  20.422   1.168         
 0404   436  20.384   1.297         
 0405   436  20.416   0.884         
 0406   436  20.368   1.514         
 0409   436  20.499   1.131         
 0410   436  20.375   1.593         
 0411   436  20.566   1.340         
 0412   436  20.879   1.320         
 0413   436  20.368   0.836         
 0414   436  20.523   1.188         
 0415   436  20.562   1.244         
 0416   436  20.735   1.712         
 0417   436  20.469   1.215         
 0418   436  20.698   1.195         
 0419   436  20.267   0.755         
 0420   436  20.476   1.191         
 0421   436  20.460   1.190         
 0422   436  20.898   1.704         
 0423   436  20.635   1.438         
 0425   436  20.605   1.542         
 0426   436  20.788   1.099         
 0427   436  20.609   1.455         
 0428   436  20.942   2.128         
 0429   436  19.285   3.422         
 0430   436  20.791   1.276         
 0433   436  20.524   1.050         
 0436   436  20.501   0.672         
 0438   436  20.939   2.008         
 0441   436  20.592   0.957         
 0444   436  20.621   1.083         
 0445   436  20.548   1.076         
 0448   436  20.612   1.173         
 0449   436  20.621   1.306         
 0450   436  20.767   1.469         
 0451   436  20.558   1.213         
 0452   436  20.774   1.280         
 0454   436  20.784   1.800         
 0455   436  20.769   1.403         
 0458   436  20.749   1.266         
 0459   436  20.676   1.037         
 0460   436  20.637   0.920         
 0461   436  21.184   1.144         
 0462   436  20.834   1.393         
 0463   436  20.697   1.261         
 0465   436  20.688   1.102         
 0468   436  21.294   1.453         
 0469   436  22.687   0.316         
 0470   436  20.694   1.346         
 0471   436  20.807   1.285         
 0475   436  21.790   1.207         
 0477   436  20.823   1.069         
 0478   436  20.862   1.289         
 0479   436  20.799   1.099         
 0480   436  20.831   1.209         
 0483   436  20.885   1.170         
 0484   436  20.924   1.832         
 0485   436  20.889   1.221         
 0489   436  20.948   1.283         
 0491   436  20.888   1.235         
 0494   436  20.898   1.269         
 0497   436  20.832   0.924         
 0498   436  21.263   1.935         
 0501   436  20.962   1.840         
 0502   436  21.248   1.135         
 0504   436  21.185   0.715         
 0505   436  20.997   0.594         
 0506   436  21.097   1.215         
 0507   436  21.012   1.229         
 0509   436  21.008   1.497         
 0511   436  20.918   1.208         
 0513   436  21.047   1.370         
 0518   436  20.939   1.139         
 0519   436  21.158   1.417         
 0520   436  21.178   1.658         
 0521   436  21.340   1.705         
 0522   436  21.852  -0.466         
 0527   436  21.127   1.565         
 0528   436  21.114   1.186         
 0529   436  21.455   0.767         
 0530   436  21.253   0.777         
 0531   436  21.060   1.117         
 0533   436  21.146   1.032         
 0535   436  21.349   1.328         
 0538   436  21.216   1.392         
 0540   436  21.149   1.284         
 0542   436  21.255   1.237         
 0543   436  21.209   1.089         
 0544   436  21.174   1.328         
 0546   436  21.346   1.391         
 0548   436  21.453   0.955         
 0549   436  21.235   0.870         
 0550   436  21.381   0.901         
 0552   436  21.202   1.402         
 0553   436  21.080   1.218         
 0555   436  21.262   1.178         
 0556   436  21.420   1.464         
 0557   436  21.206   0.587         
 0560   436  21.738   0.264         
 0561   436  21.251   1.673         
 0563   436  21.735   0.859         
 0564   436  21.770   1.672         
 0565   436  21.251   1.645         
 0566   436  21.700   1.230         
 0567   436  21.112   0.850         
 0569   436  22.336   0.768         
 0572   436  21.289   1.151         
 0575   436  21.202   0.939         
 0576   436  21.307   1.133         
 0577   436  21.487   1.220         
 0579   436  21.248   1.158         
 0581   436  22.384  -0.648         
 0583   436  21.350   1.745         
 0584   436  21.696   1.206         
 0585   436  21.315   1.436         
 0587   436  21.487   1.439         
 0588   436  21.243   0.978         
 0589   436  21.587   1.183         
 0590   436  21.283   1.600         
 0591   436  21.411   1.549         
 0592   436  21.422   0.518         
 0593   436  21.308   0.997         
 0594   436  21.281   0.923         
 0598   436  21.441   1.243         
 0599   436  21.219   1.107         
 0600   436  21.809   1.084         
 0607   436  21.447   1.237         
 0609   436  21.734   1.144         
 0610   436  21.322   0.681         
 0611   436  21.390   1.061         
 0612   436  21.508   1.101         
 0613   436  21.582   1.087         
 0618   436  21.682   1.345         
 0620   436  23.024  -0.800         
 0623   436  22.316  -0.362         
 0626   436  21.436   1.105         
 0628   436  23.064   0.141         
 0629   436  21.631   0.992         
 0632   436  21.501   1.177         
 0636   436  21.559   0.778         
 0639   436  22.434  -0.448         
 0641   436  22.328  -0.612         
 0643   436  23.056  -0.878         
 0644   436  21.643   1.270         
 0645   436  23.274  -0.935         
 0647   436  21.682   1.310         
 0648   436  22.046  -0.203         
 0650   436  22.106  -0.349         
 0651   436  21.540   1.124         
 0653   436  21.955   0.048         
 0659   436  21.711   1.229         
 0660   436  22.195   0.594         
 0663   436  21.828   1.094         
 0665   436  21.682   0.833         
 0666   436  21.772   1.120         
 0668   436  21.765   0.419         
 0675   436  22.835  -0.748         
 0677   436  21.778   0.812         
 0679   436  21.658   1.282         
 0681   436  22.762   0.411         
 0684   436  21.860   0.643         
 0686   436  21.826   1.075         
 0689   436  23.510  -0.965         
 0691   436  21.941   1.042         
 0695   436  21.875   0.441         
 0696   436  21.759   1.192         
 0703   436  21.984   0.517         
 0705   436  22.099   0.373         
 0708   436  21.992   1.107         
 0709   436  22.505  -0.169         
 0710   436  21.877   1.093         
 0716   436  22.559  -0.003         
 0717   436  21.887   0.954         
 0720   436  22.214   0.212         
 0723   436  21.908   1.028         
 0725   436  22.689   0.512         
 0726   436  22.060   0.698         
 0727   436  21.869   1.239         
 0729   436  22.436  -0.372         
 0731   436  22.012   0.442         
 0732   436  21.844   0.762         
 0733   436  22.473   0.485         
 0734   436  22.236   0.599         
 0737   436  22.299   0.825         
 0744   436  23.475  -1.241         
 0748   436  22.841  -0.540         
 0750   436  22.931  -0.458         
 0754   436  23.473  -0.706         
 0755   436  22.967  -0.382         
 0761   436  22.480   0.142         
 0768   436  22.344   0.963         
 0769   436  22.075   0.458         
 0771   436  22.053   0.511         
 0774   436  23.146  -0.442         
 0775   436  22.190   0.435         
 0776   436  23.129  -0.687         
 0779   436  23.314  -0.549         
 0787   436  22.314   0.626         
 0790   436  22.382   0.436         
 0801   436  22.534   0.126         
 0807   436  22.322   0.657         
 0809   436  23.120  -0.294         
 0811   436  22.352   0.792         
 0812   436  23.213  -0.616         
 0813   436  23.253  -0.513         
 0818   436  22.951  -0.739         
 0820   436  22.384   0.894         
 0821   436  23.059  -0.132         
 0832   436  23.312  -0.113         
 0836   436  22.826   0.383         
 0838   436  22.799   0.138         
 0839   436  22.323   0.751         
 0843   436  23.332  -0.261         
 0845   436  23.419  -0.358         
 0847   436  22.861  -0.396         
 0848   436  22.555   0.602         
 0849   436  23.190  -0.623         
 0852   436  23.455  -0.712         
 0853   436  22.635   0.315         
 0854   436  23.488  -0.296         
 0855   436  22.719   0.282         
 0856   436  23.508  -0.511         
 0858   436  23.047  -0.079         
 0859   436  23.032   0.221         
 0863   436  22.391   0.533         
 0865   436  22.878   0.110         
 0867   436  22.944  -0.052         
 0868   436  23.368  -0.219         
 0871   436  23.168  -0.014         
 0875   436  22.781   0.339         
 0878   436  22.935  -0.014         
 0879   436  22.711   0.329         
 0883   436  23.573  -0.593         
 0884   436  22.783   0.256         
 0886   436  22.557   0.664         
 0888   436  23.249  -0.212         
 0890   436  22.751   0.582         
 0892   436  23.578  -0.406         
 0896   436  23.165  -0.044         
 0897   436  22.748   0.629         
 0900   436  22.933   0.329         
 0901   436  22.892   0.144         
 0902   436  23.066   0.038         
 0903   436  23.066  -0.209         
 0904   436  23.109   0.131         
 0906   436  22.871   0.304         
 0910   436  23.186   0.025         
 0913   436  23.296  -0.012         
 0917   436  23.408  -0.321         
 0918   436  23.113  -0.143         
 0919   436  23.320  -0.404         
 0920   436  23.099  -0.056         
 0922   436  22.988   0.321         
 0924   436  23.364  -0.103         
 0932   436  23.204   0.003         
 0933   436  22.976   0.108         
 0939   436  23.229   0.240         
 0940   436  23.320   0.060         
 0942   436  23.518  -0.297         
 0943   436  23.347  -0.022         
 0947   436  23.378  -0.171         
 0955   436  23.486  -0.069         
 0956   436  23.694  -0.373         
 0959   436  23.368  -0.235         
 0960   436  23.412  -0.016         
 0961   436  23.382  -0.130         
 0967   436  23.415   0.071         
 0975   436  23.486   0.060         
 0977   436  23.468  -0.161         
 0979   436  23.258  -0.017