UBV CCD observations

  No    Ref    V       B-V     U-B

 0001    91  12.670   1.010  -0.080
 0002    91  12.530   0.990   0.100
 0002   289  12.420   1.020   0.060
 0003    91  12.010   0.940  -0.130
 0004    91  12.980   0.580   0.170
 0005    91  11.890   0.950  -0.130
 0006    91  11.780   0.890  -0.160
 0006   289  11.680   0.930  -0.200
 0007    91  10.600   0.920  -0.190
 0008    91   8.170   0.990  -0.110
 0009    91  11.530   0.850  -0.120
 0009   289  11.440   0.890  -0.190
 0010    91  13.000   0.850  -0.110
 0011    91  10.790   0.970  -0.170
 0011   289  10.700   0.970  -0.190
 0012    91  14.140   0.990   0.020
 0012   289  14.050   0.990   0.050
 0013    91  11.320   0.890  -0.150
 0025    91  11.880   0.740  -0.010
 0026    91  13.420   0.520   0.100
 0501   289  17.080   1.310         
 0504   289  16.950   0.790         
 0505   289  18.170   1.310         
 0506   289  16.920   1.200         
 0514   289  16.880   1.100         
 0515   289  17.020   0.960         
 0517   289  15.720   0.940         
 0518   289  15.390   1.030         
 0520   289  16.870   0.960         
 0525   289  17.120   1.210         
 0528   289  16.820   1.620         
 0536   289  16.170   1.070         
 0537   289  17.350   1.280         
 0538   289  16.600   1.290         
 1001    91  18.430   1.490         
 1002    91  16.490   1.320   0.510
 1003    91  17.530   1.390         
 1004    91  18.360   1.580         
 1005    91  17.600   1.660         
 1006    91  17.950   1.680         
 1007    91  16.270   1.250   0.440
 1008    91  17.850   1.580         
 1009    91  18.260   1.380         
 1010    91  16.690   1.210   0.070
 1011    91  17.820   2.380         
 1012    91  18.200   1.580         
 1013    91  17.750   1.750         
 1016    91  17.060   1.390         
 1017    91  17.270   1.110   0.410
 1018    91  18.050   1.190         
 1019    91  16.020   0.970   0.360
 1020    91  16.860   1.350   0.810
 1021    91  17.160   2.550         
 1022    91  17.840   2.390         
 1023    91  15.110   0.960   0.180
 1024    91  17.450   1.340         
 1025    91  16.860   1.010   0.470
 1026    91  17.290   1.420         
 1027    91  17.020   2.190         
 1028    91  14.880   1.650   1.190
 1029    91  17.810   1.300         
 1030    91  14.650   0.820   0.580
 1031    91  16.560   2.430         
 1032    91  17.400   1.250   0.510
 1033    91  17.060   2.050         
 1034    91  17.460   1.220   0.400
 1035    91  18.090   1.460         
 1036    91  17.600   1.200         
 1037    91  17.070   1.090   0.550
 1038    91  17.510   1.210   0.880
 1039    91  18.600   1.520         
 1040    91  16.260   2.240         
 1041    91  18.640   1.380         
 1042    91  16.870   1.240   0.650
 1043    91  17.660   1.360         
 1043   289  17.510   1.240         
 1044    91  15.320   0.990   0.540
 1045    91  17.250   1.500         
 1046    91  16.370   1.100   0.510
 1046   289  16.200   1.220         
 1047    91  16.640   1.100   0.810
 1047   289  16.500   1.250         
 1048    91  15.870   1.050   0.580
 1048   289  15.790   1.070   0.640
 1049    91  16.360   1.030   0.440
 1049   289  16.240   1.040         
 1050    91  17.730   1.100         
 1051    91  15.660   0.960   0.710
 1051   289  15.550   1.010         
 1052   289  12.570   1.040  -0.130
 1053    91  15.600   1.020   0.860
 1053   289  15.500   1.030         
 1054    91  16.470   1.220         
 1054   289  16.350   1.170         
 1055    91  17.910   1.050         
 1055   289  17.850   1.330         
 1056    91  16.480   1.100   0.690
 1056   289  16.350   1.090         
 1057    91  16.090   0.990   0.650
 1057   289  15.970   1.000         
 1058    91  18.090   1.560         
 1058   289  17.940   0.980         
 1059    91  15.180   1.030   0.220
 1059   289  15.040   1.030   0.010
 1060    91  17.910   1.580         
 1061    91  17.770   1.240         
 1062    91  17.750   2.410         
 1063    91  17.410   1.330         
 1063   289  17.260   1.070         
 1064    91  17.280   1.620         
 1065    91  17.240   1.250   0.870
 1065   289  17.060   1.080         
 1066    91  17.620   1.330         
 1067    91  16.360   1.990         
 1068    91  17.230   1.360   0.520
 1069    91  15.910   0.930         
 1070    91  17.970   1.500         
 1071    91  16.400   1.200   0.420
 1071   289  16.270   1.200         
 1073    91  17.950   1.370         
 1073   289  18.010   1.050         
 1074    91  16.090   1.110   0.460
 1074   289  15.980   1.110         
 1076    91  16.060   1.380   0.790
 1076   289  16.190   1.060         
 1077   289  12.860   0.630   0.120
 1078    91  15.570   1.180   0.660
 1079    91  15.430   2.320         
 1079   289  15.350   2.400         
 1080    91  16.620   2.080         
 1081    91  15.850   1.140   0.520
 1081   289  15.700   1.120         
 1082    91  16.490   1.730         
 1082   289  16.350   1.670         
 1083    91  18.210   1.130         
 1084    91  18.430   1.870         
 1085    91  18.390   1.400         
 1086    91  17.030   1.180   0.550
 1086   289  16.810   1.450         
 1087    91  14.660   1.000   0.300
 1087   289  14.550   0.990   0.290
 1088    91  16.870   1.240   0.410
 1088   289  16.790   0.970         
 1089    91  16.410   1.220   0.790
 1089   289  16.400   1.010         
 1090    91  18.240   1.530         
 1091   289  11.910   0.950  -0.180
 1092    91  18.150   1.650         
 1092   289  18.240   0.680         
 1093    91  15.540   1.020   0.230
 1093   289  15.430   1.020   0.070
 1094    91  17.350   1.140         
 1094   289  17.210   0.790         
 1095   289  11.810   1.020  -0.260
 1096    91  18.450   1.800         
 1097    91  14.380   0.910  -0.010
 1097   289  14.270   0.920  -0.040
 1098    91  15.630   1.050   0.360
 1098   289  15.540   1.030         
 1099    91  17.390   1.310   0.520
 1099   289  17.350   1.130         
 1100    91  16.380   1.080         
 1100   289  16.240   1.010         
 1101    91  17.010   1.380   0.610
 1103    91  15.000   1.030   0.210
 1103   289  14.910   1.060   0.330
 1104   289  10.490   0.950  -0.210
 1105    91  18.600   1.280         
 1107    91  14.280   0.710   0.280
 1108    91  17.940   1.560         
 1108   289  17.940   0.940         
 1109    91  16.310   1.190   0.680
 1110    91  16.730   1.320         
 1110   289  16.810   1.200         
 1111    91  15.820   0.980   0.460
 1111   289  15.750   1.030         
 1112    91  17.480   1.530         
 1113    91  17.900   1.540         
 1114    91  16.160   0.980   0.490
 1114   289  16.170   0.960         
 1115    91  18.040   1.540         
 1116    91  16.340   0.930   0.440
 1116   289  16.320   0.970         
 1117    91  18.000   1.150         
 1118    91  18.390   1.230         
 1119    91  17.260   1.400         
 1120    91  15.350   1.650         
 1120   289  16.030   1.840         
 1121    91  14.610   0.910   0.080
 1121   289  14.500   0.930   0.090
 1122    91  17.810   1.940         
 1123   289   8.090   1.030  -0.140
 1124    91  16.860   1.170   0.600
 1126   289  12.930   0.870  -0.150
 1127    91  17.300   1.290         
 1127   289  17.150   1.260         
 1128    91  15.770   1.030   0.340
 1128   289  15.690   1.110         
 1129    91  16.190   1.250   0.490
 1129   289  16.410   0.910         
 1130    91  17.490   1.300   0.560
 1131    91  16.100   1.040   0.500
 1131   289  15.950   1.090         
 1132    91  16.880   2.160         
 1133    91  16.710   2.150         
 1133   289  16.610   1.910         
 1134    91  18.160   1.430         
 1135    91  17.750   1.330         
 1136    91  15.290   1.110   0.580
 1136   289  15.760   0.980         
 1137    91  16.010   1.350   0.640
 1137   289  16.530   1.120         
 1138    91  15.710   1.130   0.880
 1138   289  16.550   0.830         
 1139    91  17.500   1.430   0.880
 1140    91  15.080   0.850   0.620
 1140   289  14.980   0.880   0.510
 1141    91  16.580   1.200   0.800
 1141   289  16.410   1.170         
 1142    91  16.770   1.310         
 1143    91  17.750   1.260         
 1144    91  15.720   1.000   0.620
 1144   289  15.600   1.010         
 1145   289  11.240   0.900  -0.190
 1146    91  17.950   1.430         
 1147    91  18.340   1.430         
 1148    91  15.440   1.090   0.390
 1148   289  15.340   1.130         
 1149    91  17.270   1.760         
 1150    91  16.570   1.010   0.530
 1150   289  16.560   1.130         
 1151    91  19.110   1.530         
 1152    91  16.610   1.110   0.630
 1152   289  16.560   1.210         
 1153    91  18.110   1.300         
 1154    91  17.550   2.220         
 1155    91  17.120   1.400         
 1155   289  17.010   1.400         
 1156    91  17.500   1.280         
 1156   289  17.410   1.210         
 1157    91  17.180   1.390         
 1158    91  17.280   1.370   0.990
 1158   289  17.160   1.310         
 1159    91  18.450   1.070         
 1159   289  18.390   1.530         
 1160    91  17.560   2.170         
 1161    91  17.260   1.210  -0.250
 1162    91  18.340   1.050         
 1163    91  16.280   1.080   0.680
 1163   289  16.210   1.130         
 1164    91  18.870   1.420         
 1165    91  17.050   1.130   0.750
 1165   289  16.890   1.180         
 1166    91  16.060   1.100   0.580
 1166   289  15.980   1.180   0.220
 1167    91  17.540   1.310         
 1168    91  16.720   0.970   0.660
 1168   289  16.630   0.990         
 1169    91  16.010   1.110   0.630
 1169   289  15.980   1.080         
 1170    91  16.240   1.040   0.440
 1171    91  16.440   1.070   0.610
 1171   289  16.360   1.140         
 1172    91  18.600   1.460         
 1173    91  16.150   2.080   1.290
 1174    91  14.490   0.710   0.510
 1175    91  16.450   0.980   0.500
 1176    91  16.410   1.220   0.890
 1177    91  15.880   0.930   0.370
 1178    91  17.070   1.420         
 1179    91  17.460   1.430         
 1180    91  19.710   1.180         
 1181    91  16.780   1.140   0.770
 1182    91  15.380   0.980   0.260
 1183    91  16.190   0.800   0.490
 1184    91  18.120   1.180         
 1185    91  15.790   1.010   0.620
 1186    91  17.460   1.970         
 1187    91  17.400   1.430         
 1188    91  16.240   1.900         
 1189    91  17.500   1.280   0.390
 1190    91  18.290   1.890         
 1191    91  17.010   2.100         
 1192    91  15.430   2.170         
 1193    91  16.720   2.200         
 1194    91  17.290   2.210         
 1195    91  16.230   1.220   0.500
 1196    91  16.590   1.010   0.540