UBV CCD observations

  No    Ref    V       B-V     U-B

 0001   227  14.124   0.748         
 0002   227  15.429   0.867         
 0003   227  15.794   1.156         
 0004   227  12.293   1.477         
 0005   227  15.116   0.889         
 0006   227  13.833   0.639         
 0007   227  14.281   0.945         
 0008   227  15.359   1.112         
 0009   227  15.275   1.000         
 0010   227  15.930   1.040         
 0011   227  14.148   0.937         
 0012   227  15.178   1.539         
 0013   227  14.831   1.013         
 0014   227  15.541   0.968         
 0015   227  15.479   0.818         
 0016   227  15.525   0.969         
 0017   227  13.978   1.610         
 0018   227  13.578   0.860         
 0019   227  14.985   0.844         
 0020   227  13.601   0.690         
 0021   227  15.810   1.000         
 0022   227  13.318   0.647         
 0023   227  14.659   0.858         
 0024   227  14.822   0.720         
 0025   227  14.173   0.895         
 0026   227  14.719   0.811         
 0027   227  15.380   0.852         
 0028   227  11.975   0.668         
 0029   227  15.044   1.022         
 0030   227  14.088   0.810         
 0031   227  15.219   1.867         
 0032   227  14.835   0.765         
 0033   227  15.295   1.288         
 0034   227  13.089   0.601         
 0035   227  12.964   0.599         
 0036   227  15.966   0.900         
 0037   227  15.223   0.877         
 0038   227  12.731   0.601         
 0039   227  15.325   0.864         
 0040   227  15.916   0.943         
 0041   227  16.870   1.112         
 0042   227  18.005   1.476         
 0043   227  17.328   1.166         
 0044   227  15.956   1.865         
 0045   227  17.607   1.169         
 0046   227  17.648   1.398         
 0047   227  17.844   1.553         
 0048   227  16.654   1.310         
 0049   227  16.968   1.396         
 0050   227  17.446   1.207         
 0051   227  17.267   1.348         
 0052   227  15.696   1.978         
 0053   227  17.637   1.204         
 0054   227  17.635   1.384         
 0055   227  16.976   1.194         
 0056   227  17.597   1.454         
 0057   227  17.086   1.202         
 0058   227  16.175   0.984         
 0059   227  17.798   1.623         
 0060   227  17.345   1.316         
 0061   227  16.709   1.244         
 0062   227  16.186   1.079         
 0063   227  17.543   1.367         
 0064   227  17.549   1.216         
 0065   227  18.308   0.892         
 0066   227  17.313   1.364         
 0067   227  17.076   1.182         
 0068   227  18.156   1.230         
 0069   227  17.466   1.200         
 0070   227  16.894   1.083         
 0071   227  16.977   1.059         
 0072   227  17.451   1.252         
 0073   227  18.015   1.306         
 0074   227  17.802   1.765         
 0075   227  17.212   1.255         
 0076   227  18.498   1.417         
 0077   227  18.167   1.224         
 0078   227  16.208   1.110         
 0079   227  17.679   1.337         
 0080   227  16.538   1.296         
 0081   227  16.670   1.053         
 0082   227  16.326   1.036         
 0083   227  17.603   1.415         
 0084   227  15.137   1.801         
 0085   227  17.359   1.102         
 0086   227  18.180   1.233         
 0087   227  16.324   1.192         
 0088   227  18.571   1.479         
 0089   227  18.383   1.212         
 0090   227  17.945   1.306         
 0091   227  17.249   1.311         
 0092   227  17.016   1.207         
 0093   227  17.240   1.434         
 0094   227  16.451   1.025         
 0095   227  19.247   1.390         
 0096   227  16.181   1.089         
 0097   227  17.470   1.495         
 0098   227  19.016   1.468         
 0099   227  16.944   1.204         
 0100   227  16.548   1.879         
 0101   227  17.645   1.079         
 0102   227  16.023   1.986         
 0103   227  17.438   1.342         
 0104   227  15.526   2.155         
 0105   227  17.887   1.385         
 0106   227  18.029   1.464         
 0107   227  18.533   1.394         
 0108   227  18.635   1.447         
 0109   227  17.757   1.258         
 0110   227  18.240   1.401         
 0111   227  16.622   1.300         
 0112   227  17.229   1.463         
 0113   227  16.163   1.048         
 0114   227  18.763   1.307         
 0115   227  18.011   1.234         
 0116   227  15.480   1.130         
 0117   227  17.510   1.615         
 0118   227  16.982   1.154         
 0119   227  16.951   1.406         
 0120   227  16.776   1.357         
 0121   227  17.777   1.274         
 0122   227  17.428   1.545         
 0123   227  15.245   0.939         
 0124   227  17.555   1.155         
 0125   227  19.640   0.984         
 0126   227  18.288   1.441         
 0127   227  18.021   1.251         
 0128   227  15.283   1.862         
 0129   227  17.840   1.583         
 0130   227  18.389   1.468         
 0131   227  18.584   1.225         
 0132   227  18.449   1.367         
 0133   227  17.327   1.385         
 0134   227  17.582   1.373         
 0135   227  17.751   1.328         
 0136   227  18.531   1.474         
 0137   227  18.382   1.475         
 0138   227  18.531   1.565         
 0139   227  18.573   1.438         
 0140   227  19.137   0.929         
 0141   227  18.250   1.244         
 0142   227  17.997   1.246         
 0143   227  18.302   1.259         
 0144   227  17.711   1.390         
 0145   227  19.067   1.352         
 0146   227  18.229   1.264         
 0147   227  17.731   1.218         
 0148   227  17.478   1.398         
 0149   227  17.922   1.482