UBV CCD observations

  No    Ref    V       B-V     U-B

 0001   263  17.236   0.882         
 0002   263  17.167   0.809         
 0003   263  16.834   0.804         
 0004   263  13.927   1.289         
 0005   263  14.525   1.071         
 0006   263  16.423   1.318         
 0007   263  12.721   1.315         
 0008   263  17.897   0.843         
 0009   263  16.267   0.625         
 0010   263  15.214   0.955         
 0011   263  16.927   1.295         
 0012   263  18.266   0.625         
 0013   263  14.811   0.792         
 0014   263  17.039   0.835         
 0015   263  17.471   0.671         
 0016   263  18.124   0.867         
 0017   263  13.215   1.117         
 0018   263  16.293   0.656         
 0019   263  14.338   0.891         
 0020   263  16.864   0.817         
 0021   263  15.738   1.284         
 0022   263  17.267   0.999         
 0023   263  16.969   0.514         
 0024   263  16.766   1.080         
 0025   263  14.684   0.622         
 0026   263  16.437   0.976         
 0027   263  16.386   0.682         
 0028   263  18.077   0.683         
 0029   263  15.946   1.094         
 0030   263  13.273   0.749         
 0031   263  15.458   1.027         
 0032   263  16.964   0.760         
 0033   263  17.681   0.683         
 0034   263  12.203   0.584         
 0035   263  16.479   1.156         
 0036   263  15.083   1.297         
 0037   263  16.184   0.824         
 0038   263  17.013   0.896         
 0039   263  16.416   1.356         
 0040   263  11.949   1.096         
 0041   263  17.771   1.132         
 0042   263  15.987   0.940         
 0043   263  16.407   1.430         
 0044   263  17.131   0.747         
 0045   263  18.017   0.990         
 0046   263  14.454   1.420         
 0047   263  16.380   0.791         
 0048   263  17.566   1.395         
 0049   263  17.099   1.075         
 0050   263  15.320   1.637         
 0051   263  15.139   0.706         
 0052   263  17.015   0.976         
 0053   263  17.255   0.755         
 0054   263  17.595   0.972         
 0055   263  15.737   1.053         
 0056   263  16.028   0.949         
 0057   263  16.990   0.556         
 0058   263  17.604   1.387         
 0059   263  17.602   0.809         
 0060   263  16.184   0.743         
 0061   263  18.041   0.901         
 0062   263  16.336   1.390         
 0063   263  16.747   1.253         
 0064   263  17.427   1.111         
 0065   263  15.508   1.216         
 0066   263  16.677   0.178         
 0067   263  15.233   1.189         
 0068   263  16.705   0.717         
 0069   263  15.597   1.120         
 0070   263  14.647   0.958         
 0071   263  18.215   0.835         
 0072   263  15.809   1.210         
 0073   263  16.401   0.814         
 0074   263  13.609   1.097         
 0075   263  18.168   0.792         
 0076   263  17.444   0.980         
 0077   263  17.924   0.903         
 0078   263  17.888   0.860         
 0079   263  17.156   0.780         
 0080   263  14.448   1.275         
 0081   263  15.919   1.207         
 0082   263  11.530   1.551         
 0083   263  16.440   0.882         
 0084   263  13.843   0.987         
 0085   263  17.739   0.970         
 0086   263  16.903   0.830         
 0087   263  15.515   0.292         
 0088   263  16.111   0.774         
 0089   263  16.905   0.733         
 0090   263  16.439   1.109         
 0091   263  11.649   0.527         
 0092   263  17.166   0.958         
 0093   263  17.582   0.763         
 0094   263  16.525   1.225         
 0095   263  14.213   0.814         
 0096   263  17.764   0.835         
 0097   263  15.249   1.151         
 0098   263  16.247   0.880         
 0099   263  15.803   0.896         
 0100   263  17.698   1.015         
 0101   263  17.592   1.201         
 0102   263  11.863   0.173         
 0103   263  17.668   0.844         
 0104   263  15.473   1.244         
 0105   263  17.678   1.106         
 0106   263  15.834   1.067         
 0107   263  16.420   0.984         
 0108   263  15.537   0.937         
 0109   263  15.567   0.801         
 0110   263  16.287   1.155         
 0111   263  17.530   0.869         
 0112   263  17.921   0.829         
 0113   263  17.773   0.847         
 0114   263  17.006   0.568         
 0115   263  17.206   0.799         
 0116   263  16.144   1.293         
 0117   263  17.603   0.811         
 0118   263  16.188   0.674         
 0119   263  16.286   0.994         
 0120   263  15.811   0.964         
 0121   263  16.226   1.071         
 0122   263  15.455   0.794         
 0123   263  16.309   1.069         
 0124   263  17.583   0.976         
 0125   263  17.316   0.901         
 0126   263  15.393   0.687         
 0127   263  15.768   1.050         
 0128   263  17.664   0.879         
 0129   263  15.489   1.541         
 0130   263  17.410   1.054         
 0131   263  17.026   1.167         
 0132   263  11.928   0.555         
 0133   263  16.837   1.271         
 0134   263  17.132   0.933         
 0135   263  16.596   1.111         
 0136   263  15.913   1.108         
 0137   263  15.340   1.145         
 0138   263  17.506   0.914         
 0139   263  16.958   1.171         
 0140   263  16.252   0.462         
 0141   263  16.471   1.099         
 0142   263  16.770   0.940         
 0143   263  14.015   0.680         
 0144   263  17.399   0.818         
 0145   263  17.128   1.239         
 0146   263  17.147   1.079         
 0147   263  15.350   0.811         
 0148   263  16.141   1.131         
 0149   263  17.358   1.200         
 0150   263  16.621   1.066         
 0151   263  15.445   0.919         
 0152   263  14.367   0.914         
 0153   263  11.858   1.513         
 0154   263  15.007   1.045         
 0155   263  16.153   1.397         
 0156   263  15.071   0.961         
 0157   263  15.908   0.786         
 0158   263  16.590   0.957         
 0159   263  16.360   0.869         
 0160   263  16.365   0.835         
 0161   263  16.603   1.143         
 0162   263  17.316   0.581         
 0163   263  16.089   1.126         
 0164   263  13.996   0.705         
 0165   263  16.556   0.835         
 0166   263  10.912   0.585         
 0167   263  16.406   0.603         
 0168   263  16.885   0.685         
 0169   263  18.074   0.664         
 0170   263  15.128   1.500         
 0171   263  17.040   0.186         
 0172   263  17.958   0.983         
 0173   263  18.115   1.050         
 0174   263  17.055   1.135         
 0175   263  17.991   0.899         
 0176   263  16.566   0.781         
 0177   263  17.235   1.086         
 0178   263  16.683   1.525         
 0179   263  15.575   0.637         
 0180   263  17.496   0.955         
 0181   263  17.910   0.854         
 0182   263  17.385   0.988         
 0183   263  17.486   1.033         
 0184   263  15.694   0.921         
 0185   263  17.627   0.872         
 0186   263  14.021   1.370         
 0187   263  17.748   1.089         
 0188   263  17.534   1.059         
 0189   263  17.941   1.135         
 0190   263  14.479   0.581         
 0191   263  17.568   0.695         
 0192   263  17.681   0.892         
 0193   263  17.211   0.686         
 0194   263  17.967   0.895         
 0195   263  16.980   1.299         
 0196   263  16.521   0.857         
 0197   263  17.728   0.714         
 0198   263  17.821   0.796         
 0199   263  17.948   0.869         
 0200   263  18.059   0.855         
 0201   263  17.810   0.809         
 0202   263  17.771   0.886         
 0203   263  15.864   0.714         
 0204   263  17.661   0.703         
 0205   263  17.273   0.703         
 0206   263  18.014   0.852         
 0207   263  14.925   0.991         
 0208   263  17.495   0.996         
 0209   263  17.773   1.271         
 0210   263  17.788   1.041         
 0211   263  17.570   0.831         
 0212   263  17.873   0.989         
 0213   263  16.541   1.127         
 0214   263  17.683   1.079         
 0215   263  17.840   1.121         
 0216   263  17.773   1.071         
 0217   263  18.331   0.690         
 0218   263  16.997   1.243         
 0219   263  16.791   0.931         
 0220   263  17.894   0.819         
 0221   263  15.898   1.224         
 0222   263  17.949   1.014         
 0223   263  15.014   1.091         
 0224   263  17.925   0.979         
 0225   263  17.251   0.869         
 0226   263  17.108   1.098         
 0227   263  17.672   1.232         
 0228   263  17.591   0.721         
 0229   263  17.972   0.944         
 0230   263  17.961   0.826         
 0231   263  16.517   0.776         
 0232   263  16.544   0.597         
 0233   263  17.351   0.585         
 0234   263  18.124   0.905         
 0235   263  17.157   1.556         
 0236   263  17.481   1.076         
 0237   263  17.693   1.294         
 0238   263  17.983   0.776         
 0239   263  17.861   1.250         
 0240   263  17.473   0.844         
 0241   263  17.935   1.070         
 0242   263  18.219   1.196         
 0243   263  16.301   0.748         
 0244   263  17.779   0.487         
 0245   263  17.767   0.551         
 0246   263  17.974   0.584         
 0247   263  17.907   0.727         
 0248   263  17.654   0.946         
 0249   263  17.746   1.090         
 0250   263  17.750   0.718         
 0251   263  17.827   0.957         
 0252   263  18.194   0.824         
 0253   263  17.703   0.575         
 0254   263  18.186   1.096         
 0255   263  17.551   0.990         
 0256   263  18.450   0.671         
 0257   263  18.052   1.551         
 0258   263  17.876   0.723         
 0259   263  17.354   0.808