UBV CCD observations

  No    Ref    V       B-V     U-B

 0004   321  12.400   0.720         
 0005   321  12.970   1.230         
 0006   321  11.310   0.290         
 0007   321  12.590   0.680         
 0008   321  12.590   0.800         
 0009   321  12.520   0.770         
 0010   321  10.070   1.090         
 0011   321   8.620   0.050         
 0012   321  10.610   0.610         
 0013   321  10.490   0.600         
 0014   321  12.300   1.840         
 0015   321  10.960   0.760         
 0016   321  12.420   0.680         
 0017   321  11.520   0.550         
 0018   321  11.490   0.680         
 0019   321  12.330   0.800         
 0020   321  12.030   1.720         
 0021   321  10.900   1.870         
 0022   321  11.890   0.490         
 0023   321  12.690   1.130         
 0024   321   8.270   0.560         
 0025   321  12.100   0.640         
 0026   321  12.930   0.750         
 0028   321  12.420   0.760         
 0029   321  10.470   0.510         
 0030   321   9.530   0.630         
 0031   321  12.980   0.620         
 0032   321  11.940   0.870         
 0033   321   9.540   0.210         
 0034   321  11.000   0.450         
 0035   321  10.910   0.530         
 0036   321  12.420   0.910         
 0037   321  12.680   0.660         
 0038   321  12.390   0.910         
 0039   321  12.600   0.760         
 0040   321  12.550   0.750         
 0041   321  11.800   1.830         
 0042   321  11.890   0.490         
 0043   321  12.160   0.540         
 0044   321  12.750   0.660         
 0045   321  11.360   0.530         
 0046   321  12.940   0.650         
 0047   321  12.840   0.750         
 0048   321  12.010   0.890         
 0049   321  12.610   1.550         
 0050   321  10.820   1.280         
 0051   321  13.060   1.080         
 0052   321  13.290   0.880         
 0053   321  13.090   0.780         
 0054   321  12.700   0.610         
 0055   321  11.600   0.500         
 0056   321   8.620   0.030         
 0057   321  11.690   0.950         
 0058   321  12.640   0.550         
 0059   321  11.520   0.580         
 0060   321  11.070   0.530         
 0061   321  12.990   0.770         
 0062   321  11.050   0.420         
 0063   321  12.360   0.730         
 0064   321  12.870   0.840         
 0065   321  12.600   1.620         
 0066   321  12.440   1.570         
 0067   321  11.710   0.570         
 0068   321   9.730   0.300         
 0069   321   9.070   0.160         
 0070   321   9.540   0.220         
 0071   321   9.530   0.210         
 0072   321  12.140   0.590         
 0073   321  11.730   0.560         
 0074   321  10.850   0.400         
 0075   321  10.130   0.300         
 0076   321  12.630   0.670         
 0077   321   8.110   0.140         
 0078   321  13.130   0.790         
 0079   321  11.090   0.610         
 0080   321  12.140   0.620         
 0081   321   8.900   0.190         
 0082   321  11.530   0.540         
 0083   321  12.150   0.870         
 0084   321  12.070   0.800         
 0085   321  12.800   0.690         
 0086   321   8.670   0.120         
 0087   321  10.830   0.550         
 0088   321  12.720   0.750         
 0089   321   9.370   0.170         
 0090   321  10.030   0.270         
 0091   321  12.520   0.680         
 0092   321  11.920   0.590         
 0093   321   9.530   0.240         
 0094   321  10.960   0.820         
 0095   321   8.100   1.020         
 0096   321  11.650   2.270         
 0097   321  11.090   0.420         
 0098   321  12.130   0.650         
 0099   321  11.910   0.670         
 0101   321  12.690   0.830         
 0102   321  12.050   0.660         
 0103   321  12.570   0.620         
 0104   321  12.080   2.010         
 0105   321  11.330   1.520         
 0106   321  11.840   0.580         
 0107   321  11.170   0.570         
 0108   321   8.270   0.150         
 0109   321  12.810   0.820         
 0110   321  11.500   0.790         
 0111   321  12.730   0.740         
 0112   321  12.920   1.020         
 0113   321  12.790   0.810         
 0114   321   7.100   1.800         
 0115   321  12.660   0.870         
 0116   321  12.700   0.840         
 0117   321  12.050   0.850         
 0118   321  13.060   0.700         
 0119   321  12.400   2.440         
 0120   321  11.150   0.490         
 0121   321  12.910   0.650         
 0122   321  12.420   0.710         
 0123   321  12.600   0.670         
 0124   321  13.250   0.770         
 0125   321  12.200   0.750         
 0126   321  12.200   0.520         
 0127   321  12.940   0.840         
 0128   321  11.960   0.650         
 0129   321  10.180   0.290         
 0130   321  12.040   0.690         
 0131   321  11.860   1.740         
 0132   321  12.630   1.610         
 0133   321  11.480   0.720         
 0134   321  10.540   0.300         
 0135   321   8.390   0.120         
 0136   321  12.630   0.760         
 0137   321  11.600   0.540         
 0138   321  11.650   0.760         
 0139   321  11.020   0.400         
 0140   321  11.380   1.060         
 0141   321  12.350   0.640         
 0142   321  12.580   0.580         
 0143   321  11.010   0.450         
 0144   321  12.740   1.000         
 0145   321  11.100   0.380         
 0146   321  12.020   0.550         
 0147   321  13.160   0.800         
 0148   321  13.120   0.900         
 0149   321   8.500   0.250         
 0150   321  11.040   1.850         
 0151   321  12.170   2.150         
 0152   321  11.590   0.790         
 0153   321  11.820   1.720         
 0154   321  12.150   1.570         
 0155   321  11.680   0.800         
 0156   321  11.850   0.760         
 0157   321  12.430   0.720         
 0158   321  12.240   0.800         
 0159   321  10.840   1.980         
 0160   321   8.320   0.130         
 0161   321   8.840   0.150         
 0162   321  13.660   1.040         
 0163   321  12.510   2.250         
 0164   321  13.460   1.010         
 0165   321  12.790   1.560