UBV CCD observations

  No    Ref    V       B-V     U-B

 0001    86  17.736   1.019         
 0002    86  18.899   1.191         
 0003    86  15.047   0.932         
 0004    86  18.464   1.210         
 0005    86  16.639   1.203         
 0006    86  20.597   1.692         
 0007    86  20.681   0.888         
 0008    86  20.023   1.346         
 0009    86  16.891   1.306         
 0010    86  17.189   1.202         
 0011    86  17.087   0.894         
 0012    86  18.699   1.766         
 0013    86  17.206   1.806         
 0014    86  18.880   1.325         
 0015    86  17.740   1.072         
 0016    86  18.451   1.283         
 0017    86  18.677   1.106         
 0018    86  17.364   1.015         
 0019    86  14.970   1.643         
 0020    86  19.357   1.200         
 0021    86  18.058   1.171         
 0022    86  20.618   1.478         
 0023    86  20.260   1.170         
 0024    86  20.308   1.082         
 0025    86  19.551   1.336         
 0026    86  21.030   0.933         
 0027    86  20.469   1.337         
 0028    86  16.751   1.072         
 0029    86  19.268   1.110         
 0030    86  20.291   1.175         
 0031    86  17.193   1.031         
 0032    86  18.954   1.308         
 0033    86  19.860   0.622         
 0034    86  20.948   1.496         
 0035    86  17.933   1.333         
 0036    86  18.778   2.080         
 0037    86  18.143   1.184         
 0038    86  19.515   1.159         
 0039    86  17.104   1.951         
 0040    86  19.623   1.407         
 0041    86  20.713   0.929         
 0042    86  20.627   1.637         
 0043    86  20.577   1.411         
 0044    86  17.891   1.066         
 0045    86  19.814   1.417         
 0046    86  17.641   1.032         
 0047    86  15.551   0.839         
 0048    86  19.948   1.213         
 0049    86  14.678   1.245         
 0050    86  12.478   0.699         
 0051    86  11.925   0.641         
 0052    86  15.866   0.806         
 0053    86  18.137   0.932         
 0054    86  20.188   1.426         
 0055    86  15.882   0.665         
 0056    86  19.951   1.518         
 0057    86  19.237   1.152         
 0058    86  21.615   0.425         
 0059    86  16.477   0.718         
 0060    86  19.444   1.590         
 0061    86  18.952   2.575         
 0062    86  18.315   1.247         
 0063    86  19.340   1.233         
 0064    86  17.168   1.158         
 0065    86  16.996   1.026         
 0066    86  20.266   0.840         
 0067    86  16.517   1.753         
 0068    86  18.548   1.598         
 0069    86  17.506   0.945         
 0070    86  20.944   0.789         
 0071    86  19.732   0.929         
 0072    86  19.213   1.268         
 0073    86  19.379   1.339         
 0074    86  20.345   2.015         
 0075    86  18.544   1.097         
 0076    86  20.141   1.439         
 0077    86  20.272   0.956         
 0078    86  18.227   1.247         
 0079    86  14.854   0.343         
 0080    86  20.426   1.559         
 0081    86  21.057   1.048         
 0082    86  20.834   0.844         
 0083    86  18.611   1.233         
 0084    86  20.027   1.420         
 0085    86  19.142   1.074         
 0086    86  16.367   0.836         
 0087    86  18.552   1.134         
 0088    86  18.624   0.894         
 0089    86  18.602   1.551         
 0090    86  17.986   1.045         
 0091    86  20.837   1.609         
 0092    86  20.279   1.665         
 0093    86  21.756   0.944         
 0094    86  16.510   1.209         
 0095    86  17.109   0.935         
 0096    86  15.047   0.525         
 0097    86  20.011   1.274         
 0098    86  19.793   1.379         
 0099    86  19.720   1.469         
 0100    86  15.463   1.108         
 0101    86  17.144   1.746         
 0102    86  19.838   1.317         
 0103    86  19.772   1.441         
 0104    86  19.577   1.584         
 0105    86  15.420   0.924         
 0106    86  18.244   0.848         
 0107    86  19.976   1.547         
 0108    86  19.713   1.205         
 0109    86  20.204   1.148         
 0110    86  20.314   1.544         
 0111    86  16.778   1.289         
 0112    86  20.297   1.203         
 0113    86  19.649   1.413         
 0114    86  19.093   0.935         
 0115    86  20.477   1.318         
 0116    86  19.123   1.390         
 0117    86  16.233   0.525         
 0118    86  17.567   0.998         
 0119    86  20.031   1.182         
 0120    86  19.945   1.258         
 0121    86  17.402   1.363         
 0122    86  21.791   1.326         
 0123    86  18.864   1.401         
 0124    86  19.826   1.032         
 0125    86  19.732   1.122         
 0126    86  20.125   1.336         
 0127    86  12.878   0.746         
 0128    86  19.501   1.187         
 0129    86  19.209   1.114         
 0130    86  19.803   1.515         
 0131    86  20.177   1.361         
 0132    86  18.080   1.207         
 0133    86  19.763   1.636         
 0134    86  17.532   1.655         
 0135    86  19.468   1.290         
 0136    86  17.992   1.073         
 0137    86  18.088   1.203         
 0138    86  18.034   0.975         
 0139    86  19.519   1.223         
 0140    86  20.421   1.219         
 0141    86  16.149   0.865         
 0142    86  18.479   1.405         
 0143    86  18.632   1.114         
 0144    86  19.773   1.387         
 0145    86  19.634   1.533         
 0146    86  20.469   1.195         
 0147    86  18.514   1.633         
 0148    86  14.741   1.701         
 0149    86  20.832   1.817         
 0150    86  18.231   1.393         
 0151    86  19.420   1.118         
 0152    86  19.408   1.668         
 0153    86  19.846   1.517         
 0154    86  18.921   1.148         
 0155    86  15.173   0.884         
 0156    86  16.943   0.919         
 0157    86  19.798   1.649         
 0158    86  19.203   1.406         
 0159    86  19.062   1.265         
 0160    86  17.463   0.768         
 0161    86  18.575   1.223         
 0162    86  19.193   1.680         
 0163    86  15.002   0.734         
 0164    86  19.417   1.112         
 0165    86  19.101   1.285         
 0166    86  20.483   1.631         
 0167    86  19.378   1.522         
 0168    86  19.350   1.514         
 0169    86  21.107   1.171         
 0170    86  17.371   1.032         
 0171    86  19.746   1.099         
 0172    86  19.274   1.506         
 0173    86  20.450   1.508         
 0174    86  19.505   1.443         
 0175    86  18.803   1.469         
 0176    86  19.557   1.565         
 0177    86  17.395   1.911         
 0178    86  18.509   1.265         
 0179    86  18.434   1.499         
 0180    86  19.413   1.285         
 0181    86  19.958   1.201         
 0182    86  17.053   1.487         
 0183    86  19.308   1.539         
 0184    86  16.635   0.981         
 0185    86  16.040   1.033         
 0186    86  18.217   0.973         
 0187    86  18.589   0.928         
 0188    86  14.461   2.330         
 0189    86  18.054   1.082         
 0190    86  20.467   1.268         
 0191    86  19.331   1.334         
 0192    86  17.753   1.034         
 0193    86  19.149   1.090         
 0194    86  15.456   1.647         
 0195    86  18.540   1.087         
 0196    86  19.651   1.364         
 0197    86  20.537   1.647         
 0198    86  20.703   1.306         
 0199    86  19.441   1.520         
 0200    86  17.846   1.313         
 0201    86  16.450   0.876         
 0202    86  19.185   1.297         
 0203    86  19.510   1.275         
 0204    86  19.477   1.411         
 0205    86  19.623   1.445         
 0206    86  18.389   0.977         
 0207    86  16.665   1.167         
 0208    86  17.872   1.213         
 0209    86  18.613   1.251         
 0210    86  19.008   1.365         
 0211    86  18.746   1.525         
 0212    86  16.197   0.684         
 0213    86  17.975   1.348         
 0214    86  18.396   0.948         
 0215    86  14.249   0.625         
 0216    86  21.327   0.673         
 0217    86  20.617   1.482         
 0218    86  18.288   1.003         
 0219    86  19.753   1.223         
 0220    86  19.950   1.709         
 0221    86  18.566   1.169         
 0222    86  19.325   1.516         
 0223    86  19.209   1.168         
 0224    86  20.443   1.268         
 0225    86  18.213   0.948         
 0226    86  20.782   1.501         
 0227    86  16.319   0.976         
 0228    86  19.975   1.257         
 0229    86  17.867   1.144         
 0230    86  20.425   1.886         
 0231    86  13.559   0.787         
 0232    86  21.133   0.911         
 0233    86  17.181   1.111         
 0234    86  20.166   1.649         
 0235    86  19.591   1.676         
 0236    86  19.155   1.593         
 0237    86  19.419   1.269         
 0238    86  20.979   1.276         
 0239    86  20.251   1.649         
 0240    86  17.635   1.058         
 0241    86  17.190   1.216         
 0242    86  19.855   1.123         
 0243    86  18.535   1.559         
 0244    86  18.063   1.029         
 0245    86  20.232   1.894         
 0246    86  19.576   1.333         
 0247    86  20.076   1.217         
 0248    86  16.915   0.998         
 0249    86  19.766   1.325         
 0250    86  13.678   0.588         
 0251    86  19.895   1.164         
 0252    86  16.623   0.979         
 0253    86  19.692   1.809         
 0254    86  19.674   1.410         
 0255    86  18.320   2.041         
 0256    86  16.973   1.239         
 0257    86  18.852   1.176         
 0258    86  19.846   1.481         
 0259    86  19.929   1.219         
 0260    86  20.100   1.281         
 0261    86  17.793   1.306         
 0262    86  19.902   1.523         
 0263    86  18.148   1.752         
 0264    86  18.902   1.580         
 0265    86  19.376   1.243         
 0266    86  18.859   1.153         
 0267    86  19.806   1.609         
 0268    86  17.923   1.155         
 0269    86  18.178   1.280         
 0270    86  19.863   1.490         
 0271    86  18.594   1.823         
 0272    86  14.331   1.078         
 0273    86  20.070   1.297         
 0274    86  19.609   1.402         
 0275    86  19.466   1.827         
 0276    86  20.237   1.438         
 0277    86  19.860   1.419         
 0278    86  16.962   1.819         
 0279    86  17.295   1.794         
 0280    86  20.030   1.329         
 0281    86  17.399   1.256         
 0282    86  17.997   0.946         
 0283    86  17.591   1.393         
 0284    86  19.318   1.510         
 0285    86  17.335   1.150         
 0286    86  20.461   1.316         
 0287    86  20.056   1.442         
 0288    86  18.905   1.528         
 0289    86  18.785   1.259         
 0290    86  20.476   1.523         
 0291    86  16.544   0.870         
 0292    86  17.655   1.298         
 0293    86  19.804   1.724         
 0294    86  18.568   1.526         
 0295    86  20.747   1.205         
 0296    86  19.116   1.372         
 0297    86  20.285   1.299         
 0298    86  20.408   1.471         
 0299    86  19.704   1.360         
 0300    86  14.101   0.439         
 0301    86  17.490   1.032         
 0302    86  12.743   0.496         
 0303    86  20.336   1.340         
 0304    86  20.661   1.444         
 0305    86  19.320   1.417         
 0306    86  18.291   1.228         
 0307    86  18.182   1.455         
 0308    86  18.701   1.258         
 0309    86  16.625   0.832         
 0310    86  19.420   1.183         
 0311    86  20.787   1.769         
 0312    86  17.677   1.277         
 0313    86  20.531   1.316         
 0314    86  18.704   1.378         
 0315    86  16.557   1.645         
 0316    86  16.815   1.447         
 0317    86  20.001   1.225         
 0318    86  18.647   1.418         
 0319    86  19.999   1.495         
 0320    86  19.156   1.473         
 0321    86  19.445   1.263         
 0322    86  20.087   1.556         
 0323    86  20.647   1.570         
 0324    86  16.416   2.027         
 0325    86  18.001   1.245         
 0326    86  20.536   1.724         
 0327    86  18.491   1.139         
 0328    86  19.348   1.542         
 0329    86  19.982   1.436         
 0330    86  20.233   1.318         
 0331    86  16.136   1.517         
 0332    86  19.570   1.121         
 0333    86  18.584   1.116         
 0334    86  18.126   1.137         
 0335    86  20.352   1.054         
 0336    86  20.958   1.181         
 0337    86  15.989   1.639         
 0338    86  18.861   1.462         
 0339    86  20.182   1.530         
 0340    86  19.551   1.223         
 0341    86  21.077   1.593         
 0342    86  20.073   1.324         
 0343    86  20.395   1.207         
 0344    86  20.059   1.360         
 0345    86  19.620   1.271         
 0346    86  20.533   1.798         
 0347    86  18.837   1.104         
 0348    86  16.699   1.175         
 0349    86  15.797   1.315         
 0350    86  16.288   0.788         
 0351    86  17.051   1.069         
 0352    86  18.430   1.132         
 0353    86  16.420   1.866         
 0354    86  19.889   1.340         
 0355    86  21.054   1.445         
 0356    86  19.691   1.482         
 0357    86  18.347   1.289         
 0358    86  20.025   1.587         
 0359    86  17.239   1.153         
 0360    86  19.363   1.283         
 0361    86  20.065   1.840         
 0362    86  19.985   1.366         
 0363    86  20.580   1.322         
 0364    86  19.587   1.194         
 0365    86  17.281   1.855         
 0366    86  20.421   1.625         
 0367    86  17.364   1.082         
 0368    86  20.406   1.782         
 0369    86  20.106   1.273         
 0370    86  17.550   0.886         
 0371    86  20.542   1.589         
 0372    86  20.531   1.657         
 0373    86  17.426   1.191         
 0374    86  20.029   1.544         
 0375    86  17.879   0.997         
 0376    86  18.920   1.241         
 0377    86  20.753   1.219         
 0378    86  20.759   1.718         
 0379    86  17.223   1.019         
 0380    86  14.807   1.443         
 0381    86  19.512   1.320         
 0382    86  17.388   1.067         
 0383    86  19.777   1.974         
 0384    86  18.934   1.150         
 0385    86  21.278   0.158         
 0386    86  15.984   1.292         
 0387    86  18.784   1.286         
 0388    86  19.575   0.977         
 0389    86  19.485   1.414         
 0390    86  16.376   0.876         
 0391    86  18.907   1.279         
 0392    86  20.339   1.211         
 0393    86  19.097   1.549         
 0394    86  19.424   1.512         
 0395    86  17.256   0.886         
 0396    86  17.343   0.885         
 0397    86  16.130   0.609         
 0398    86  19.676   1.200         
 0399    86  18.083   1.034         
 0400    86  16.999   1.345         
 0401    86  19.067   1.598         
 0402    86  17.523   1.722         
 0403    86  17.294   1.232         
 0404    86  19.711   1.331         
 0405    86  19.229   1.226         
 0406    86  19.978   1.179         
 0407    86  18.303   0.938         
 0408    86  18.330   1.058         
 0409    86  19.469   1.376         
 0410    86  19.154   1.268         
 0411    86  21.741   0.882         
 0412    86  19.501   1.225         
 0413    86  18.346   1.164         
 0414    86  21.504   0.059         
 0415    86  16.876   0.825         
 0416    86  19.488   1.451         
 0417    86  15.221   0.789         
 0418    86  16.906   0.893         
 0419    86  20.676   1.205         
 0420    86  18.325   1.333         
 0421    86  17.892   0.989         
 0422    86  19.273   1.377         
 0423    86  18.117   1.226         
 0424    86  20.262   1.507         
 0425    86  17.060   0.863         
 0426    86  16.668   1.025         
 0427    86  19.056   1.538         
 0428    86  20.855   1.466         
 0429    86  19.271   1.293         
 0430    86  20.321   1.434         
 0431    86  10.897  -0.122         
 0432    86  18.791   0.265         
 0433    86  20.439   0.332         
 0434    86  20.378   1.716         
 0435    86  20.823   0.281         
 0436    86  18.911   1.299         
 0437    86  21.188   1.114         
 0438    86  15.165   0.871         
 0439    86  17.881   1.217         
 0440    86  19.166   1.160         
 0441    86  18.780   1.174         
 0442    86  19.754   1.668         
 0443    86  19.114   1.224         
 0444    86  20.327   1.366         
 0445    86  14.851   1.069         
 0446    86  20.206   1.199         
 0447    86  20.911   1.177         
 0448    86  19.965   1.548         
 0449    86  18.246   1.368         
 0450    86  18.329   0.477         
 0451    86  18.652   1.145         
 0452    86  18.401   1.050         
 0453    86  21.594   1.567         
 0454    86  20.667   1.292         
 0455    86  20.901   0.910         
 0456    86  18.295   1.171         
 0457    86  17.697   1.130         
 0458    86  18.184   1.162         
 0459    86  17.284   1.132         
 0460    86  18.517   1.588         
 0461    86  19.562   1.422         
 0462    86  19.594   1.451         
 0463    86  18.798   1.100         
 0464    86  17.711   1.219         
 0465    86  21.008   0.904         
 0466    86  20.629   1.296         
 0467    86  19.397   1.152         
 0468    86  18.433   1.065         
 0469    86  19.963   1.656         
 0470    86  20.549   1.356         
 0471    86  20.456   1.373         
 0472    86  17.644   2.949         
 0473    86  18.629   1.324         
 0474    86  20.399   1.478         
 0475    86  17.119   1.372         
 0476    86  15.178   0.803         
 0477    86  18.600   1.161         
 0478    86  20.296   1.542         
 0479    86  16.799   0.985         
 0480    86  20.141   1.116         
 0481    86  17.989   1.070         
 0482    86  19.440   1.280         
 0483    86  20.851   0.997         
 0484    86  16.448   1.237         
 0485    86  18.105   1.235         
 0486    86  15.260   0.894         
 0487    86  17.601   1.290         
 0488    86  20.164   1.380         
 0489    86  20.267   1.615         
 0490    86  20.143   1.507         
 0491    86  19.497   1.580         
 0492    86  19.832   1.394         
 0493    86  17.545   1.249         
 0494    86  17.621   1.655         
 0495    86  19.968   1.406         
 0496    86  20.486   1.506         
 0497    86  19.733   1.210         
 0498    86  20.598   1.234         
 0499    86  16.882   0.954         
 0500    86  16.172   0.678         
 0501    86  18.258   1.180         
 0502    86  19.245   1.349         
 0503    86  18.336   1.053         
 0504    86  19.918   1.350         
 0505    86  20.448   2.031         
 0506    86  19.576   1.543         
 0507    86  18.360   1.401         
 0508    86  19.201   1.239         
 0509    86  14.133   0.573         
 0510    86  18.746   1.162         
 0511    86  20.406   1.091         
 0512    86  15.267   2.179         
 0513    86  19.578   1.719         
 0514    86  20.496   1.354         
 0515    86  19.046   1.124         
 0516    86  17.348   0.828         
 0517    86  19.146   1.100         
 0518    86  19.542   1.734         
 0519    86  17.729   0.989         
 0520    86  17.441   1.112         
 0521    86  20.490   1.597         
 0522    86  19.063   1.217         
 0523    86  19.453   1.477         
 0524    86  18.269   1.014         
 0525    86  17.885   0.986         
 0526    86  19.093   1.081         
 0527    86  18.240   1.272         
 0528    86  19.358   1.547         
 0529    86  18.235   1.396         
 0530    86  13.503   0.534         
 0531    86  18.997   0.885         
 0532    86  20.022   1.336         
 0533    86  15.849   1.522         
 0534    86  18.159   1.936         
 0535    86  19.172   1.484         
 0536    86  19.994   1.457         
 0537    86  17.458   1.025         
 0538    86  16.535   1.055         
 0539    86  19.305   1.688         
 0540    86  19.326   1.264         
 0541    86  19.411   1.509         
 0542    86  19.691   1.306         
 0543    86  17.275   0.935         
 0544    86  16.155   0.728         
 0545    86  21.159   1.055         
 0546    86  17.980   1.299         
 0547    86  20.779   1.209         
 0548    86  20.542   1.511         
 0549    86  16.027   0.662         
 0550    86  19.623   1.314         
 0551    86  20.748   1.623         
 0552    86  18.435   1.197         
 0553    86  18.826   1.191         
 0554    86  19.973   1.280         
 0555    86  20.539   1.344         
 0556    86  17.527   1.221         
 0557    86  18.209   1.155         
 0558    86  18.765   1.235         
 0559    86  20.447   1.636         
 0560    86  18.778   1.178         
 0561    86  13.771   0.741         
 0562    86  15.904   0.565         
 0563    86  18.358   1.321         
 0564    86  19.081   1.552         
 0565    86  16.674   1.174         
 0566    86  17.183   0.927         
 0567    86  17.984   1.042         
 0568    86  21.516   0.491         
 0569    86  17.781   1.248         
 0570    86  19.380   1.463         
 0571    86  20.851   1.232         
 0572    86  20.077   1.476         
 0573    86  20.150   1.749         
 0574    86  19.906   1.239         
 0575    86  21.118   1.593         
 0576    86  20.145   1.265         
 0577    86  18.687   1.175         
 0578    86  19.885   1.324         
 0579    86  19.874   1.322         
 0580    86  19.035   1.027         
 0581    86  20.193   1.341         
 0582    86  21.348   1.332         
 0583    86  19.678   1.233         
 0584    86  20.765   1.022         
 0585    86  19.680   1.717         
 0586    86  18.579   1.850         
 0587    86  21.817   0.619         
 0588    86  20.352   1.212         
 0589    86  19.678   1.654         
 0590    86  20.352   1.364         
 0591    86  19.170   1.273         
 0592    86  20.271   1.419         
 0593    86  20.400   1.096         
 0594    86  20.429   1.811         
 0595    86  20.231   1.332         
 0596    86  18.987   1.366         
 0597    86  15.999   1.341         
 0598    86  18.983   1.387         
 0599    86  19.863   1.459         
 0600    86  16.542   1.429         
 0601    86  19.889   1.223         
 0602    86  19.762   1.302         
 0603    86  18.080   1.223         
 0604    86  18.707   1.592         
 0605    86  18.718   1.130         
 0606    86  21.188   0.945         
 0607    86  20.625   1.406         
 0608    86  17.490   0.981         
 0609    86  17.116   1.481         
 0610    86  19.044   1.827         
 0611    86  18.968   1.288         
 0612    86  19.217   1.237         
 0613    86  18.737   1.364         
 0614    86  17.713   1.225         
 0615    86  16.117   0.755         
 0616    86  17.194   1.115         
 0617    86  18.157   1.535         
 0618    86  19.316   1.261         
 0619    86  18.488   1.519         
 0620    86  17.290   1.451         
 0621    86  18.474   1.724         
 0622    86  19.338   1.467         
 0623    86  19.908   1.526         
 0624    86  18.197   1.072         
 0625    86  20.036   1.204         
 0626    86  16.460   0.892         
 0627    86  17.162   1.120         
 0628    86  20.651   1.297         
 0629    86  15.102   0.540         
 0630    86  18.029   1.029         
 0631    86  18.181   1.612         
 0632    86  17.193   0.948         
 0633    86  18.288   1.006         
 0634    86  16.363   0.789         
 0635    86  20.475   1.172         
 0636    86  19.601   1.241         
 0637    86  19.909   1.364         
 0638    86  18.848   1.244         
 0639    86  20.060   1.592         
 0640    86  16.816   0.812         
 0641    86  18.355   1.237         
 0642    86  18.204   1.155         
 0643    86  15.527   0.986         
 0644    86  19.557   1.421         
 0645    86  18.039   1.069         
 0646    86  20.674   1.427         
 0647    86  19.852   1.536         
 0648    86  18.569   1.169         
 0649    86  18.107   1.132         
 0650    86  18.390   1.084         
 0651    86  19.730   1.252         
 0652    86  15.222   0.841         
 0653    86  20.176   1.455         
 0654    86  18.722   1.266         
 0655    86  18.720   1.276         
 0656    86  14.152   0.516         
 0657    86  18.123   1.079         
 0658    86  16.806   1.550         
 0659    86  20.465   1.391         
 0660    86  19.210   1.266         
 0661    86  21.410   1.103         
 0662    86  19.783   1.366         
 0663    86  16.662   1.049         
 0664    86  19.444   1.195         
 0665    86  17.048   1.026         
 0666    86  19.353   1.199         
 0667    86  19.922   1.680         
 0668    86  18.699   1.106         
 0669    86  18.665   1.412         
 0670    86  19.287   1.312         
 0671    86  18.664   1.184         
 0672    86  19.298   1.487         
 0673    86  19.187   1.250         
 0674    86  18.731   1.119         
 0675    86  15.906   1.135         
 0676    86  19.412   1.636         
 0677    86  19.521   1.637         
 0678    86  18.795   1.257         
 0679    86  18.483   1.247         
 0680    86  11.722   1.344         
 0681    86  16.781   1.059         
 0682    86  18.573   1.026         
 0683    86  19.833   1.411         
 0684    86  18.083   1.251         
 0685    86  19.265   1.102         
 0686    86  20.310   1.418         
 0687    86  18.686   1.326         
 0688    86  19.430   1.404         
 0689    86  20.631   1.179         
 0690    86  19.641   1.536         
 0691    86  19.289   1.160         
 0692    86  20.095   1.340         
 0693    86  20.541   1.475         
 0694    86  20.651   1.481         
 0695    86  17.085   0.799         
 0696    86  18.065   1.330         
 0697    86  21.232   0.976         
 0698    86  18.798   1.339         
 0699    86  15.060   0.990         
 0700    86  18.295   0.999         
 0701    86  17.290   0.934         
 0702    86  16.712   0.950         
 0703    86  15.313   0.674         
 0704    86  20.259   1.736         
 0705    86  20.091   1.435         
 0706    86  20.348   1.842         
 0707    86  17.956   1.027         
 0708    86  18.328   1.350         
 0709    86  19.732   1.417         
 0710    86  14.744   0.772         
 0711    86  17.568   1.112         
 0712    86  20.388   1.764         
 0713    86  20.152   1.112         
 0714    86  19.637   1.766         
 0715    86  19.318   1.271         
 0716    86  17.807   1.023         
 0717    86  16.581   1.039         
 0718    86  19.528   1.258         
 0719    86  19.762   1.856         
 0720    86  20.666   1.321         
 0721    86  19.758   1.330         
 0722    86  20.684   1.193         
 0723    86  20.202   0.967         
 0724    86  18.802   1.245         
 0725    86  17.977   1.017         
 0726    86  15.291   2.319         
 0727    86  20.930   1.324         
 0728    86  19.724   1.377         
 0729    86  18.730   1.114         
 0730    86  21.033   1.191         
 0731    86  20.235   1.591         
 0732    86  16.154   2.702         
 0733    86  20.118   1.195         
 0734    86  19.928   1.681         
 0735    86  19.209   1.428         
 0736    86  18.857   1.236         
 0737    86  15.773   0.825         
 0738    86  15.913   1.683         
 0739    86  20.297   1.502         
 0740    86  19.021   1.207         
 0741    86  20.158   1.405         
 0742    86  17.925   1.277         
 0743    86  20.363   1.252         
 0744    86  19.979   1.718         
 0745    86  17.332   1.923         
 0746    86  20.394   1.552         
 0747    86  13.483   0.820         
 0748    86  19.424   1.420         
 0749    86  20.272   1.612         
 0750    86  20.171   1.255         
 0751    86  18.096   1.087         
 0752    86  20.325   1.217         
 0753    86  17.409   0.954         
 0754    86  20.638   1.333         
 0755    86  20.463   1.372         
 0756    86  18.916   1.138         
 0757    86  20.372   1.337         
 0758    86  19.512   1.389         
 0759    86  19.591   1.170         
 0760    86  14.540   1.503         
 0761    86  18.697   0.927         
 0762    86  20.187   1.386         
 0763    86  20.400   1.495         
 0764    86  18.319   1.078         
 0765    86  18.206   1.249         
 0766    86  19.003   1.686         
 0767    86  18.985   1.018         
 0768    86  20.740   1.227         
 0769    86  19.504   1.201         
 0770    86  15.562   1.075         
 0771    86  20.469   1.719         
 0772    86  19.623   1.276         
 0773    86  18.883   1.231         
 0774    86  18.365   1.499         
 0775    86  16.094   0.734         
 0776    86  21.058   1.623         
 0777    86  16.291   0.945         
 0778    86  19.791   1.426         
 0779    86  18.948   1.219         
 0780    86  18.215   1.273         
 0781    86  20.360   1.166         
 0782    86  20.437   1.402         
 0783    86  14.171   0.691         
 0784    86  15.480   0.901         
 0785    86  20.052   1.282         
 0786    86  17.149   1.147         
 0787    86  21.033   0.933         
 0788    86  19.834   1.040         
 0789    86  19.677   1.446         
 0790    86  19.077   1.193         
 0791    86  13.444   0.440         
 0792    86  11.062   0.913         
 0793    86  18.252   1.207         
 0794    86  18.740   1.151         
 0795    86  13.615   0.956         
 0796    86  20.251   1.500         
 0797    86  18.634   1.655         
 0798    86  19.241   1.158         
 0799    86  14.475   0.595         
 0800    86  19.753   1.259         
 0801    86  17.343   1.785         
 0802    86  20.777   1.358         
 0803    86  20.937   0.264         
 0804    86  19.616   1.257         
 0805    86  20.884   1.462         
 0806    86  20.771   1.348         
 0807    86  19.626   1.315         
 0808    86  18.418   1.399         
 0809    86  18.601   1.261         
 0810    86  20.158   1.491         
 0811    86  20.774   1.777         
 0812    86  19.815   1.510         
 0813    86  19.459   1.388         
 0814    86  20.479   0.967         
 0815    86  18.335   1.063         
 0816    86  18.794   1.192         
 0817    86  19.567   1.394         
 0818    86  19.700   1.430         
 0819    86  19.227   1.364         
 0820    86  20.659   1.551         
 0821    86  19.401   1.328         
 0822    86  20.312   1.407         
 0823    86  12.879   0.478         
 0824    86  18.625   1.138         
 0825    86  16.822   1.433         
 0826    86  18.644   1.615         
 0827    86  17.634   1.167         
 0828    86  17.478   1.040         
 0829    86  15.724   0.893         
 0830    86  15.645   1.048         
 0831    86  18.869   1.176         
 0832    86  20.340   0.924         
 0833    86  19.070   1.310         
 0834    86  19.650   1.603         
 0835    86  15.868   0.768         
 0836    86  19.838   1.482         
 0837    86  16.888   0.880         
 0838    86  19.513   1.681         
 0839    86  20.892   1.518         
 0840    86  17.813   0.944         
 0841    86  20.834   1.147         
 0842    86  19.566   1.066         
 0843    86  19.472   1.249         
 0844    86  20.170   1.471         
 0845    86  19.659   1.684         
 0846    86  15.663   1.080         
 0847    86  20.945   1.181         
 0848    86  15.021   0.521         
 0849    86  18.669   1.310         
 0850    86  20.402   1.673         
 0851    86  19.450   1.649         
 0852    86  17.453   1.235         
 0853    86  16.819   1.095         
 0854    86  19.652   1.515         
 0855    86  21.582   1.272         
 0856    86  16.474   1.986         
 0857    86  16.077   0.659         
 0858    86  20.106   1.263         
 0859    86  18.488   1.799         
 0860    86  16.619   1.074         
 0861    86  16.128   0.607         
 0862    86  19.798   1.445         
 0863    86  16.900   0.840         
 0864    86  17.866   1.035         
 0865    86  18.421   1.062         
 0866    86  16.331   1.413         
 0867    86  19.490   1.232         
 0868    86  20.694   1.533         
 0869    86  19.448   1.042         
 0870    86  16.118   0.660         
 0871    86  18.115   1.021         
 0872    86  20.461   1.559         
 0873    86  18.600   1.073         
 0874    86  18.659   1.151         
 0875    86  18.366   1.607         
 0876    86  19.094   1.476         
 0877    86  17.725   1.265         
 0878    86  18.261   1.808         
 0879    86  18.175   1.258         
 0880    86  20.746   1.136         
 0881    86  19.477   1.568         
 0882    86  17.989   1.058         
 0883    86  20.231   1.697         
 0884    86  16.426   1.070         
 0885    86  19.636   1.457         
 0886    86  18.399   1.088         
 0887    86  20.770   1.283         
 0888    86  19.924   1.321         
 0889    86  18.605   1.321         
 0890    86  20.518   1.354         
 0891    86  17.856   0.978         
 0892    86  20.484   1.354         
 0893    86  20.615   1.596         
 0894    86  19.283   1.267         
 0895    86  19.965   1.362         
 0896    86  19.044   1.533         
 0897    86  20.107   1.239         
 0898    86  18.919   1.281         
 0899    86  20.530   1.396         
 0900    86  16.782   0.957         
 0901    86  19.062   1.401         
 0902    86  20.018   1.500         
 0903    86  18.921   1.479         
 0904    86  16.533   0.953         
 0905    86  17.184   0.870         
 0906    86  19.894   1.446         
 0907    86  20.364   1.498         
 0908    86  19.674   1.811         
 0909    86  20.285   1.802         
 0910    86  19.124   1.305         
 0911    86  18.010   1.323         
 0912    86  20.010   1.289         
 0913    86  14.339   0.513         
 0914    86  20.248   1.604         
 0915    86  20.486   0.470         
 0916    86  17.621   0.938         
 0917    86  18.533   1.110         
 0918    86  16.186   0.701         
 0919    86  20.847   1.226         
 0920    86  18.836   1.329         
 0921    86  19.334   0.989         
 0922    86  17.019   1.627         
 0923    86  17.195   0.920         
 0924    86  19.595   1.685         
 0925    86  17.727   1.126         
 0926    86  16.520   1.504         
 0927    86  20.128   1.491         
 0928    86  19.234   1.385         
 0929    86  18.488   1.046         
 0930    86  19.242   1.380         
 0931    86  19.113   1.103         
 0932    86  18.404   1.122         
 0933    86  17.148   1.146         
 0934    86  19.267   1.243         
 0935    86  16.295   0.967         
 0936    86  19.313   1.301         
 0937    86  19.210   1.162         
 0938    86  19.899   1.878         
 0939    86  19.788   1.389         
 0940    86  19.847   1.495         
 0941    86  21.378   1.568         
 0942    86  18.144   1.124         
 0943    86  19.964   1.420         
 0944    86  18.108   1.143         
 0945    86  19.199   1.226         
 0946    86  19.366   1.510         
 0947    86  16.168   0.755         
 0948    86  14.725   1.307         
 0949    86  17.445   1.045         
 0950    86  18.927   1.150         
 0951    86  17.030   0.920         
 0952    86  16.081   1.175         
 0953    86  18.070   1.062         
 0954    86  19.926   1.366         
 0955    86  17.676   0.884         
 0956    86  19.433   1.463         
 0957    86  19.521   1.250         
 0958    86  19.889   1.016         
 0959    86  17.954   1.770         
 0960    86  20.815   0.832         
 0961    86  20.372   1.624         
 0962    86  18.606   1.243         
 0963    86  15.202   0.707         
 0964    86  19.419   1.334         
 0965    86  20.589   1.140         
 0966    86  18.206   1.127         
 0967    86  19.690   1.562         
 0968    86  20.328   1.318         
 0969    86  20.501   1.606         
 0970    86  19.388   1.294         
 0971    86  17.627   1.055         
 0972    86  20.343   1.552         
 0973    86  17.985   1.071         
 0974    86  20.436   1.591         
 0975    86  17.396   1.325         
 0976    86  20.561   1.568         
 0977    86  18.944   1.420         
 0978    86  20.392   1.405         
 0979    86  15.958   1.228         
 0980    86  20.607   1.248         
 0981    86  18.244   1.667         
 0982    86  18.774   1.095         
 0983    86  19.435   1.315         
 0984    86  19.802   1.551         
 0985    86  20.505   1.113         
 0986    86  19.435   1.251         
 0987    86  20.096   1.741         
 0988    86  20.358   1.709         
 0989    86  17.413   0.940         
 0990    86  18.355   1.227         
 0991    86  19.478   1.449         
 0992    86  17.828   1.098         
 0993    86  20.580   1.346         
 0994    86  19.074   1.134         
 0995    86  19.034   1.741         
 0996    86  17.854   1.137         
 0997    86  15.964   0.827         
 0998    86  20.358   1.474         
 0999    86  17.679   1.163         
 1000    86  20.541   1.296         
 1001    86  18.476   1.184         
 1002    86  18.104   1.147         
 1003    86  20.672   1.225         
 1004    86  19.503   1.231         
 1005    86  15.853   0.840         
 1006    86  20.060   1.934         
 1007    86  19.525   1.572         
 1008    86  19.541   1.231         
 1009    86  20.525   1.675         
 1010    86  19.789   1.271         
 1011    86  19.274   1.665         
 1012    86  19.932   1.333         
 1013    86  19.356   1.402         
 1014    86  18.114   1.013         
 1015    86  19.577   1.395         
 1016    86  20.440   0.547         
 1017    86  19.246   1.154         
 1018    86  19.275   1.294         
 1019    86  12.380   0.399         
 1020    86  20.137   1.285         
 1021    86  18.862   1.288         
 1022    86  18.060   1.067         
 1023    86  20.850   1.318         
 1024    86  17.733   1.108         
 1025    86  20.694   1.402         
 1026    86  19.737   1.318         
 1027    86  20.073   1.555         
 1028    86  17.317   1.816         
 1029    86  16.710   1.148         
 1030    86  15.463   0.523         
 1031    86  20.341   1.528         
 1032    86  13.841   0.435         
 1033    86  19.861   1.239         
 1034    86  18.950   1.308         
 1035    86  19.756   1.467         
 1036    86  20.262   0.560         
 1037    86  17.688   1.139         
 1038    86  19.547   1.155         
 1039    86  19.114   1.297         
 1040    86  14.633   1.482         
 1041    86  16.056   0.711         
 1042    86  20.989   0.903         
 1043    86  18.984   1.184         
 1044    86  18.914   0.540         
 1045    86  17.627   0.930         
 1046    86  16.174   1.297         
 1047    86  19.679   1.354         
 1048    86  19.787   1.558         
 1049    86  15.765   0.620         
 1050    86  18.259   1.086         
 1051    86  15.494   0.808         
 1052    86  17.783   0.957         
 1053    86  19.152   1.455         
 1054    86  17.848   1.192         
 1055    86  18.853   1.204         
 1056    86  11.209   0.378         
 1057    86  15.773   0.765         
 1058    86  20.593   1.054         
 1059    86  18.619   1.218         
 1060    86  18.511   1.186         
 1061    86  19.848   1.469         
 1062    86  18.189   1.046         
 1063    86  19.419   1.685         
 1064    86  17.675   1.462         
 1065    86  19.062   1.264         
 1066    86  14.504   0.873         
 1067    86  17.620   0.967         
 1068    86  20.294   1.439         
 1069    86  19.785   1.332         
 1070    86  16.046   0.863         
 1071    86  17.938   0.999         
 1072    86  17.185   1.137         
 1073    86  14.822   0.651         
 1074    86  18.836   0.645         
 1075    86  20.570   2.104         
 1076    86  19.370   1.285         
 1077    86  20.681   1.103         
 1078    86  19.970   1.528         
 1079    86  20.034   1.412         
 1080    86  20.604   1.158         
 1081    86  18.389   1.253         
 1082    86  20.361   1.394         
 1083    86  19.450   1.334         
 1084    86  21.031   1.002         
 1085    86  15.206   1.103         
 1086    86  18.135   0.999         
 1087    86  20.683   1.495         
 1088    86  16.866   1.819         
 1089    86  19.382   1.301         
 1090    86  17.155   0.991         
 1091    86  18.706   1.153         
 1092    86  19.094   1.273         
 1093    86  19.554   1.169         
 1094    86  19.125   1.107         
 1095    86  18.926   1.277         
 1096    86  16.043   0.719         
 1097    86  16.938   1.048         
 1098    86  21.489   0.981         
 1099    86  17.253   1.902         
 1100    86  17.589   0.924         
 1101    86  20.251   1.619         
 1102    86  20.613   1.396         
 1103    86  16.791   1.104         
 1104    86  19.828   1.284         
 1105    86  15.466   0.531         
 1106    86  20.298   1.261         
 1107    86  19.175   1.292         
 1108    86  17.799   1.127         
 1109    86  18.826   1.220         
 1110    86  15.761   0.719         
 1111    86  19.983   1.304         
 1112    86  18.866   1.316         
 1113    86  19.475   1.285         
 1114    86  20.315   1.087         
 1115    86  18.795   1.342         
 1116    86  17.048   1.972         
 1117    86  16.662   0.824         
 1118    86  17.528   1.867         
 1119    86  16.781   0.956         
 1120    86  17.106   0.926         
 1121    86  19.588   1.387         
 1122    86  12.855   0.493         
 1123    86  18.802   1.656         
 1124    86  20.280   1.429         
 1125    86  18.907   1.220         
 1126    86  12.644   1.354         
 1127    86  13.469   0.702         
 1128    86  20.683   1.760         
 1129    86  20.325   1.199         
 1130    86  20.711   1.798         
 1131    86  19.307   1.333         
 1132    86  19.710   1.543         
 1133    86  20.565   1.562         
 1134    86  16.943   1.273         
 1135    86  15.750   0.704         
 1136    86  18.977   1.189         
 1137    86  18.340   1.177         
 1138    86  19.362   1.249         
 1139    86  18.896   1.097         
 1140    86  17.722   1.063         
 1141    86  20.500   1.297         
 1142    86  20.790   0.338         
 1143    86  14.171   0.743         
 1144    86  17.991   1.331         
 1145    86  19.114   1.284         
 1146    86  15.429   0.960         
 1147    86  20.783   1.680         
 1148    86  19.562   1.499         
 1149    86  19.757   1.277         
 1150    86  13.038   0.498         
 1151    86  20.254   1.478         
 1152    86  17.449   1.034         
 1153    86  18.822   1.374         
 1154    86  20.306   1.407         
 1155    86  20.531   1.476         
 1156    86  14.958   0.870         
 1157    86  14.684   0.510         
 1158    86  19.914   1.564         
 1159    86  15.361   0.550         
 1160    86  16.151   0.853         
 1161    86  18.098   1.932         
 1162    86  18.956   1.259         
 1163    86  19.109   1.277         
 1164    86  19.422   1.552         
 1165    86  12.472   0.384         
 1166    86  20.765   0.380         
 1167    86  19.969   1.546         
 1168    86  19.548   1.266         
 1169    86  18.254   1.399         
 1170    86  19.046   1.208         
 1171    86  18.634   1.210         
 1172    86  19.113   1.082         
 1173    86  19.070   1.428         
 1174    86  17.813   0.894         
 1175    86  20.465   1.344         
 1176    86  19.712   1.342         
 1177    86  18.660   1.391         
 1178    86  16.239   0.662         
 1179    86  20.684   1.260         
 1180    86  19.209   1.160         
 1181    86  19.271   1.670         
 1182    86  18.945   1.183         
 1183    86  17.249   0.979         
 1184    86  20.913   0.918         
 1185    86  19.037   0.984         
 1186    86  17.410   0.911         
 1187    86  17.761   2.335         
 1188    86  18.474   1.077         
 1189    86  19.707   1.301         
 1190    86  18.311   1.074         
 1191    86  20.559   1.277         
 1192    86  19.407   1.253         
 1193    86  19.277   1.481         
 1194    86  17.563   1.072         
 1195    86  19.994   1.363         
 1196    86  17.983   1.055         
 1197    86  18.106   1.147         
 1198    86  13.468   0.475         
 1199    86  20.674   1.326         
 1200    86  17.836   0.972         
 1201    86  20.385   0.378         
 1202    86  19.847   1.377         
 1203    86  18.649   1.259         
 1204    86  20.071   1.092         
 1205    86  18.319   1.256         
 1206    86  19.120   1.352         
 1207    86  20.826   1.197         
 1208    86  18.749   1.357         
 1209    86  19.650   1.544         
 1210    86  15.918   0.861         
 1211    86  19.579   1.057         
 1212    86  19.235   1.102         
 1213    86  18.465   1.259         
 1214    86  16.527   0.892         
 1215    86  20.282   1.915         
 1216    86  20.150   1.495         
 1217    86  18.754   1.245         
 1218    86  20.712   1.365         
 1219    86  20.578   1.426         
 1220    86  19.930   1.169         
 1221    86  20.703   1.410         
 1222    86  17.961   1.129         
 1223    86  19.312   1.451         
 1224    86  13.460   1.542         
 1225    86  19.720   1.243         
 1226    86  12.363   0.443         
 1227    86  18.850   1.227         
 1228    86  20.162   1.358         
 1229    86  18.896   1.729         
 1230    86  18.537   1.304         
 1231    86  18.659   1.124         
 1232    86  18.852   1.105         
 1233    86  19.283   1.098         
 1234    86  16.677   1.097         
 1235    86  18.448   1.288         
 1236    86  17.875   1.127         
 1237    86  20.374   1.310         
 1238    86  19.795   1.370         
 1239    86  20.377   1.358         
 1240    86  18.466   1.538         
 1241    86  16.620   1.781         
 1242    86  20.911   1.038         
 1243    86  20.260   1.506         
 1244    86  13.681   0.556         
 1245    86  14.836   1.612         
 1246    86  20.421   1.158         
 1247    86  18.080   1.389         
 1248    86  14.943   0.611         
 1249    86  14.894   0.857         
 1250    86  20.318   1.309         
 1251    86  19.674   1.457         
 1252    86  20.300   1.293         
 1253    86  19.392   1.458         
 1254    86  20.437   1.235         
 1255    86  15.638   1.153         
 1256    86  18.036   1.340         
 1257    86  16.417   1.151         
 1258    86  18.678   1.177         
 1259    86  16.759   0.835         
 1260    86  19.319   1.347         
 1261    86  11.493   0.514         
 1262    86  19.096   1.409         
 1263    86  18.418   1.554         
 1264    86  15.924   0.665         
 1265    86  19.215   1.112         
 1266    86  18.301   1.120         
 1267    86  14.048   0.925         
 1268    86  19.712   1.587         
 1269    86  19.562   1.530         
 1270    86  18.208   1.995         
 1271    86  20.764   1.574         
 1272    86  19.461   1.243         
 1273    86  20.634   1.203         
 1274    86  19.032   1.193         
 1275    86  19.117   1.180         
 1276    86  15.628   1.000         
 1277    86  19.743   1.556         
 1278    86  19.126   1.526         
 1279    86  14.989   0.634         
 1280    86  20.080   1.126         
 1281    86  17.787   1.097         
 1282    86  16.285   0.937         
 1283    86  20.717   1.578         
 1284    86  18.840   1.045         
 1285    86  17.864   0.942         
 1286    86  20.070   1.313         
 1287    86  18.222   1.329         
 1288    86  20.044   1.651         
 1289    86  19.685   1.185         
 1290    86  20.353   1.251         
 1291    86  14.426   1.255         
 1292    86  20.148   1.442         
 1293    86  13.661   1.565         
 1294    86  20.836   1.296         
 1295    86  15.898   0.873         
 1296    86  18.570   1.855         
 1297    86  18.868   1.417         
 1298    86  17.062   0.910         
 1299    86  19.495   1.305         
 1300    86  14.893   0.661         
 1301    86  15.874   0.964         
 1302    86  19.162   1.685         
 1303    86  18.233   1.016         
 1304    86  20.147   1.978         
 1305    86  18.063   1.168         
 1306    86  14.486   0.937         
 1307    86  19.253   1.482         
 1308    86  16.394   0.736         
 1309    86  19.078   1.226         
 1310    86  18.544   1.084         
 1311    86  19.526   1.633         
 1312    86  18.001   0.987         
 1313    86  18.831   1.616         
 1314    86  20.348   1.482         
 1315    86  19.663   1.562         
 1316    86  17.102   1.934         
 1317    86  19.026   1.483         
 1318    86  14.260   0.579         
 1319    86  19.114   1.162         
 1320    86  16.487   1.154         
 1321    86  19.287   1.240         
 1322    86  18.485   1.548         
 1323    86  17.720   1.374         
 1324    86  20.625   1.751         
 1325    86  14.382   0.539         
 1326    86  19.658   1.336         
 1327    86  18.992   1.590         
 1328    86  20.354   1.080         
 1329    86  18.304   1.172         
 1330    86  19.973   1.600         
 1331    86  20.510   1.581         
 1332    86  17.387   1.103         
 1333    86  21.094   1.151         
 1334    86  19.291   1.613         
 1335    86  16.313   0.783         
 1336    86  19.332   1.621         
 1337    86  18.866   1.146         
 1338    86  19.086   1.231         
 1339    86  19.768   1.503         
 1340    86  18.805   1.296         
 1341    86  16.520   1.112         
 1342    86  18.322   1.782         
 1343    86  20.475   1.727         
 1344    86  20.107   1.576         
 1345    86  14.984   0.943         
 1346    86  18.554   1.176         
 1347    86  20.579   1.182         
 1348    86  19.839   1.194         
 1349    86  20.447   1.833         
 1350    86  20.410   1.841         
 1351    86  20.729   1.403         
 1352    86  21.086   1.823         
 1353    86  18.131   0.893         
 1354    86  17.806   1.208         
 1355    86  14.603   1.565         
 1356    86  19.926   1.266         
 1357    86  18.608   1.158         
 1358    86  19.949   1.354         
 1359    86  15.938   0.999         
 1360    86  16.612   1.015         
 1361    86  19.234   1.571         
 1362    86  18.163   1.070         
 1363    86  20.191   1.345         
 1364    86  17.774   1.151         
 1365    86  18.983   1.219         
 1366    86  18.100   1.083         
 1367    86  17.671   1.148         
 1368    86  17.805   1.845         
 1369    86  17.521   1.025         
 1370    86  16.646   1.920         
 1371    86  17.468   1.118         
 1372    86  19.837   1.212         
 1373    86  19.114   1.166         
 1374    86  20.556   1.795         
 1375    86  20.199   1.320         
 1376    86  20.462   1.706         
 1377    86  21.362   1.616         
 1378    86  17.339   1.018         
 1379    86  18.856   1.199         
 1380    86  19.792   1.168         
 1381    86  21.141   1.055         
 1382    86  19.638   1.204         
 1383    86  16.751   0.967         
 1384    86  19.731   1.382         
 1385    86  21.181   1.378         
 1386    86  20.715   1.636         
 1387    86  20.258   1.050         
 1388    86  17.180   0.992         
 1389    86  15.330   1.035         
 1390    86  13.952   0.695         
 1391    86  15.583   0.636         
 1392    86  16.639   1.056         
 1393    86  11.862   0.763         
 1394    86  17.039   1.065         
 1395    86  17.631   1.056         
 1396    86  16.240   1.349         
 1397    86  11.503   1.778         
 1398    86  20.934   1.455         
 1399    86  15.693   0.668         
 1400    86  12.123   0.481         
 1401    86  19.737   1.370         
 1402    86  17.362   1.098         
 1403    86  18.190   1.307         
 1404    86  20.729   1.711         
 1405    86  20.079   1.344         
 1406    86  19.016   1.260         
 1407    86  19.442   1.261         
 1408    86  16.397   1.503         
 1409    86  19.327   1.252         
 1410    86  20.099   1.452         
 1411    86  19.080   1.164         
 1412    86  18.171   1.326         
 1413    86  18.832   1.329         
 1414    86  16.463   0.849         
 1415    86  19.694   0.679         
 1416    86  19.290   1.719         
 1417    86  20.039   1.449         
 1418    86  18.142   0.953         
 1419    86  18.574   1.414         
 1420    86  20.502   1.692         
 1421    86  20.741   1.115         
 1422    86  18.769   1.075         
 1423    86  18.788   1.307         
 1424    86  20.234   1.258         
 1425    86  20.545   1.401         
 1426    86  19.722   1.741         
 1427    86  18.937   1.040         
 1428    86  18.166   1.104         
 1429    86  20.623   1.825         
 1430    86  16.322   0.764         
 1431    86  16.436   0.882         
 1432    86  15.703   1.115         
 1433    86  16.776   1.178         
 1434    86  16.799   1.979         
 1435    86  20.092   1.748         
 1436    86  13.774   1.444         
 1437    86  19.817   1.540         
 1438    86  17.711   1.001         
 1439    86  14.924   0.529         
 1440    86  20.118   1.261         
 1441    86  19.354   1.413         
 1442    86  18.185   1.195         
 1443    86  18.796   1.727         
 1444    86  17.968   1.001         
 1445    86  18.515   1.058         
 1446    86  20.213   1.402         
 1447    86  20.067   1.356         
 1448    86  18.479   1.406         
 1449    86  14.433   0.796         
 1450    86  13.507   0.361         
 1451    86  19.759   1.493         
 1452    86  21.156   1.937         
 1453    86  16.548   0.793         
 1454    86  19.422   1.730         
 1455    86  20.624   1.255         
 1456    86  16.172   1.667         
 1457    86  15.479   1.649         
 1458    86  17.417   1.010         
 1459    86  18.172   1.027         
 1460    86  17.936   0.870         
 1461    86  19.990   1.145         
 1462    86  20.691   1.332         
 1463    86  20.523   1.741         
 1464    86  17.680   1.185         
 1465    86  17.546   1.009         
 1466    86  17.495   1.089         
 1467    86  17.309   1.231         
 1468    86  16.330   0.751         
 1469    86  19.064   1.169         
 1470    86  19.847   1.347         
 1471    86  17.732   0.935         
 1472    86  18.768   1.112         
 1473    86  17.674   1.128         
 1474    86  18.529   1.138         
 1475    86  20.944   1.154         
 1476    86  15.495   0.652         
 1477    86  16.546   0.785         
 1478    86  18.672   1.232         
 1479    86  19.720   1.412         
 1480    86  19.688   1.406         
 1481    86  20.736   1.891         
 1482    86  21.392   0.961         
 1483    86  16.968   0.999         
 1484    86  20.393   1.272         
 1485    86  18.048   0.982         
 1486    86  19.468   1.340         
 1487    86  20.118   1.646         
 1488    86  19.257   1.435         
 1489    86  18.307   0.977         
 1490    86  21.126   1.346         
 1491    86  21.965   0.666         
 1492    86  18.870   1.245         
 1493    86  18.402   1.072         
 1494    86  19.782   1.322         
 1495    86  18.586   1.806         
 1496    86  20.169   1.386         
 1497    86  16.894   1.024         
 1498    86  19.452   1.382         
 1499    86  20.998   0.984         
 1500    86  18.133   1.092         
 1501    86  19.863   1.571         
 1502    86  18.340   1.302         
 1503    86  20.872   1.211         
 1504    86  20.006   1.189         
 1505    86  16.091   0.827         
 1506    86  19.173   1.103         
 1507    86  20.768   1.402         
 1508    86  16.698   1.140         
 1509    86  17.030   0.948         
 1510    86  17.101   1.160         
 1511    86  14.799   0.589         
 1512    86  17.413   0.892         
 1513    86  19.889   1.281         
 1514    86  20.862   1.164         
 1515    86  20.805   1.191         
 1516    86  15.832   0.638         
 1517    86  13.656   0.733         
 1518    86  20.134   1.669         
 1519    86  19.852   1.320         
 1520    86  20.314   1.692         
 1521    86  20.175   1.263         
 1522    86  16.624   0.993         
 1523    86  16.740   1.354         
 1524    86  18.024   1.276         
 1525    86  20.486   1.407         
 1526    86  18.905   1.128         
 1527    86  20.570   1.347         
 1528    86  20.747   1.232         
 1529    86  18.683   1.736         
 1530    86  14.013   0.888         
 1531    86  19.510   1.490         
 1532    86  14.148   1.336         
 1533    86  17.869   1.118         
 1534    86  20.176   1.185         
 1535    86  20.394   1.257         
 1536    86  20.557   1.098         
 1537    86  19.317   1.240         
 1538    86  19.628   1.750         
 1539    86  16.279   0.687         
 1540    86  18.789   1.869         
 1541    86  14.472   1.423         
 1542    86  16.413   0.803         
 1543    86  16.494   1.005         
 1544    86  17.654   1.002         
 1545    86  17.196   0.967         
 1546    86  20.689   2.008         
 1547    86  16.380   0.873         
 1548    86  16.249   0.770         
 1549    86  20.758   1.449         
 1550    86  19.487   1.243         
 1551    86  14.808   0.774         
 1552    86  20.101   1.418         
 1553    86  19.434   1.197         
 1554    86  21.086   0.912         
 1555    86  20.553   1.245         
 1556    86  21.095   1.328         
 1557    86  19.727   1.252         
 1558    86  19.876   1.437         
 1559    86  20.252   1.320         
 1560    86  16.238   1.024         
 1561    86  20.744   1.516         
 1562    86  20.030   1.441         
 1563    86  20.032   1.665         
 1564    86  20.174   1.284         
 1565    86  14.823   1.045         
 1566    86  19.764   1.281         
 1567    86  19.928   1.280         
 1568    86  20.786   1.588         
 1569    86  19.143   1.225         
 1570    86  19.152   1.071         
 1571    86  18.442   1.554         
 1572    86  20.871   1.722         
 1573    86  15.988   2.266         
 1574    86  20.666   1.283         
 1575    86  20.215   1.874         
 1576    86  17.540   1.007         
 1577    86  18.953   1.143         
 1578    86  19.422   1.355         
 1579    86  20.226   1.459         
 1580    86  18.489   1.065         
 1581    86  19.171   1.156         
 1582    86  17.081   0.985         
 1583    86  17.148   0.922         
 1584    86  18.744   1.047         
 1585    86  18.928   1.337         
 1586    86  19.480   1.218         
 1587    86  19.482   1.449         
 1588    86  20.772   1.317         
 1589    86  18.397   1.017         
 1590    86  19.889   1.394         
 1591    86  15.949   1.091         
 1592    86  17.266   0.994         
 1593    86  20.098   1.328         
 1594    86  19.499   1.396         
 1595    86  19.436   1.240         
 1596    86  20.752   1.362         
 1597    86  20.476   1.725         
 1598    86  19.975   1.398         
 1599    86  20.449   1.630         
 1600    86  15.310   0.833         
 1601    86  20.505   1.434         
 1602    86  21.303   0.992         
 1603    86  20.159   1.483         
 1604    86  15.006   0.552         
 1605    86  20.261   1.768         
 1606    86  19.995   1.415         
 1607    86  19.511   1.283         
 1608    86  15.733   0.659         
 1609    86  18.689   1.089         
 1610    86  17.551   1.273         
 1611    86  18.809   1.427         
 1612    86  17.871   1.033         
 1613    86  21.495   1.215         
 1614    86  16.319   1.003         
 1615    86  18.390   1.126         
 1616    86  18.757   1.080         
 1617    86  20.271   1.511         
 1618    86  19.399   1.875         
 1619    86  20.662   1.616         
 1620    86  19.252   1.356         
 1621    86  17.601   1.348         
 1622    86  18.547   1.260         
 1623    86  20.772   1.336         
 1624    86  18.603   1.104         
 1625    86  20.753   1.475         
 1626    86  16.240   1.096         
 1627    86  19.851   1.168         
 1628    86  19.695   1.540         
 1629    86  16.746   0.934         
 1630    86  18.620   1.644         
 1631    86  20.572   1.528         
 1632    86  19.812   1.961         
 1633    86  19.659   1.217         
 1634    86  20.129   1.851         
 1635    86  16.600   0.840         
 1636    86  20.601   1.598         
 1637    86  16.955   1.399         
 1638    86  20.244   1.426         
 1639    86  14.963   0.500         
 1640    86  18.787   1.170         
 1641    86  17.023   0.979         
 1642    86  18.373   1.072         
 1643    86  16.411   0.986         
 1644    86  19.774   1.317         
 1645    86  20.645   1.389         
 1646    86  20.160   1.136         
 1647    86  16.230   1.475         
 1648    86  16.039   2.363         
 1649    86  18.140   1.235         
 1650    86  14.013   0.815         
 1651    86  15.959   0.953         
 1652    86  18.522   1.221         
 1653    86  20.714   1.144         
 1654    86  19.772   1.908         
 1655    86  14.682   0.556         
 1656    86  17.265   0.873         
 1657    86  20.205   1.383         
 1658    86  16.191   0.929         
 1659    86  19.937   1.245         
 1660    86  16.637   0.954         
 1661    86  19.437   1.140         
 1662    86  20.183   2.052         
 1663    86  17.673   1.054         
 1664    86  17.809   1.057         
 1665    86  20.023   1.664         
 1666    86  15.072   0.493         
 1667    86  19.380   1.155         
 1668    86  19.395   1.544         
 1669    86  20.885   1.321         
 1670    86  15.964   0.928         
 1671    86  19.751   1.451         
 1672    86  20.368   1.379         
 1673    86  18.102   1.099         
 1674    86  20.231   1.516         
 1675    86  19.915   1.374         
 1676    86  16.691   0.829         
 1677    86  20.696   0.514         
 1678    86  18.434   1.840         
 1679    86  19.380   1.056         
 1680    86  19.025   1.291         
 1681    86  17.612   1.280         
 1682    86  19.442   1.662         
 1683    86  20.259   1.394         
 1684    86  20.747   1.604         
 1685    86  20.954   1.163         
 1686    86  19.460   1.286         
 1687    86  20.292   1.483         
 1688    86  18.945   1.341         
 1689    86  19.549   1.301         
 1690    86  18.985   1.591         
 1691    86  20.772   1.258         
 1692    86  14.243   0.654         
 1693    86  20.952   1.637         
 1694    86  16.858   1.228         
 1695    86  12.660   0.607         
 1696    86  15.308   1.026         
 1697    86  20.124   1.417         
 1698    86  17.335   1.073         
 1699    86  15.511   1.017         
 1700    86  20.079   1.444         
 1701    86  20.132   1.488         
 1702    86  18.955   1.260         
 1703    86  18.850   1.329         
 1704    86  20.636   1.447         
 1705    86  18.037   1.017         
 1706    86  17.930   2.050         
 1707    86  20.825   1.425         
 1708    86  19.427   1.476         
 1709    86  20.508   1.477         
 1710    86  13.438   0.614         
 1711    86  19.660   1.188         
 1712    86  19.428   1.681         
 1713    86  19.565   1.271         
 1714    86  18.552   1.258         
 1715    86  19.043   1.199         
 1716    86  18.696   1.122         
 1717    86  18.928   1.055         
 1718    86  20.192   1.486         
 1719    86  19.477   1.239         
 1720    86  15.861   0.958         
 1721    86  18.735   1.347         
 1722    86  20.032   1.475         
 1723    86  20.978   0.942         
 1724    86  19.509   1.322         
 1725    86  18.733   1.115         
 1726    86  15.172   0.912         
 1727    86  20.195   1.986         
 1728    86  18.872   1.217         
 1729    86  15.519   0.627         
 1730    86  17.668   0.999         
 1731    86  18.955   1.120         
 1732    86  19.864   1.725         
 1733    86  20.010   1.273         
 1734    86  19.426   1.069         
 1735    86  20.619   1.459         
 1736    86  19.710   1.224         
 1737    86  20.330   1.339         
 1738    86  16.518   2.040         
 1739    86  19.240   1.175         
 1740    86  19.384   1.768         
 1741    86  20.115   1.266         
 1742    86  20.876   1.189         
 1743    86  20.359   1.301         
 1744    86  18.130   0.972         
 1745    86  20.100   1.442         
 1746    86  20.925   1.353         
 1747    86  20.102   1.795         
 1748    86  19.187   1.524         
 1749    86  16.338   0.936         
 1750    86  19.262   1.314         
 1751    86  19.768   1.267         
 1752    86  20.568   1.453         
 1753    86  20.371   1.459         
 1754    86  17.248   1.961         
 1755    86  19.530   1.309         
 1756    86  19.998   1.185         
 1757    86  17.046   0.945         
 1758    86  20.976   1.708         
 1759    86  16.191   1.439         
 1760    86  16.906   0.823         
 1761    86  20.158   1.471         
 1762    86  18.535   1.048         
 1763    86  13.817   0.400         
 1764    86  16.339   0.762         
 1765    86  19.594   1.370         
 1766    86  20.190   1.744         
 1767    86  19.901   1.145         
 1768    86  18.694   1.536         
 1769    86  19.736   1.279         
 1770    86  19.768   1.385         
 1771    86  16.493   1.043         
 1772    86  16.928   0.928         
 1773    86  20.102   1.640         
 1774    86  17.831   1.129         
 1775    86  14.900   1.451         
 1776    86  20.723   1.202         
 1777    86  18.262   1.055         
 1778    86  17.521   1.259         
 1779    86  20.853   1.159         
 1780    86  13.547   0.817         
 1781    86  20.178   1.338         
 1782    86  19.472   1.427         
 1783    86  17.666   1.482         
 1784    86  17.507   1.082         
 1785    86  17.857   0.993         
 1786    86  17.137   1.057         
 1787    86  17.115   0.930         
 1788    86  19.125   1.067         
 1789    86  20.649   1.732         
 1790    86  17.452   1.627         
 1791    86  18.406   1.042         
 1792    86  19.669   1.381         
 1793    86  17.134   1.107         
 1794    86  18.283   1.290         
 1795    86  21.126   1.256         
 1796    86  21.217   1.358         
 1797    86  19.168   1.780         
 1798    86  16.678   1.116         
 1799    86  20.029   1.807         
 1800    86  19.769   1.381         
 1801    86  20.660   1.025         
 1802    86  16.897   0.821         
 1803    86  19.330   1.223         
 1804    86  20.033   1.434         
 1805    86  19.502   1.679         
 1806    86  18.083   0.962         
 1807    86  20.297   1.338         
 1808    86  17.821   1.555         
 1809    86  18.023   1.172         
 1810    86  20.648   1.398         
 1811    86  16.307   0.740         
 1812    86  20.427   1.802         
 1813    86  16.088   0.822         
 1814    86  16.274   1.057         
 1815    86  16.916   0.978         
 1816    86  18.300   1.875         
 1817    86  17.841   1.305         
 1818    86  20.162   0.989         
 1819    86  20.081   1.248         
 1820    86  20.745   1.835         
 1821    86  20.581   1.318         
 1822    86  19.310   1.234         
 1823    86  20.587   1.176         
 1824    86  19.345   1.404         
 1825    86  19.630   1.554         
 1826    86  16.778   0.780         
 1827    86  19.229   1.321         
 1828    86  17.481   0.979         
 1829    86  18.308   1.328         
 1830    86  20.327   1.401         
 1831    86  18.922   1.355         
 1832    86  20.457   1.648         
 1833    86  19.721   1.659         
 1834    86  19.799   1.591         
 1835    86  21.782   0.455         
 1836    86  20.038   1.421         
 1837    86  17.841   1.394         
 1838    86  19.828   1.358         
 1839    86  20.540   1.361         
 1840    86  20.132   1.581         
 1841    86  19.048   1.250         
 1842    86  14.609   1.675         
 1843    86  17.830   1.477         
 1844    86  20.390   1.530         
 1845    86  18.917   1.401         
 1846    86  19.613   1.194         
 1847    86  17.691   1.172         
 1848    86  20.457   1.486         
 1849    86  19.455   1.621         
 1850    86  18.091   1.330         
 1851    86  20.551   1.394         
 1852    86  20.806   1.419         
 1853    86  19.764   1.516         
 1854    86  17.689   0.938         
 1855    86  19.907   1.915         
 1856    86  19.464   1.386         
 1857    86  19.521   1.277         
 1858    86  15.653   1.035         
 1859    86  18.700   1.197         
 1860    86  17.978   1.518         
 1861    86  18.662   1.312         
 1862    86  20.084   1.482         
 1863    86  20.448   1.560         
 1864    86  19.342   1.128         
 1865    86  20.179   1.197         
 1866    86  19.379   1.282         
 1867    86  16.151   1.128         
 1868    86  19.037   1.889         
 1869    86  17.694   1.083         
 1870    86  18.331   1.172         
 1871    86  15.405   0.949         
 1872    86  18.750   1.152         
 1873    86  19.842   1.290         
 1874    86  18.431   2.032         
 1875    86  19.711   1.398         
 1876    86  19.640   1.273         
 1877    86  20.319   1.421         
 1878    86  17.678   1.161         
 1879    86  18.461   1.275         
 1880    86  18.772   1.221         
 1881    86  20.166   1.689         
 1882    86  17.684   0.983         
 1883    86  17.097   0.817         
 1884    86  17.332   1.155         
 1885    86  18.757   1.200         
 1886    86  17.548   0.946         
 1887    86  20.042   1.875         
 1888    86  17.085   1.000         
 1889    86  20.650   1.154         
 1890    86  19.668   1.358         
 1891    86  18.117   1.232         
 1892    86  19.786   1.293         
 1893    86  19.517   1.203         
 1894    86  15.491   0.496         
 1895    86  18.682   1.081         
 1896    86  19.157   1.242         
 1897    86  17.630   1.066         
 1898    86  19.712   1.113         
 1899    86  16.289   2.113         
 1900    86  19.033   1.213         
 1901    86  16.123   0.981         
 1902    86  17.339   0.989         
 1903    86  17.003   0.909         
 1904    86  16.204   1.057         
 1905    86  19.030   1.825         
 1906    86  19.884   1.515         
 1907    86  17.941   1.042         
 1908    86  18.889   0.999         
 1909    86  20.328   1.554         
 1910    86  20.499   1.032         
 1911    86  18.261   1.100         
 1912    86  18.900   1.188         
 1913    86  19.526   1.205         
 1914    86  20.423   1.428         
 1915    86  20.306   1.530         
 1916    86  20.719   1.693         
 1917    86  17.802   1.257         
 1918    86  20.433   1.517         
 1919    86  19.924   1.619         
 1920    86  19.484   1.369         
 1921    86  19.295   1.877         
 1922    86  20.215   1.171         
 1923    86  14.399   1.307         
 1924    86  19.924   1.565         
 1925    86  20.624   1.083         
 1926    86  18.509   1.160         
 1927    86  16.824   0.990         
 1928    86  20.941   1.450         
 1929    86  19.270   1.212         
 1930    86  20.032   2.182         
 1931    86  18.038   1.905         
 1932    86  20.726   1.037         
 1933    86  19.685   1.282         
 1934    86  18.793   1.126         
 1935    86  17.772   0.903         
 1936    86  18.564   1.042         
 1937    86  18.322   1.196         
 1938    86  17.914   1.010         
 1939    86  18.703   1.062         
 1940    86  14.715   1.003         
 1941    86  19.812   1.152         
 1942    86  18.038   1.199         
 1943    86  19.524   1.389         
 1944    86  21.326   1.080         
 1945    86  20.392   1.470         
 1946    86  19.751   1.407         
 1947    86  20.391   1.273         
 1948    86  16.998   0.813         
 1949    86  17.895   1.323         
 1950    86  21.155   1.558         
 1951    86  20.379   1.358         
 1952    86  20.652   1.415         
 1953    86  18.591   1.234         
 1954    86  15.068   0.606         
 1955    86  17.346   1.302         
 1956    86  20.069   1.146         
 1957    86  20.983   1.314         
 1958    86  18.952   1.090         
 1959    86  15.588   1.805         
 1960    86  20.100   1.275         
 1961    86  20.515   1.523         
 1962    86  20.996   1.081         
 1963    86  18.203   0.886         
 1964    86  18.914   1.163         
 1965    86  20.384   1.279         
 1966    86  17.127   0.855         
 1967    86  20.130   1.413         
 1968    86  18.142   1.118         
 1969    86  19.447   1.445         
 1970    86  19.335   1.927         
 1971    86  20.662   1.792         
 1972    86  17.758   1.122         
 1973    86  17.529   1.019         
 1974    86  19.684   1.510         
 1975    86  16.573   1.210         
 1976    86  19.191   1.225         
 1977    86  20.056   1.332         
 1978    86  20.584   1.562         
 1979    86  19.470   1.227         
 1980    86  18.295   1.257         
 1981    86  21.211   1.160         
 1982    86  18.324   0.978         
 1983    86  17.577   1.843         
 1984    86  17.970   1.082         
 1985    86  15.879   0.627         
 1986    86  19.235   1.089         
 1987    86  19.042   1.163         
 1988    86  20.564   1.280         
 1989    86  18.034   0.956         
 1990    86  20.177   1.340         
 1991    86  20.884   1.379         
 1992    86  17.600   1.158         
 1993    86  20.663   1.215         
 1994    86  20.130   1.174         
 1995    86  13.065   0.476         
 1996    86  19.538   1.446         
 1997    86  17.097   0.920         
 1998    86  17.013   0.956         
 1999    86  18.511   1.193         
 2000    86  21.356   1.048         
 2001    86  18.895   1.298         
 2002    86  18.309   1.067         
 2003    86  19.281   1.167         
 2004    86  19.860   1.735         
 2005    86  20.759   1.219         
 2006    86  20.809   1.714         
 2007    86  19.472   1.444         
 2008    86  19.159   1.340         
 2009    86  20.640   1.178         
 2010    86  17.135   1.000         
 2011    86  19.787   1.759         
 2012    86  20.248   1.490         
 2013    86  13.689   1.193         
 2014    86  20.453   1.315         
 2015    86  16.287   1.022         
 2016    86  20.050   1.465         
 2017    86  15.181   0.905         
 2018    86  18.531   1.115         
 2019    86  17.579   0.928         
 2020    86  18.483   1.050         
 2021    86  20.571   1.512         
 2022    86  18.278   1.544         
 2023    86  18.133   1.066         
 2024    86  20.081   1.171         
 2025    86  19.218   1.328         
 2026    86  20.673   0.887         
 2027    86  18.754   1.197         
 2028    86  20.283   1.887         
 2029    86  19.622   1.259         
 2030    86  14.816   0.969         
 2031    86  17.435   0.849         
 2032    86  20.142   1.344         
 2033    86  19.723   1.706         
 2034    86  20.093   1.544         
 2035    86  20.174   1.219         
 2036    86  18.857   1.195         
 2037    86  17.904   1.003         
 2038    86  20.660   1.546         
 2039    86  14.926   0.427         
 2040    86  16.651   0.847         
 2041    86  17.230   0.945         
 2042    86  17.191   0.997         
 2043    86  18.716   1.508         
 2044    86  18.606   1.056         
 2045    86  19.433   1.217         
 2046    86  14.738   1.588         
 2047    86  19.719   1.325         
 2048    86  16.424   1.268         
 2049    86  20.515   1.368         
 2050    86  19.424   1.524         
 2051    86  19.638   1.380         
 2052    86  19.303   1.362         
 2053    86  17.021   0.987         
 2054    86  15.578   0.982         
 2055    86  19.592   1.510         
 2056    86  19.006   1.394         
 2057    86  19.698   1.496         
 2058    86  21.003   1.268         
 2059    86  18.194   0.978         
 2060    86  17.241   1.087         
 2061    86  21.348   1.076         
 2062    86  20.472   1.693         
 2063    86  19.670   1.276         
 2064    86  18.279   1.211         
 2065    86  19.947   1.297         
 2066    86  18.809   1.194         
 2067    86  17.303   1.099         
 2068    86  17.669   1.064         
 2069    86  19.012   1.251         
 2070    86  20.708   1.355         
 2071    86  19.053   1.473         
 2072    86  20.172   1.140         
 2073    86  20.563   1.322         
 2074    86  20.198   1.379         
 2075    86  17.892   0.928         
 2076    86  21.174   1.378         
 2077    86  20.353   1.329         
 2078    86  20.649   1.175         
 2079    86  16.466   0.696         
 2080    86  20.888   1.628         
 2081    86  17.284   1.765         
 2082    86  16.835   0.819         
 2083    86  19.403   1.213         
 2084    86  21.038   1.121         
 2085    86  18.779   1.202         
 2086    86  16.418   0.824         
 2087    86  18.654   1.205         
 2088    86  19.979   2.079         
 2089    86  17.889   1.266         
 2090    86  17.049   1.869         
 2091    86  19.339   1.127         
 2092    86  16.986   1.001         
 2093    86  19.988   1.170         
 2094    86  18.152   1.306         
 2095    86  17.192   1.201         
 2096    86  15.867   0.831         
 2097    86  21.607   0.892         
 2098    86  18.608   1.373         
 2099    86  19.741   1.486         
 2100    86  19.515   1.289         
 2101    86  20.830   1.549         
 2102    86  19.643   1.272         
 2103    86  20.049   1.027         
 2104    86  20.788   1.115         
 2105    86  18.301   1.033         
 2106    86  18.601   1.009         
 2107    86  17.088   0.945         
 2108    86  10.789   1.680         
 2109    86  18.217   1.284         
 2110    86  19.453   1.652         
 2111    86  18.888   1.918         
 2112    86  19.679   1.371         
 2113    86  16.430   1.138         
 2114    86  20.778   1.245         
 2115    86  21.036   1.746         
 2116    86  20.428   1.467         
 2117    86  19.180   1.006         
 2118    86  14.982   2.791         
 2119    86  19.527   1.208         
 2120    86  12.146   1.942         
 2121    86  20.135   1.656