UBV CCD observations

  No    Ref    V       B-V     U-B

 0001    55   6.900   0.270  -0.670
 0001   135   7.260   0.250  -0.810
 0002    55   8.810   0.190  -0.790
 0002   135   8.760   0.240  -0.800
 0002   390   8.711   0.230  -0.817
 0003    55  10.440   0.510  -0.630
 0003   135  10.730   0.280  -0.650
 0003   390  10.731   0.229  -0.663
 0004    55  11.160   0.150  -0.620
 0004   135  11.040   0.260  -0.680
 0004   390  11.013   0.233  -0.685
 0005    55  11.370   0.210  -0.500
 0005   135  11.290   0.240  -0.500
 0005   390  11.290   0.293  -0.613
 0006    55  11.070   0.200  -0.610
 0006   135  11.130   0.110  -0.580
 0006   390  11.110   0.177  -0.723
 0007    55  11.240   0.430  -0.370
 0007   135  11.410   0.360  -0.480
 0007   390  11.403   0.312  -0.486
 0008    55   9.450   0.050  -0.780
 0008   135   9.290   0.150  -0.810
 0008   390   9.272   0.117  -0.818
 0009    55   9.730   0.320  -0.680
 0009   135   9.990   0.170  -0.830
 0009   390   9.895   0.137  -0.755
 0010    55  12.400   0.230  -0.420
 0010   135  12.460   0.220  -0.430
 0010   390  12.466   0.189  -0.426
 0011    55  13.100   0.250   0.310
 0011   135  12.860   0.550   0.460
 0011   348  12.830   0.510   0.300
 0011   390  12.830   0.528   0.593
 0012    55  12.600   0.230  -0.520
 0012   135  12.600   0.230  -0.480
 0012   390  12.576   0.188  -0.453
 0013    55  12.790  -0.020  -0.360
 0013   135  12.510   0.250  -0.400
 0013   390  12.507   0.204  -0.372
 0014    55  12.420   0.720   0.730
 0014   135  12.520   0.750   0.500
 0015    55  11.950   0.290  -0.090
 0015   135  11.850   0.410  -0.230
 0015   390  11.868   0.347  -0.147
 0016    55  13.450   0.250  -0.510
 0016   135  13.400   0.270  -0.260
 0016   348  13.420   0.260  -0.280
 0016   390  13.412   0.228  -0.222
 0017    55  12.600   0.160  -0.160
 0017   135  12.540   0.290  -0.290
 0017   348  12.550   0.250  -0.300
 0017   390  12.555   0.239  -0.245
 0018    55  11.860   0.290  -0.490
 0018   135  11.930   0.250  -0.550
 0018   390  11.906   0.260  -0.602
 0019    55  11.380   0.350  -0.190
 0019   135  11.710   0.310  -0.280
 0019   390  11.685   0.290  -0.246
 0020    55   9.650   0.200  -0.630
 0020   135   9.580   0.290  -0.730
 0020   390   9.554   0.295  -0.729
 0021    55  10.730   0.350  -0.550
 0021   135  10.780   0.350  -0.670
 0021   390  10.754   0.338  -0.689
 0022    55  12.210   0.310  -0.440
 0022   135  12.240   0.290  -0.490
 0022   348  12.230   0.340  -0.620
 0022   390  12.227   0.279  -0.490
 0024    55  12.070   0.250  -0.440
 0024   135  12.050   0.370  -0.500
 0024   348  12.090   0.370  -0.580
 0024   390  12.000   0.341  -0.515
 0025    55  13.260   0.050  -0.020
 0025   135  13.010   0.310  -0.100
 0025   348  13.000   0.280  -0.100
 0025   390  12.992   0.287  -0.024
 0026    55  12.050   0.200  -0.430
 0026   135  12.010   0.330  -0.520
 0026   390  11.974   0.319  -0.559
 0027    55  11.350   0.270  -0.550
 0027   135  11.250   0.220  -0.470
 0027   390  11.209   0.291  -0.553
 0028    55  12.560   0.440  -0.440
 0028   135  12.410   0.430  -0.490
 0028   348  12.390   0.410  -0.500
 0028   390  12.389   0.396  -0.488
 0029    55  11.850   0.450  -0.170
 0029   135  11.950   0.490  -0.340
 0029   348  11.910   0.450  -0.300
 0029   390  11.940   0.454  -0.311
 0030    55  10.100   0.470  -0.440
 0030   135  10.100   0.430  -0.410
 0031    55  12.340   0.300  -0.430
 0031   135  12.360   0.330  -0.460
 0031   348  12.380   0.350  -0.560
 0031   390  12.390   0.251  -0.397
 0032    55  12.070   0.320  -0.520
 0032   135  12.170   0.200  -0.540
 0032   348  12.170   0.200  -0.640
 0032   390  12.159   0.175  -0.545
 0035   135  11.600   1.070   0.820
 0036    55  11.280   1.130   1.520
 0036   135  11.260   1.320   1.030
 0037    55  10.000   0.310  -0.630
 0037   135   9.970   0.320  -0.660
 0038    55  12.390   0.270   0.290
 0039    55  10.200   0.240  -0.750
 0040    55  11.310   0.240  -0.590
 0041    55  10.900   0.230  -0.600
 0042    55  12.470   0.300  -0.250
 0047    55  10.810   0.390  -0.600
 0047   135  11.110   0.260  -0.570
 0048    55  13.040   0.540   0.340
 0048   135  13.380   0.460  -0.170
 0048   348  13.750   0.470  -0.040
 0049    55  13.340   0.270  -0.390
 0049   135  13.220   0.410  -0.360
 0049   348  13.250   0.400  -0.380
 0049   390  13.172   0.393  -0.342
 0051    55  12.510   0.260   0.110
 0052    55  13.670   0.080   0.260
 0053    55  13.450   0.150  -0.120
 0053   135  13.590   0.540  -0.350
 0053   348  13.520   0.530  -0.220
 0054    55  12.130   0.370  -0.400
 0054   135  12.210   0.390  -0.480
 0054   348  12.160   0.400  -0.560
 0055    55  13.610   0.430   0.610
 0055   135  13.360   0.760   0.420
 0055   348  13.150   0.770   0.460
 0057   348  15.480   0.570         
 0059    55  13.320  -0.080   0.150
 0060    55  13.490   0.710   0.440
 0060   135  13.700   0.400  -0.330
 0060   348  13.740   0.370  -0.400
 0060   390  13.660   0.418  -0.315
 0061    55  11.640   0.920   1.230
 0061   135  13.540   0.530  -0.380
 0061   348  13.580   0.490  -0.360
 0065    55  12.100   0.680  -0.720
 0066    55  12.250   0.220  -0.140
 0070   348  14.880   0.480   0.100
 0071   348  15.130   0.510   0.360
 0072   348  14.470   0.400   0.220
 0073   348  14.010   0.760   0.300
 0074   348  13.850   0.420   0.100
 0075   348  12.870   0.330  -0.220
 0076   348  13.390   0.600  -0.140
 0077   348  14.440   0.510   0.120
 0077   390  14.545   0.396   0.183
 0078   348  14.610   0.620   0.360
 0079   348  13.540   0.250  -0.260
 0080   348  14.140   0.320  -0.060
 0081   348  14.470   0.680   0.400
 0082   348  13.500   0.340  -0.260
 0083   348  14.470   0.610   0.160
 0084   348  14.860   0.460   0.200
 0085   348  14.530   0.580   0.320
 0086   348  12.890   0.230  -0.280
 0087   348  13.150   0.400  -0.260
 0088   348  13.150   0.340  -0.320
 0088   390  13.175   0.323  -0.310
 0089   348  14.200   0.820   0.360
 0089   390  14.316   0.669   0.599
 0090   348  12.920   0.330  -0.200
 0091   348  13.230   0.270  -0.260
 0092   348  13.280   0.240  -0.280
 0093   348  12.520   0.710   0.420
 0093   390  12.499   0.719   0.648
 0094   348  13.800   0.800   0.400
 0095   348  13.190   0.540   0.400
 0096   348  13.110   0.180  -0.260
 0097   348  14.670   0.540   0.200
 0098   348  14.970   0.480   0.120
 0099   348  13.930   0.550   0.160
 0100   348  14.630   0.350   0.040
 0101   348  13.350   0.450  -0.160
 0101   390  13.375   0.433  -0.089
 0102   348  16.040   0.650         
 0103   348  14.970   0.620         
 0104   348  16.150   0.940         
 0105   348  15.010   0.750         
 0106   348  15.970   0.720         
 0107   348  16.520   0.900         
 0108   348  16.150   1.320         
 0109   348  16.350   0.910         
 0110   348  16.970   1.480         
 0111   348  16.300   1.230         
 0112   348  16.480   0.890         
 0113   348  17.250   1.070         
 0114   348  17.130   0.950         
 0115   348  15.490   0.680         
 0116   348  15.330   1.310         
 0117   348  16.010   0.870         
 0118   348  15.890   0.670         
 0119   348  15.970   1.280         
 0120   348  16.680   1.440         
 0121   348  15.950   1.100         
 0121   390  15.953   1.038   0.440
 0122   348  16.800   0.830         
 0123   348  17.100   1.060         
 0123   390  16.898   0.942   0.317
 0124   348  17.030   1.150         
 0124   390  17.214   1.223   1.081
 0125   348  16.810   0.910         
 0126   348  17.280   0.900         
 0127   348  15.520   0.770         
 0128   348  17.280   1.210         
 0129   348  16.530   0.820         
 0130   348  16.250   0.860         
 0131   348  15.760   1.280         
 0132   348  16.630   1.460         
 0132   390  16.708   1.606   1.404
 0133   348  16.530   0.850         
 0134   348  17.400   0.990         
 0135   348  17.080   1.070         
 0136   348  15.830   0.740         
 0137   348  16.580   1.530         
 0138   348  15.820   0.900         
 0139   348  17.080   1.010         
 0140   348  15.750   0.610         
 0141   348  17.080   1.080         
 0142   348  16.020   0.720         
 0143   348  17.290   1.350         
 0144   348  15.940   0.670         
 0145   348  16.960   1.280         
 0146   348  15.490   1.200         
 0147   348  15.300   0.720         
 0148   348  15.850   0.850         
 0149   348  16.400   0.800         
 0150   348  16.040   0.760         
 0151   348  17.130   0.860         
 0152   348  17.190   0.930         
 0153   348  15.780   0.880         
 0154   348  14.480   1.520         
 0155   348  15.560   1.000         
 0156   348  15.800   1.240         
 0157   348  16.890   1.280         
 0158   348  17.470   1.370         
 0159   348  16.540   0.890         
 0160   348  15.600   0.960         
 0161   348  16.000   1.160         
 0162   348  15.770   0.690         
 0163   348  15.930   1.370         
 0164   348  17.320   0.900         
 0165   348  15.690   0.650         
 0166   348  16.330   0.970         
 0167   348  17.330   1.130         
 0168   348  15.740   0.620         
 0169   348  16.890   0.860         
 0170   348  15.630   0.700         
 0171   348  16.300   0.800         
 0172   348  16.170   1.010         
 0173   348  16.160   1.000         
 0174   348  16.500   0.760         
 0175   348  15.630   0.670         
 0176   348  16.650   0.870         
 0177   348  15.760   1.090         
 0178   348  15.620   0.690         
 0179   348  15.940   0.570         
 1017    55  12.160   0.370  -0.060
 1019    55  12.060   0.350   0.020
 1020    55  13.940           0.110
 1031    55  12.780   0.230  -0.580
 1032    55  13.190   0.330   0.990
 1053    55  10.140   0.100         
 1062    55  13.810   1.010  -0.470
 1062   135  13.900   0.620   0.010
 1066    55  14.280  -0.090  -0.060
 1073    55  13.200   0.330   0.650
 1073   135  13.190   0.610   0.040
 1073   348  13.220   0.540   0.140
 1074    55  13.550   0.350   0.530
 1074   348  13.580   0.460  -0.340
 1075    55  12.820   0.320   0.190
 1075   135  13.320   0.070   0.360
 1075   348  13.370   0.270  -0.040
 1081    55  14.770  -0.450  -0.710
 1081   135  13.880   0.350  -0.310
 1086    55  13.890   0.480   1.140
 1086   348  13.650   0.570   0.300
 1087    55  12.550   0.110  -0.070
 1087   135  13.370   0.470  -0.010
 1087   348  13.310   0.480   0.060
 1090    55  12.940   0.260  -0.080
 1091    55  10.440   0.510  -0.390
 1092    55  10.440   0.500  -0.400
 1092   135  11.020   0.410  -0.440
 1096    55  13.680   0.810   1.210
 1097    55  13.730   0.220  -0.580
 1098    55  13.330   0.470  -0.060
 1098   135  13.290   0.430  -0.000
 1098   348  13.330   0.370  -0.120
 1098   390  13.305   0.357   0.171
 1103    55  13.350   0.450   0.340
 1104    55  13.740   0.500  -0.200
 1104   135  13.640   0.360  -0.240
 1104   348  13.690   0.310  -0.240
 1104   390  13.665   0.299  -0.168
 1111    55  12.070   0.400  -0.020
 1111   135  13.200   0.340  -0.340
 1116    55  12.820   0.090   0.120
 1116   135  12.500   0.520  -0.010
 1116   348  12.440   0.580  -0.140
 1116   390  12.458   0.506   0.158
 1118    55  13.530   1.400  -1.600
 1119    55  12.260   0.310   0.010
 1119   135  12.880   0.180  -0.090
 1120    55  14.420   0.520  -0.280
 1120   135  14.770   0.400   0.040
 1120   348  14.760   0.430         
 1121    55  13.550   0.160  -0.030
 1121   135  13.510   0.320  -0.210
 1121   348  13.470   0.310  -0.160
 1124    55  13.900   1.210  -1.860
 1129    55  12.590   0.810   0.250
 1129   135  12.710   0.710   0.270
 1129   348  12.690   0.740   0.420
 1134    55  13.420   0.500  -0.870
 1134   135  13.890   0.500  -0.250
 1134   348  13.970   0.380  -0.080
 1139    55  13.090   0.670   0.280
 1139   135  13.270   0.690   0.270
 1139   348  13.290   0.650   0.320
 1139   390  13.247   0.647   0.402
 1141    55  13.280   0.250  -0.280
 1141   135  13.360   0.260  -0.330
 1141   348  13.360   0.210  -0.300
 1141   390  13.359   0.219  -0.295
 1142    55  13.750   0.190  -0.010
 1144    55  13.550   0.260   0.070
 1144   135  13.770   0.400  -0.250
 1144   348  13.660   0.390  -0.200
 1144   390  13.759   0.382  -0.212
 1147    55  12.230   0.420  -0.540
 1147   135  12.260   0.370  -0.500
 1152    55  10.890   0.090  -0.280
 1152   135  11.480   0.240  -0.690
 1158    55  13.640   0.520   0.660
 1162    55  13.940   0.460  -0.140
 1162   135  14.060   0.410  -0.200
 1162   348  14.060   0.440  -0.220
 1162   390  14.058   0.367  -0.088
 1166    55  12.660   0.430  -0.480
 1166   135  12.930   0.340  -0.430
 1166   348  12.890   0.360  -0.460
 1173    55  10.270   0.140  -4.330
 1173   135  12.730   0.230  -0.420
 1173   348  12.760   0.140  -0.480
 1176    55   8.700  -1.230  -0.280
 1186    55  10.520   0.780   1.090
 1187    55  12.000   0.130  -0.560
 1187   135  12.020   0.240  -0.600
 1187   390  11.976   0.220  -0.635
 1188    55  13.670   0.320  -0.190
 1188   135  13.760   0.330  -0.200
 1188   348  13.740   0.280  -0.140
 1188   390  13.762   0.293  -0.145
 1190    55  10.880   0.540  -0.250
 1195    55  10.960   0.400  -0.430
 1195   135  10.930   0.350  -0.430
 1195   390  10.926   0.349  -0.515
 1198    55  13.690   0.650   0.100
 1198   135  13.850   0.450   0.120
 1198   390  13.814   0.428   0.264
 1200    55  10.690   0.350  -0.580
 1200   135  10.680   0.310  -0.570
 1202    55  13.980   0.230   0.160
 1202   135  13.900   0.350  -0.200
 1202   390  13.910   0.329  -0.115
 1209    55  13.140   0.270  -0.140
 1209   135  13.220   0.280  -0.300
 1209   390  13.211   0.284  -0.245
 1210    55  12.150   0.670   0.130
 1210   135  12.180   0.650   0.320
 1210   390  12.187   0.613   0.266
 1211    55  12.670   0.290  -0.310
 1212    55  13.330   0.040  -0.360
 1212   135  13.080   0.300  -0.390
 1212   390  13.064   0.264  -0.380
 1213    55  13.520   0.520  -0.370
 1213   348  13.400   0.530   0.340
 1214    55  13.690   0.050  -0.010
 1214   135  13.390   0.320  -0.310
 1214   348  13.420   0.300  -0.260
 1214   390  13.389   0.300  -0.258
 1219    55  14.490   0.350  -1.230
 1219   348  14.120   0.460   0.140
 1224    55  11.140   0.230  -0.670
 1224   135  11.120   0.230  -0.630
 1224   390  11.130   0.168  -0.631
 1227    55  12.610   0.410   0.360
 1228    55  12.570   0.400   0.180
 1229    55   7.880   0.070  -0.680
 1229   135   7.820   0.160  -0.780
 1229   390   7.790   0.127  -0.816
 1233    55  13.220   0.160  -0.230
 1233   135  13.050   0.350  -0.370
 1233   390  13.037   0.315  -0.358
 1236    55  14.050   0.310  -0.050
 1236   135  14.120   0.320  -0.040
 1236   348  14.080   0.350  -0.020
 1236   390  14.132   0.311   0.084
 1238    55   7.870   0.090  -0.570
 1238   135   8.560   0.200  -0.750
 1238   390   8.549   0.159  -0.767
 1240    55  12.530   0.390  -0.360
 1246    55  12.900   0.260  -0.040
 1246   135  12.900   0.320  -0.250
 1246   390  12.950   0.269  -0.176
 1247    55  11.550   0.310  -0.270
 1247   135  11.600   0.330  -0.390
 1247   390  11.634   0.269  -0.347
 1248    55  13.740   0.210   0.180
 1248   135  13.560   0.320  -0.270
 1252    55  13.470   0.500  -1.250
 1252   348  13.460   0.310  -0.320
 1260    55  13.490   0.240  -0.120
 1260   135  13.560   0.230  -0.220
 1262    55  13.420   0.340   0.450
 1268    55  12.590   0.270  -0.450
 1268   135  12.660   0.210  -0.440
 1271    55  13.730   0.020   0.060
 1271   135  14.100   0.280  -0.120
 1271   348  14.010   0.340  -0.120
 1272    55  13.100   0.280  -0.230
 1273    55  13.170   0.590   0.760
 1273   135  13.260   0.360   0.220
 1276    55  13.930   0.130   0.710
 1276   135  14.150   0.300  -0.060
 1279    55  13.490   0.600  -0.060
 1279   135  13.460   0.310  -0.210
 1282    55  13.120   0.800  -1.060
 1286    55  13.950  -0.130  -0.140
 1292    55  11.300   0.260  -0.770
 1294    55  12.540   0.190  -0.440
 1298    55  12.810   0.250  -0.620
 1299    55  11.400   0.190  -0.580
 1299   135  11.320   0.210  -0.600
 1305    55  12.830   0.570  -0.400
 1305   135  12.980   0.300  -0.240
 1307    55  12.760   0.420  -0.810
 1309    55  12.230   0.250   0.530
 1309   135  13.270   0.230  -0.280
 1310    55  13.690   0.440   0.620
 1311    55  13.930   0.490   0.860
 1311   135  13.730   0.270  -0.060
 1314    55  13.360   0.220   0.040
 1314   135  13.260   0.320  -0.300
 1316    55   9.870   0.900   1.290
 1316   135   9.850   1.300   0.920
 1319    55  12.880   0.910   0.780
 1321    55  11.520   0.330  -0.660
 1327    55   9.860   0.270  -0.640
 1331    55  12.780   0.590   0.850
 1332    55  14.020   0.340   0.540
 1332   135  14.160   0.350         
 1338    55  13.200   0.260  -0.170
 1341    55  13.180   0.330  -0.220
 1343    55  12.760   0.840   2.170
 1344    55  12.220   0.940   0.670
 1349    55  11.650   1.130   1.390
 1350    55  12.980   0.230  -0.490
 1351    55   9.030   0.130  -0.860
 1358    55  12.900   0.330   0.460
 1362    55  13.690   0.140  -0.330
 1367    55  12.710   0.440   0.220
 1376    55  11.100   0.170   0.160
 1378    55  12.980   0.830   0.850
 1383    55   7.410   0.170  -0.850
 2013   135  15.280   0.690   0.230
 2014   135  14.490   0.720   0.270
 2019   135  14.060   0.670   0.290
 2022   135  15.550   0.670   0.050
 2024   135  15.080   0.430   0.230
 2025   135  15.160   0.710   0.240
 2479   135  15.300   0.360   0.490
 2479   348  15.150   0.460         
 2479   390  15.300   0.384   0.465
 2484   135  14.990   0.630   0.310
 2484   390  15.022   0.565   0.575
 2485   390  15.091   0.643   0.549
 2488   135  15.140   0.660   0.320
 2488   348  15.200   0.680         
 2490   135  14.000   1.200  -0.030
 2501   135  14.490   0.450  -0.010
 2501   348  14.470   0.540  -0.120
 2503   135  14.420   0.790   0.250
 2503   348  14.430   0.780   0.380
 2504   135  15.120   0.600   0.290
 2504   348  15.100   0.610         
 2504   390  15.132   0.531   0.466
 2507   135  14.810   0.560   0.070
 2507   348  14.700   0.670         
 2509   135  14.660   0.430  -0.030
 2509   348  14.530   0.500  -0.080
 2509   390  14.627   0.428   0.032
 2510   135  15.320   0.750   0.210
 2510   348  15.140   0.840         
 2512   135  13.680   0.700  -0.100
 2512   348  13.730   0.810  -0.180
 2512   390  13.621   0.650  -0.030
 2515   135  14.940   0.670   0.250
 2515   390  14.923   0.650   0.310
 2518   135  15.050   1.080   0.470
 2518   348  15.120   1.000         
 2518   390  15.038   1.043   0.594
 2521   135  14.340   0.460   0.140
 2521   390  14.430   0.409   0.397
 2522   135  14.780   0.400   0.030
 2522   390  14.778   0.371   0.148
 2526   135  14.840   0.540   0.310
 2526   390  14.869   0.475   0.521
 2527   135  14.190   0.960   0.430
 2527   390  14.269   0.940   0.634
 2535   135  13.980   0.350   0.320
 2535   348  14.000   0.350   0.220
 2535   390  14.002   0.286   0.416
 2538   135  14.800   0.520   0.260
 2538   348  14.840   0.500         
 2538   390  14.834   0.491   0.461
 2539   135  13.810   0.790   0.440
 2540   135  15.240   0.610   0.150
 2540   348  15.360   0.540         
 2552   135  14.030   1.050   0.780
 2552   348  14.040   0.780   0.500
 2552   390  14.046   0.768   0.629
 2554   135  15.560   0.800   0.290
 2554   390  15.519   0.659   0.293
 2555   135  13.900   0.720   0.390
 2555   348  13.880   0.750   0.360
 2555   390  13.870   0.693   0.667
 2557   135  13.940   1.090   0.410
 2557   348  13.980   0.980   0.600
 2557   390  14.077   1.039   0.748
 2566   135  14.030   0.990   0.570
 2566   348  14.030   1.000   0.560
 2566   390  13.993   0.917   0.854
 2567   135  15.040   0.620   0.090
 2567   348  15.200   0.530         
 2568   135  14.720   0.620  -0.180
 2568   348  14.590   0.730  -0.020
 2569   348  15.260   0.550         
 2573   135  14.810   0.580   0.080
 2573   348  14.980   0.440   0.100
 2575   135  14.950   0.460   0.180
 2576   135  15.530   0.730   0.150
 2578   135  14.600   0.370   0.130
 2580   135  15.130   0.790   0.430
 2580   348  15.110   0.770         
 2583   135  15.240   1.050   0.400
 2583   348  15.330   0.970         
 2584   135  14.780   0.670   0.370
 2584   348  14.790   0.650         
 2585   135  14.480   0.560  -0.020
 2585   348  14.530   0.490   0.120
 2587   135  14.800   0.700   0.280
 2587   348  14.860   0.670         
 2588   135  15.260   0.710   0.030
 2588   348  15.290   0.700         
 2589   135  15.160   0.610   0.150
 2589   348  15.210   0.570         
 2590   135  14.610   0.410  -0.010
 2590   348  14.650   0.360  -0.040
 2591   135  14.490   0.970   0.420
 2591   348  14.510   0.970         
 2592   135  13.790   0.640   0.100
 2592   348  13.800   0.600   0.240
 2593   135  13.540   1.340   1.240
 2593   348  13.550   1.350         
 2596   348  14.790   0.580   0.120
 2597   135  15.030   0.650   0.050
 2597   348  15.240   0.660         
 2599   348  14.430   0.510   0.020
 2599   390  14.387   0.504   0.194
 2600   135  14.550   1.170   0.770
 2600   348  14.620   1.120         
 2600   390  14.573   1.127   0.853
 2603   135  14.590   0.550  -0.060
 2603   348  14.670   0.500  -0.040
 2606   135  14.630   0.480   0.200
 2607   135  14.490   0.640   0.400
 2607   348  14.490   0.610   0.440
 2609   348  13.830   0.960   0.920
 2612   348  14.580   0.460   0.140
 2614   135  14.470   0.860   0.520
 2614   348  14.540   0.860         
 2615   348  13.890   0.440   0.320
 2616   348  14.410   1.200         
 3004   135   8.600   0.230  -0.770
 3004   390   8.610   0.146  -0.782
 3006   135   8.840   0.230  -0.790
 3006   390   8.721   0.196  -0.834
 3017   135  10.940   0.170  -0.720
 3017   390  10.935   0.162  -0.749
 3029   135  11.520   0.880  -0.660
 3029   390  11.477   0.363   0.065
 3030   135  11.570   0.170  -0.610
 3030   390  11.818   0.187  -0.621
 3031   135  11.590   0.230  -0.530
 3031   390  11.556   0.184  -0.497
 3034   135  11.680   0.010  -0.570
 3034   390  11.798   0.148  -0.403
 3036   135  11.760   0.210  -0.510
 3036   390  11.960   0.251  -0.508
 3043   135  12.090  -0.070   0.300
 3049   135  12.290   0.720  -0.610
 3050   135  12.310   0.380   0.460
 3054   135  12.480   0.260  -0.470
 3054   390  12.496   0.214  -0.443
 3063   135  12.750   0.330  -0.270
 3063   390  12.771   0.386  -0.079
 3064   135  12.790   0.230  -0.450
 3064   390  12.819   0.215  -0.461
 3065   135  12.830   0.230  -0.320
 3065   390  12.830   0.239  -0.219
 3080   135  13.270   0.330  -0.270
 3080   390  13.392   0.304  -0.219
 3091   135  13.450   0.360  -0.180
 3091   390  13.410   0.342  -0.155
 3093   135  13.460   0.070  -0.180
 3093   390  13.524   0.325  -0.280
 3094   135  13.490   1.340         
 3100   135  13.580   0.540   0.160
 3100   390  13.750   0.559   0.434
 3109   135  13.800   0.470  -0.060
 3109   390  13.761   0.445   0.064
 3115   135  13.900   0.600  -0.220
 3115   390  14.103   1.065   0.201
 3116   135  13.900   0.220   0.120
 3116   348  13.890   0.200   0.040
 3124   135  14.050   0.310  -0.150
 3124   348  13.970   0.370  -0.100
 3124   390  14.115   0.328   0.131
 3125   135  14.050   0.330   0.160
 3125   390  14.110   0.334   0.059
 3130   135  14.140   0.490  -0.180
 3130   348  14.110   0.480  -0.200
 3132   135  14.150  -0.510         
 3135   135  14.270   0.660   0.280
 3137   135  14.340   0.500         
 3137   348  14.240   0.500   0.040
 3137   390  14.314   0.490   0.184
 3139   135  14.450   0.950   0.300
 3139   348  14.340   1.100         
 3139   390  14.453   1.000   0.515
 3142   135  14.480   0.490   0.080
 3142   390  14.594   0.377   0.195
 3148   135  14.580   0.430   0.070
 3155   135  14.740   0.440   0.120
 3156   135  14.760   0.380   0.310
 3156   390  14.780   0.370   0.405
 3164   135  14.830   1.050  -0.260
 3164   348  14.580   0.740         
 3165   135  14.840   1.100   0.780
 3166   135  14.840   0.590   0.170
 3166   348  14.750   0.490         
 3168   135  14.880   0.650  -0.020
 3168   348  14.650   0.690         
 3168   390  14.931   0.615   0.136
 3169   135  14.920   0.450   0.070
 3169   390  14.842   0.429   0.195
 3170   135  14.940   0.530   0.270
 3170   390  14.895   0.489   0.477
 3177   135  15.060   0.550   0.390
 3177   390  15.076   0.442   0.477
 3184   135  15.160   1.420         
 3184   348  15.170   1.330         
 3184   390  15.091   1.308   0.972
 3185   135  15.160   0.590   0.300
 3185   348  15.080   0.600         
 3186   135  15.170   1.260   0.550
 3186   348  15.190   1.230         
 3192   135  15.310   1.190   0.390
 3192   348  15.270   1.160         
 3193   135  15.310   0.540   0.310
 3193   390  15.202   0.446         
 3195   135  15.340   0.690   0.220
 3195   348  15.340   0.650         
 3196   135  15.380   0.450         
 3196   390  15.673   0.954   0.218
 3197   135  15.380   1.370   0.520
 3197   348  15.350   1.360         
 3198   135  15.390   1.340   0.860
 3199   135  15.420   1.090   0.410
 3200   135  15.430   1.070         
 3200   390  14.935   0.662         
 3201   135  15.440   0.790         
 3201   390  15.642   0.956         
 3202   135  15.470   0.750   0.180
 3203   135  15.490   1.050   0.520
 3203   348  15.570   1.000         
 3204   135  15.510   1.390   0.830
 3204   348  15.490   1.330         
 3204   390  15.542   1.265   0.937
 3205   135  15.530   0.730   0.460
 3205   390  15.536   0.629   0.701
 3206   135  15.530   0.890   0.110
 3206   348  15.620   0.780         
 3208   135  15.540   0.590   0.100
 3208   348  15.480   0.640         
 3210   135  15.550   0.720   0.130
 3210   348  15.650   0.710         
 3212   135  15.590   1.440   0.600
 3212   348  15.620   1.450         
 3212   390  15.571   1.394   0.777
 3213   135  15.600   0.710   0.280
 3214   135  15.600   1.240   0.190
 3214   348  15.580   1.340         
 3215   135  15.620   1.300   0.700
 3215   348  15.600   1.320         
 3215   390  15.650   1.253   0.883
 3216   135  15.630   0.700   0.160
 3216   348  15.710   0.660         
 3217   135  15.630   0.980   0.360
 3217   348  15.680   0.980         
 3218   135  15.660   0.750   0.300
 3219   135  15.690   0.860   0.410
 3219   348  15.710   0.920         
 3220   135  15.690   0.610   0.140
 3221   135  15.700   1.340   0.200
 3221   348  15.500   1.270         
 3222   135  15.720   0.730   0.140
 3222   390  15.735   0.655   0.220
 3223   135  15.720   0.850   0.270
 3223   348  15.800   0.810         
 3224   135  15.750   0.930         
 3224   390  15.499   1.097         
 3225   135  15.750   1.300   0.830
 3225   348  15.810   1.190         
 3225   390  15.745   1.178   0.756
 3226   135  15.770   0.570   0.150
 3226   348  15.850   0.530         
 3227   135  15.770   0.950   0.310
 3228   135  15.790   1.090   0.590
 3229   135  15.820   0.710  -0.070
 3229   348  15.710   0.660         
 3230   135  15.830   0.760   0.280
 3231   135  15.830   0.670   0.230
 3231   348  15.940   0.670         
 3232   135  15.840   0.690  -0.130
 3232   348  15.780   0.720         
 3233   135  15.850   0.570  -0.180
 3234   135  15.860   0.650   0.140
 3234   348  15.820   0.700         
 3235   135  15.860   0.670         
 3235   390  15.800   0.686   0.592
 3236   135  15.880   1.260         
 3237   135  15.910   0.730   0.060
 3237   348  15.940   0.680         
 3238   135  15.930   0.830   0.480
 3238   348  16.090   0.770         
 3238   390  15.928   0.682   0.848
 3239   135  15.940   0.870   0.250
 3240   135  15.960   0.600   0.180
 3241   135  15.990   1.010   0.390
 3241   348  15.910   1.100         
 3241   390  15.953   0.979   0.463
 3242   135  16.000   0.780   0.390
 3242   390  16.028   0.745   0.325
 3243   135  16.020   1.500   0.770
 3243   348  16.160   1.380         
 3244   135  16.020   1.150         
 3244   390  16.017   1.386   1.240
 3245   135  16.040   0.670   0.290
 3245   390  16.031   0.597   0.567
 3246   135  16.040   0.880   0.340
 3246   348  15.950   0.890         
 3246   390  16.009   0.784   0.235
 3247   135  16.040   0.710   0.180
 3248   135  16.070   0.710   0.290
 3248   390  16.075   0.587   0.558
 3249   135  16.070   1.010   0.740
 3249   348  16.150   1.080         
 3250   135  16.070   0.910   0.730
 3250   348  16.120   0.880         
 3251   135  16.080   0.670   0.390
 3252   135  16.100   0.650   0.430
 3253   135  16.110   1.240   0.610
 3254   135  16.110   0.760   0.060
 3254   348  16.150   0.770         
 3255   135  16.130   2.250  -0.530
 3255   348  16.190   1.050         
 3256   135  16.130   1.470         
 3256   348  16.130   1.440         
 3256   390  16.083   1.444   1.131
 3257   135  16.170   1.240         
 3257   348  16.180   1.420         
 3257   390  16.176   1.264   0.763
 3258   135  16.200   0.940  -0.020
 3258   390  16.095   0.727   0.202
 3259   135  16.210   0.740   0.290
 3259   348  16.110   0.790         
 3259   390  16.220   0.728   0.500
 3260   135  16.220   0.950   0.150
 3260   348  16.210   0.740         
 3261   135  16.220   0.710   0.040
 3261   348  16.170   0.730         
 3262   135  16.230   1.270         
 3262   390  16.328   1.388   0.946
 3263   135  16.230   2.060  -1.230
 3263   348  16.010   1.080         
 3264   135  16.250   0.820   0.560
 3265   135  16.260   1.250   0.540
 3265   390  16.235   1.103   0.803
 3266   135  16.290   0.080   0.490
 3267   135  16.290   1.460         
 3267   348  16.320   1.350         
 3267   390  16.258   1.352   1.087
 3268   135  16.300   1.160         
 3268   348  16.340   1.390         
 3268   390  16.256   1.243   1.231
 3269   135  16.310   0.970   0.680
 3269   348  16.340   1.030         
 3269   390  16.340   0.989   0.553
 3270   135  16.340   0.810   0.230
 3270   348  16.360   0.830         
 3271   135  16.350   1.200   0.300
 3272   135  16.360   1.370         
 3272   390  16.246   1.150   0.550
 3273   135  16.370   0.700  -0.130
 3273   348  16.050   0.850         
 3273   390  16.220   0.718   0.225
 3274   135  16.390   0.870   0.080
 3275   135  16.410   0.790   0.230
 3276   135  16.420   1.330         
 3276   348  16.260   1.350         
 3276   390  16.407   1.374   0.998
 3277   135  16.440   0.890   0.370
 3278   135  16.440   0.760   0.280
 3278   348  16.430   0.730         
 3279   135  16.450   1.310  -0.370
 3280   135  16.460   0.870   0.280
 3281   135  16.500   0.900   0.190
 3281   348  16.580   0.880         
 3282   135  16.500   1.290  -0.060
 3282   390  16.453   1.280   0.645
 3283   135  16.510   1.480         
 3283   348  16.680   1.530         
 3283   390  16.597   1.492   1.373
 3284   135  16.510   0.770   0.230
 3284   348  16.540   0.820         
 3284   390  16.505   0.790   0.384
 3285   135  16.520   0.940   0.560
 3286   135  16.530   1.300         
 3287   135  16.530   0.800   0.180
 3288   135  16.540   0.840   0.250
 3289   135  16.550   0.860         
 3289   348  16.520   0.870         
 3289   390  16.545   0.892   0.752
 3290   135  16.550   1.100         
 3290   390  16.905   1.160   0.744
 3291   135  16.580   1.300   0.140
 3291   348  16.510   1.450         
 3291   390  16.414   1.309   0.931
 3292   135  16.590   1.380   0.440
 3293   135  16.590   0.860   0.480
 3293   390  16.581   0.833   0.371
 3294   135  16.600   0.760   0.040
 3295   135  16.610   1.100         
 3295   348  16.630   1.220         
 3296   135  16.620   0.960   0.280
 3296   348  16.400   1.160         
 3296   390  16.561   0.976   0.585
 3297   135  16.630   0.930         
 3297   390  16.639   1.197   0.792
 3298   135  16.630   1.380         
 3298   390  16.579   1.500   0.890
 3299   135  16.630   1.840         
 3299   348  16.630   1.440         
 3299   390  16.545   1.382   0.702
 3300   135  16.640   1.220         
 3300   348  16.610   1.240         
 3300   390  16.591   1.195   0.604
 3301   135  16.650   1.550         
 3302   135  16.660   1.160         
 3302   348  16.610   1.280         
 3302   390  16.771   1.493   0.879
 3303   135  16.670   1.660   0.420
 3303   348  16.740   1.550         
 3303   390  16.701   1.325   0.941
 3304   135  16.670   1.190   0.450
 3305   135  16.680   0.970         
 3306   135  16.690   1.300         
 3306   390  16.659   1.396   1.304
 3307   135  16.700   1.050         
 3307   390  16.184   0.752   0.387
 3308   135  16.700   1.310   0.970
 3308   390  16.916   1.496   0.965
 3309   135  16.700   1.530         
 3309   348  16.680   1.500         
 3309   390  16.694   1.496   1.061
 3310   135  16.700   0.810   0.230
 3310   348  16.690   0.870         
 3311   135  16.740   0.770         
 3311   390  16.607   0.806   0.318
 3312   135  16.750   0.790         
 3312   348  16.510   0.940         
 3313   135  16.760   0.880         
 3313   348  16.750   0.860         
 3314   135  16.780   0.140         
 3315   135  16.790   0.860  -0.220
 3315   348  16.820   0.840         
 3316   135  16.790   0.950         
 3316   348  16.820   0.890         
 3317   135  16.800   0.710         
 3317   390  17.191   0.849   0.410
 3318   135  16.810   1.370         
 3318   348  16.860   1.420         
 3319   135  16.820   1.260         
 3319   348  16.990   1.570         
 3319   390  16.718   1.445         
 3320   135  16.820   0.800   0.230
 3321   135  16.840   0.740         
 3322   135  16.870   1.170         
 3322   390  16.808   1.229   0.448
 3323   135  16.880   1.120         
 3323   390  17.172   1.313         
 3324   135  16.890   1.060   1.140
 3324   348  16.940   0.790         
 3325   135  16.890   1.250   0.210
 3325   348  16.860   1.190         
 3325   390  16.881   1.030   0.535
 3326   135  16.900   0.920         
 3327   135  16.920   0.840         
 3328   135  16.940   1.520         
 3329   135  16.950   1.480         
 3329   390  16.980   1.504         
 3330   135  16.960   1.100         
 3330   348  16.490   0.790         
 3331   135  16.970   0.940         
 3332   135  16.970   0.750  -0.120
 3332   390  17.025   0.854   0.254
 3333   135  16.980   1.060   0.050
 3334   135  16.980   0.880         
 3334   390  16.927   0.878   0.328
 3335   135  17.000   0.990         
 3336   135  17.000   1.190   0.870
 3337   135  17.000   0.960         
 3338   135  17.040   1.440         
 3339   135  17.050   0.870         
 3340   135  17.050   0.690         
 3340   390  17.241   1.307         
 3341   135  17.060   1.110         
 3342   135  17.060   1.130         
 3342   348  17.200   1.010         
 3343   135  17.070   1.660         
 3343   348  16.990   1.560         
 3344   135  17.070   1.070   1.080
 3344   348  16.990   1.030         
 3344   390  17.121   1.044   1.509
 3345   135  17.090   1.080         
 3345   348  17.050   1.820         
 3345   390  17.003   1.337         
 3346   135  17.110   1.440         
 3347   135  17.110   0.530         
 3347   390  17.611   0.938   0.667
 3348   135  17.120  -1.350   3.780
 3349   135  17.130   1.080         
 3350   135  17.150   1.000         
 3351   135  17.150   1.430         
 3351   390  17.041   1.444         
 3352   135  17.160   0.970  -0.060
 3352   348  17.100   1.180         
 3352   390  17.012   1.113   0.339
 3353   135  17.180   1.400         
 3354   135  17.180   1.640         
 3355   135  17.190   0.920  -0.090
 3356   135  17.210   1.460         
 3356   390  17.137   1.436         
 3357   135  17.210   1.330         
 3358   135  17.250   1.160         
 3359   135  17.250   1.320         
 3360   135  17.250   1.010         
 3361   135  17.270   1.080   0.590
 3361   390  17.406   0.928   0.773
 3362   135  17.280   1.460         
 3363   135  17.280   1.000         
 3363   390  17.360   1.064   0.289
 3364   135  17.290   1.540         
 3365   135  17.300   0.870         
 3366   135  17.300   0.660         
 3366   348  17.200   1.050         
 3366   390  17.297   1.026   0.328
 3367   135  17.310   0.710  -0.120
 3368   135  17.310   1.960   2.130
 3368   390  17.320   1.104         
 3369   135  17.310   1.120   0.370
 3369   348  16.940   1.120         
 3369   390  17.130   1.400         
 3370   135  17.320   0.740  -0.500
 3370   348  17.300   1.010         
 3370   390  17.383   0.889   0.460
 3371   135  17.320   0.880         
 3372   135  17.330   0.860         
 3373   135  17.330   1.120         
 3374   135  17.340   1.660         
 3374   390  17.236   1.584         
 3375   135  17.360   0.960         
 3376   135  17.360   1.680         
 3377   135  17.390   1.110         
 3378   135  17.390   0.920   0.130
 3378   348  17.430   0.910         
 3379   135  17.390   0.980   0.790
 3379   348  17.480   1.230         
 3379   390  17.357   0.970   1.073
 3380   135  17.440   1.200         
 3381   135  17.450   0.970         
 3381   390  17.592   0.827   0.476
 3382   135  17.460   0.860         
 3383   135  17.460   0.950         
 3384   135  17.480   0.730         
 3385   135  17.500   1.030         
 3386   135  17.500   1.360         
 3386   390  17.366   1.266   0.761
 3387   135  17.530   1.080         
 3388   135  17.530   1.400         
 3389   135  17.540   1.890         
 3389   390  17.558   1.662         
 3390   135  17.560   1.770         
 3391   135  17.570   1.170         
 3392   135  17.600   1.410         
 3392   390  16.986   1.634   0.737
 3393   135  17.620   1.260         
 3393   348  16.830   0.840         
 3394   135  17.630   0.880  -0.280
 3395   135  17.630   1.060  -0.650
 3395   390  17.779   1.292   0.488
 3396   135  17.640   2.040         
 3396   390  17.769   1.595         
 3397   135  17.640   1.720         
 3398   135  17.650   1.630         
 3399   135  17.660   1.770         
 3400   135  17.660   1.020         
 3401   135  17.660   1.600         
 3402   135  17.660   1.180  -0.670
 3402   390  17.835   1.344         
 3403   135  17.660   2.100         
 3404   135  17.670   1.770         
 3405   135  17.700   1.860         
 3406   135  17.710   1.130   0.600
 3407   135  17.730   1.240         
 3408   135  17.760   1.000  -0.100
 3409   135  17.800   1.730   0.120
 3410   135  17.800   1.770         
 3411   135  17.810   1.490         
 3412   135  17.830   0.880   0.270
 3413   135  17.860   0.920         
 3414   135  17.870   1.240         
 3415   135  17.900   0.920         
 3416   135  17.910   1.000         
 3417   135  17.910   1.350         
 3417   390  17.849   1.406         
 3418   135  17.910   1.020         
 3418   390  17.710   0.893   0.606
 3419   135  17.940   0.840         
 3420   135  17.970   1.770         
 3421   135  17.970   2.000         
 3422   135  17.980   1.110   0.450
 3422   390  17.944   1.002   0.688
 3423   135  17.980   3.110   0.650
 3423   390  17.910   1.568   0.688
 3424   135  17.990   2.110         
 3424   390  17.968   1.901         
 3425   135  17.990   1.680         
 3426   135  18.020   0.930         
 3427   135  18.030   1.260         
 3428   135  18.050   1.570         
 3429   135  18.110   0.930         
 3430   135  18.110   0.760         
 3431   135  18.160   1.090         
 3432   135  18.180   1.360         
 3433   135  18.210   0.570         
 3434   135  18.210   1.210   1.000
 3435   135  18.230   1.330         
 3435   390  18.356   1.355         
 3436   135  18.250   4.070  -1.290
 3437   135  18.250   1.120         
 3438   135  18.270   1.260         
 3439   135  18.280   1.600         
 3440   135  18.290   1.410   0.140
 3441   135  18.340   0.970         
 3442   135  18.380   2.200         
 3443   135  18.380   1.500         
 3444   135  18.390   0.790         
 3445   135  18.440   2.240         
 3446   135  18.460   1.470         
 3447   135  18.480   1.320         
 3447   390  18.532   1.179         
 3448   135  18.520   0.540         
 3449   135  18.530   1.020         
 3450   135  18.600   1.780         
 3451   135  18.600   1.390  -0.060
 3452   135  18.720   1.070         
 3453   135  18.720   0.330         
 3454   135  18.770   1.100         
 3454   390  18.479   1.189         
 3455   135  18.850   1.320  -3.500
 3456   135  18.850   1.850         
 3457   135  18.860  -0.890         
 3458   135  18.870   0.690  -1.640
 3459   135  18.890   1.760         
 3460   135  18.930   1.140         
 3461   135  19.000   0.770         
 3462   135  19.090   1.190         
 3463   135  19.210   0.020         
 3464   135  19.210   1.860         
 3465   135  19.320   0.880         
 3466   135  19.330   0.810         
 3467   135  19.750  -0.860         
 3468   135  19.750   0.480         
 3469   135  19.850  -0.010   2.100
 3470   135  19.940  -0.380  -0.460
 3471   135  19.950   0.360  -1.590
 3472   135  20.080   0.430         
 3473   135  20.090  -0.280         
 3474   135  20.210   0.240  -1.330
 3475   135  20.440  -1.280         
 4015   390  11.092   0.219  -0.544
 4019   390  11.430   0.182  -0.619
 4045   390  12.702   0.220  -0.412
 4069   390  18.089   2.114         
 4107   390  14.772   0.391   0.176
 4124   390  19.773   1.213         
 4129   390  16.003   0.774         
 4141   390  16.238   0.830         
 4146   390  18.421   1.633         
 4153   390  16.076   1.354         
 4175   390  16.693   1.492   1.164
 4179   390  16.812   1.260         
 4184   390  17.076   2.500         
 4193   390  16.961   1.251   0.828
 4200   390  17.333   1.712         
 4201   390  17.215   1.528         
 4205   390  17.150   1.182         
 4207   390  18.606   1.299         
 4213   390  17.816   1.787   0.612
 4214   390  17.276   1.477         
 4215   390  17.599   1.508         
 4216   390  17.263   2.044         
 4217   390  17.450   1.455         
 4218   390  17.334   1.411   1.159
 4219   390  17.662   1.790         
 4221   390  17.744   1.518         
 4222   390  17.348   0.065  -0.540
 4224   390  17.586   1.363         
 4225   390  17.286   1.106   0.558
 4226   390  17.376   1.560         
 4227   390  17.442  -0.298         
 4228   390  17.323   1.512   0.913
 4229   390  16.846   0.924   0.041
 4230   390  17.395   1.591         
 4231   390  17.337   0.829         
 4233   390  17.113   0.882         
 4234   390  17.515   1.571         
 4237   390  18.090   1.509         
 4238   390  17.806   1.594         
 4244   390  17.741   1.290         
 4246   390  17.832   1.496         
 4248   390  17.265   0.852   0.314
 4249   390  17.666   1.415         
 4250   390  18.186   1.659         
 4251   390  17.875   1.570         
 4254   390  17.613   1.348         
 4255   390  17.847   1.446         
 4257   390  17.935   1.592         
 4259   390  18.194   1.478         
 4264   390  17.797   1.263   0.353
 4265   390  18.030   1.496         
 4266   390  17.975   1.191         
 4268   390  18.588   2.526         
 4269   390  18.253   1.704         
 4270   390  18.078   1.546         
 4271   390  17.989   0.953         
 4272   390  17.742   0.922   0.367
 4273   390  17.525   0.926   0.773
 4274   390  18.116   1.381         
 4275   390  18.040   1.439         
 4277   390  18.138   1.559         
 4278   390  18.277   1.053         
 4279   390  18.145   1.705         
 4280   390  18.571   1.801         
 4281   390  18.540   1.570         
 4285   390  18.783   2.392         
 4287   390  18.705   1.445         
 4288   390  18.422   1.599         
 4289   390  18.433   1.803  -0.849
 4291   390  18.465   1.707         
 4292   390  18.180   1.709         
 4293   390  17.817   1.036   0.047
 4294   390  18.440   0.592  -1.090
 4295   390  18.467   1.189         
 4297   390  18.768   1.251         
 4300   390  18.753   1.122         
 4302   390  18.516   1.422         
 4303   390  18.955   1.449         
 4305   390  18.179   1.099         
 4307   390  18.989   0.743         
 4309   390  19.145   1.660         
 4311   390  18.601   0.439  -0.893
 4312   390  18.740   0.331  -0.888
 4313   390  19.184   1.477         
 4314   390  18.722   1.239         
 4316   390  18.769   1.177         
 4318   390  18.819   1.121         
 4319   390  18.651   1.320         
 4320   390  18.716   1.167         
 4321   390  19.205   1.315         
 4323   390  19.189   0.575         
 4324   390  18.366   1.239  -0.749
 4325   390  18.726   0.828  -0.531
 4331   390  19.661   0.287         
 4335   390  19.523   0.395  -0.808
 4336   390  19.181   1.100  -0.541
 4337   390  19.191   0.672         
 4339   390  20.420  -0.562         
 4341   390  20.055   0.874         
 4343   390  20.493   0.407