UBV CCD observations

  No    Ref    V       B-V     U-B

 0001   459   7.460   1.480         
 0001   459   7.460   2.650         
 0002   459   8.460   0.280         
 0002   459   8.460   0.330         
 0003   459   8.480   0.180         
 0003   459   8.480   0.210         
 0004   459   8.590   0.200         
 0004   459   8.590   0.200         
 0005   459   8.620  -0.140         
 0005   459   8.620   0.260         
 0006   459   8.870   0.180         
 0006   459   8.870   0.220         
 0008   459   9.320   0.240         
 0008   459   9.320   0.250         
 0009   459   9.760   0.190         
 0009   459   9.760   0.370         
 0010   459  10.270   0.260         
 0010   459  10.270   0.290         
 0011   459  10.570   0.410         
 0011   459  10.570   0.510         
 0012   459  10.610   0.230         
 0012   459  10.610   0.290         
 0013   459  10.780   0.260         
 0013   459  10.780   0.400         
 0014   459  11.260   0.360         
 0014   459  11.260   0.510         
 0015   459  11.600   0.400         
 0015   459  11.600   0.610         
 0016   459  11.950   0.500         
 0016   459  11.950   0.710         
 0017   459  12.060   0.560         
 0017   459  12.060   0.750         
 0018   459  12.160   0.360         
 0018   459  12.160   0.560         
 0019   459  12.440   0.380         
 0019   459  12.440   0.620         
 0020   459  12.540   0.710         
 0020   459  12.540   0.960         
 0021   459  13.030   1.450         
 0021   459  13.030   1.690         
 0022   459  13.330   0.390         
 0022   459  13.330   0.530         
 0023   459  13.380   0.760         
 0023   459  13.380   0.840         
 0024   459  13.390   0.770         
 0024   459  13.390   0.790         
 0025   459  13.450   0.650         
 0025   459  13.450   0.940         
 0026   459  13.880   0.450         
 0026   459  13.880   0.700         
 0027   459  14.220   0.380         
 0027   459  14.220   0.460         
 0028   459  15.180   1.050         
 0028   459  15.180   1.080         
 0030   459   9.800   0.180         
 0030   459   9.800   0.240         
 0031   459  10.120   0.290         
 0031   459  10.120   0.410         
 0033   459  10.950   0.160         
 0033   459  10.950   0.300         
 0034   459  10.860   1.320         
 0034   459  10.860   1.530         
 0037   459  11.130   0.320         
 0037   459  11.130   0.370         
 0038   459  11.920   0.550         
 0038   459  11.920   0.580         
 0039   459  11.320   0.430         
 0039   459  11.320   0.460         
 0041   459  11.690   0.310         
 0041   459  11.690   0.490         
 0042   459  11.850   0.400         
 0042   459  11.850   0.430         
 0043   459  12.060   0.560         
 0043   459  12.060   0.560         
 0044   459  12.130   1.520         
 0044   459  12.130   1.520         
 0045   459  12.220   0.490         
 0045   459  12.220   0.500         
 0048   459  12.500   0.460         
 0048   459  12.500   0.530         
 0049   459  12.610   0.440         
 0049   459  12.610   0.650         
 0050   459  12.710   1.280         
 0050   459  12.710   1.390         
 0051   459  12.880   1.710         
 0051   459  12.880   2.330         
 0052   459  12.800   0.470         
 0052   459  12.800   0.790         
 0053   459  12.950   1.490         
 0053   459  12.950   1.520         
 0054   459  12.980   1.590         
 0054   459  12.980   2.130         
 0055   459  12.990   0.680         
 0055   459  12.990   0.700         
 0056   459  12.950   0.640         
 0056   459  12.950   1.000         
 0057   459  13.060   0.480         
 0057   459  13.060   0.740         
 0059   459  13.380   0.710         
 0059   459  13.380   0.870         
 0062   459  13.450   0.630         
 0062   459  13.450   0.780         
 0063   459  13.530   1.340         
 0063   459  13.530   1.410         
 0064   459  14.610   0.900         
 0064   459  14.610   1.040         
 0066   459  13.790   1.420         
 0066   459  13.790   1.510         
 0067   459  13.710   0.770         
 0067   459  13.710   0.920         
 0070   459  13.810   0.890         
 0070   459  13.810   0.910         
 0071   459  13.800   0.660         
 0071   459  13.800   0.750         
 0072   459  13.950   1.010         
 0072   459  13.950   1.120         
 0074   459  13.890   1.330         
 0074   459  13.890   1.360         
 0075   459  13.980   0.430         
 0075   459  13.980   0.640         
 0076   459  13.940   0.920         
 0076   459  13.940   1.000         
 0077   459  14.020   0.890         
 0079   459  14.220   0.780         
 0079   459  14.220   0.890         
 0080   459  14.110   0.840         
 0080   459  14.110   1.030         
 0081   459  14.130   1.120         
 0081   459  14.130   1.130         
 0082   459  14.130   0.990         
 0082   459  14.130   1.070         
 0086   459  14.360   0.930         
 0086   459  14.360   0.940         
 0090   459  14.380   1.080         
 0090   459  14.380   1.200         
 0092   459  14.380   1.560         
 0092   459  14.380   1.580         
 0093   459  14.390   0.630         
 0093   459  14.390   0.740         
 0096   459  14.200   0.800         
 0096   459  14.200   0.820         
 0099   459  14.480   0.910         
 0099   459  14.480   1.010         
 0100   459  14.480   0.620         
 0100   459  14.480   0.730         
 0103   459  14.680   0.820         
 0103   459  14.680   0.960         
 0106   459  14.590   1.050         
 0106   459  14.590   1.250         
 0109   459  14.700   0.850         
 0111   459  14.670   0.370         
 0111   459  14.670   0.610         
 0116   459  14.700   0.820         
 0116   459  14.700   1.130         
 0118   459  14.940   0.650         
 0118   459  14.940   0.800         
 0119   459  14.840   1.000         
 0119   459  14.840   1.350         
 0120   459  14.970   0.820         
 0120   459  14.970   0.850         
 0130   459  15.260   0.840         
 0130   459  15.260   0.890         
 1014   459  13.720   0.690         
 1014   459  13.720   0.780         
 1015   459  14.570   0.680         
 1015   459  14.570   1.280         
 1016   459  14.770   1.230         
 1016   459  14.770   1.360         
 1017   459  13.400   0.700         
 1017   459  13.400   0.860         
 1018   459  13.410   0.470         
 1018   459  13.410   0.560         
 1019   459  14.070   0.610         
 1019   459  14.070   0.860         
 1023   459  14.300   0.540         
 1023   459  14.300   0.910         
 1026   459  14.040   0.790         
 1026   459  14.040   1.010         
 1027   459  14.130   0.790         
 1027   459  14.130   0.880         
 1028   459  12.210   0.530         
 1028   459  12.210   0.670         
 1029   459  14.750   0.560         
 1029   459  14.750   0.710         
 1030   459  15.100   0.880         
 1030   459  15.100   1.190         
 1033   459  14.130   0.690         
 1033   459  14.130   0.970         
 1034   459  15.030   0.870         
 1034   459  15.030   0.920         
 1035   459  14.570   0.970         
 1035   459  14.570   1.000         
 1036   459  15.610   0.490         
 1036   459  15.610   0.810         
 1037   459  14.880   0.860         
 1037   459  14.880   0.970         
 1039   459  14.030   0.510         
 1039   459  14.030   0.680         
 1158   459  14.450   0.980         
 1158   459  14.450   0.980         
 1159   459  14.510   1.490         
 1159   459  14.510   1.520         
 1160   459  13.770   1.350         
 1160   459  13.770   1.710         
 1161   459  12.570   1.080         
 1161   459  12.570   1.290         
 1162   459  15.600   0.440         
 1162   459  15.600   0.490         
 1163   459  15.070   0.670         
 1163   459  15.070   1.140         
 1164   459  14.580   0.660         
 1164   459  14.580   0.860         
 1165   459  13.720   1.630         
 1165   459  13.720   1.830         
 1166   459  13.570   0.800         
 1166   459  13.570   0.880         
 1167   459  14.760   1.000         
 1168   459  12.960   0.410         
 1168   459  12.960   0.750         
 1169   459  14.510   1.080         
 1169   459  14.510   1.270         
 1170   459  13.430   1.910         
 1170   459  13.430   2.170         
 1171   459  11.930   0.840         
 1171   459  11.930   0.920         
 1172   459  13.210   0.560         
 1172   459  13.210   0.750         
 1240   459  14.200   1.010         
 1240   459  14.200   1.090         
 1241   459  15.030   0.810         
 1241   459  15.030   0.970         
 1242   459  13.150   0.710         
 1242   459  13.150   0.790         
 1243   459  13.930   0.530         
 1243   459  13.930   0.650         
 1244   459  14.660   0.960         
 1244   459  14.660   1.060         
 1245   459  13.540   1.500         
 1245   459  13.540   1.540         
 1246   459  14.810   1.000         
 1246   459  14.810   1.080         
 1247   459  13.590   1.260         
 1247   459  13.590   1.320         
 1248   459  15.550   0.670         
 1249   459  13.880   1.370         
 1249   459  13.880   1.410         
 1250   459  12.860   1.350         
 1250   459  12.860   1.450         
 1251   459  14.800   0.700         
 1251   459  14.800   0.790         
 1252   459  14.210   0.940         
 1252   459  14.210   1.080         
 1253   459  13.530   0.750         
 1253   459  13.530   0.790         
 1254   459  15.420   0.520         
 1254   459  15.420   0.790         
 1255   459  12.520   0.590         
 1255   459  12.520   0.660         
 1257   459  14.810   1.030         
 1257   459  14.810   1.060         
 1377   459  14.270   0.540         
 1377   459  14.270   0.610         
 1378   459  15.560   0.610         
 1378   459  15.560   0.880         
 1379   459  13.320   0.700         
 1379   459  13.320   0.760         
 1380   459  14.840   0.670         
 1380   459  14.840   1.140         
 1382   459  14.490   0.760         
 1382   459  14.490   0.910         
 1383   459  14.650   0.970         
 1384   459  13.710   0.620         
 1384   459  13.710   0.660         
 1385   459  14.440   0.550         
 1385   459  14.440   0.670         
 1386   459  13.890   1.400         
 1386   459  13.890   1.410         
 1387   459  12.560   0.350         
 1387   459  12.560   0.530         
 1389   459  13.620   0.530         
 1389   459  13.620   0.750         
 1390   459  13.630   1.040         
 1390   459  13.630   1.420         
 1391   459  15.130   0.760         
 1391   459  15.130   1.050         
 1392   459  14.070   1.430         
 1392   459  14.070   1.550         
 1393   459  12.660   0.630         
 1393   459  12.660   0.650         
 1505   459  13.070   0.850         
 1505   459  13.070   0.920         
 1506   459  15.060   0.660         
 1506   459  15.060   0.840         
 1507   459  14.560   0.360         
 1507   459  14.560   0.850         
 1508   459  13.760   0.490         
 1508   459  13.760   0.890         
 1509   459  14.270   1.660         
 1509   459  14.270   1.710         
 1510   459  12.720   0.630         
 1510   459  12.720   0.670         
 1511   459  15.040   0.980         
 1511   459  15.040   1.050         
 1512   459  13.100   1.240         
 1512   459  13.100   1.460         
 1513   459  15.070   0.750         
 1513   459  15.070   0.890         
 1514   459  14.040   0.470         
 1515   459  13.220   1.520         
 1515   459  13.220   1.590         
 1516   459  14.790   0.440         
 1516   459  14.790   0.710         
 1517   459  14.830   0.770         
 1517   459  14.830   0.830         
 1518   459  14.270   0.980         
 1518   459  14.270   1.310         
 1519   459  13.440   0.490         
 1519   459  13.440   0.720         
 1520   459  13.400   1.520         
 1520   459  13.400   1.820         
 1521   459  13.680   1.540         
 1521   459  13.680   1.950         
 1522   459  14.460   0.480         
 1522   459  14.460   0.560         
 1523   459  13.560   0.570         
 1523   459  13.560   0.810         
 1524   459  13.210   0.760         
 1524   459  13.210   0.960         
 1527   459  14.340   1.420         
 1527   459  14.340   1.810         
 1532   459  15.350   0.300         
 1532   459  15.350   0.420         
 1533   459  14.650   0.790         
 1533   459  14.650   0.830         
 1534   459  15.240   0.880         
 1534   459  15.240   0.980         
 1535   459  14.630   0.790         
 1535   459  14.630   1.030         
 1536   459  14.300   0.810         
 1536   459  14.300   1.380         
 1537   459  13.710   1.240         
 1537   459  13.710   1.330         
 1539   459  13.680   0.440         
 1539   459  13.680   0.540         
 1541   459  11.470   0.610         
 1541   459  11.470   0.690         
 1542   459  12.380   1.240         
 1542   459  12.380   1.440         
 2462   459  14.547   1.573         
 2464   459  15.550   0.540         
 2466   459  14.923   1.327         
 2467   459  14.418   1.482         
 2468   459  15.634   0.956         
 2471   459  15.438   0.602         
 2472   459  16.114   0.716         
 2473   459  15.690   0.950         
 2475   459  15.167   0.973         
 2477   459  15.567   0.853         
 2478   459  15.716   1.174         
 2481   459  14.730   1.060         
 2482   459  15.851   0.729         
 2483   459  15.565   0.735         
 2484   459  14.200   1.760         
 2485   459  15.647   0.723         
 2486   459  15.287   1.113         
 2487   459  15.274   1.316         
 2488   459  15.755   0.785         
 2490   459  15.140   1.590         
 2492   459  15.259   1.051         
 2496   459  15.502   1.168         
 2504   459  15.391   1.319         
 2505   459  15.985   0.955         
 2506   459  16.068   0.902         
 2508   459  14.774   1.376         
 2510   459  14.807   1.603         
 2511   459  15.367   0.933         
 2513   459  14.550   1.450         
 2517   459  15.080   1.000         
 2519   459  14.808   1.322         
 2520   459  16.065  -0.235         
 2521   459  14.662   1.468         
 2522   459  14.579   1.391         
 2523   459  14.779   1.801         
 2524   459  14.754   1.426         
 2525   459  16.038   0.412         
 2526   459  14.892   1.248         
 2529   459  14.797   1.273         
 2530   459  15.767   0.593         
 2531   459  15.315   0.875         
 2532   459  15.264   0.926         
 2533   459  15.072   1.578         
 2534   459  16.031   0.899         
 2535   459  15.440   0.940         
 2536   459  15.651   0.849         
 2537   459  15.927   0.843         
 2538   459  15.816   0.874         
 2539   459  15.693   0.857         
 2540   459  15.670   0.940         
 2541   459  15.252   0.928         
 2542   459  15.783   1.317         
 2543   459  15.320   1.140         
 2544   459  15.443   1.127         
 2545   459  15.353   1.087         
 2546   459  14.982   1.378         
 2547   459  15.504   1.106         
 2548   459  15.712   1.598         
 2549   459  15.729   1.081         
 2550   459  15.599   1.411         
 2551   459  15.437   1.293         
 2552   459  15.441   1.709         
 2553   459  15.522   1.328         
 2554   459  14.396   0.834         
 2555   459  15.175   1.255         
 2558   459  15.198   0.792         
 2559   459  15.519  -0.089         
 2560   459  14.657   0.903         
 2561   459  14.335   1.745         
 2562   459  14.380   0.870         
 2563   459  15.979   0.901         
 2564   459  15.951   0.989         
 2565   459  16.122   0.628         
 2566   459  16.017   1.053         
 2567   459  15.871   1.019         
 2569   459  15.863   0.377         
 2570   459  15.700   0.950         
 2571   459  15.087   0.983         
 2573   459  16.553   0.407         
 2574   459  15.893  -0.163         
 2575   459  15.877   0.773         
 2576   459  15.911  -0.071         
 2577   459  15.803   0.727         
 2579   459  15.239   1.601         
 2580   459  15.549   0.731         
 2581   459  15.971   0.879         
 2582   459  15.893   0.577         
 2583   459  15.874   0.956         
 2584   459  14.397   1.563         
 2585   459  14.539   1.411         
 2586   459  15.840   0.960         
 2587   459  12.063   0.487         
 2588   459  15.663   0.837         
 2590   459  15.165   1.405         
 2594   459  15.745   0.825         
 2597   459  15.629   0.881         
 2601   459  14.992   1.448         
 2602   459  15.231   1.109         
 2604   459  15.455   1.235         
 2605   459  15.594   1.186         
 2606   459  14.823   1.487         
 2607   459  15.363   1.447         
 2608   459  15.110   1.130         
 2609   459  15.723   0.807         
 2611   459  15.557   0.863         
 2612   459  13.549   1.951         
 2613   459  14.393   0.947         
 2614   459  15.162   0.968         
 2615   459  15.214   0.876         
 2616   459  15.643   0.347         
 2617   459  15.464   0.746         
 2618   459  15.496   0.824         
 2619   459  14.275   1.655         
 2620   459  14.545   1.895         
 2621   459  15.081   0.909         
 2622   459  15.294   1.276         
 2623   459  13.614   1.666         
 2624   459  14.335   0.985         
 2625   459  15.637   0.403         
 2626   459  15.451   2.029         
 2628   459  13.871   0.829         
 2629   459  14.459   0.631         
 2630   459  15.059   0.791         
 2631   459  15.515   0.835         
 2632   459  15.568   1.072         
 2633   459  15.363   1.177         
 2634   459  14.297   1.453         
 2635   459  15.722   0.798         
 2636   459  15.876   0.694         
 2637   459  15.319   0.961         
 2638   459  15.489   1.011         
 2639   459  15.708   0.442         
 2640   459  14.317   0.893         
 2641   459  14.427   1.463         
 2642   459  15.616   0.984         
 2643   459  15.248   1.042         
 2644   459  15.582   0.698         
 2645   459  15.438   1.212         
 2646   459  15.285   1.015         
 2647   459  15.135   0.855         
 2648   459  14.705   1.605         
 2649   459  15.148   0.932         
 2650   459  15.014   1.246         
 2653   459  15.742   0.778         
 2654   459  15.657   0.703         
 2655   459  15.493   0.917         
 2657   459  15.268   0.912         
 2658   459  15.801   0.839         
 2659   459  15.440   0.770         
 2660   459  15.175   1.175         
 2661   459  15.727   0.993         
 2662   459  15.052   0.568         
 2663   459  15.791   1.619