UBV CCD observations

  No    Ref    V       B-V     U-B

 0001   507  11.080   0.450         
 0002   507  11.760   1.300         
 0003   507  12.190   0.410         
 0004   507  12.990   0.580         
 0005   507  13.180   0.560         
 0006   507  13.320   0.550         
 0007   507  13.330   1.010         
 0008   507  13.390   0.820         
 0009   507  13.470   0.520         
 0010   507  13.510   0.540         
 0011   507  13.550   0.510         
 0012   507  13.650   0.580         
 0013   507  13.720   0.690         
 0014   507  13.760   0.660         
 0015   507  13.810   0.580         
 0016   507  13.890   0.610         
 0017   507  14.260   0.740         
 0018   507  14.300   0.760         
 0019   507  14.430   0.640         
 0020   507  14.480   0.740         
 0021   507  14.720   0.780         
 0022   507  15.220   0.780         
 0023   507  15.370   1.560         
 0024   507  15.370   0.760         
 0025   507  15.480   0.730         
 0026   507  15.530   0.960         
 0027   507  15.740   0.880         
 0028   507  15.970   1.040         
 0029   507  16.050   1.090         
 0030   507  16.070   0.890         
 0031   507  16.110   1.460         
 0032   507  16.210   1.810         
 0033   507  16.370   1.060         
 0034   507  16.650   1.100         
 0035   507  16.910   1.410         
 0036   507  17.070   1.020         
 0037   507  17.110   1.270         
 0038   507  17.270   3.150         
 0039   507  17.700   1.300         
 0040   507  18.030   2.140         
 0045   507   9.940   1.150         
 0301   180  13.690   0.650   0.390
 0301   507  13.690   0.650         
 0302   180  14.280   0.830   0.370
 0302   507  14.280   0.830         
 0303   180  14.300   0.670   0.160
 0303   507  14.300   0.670         
 0304   180  14.560   0.640   0.170
 0304   507  14.560   0.640         
 0305   180  14.990   1.020   0.710
 0305   507  14.990   1.020         
 0306   180  15.060   0.670         
 0306   507  15.060   0.670         
 0307   180  15.090   0.790   0.480
 0307   507  15.090   0.790         
 0308   180  15.220   0.740   0.290
 0308   507  15.220   0.740         
 0309   180  15.280   0.980   0.190
 0309   507  15.280   0.980         
 0310   180  15.330   0.750   0.550
 0310   507  15.330   0.750         
 0311   180  15.350   0.820   0.580
 0311   507  15.350   0.820         
 0312   180  15.370   0.940   0.540
 0312   507  15.370   0.940         
 0313   180  15.610   0.900   0.600
 0313   507  15.610   0.900         
 0314   180  15.650   0.940   0.570
 0314   507  15.650   0.940         
 0315   180  15.690   0.740   0.270
 0315   507  15.690   0.740         
 0316   180  15.900   0.870   0.740
 0316   507  15.900   0.870         
 0317   180  16.010   1.070   0.560
 0317   507  16.010   1.070         
 0318   180  16.080   0.960         
 0318   507  16.080   0.960         
 0319   180  16.150   1.000   0.680
 0319   507  16.150   1.000         
 0320   180  16.250   0.900         
 0320   507  16.250   0.900         
 0321   180  16.280   1.120   0.960
 0321   507  16.280   1.120         
 0322   180  16.340   1.060   0.740
 0322   507  16.340   1.060         
 0323   180  16.380   1.020         
 0323   507  16.380   1.020         
 0324   180  16.390   1.880         
 0324   507  16.390   1.880         
 0325   180  16.430   1.210         
 0325   507  16.430   1.210         
 0326   180  16.530   0.980   0.600
 0326   507  16.530   0.980         
 0327   180  16.560   1.050   0.470
 0327   507  16.560   1.050         
 0328   180  16.580   2.650         
 0328   507  16.580   2.650         
 0329   180  16.680   1.090   0.680
 0329   507  16.680   1.090         
 0330   180  16.770   2.330         
 0330   507  16.770   2.330         
 0331   180  16.810   1.430         
 0331   507  16.810   1.430         
 0332   180  16.840   2.300         
 0332   507  16.840   2.300         
 0333   180  16.910   1.070         
 0333   507  16.910   1.070         
 0334   180  16.910   1.270         
 0334   507  16.910   1.270         
 0335   180  16.930   1.200         
 0335   507  16.930   1.200         
 0336   180  16.940   1.190         
 0336   507  16.940   1.190         
 0337   180  16.940   1.150         
 0337   507  16.940   1.150         
 0338   180  16.960   1.960         
 0338   507  16.960   1.960         
 0339   180  17.150   1.070         
 0339   507  17.150   1.070         
 0340   180  17.250   1.180   0.590
 0340   507  17.250   1.180         
 0341   180  17.290   1.500         
 0341   507  17.290   1.500         
 0342   180  17.310   1.150         
 0342   507  17.310   1.150         
 0343   180  17.380   1.340         
 0343   507  17.380   1.340         
 0344   180  17.400   1.200         
 0344   507  17.400   1.200         
 0345   180  17.410   1.120         
 0345   507  17.410   1.120         
 0346   180  17.620   1.110         
 0346   507  17.620   1.110         
 0347   180  17.670   1.470         
 0347   507  17.670   1.470         
 0348   180  17.690   1.560         
 0348   507  17.690   1.560         
 0349   180  17.720   1.130         
 0349   507  17.720   1.130         
 0350   180  17.720   1.310         
 0350   507  17.720   1.310         
 0351   180  17.830   1.160         
 0351   507  17.830   1.160         
 0352   180  17.840   1.280         
 0352   507  17.840   1.280         
 0353   180  17.860   1.790         
 0353   507  17.860   1.790         
 0354   180  17.910   1.380         
 0354   507  17.910   1.380         
 0355   180  17.910   1.230         
 0355   507  17.910   1.230         
 0356   180  17.920   1.290         
 0356   507  17.920   1.290         
 0357   180  17.950   1.400         
 0357   507  17.950   1.400         
 0358   180  17.960   1.380         
 0358   507  17.960   1.380         
 0359   180  18.020   1.300         
 0359   507  18.020   1.300         
 0360   180  18.020   1.260         
 0360   507  18.020   1.260         
 0361   180  18.030   1.270         
 0361   507  18.030   1.270         
 0362   180  18.050   1.490         
 0362   507  18.050   1.490         
 0363   180  18.080   1.280         
 0363   507  18.080   1.280         
 0364   180  18.090   1.320         
 0364   507  18.090   1.320         
 0365   180  18.090   1.190         
 0365   507  18.090   1.190         
 0366   180  18.110   1.860         
 0366   507  18.110   1.860         
 0367   180  18.140   1.520         
 0367   507  18.140   1.520         
 0368   180  18.150   1.270         
 0368   507  18.150   1.270         
 0369   180  18.200   1.300         
 0369   507  18.200   1.300         
 0370   180  18.220   1.420         
 0370   507  18.220   1.420         
 0371   180  18.220   1.500         
 0371   507  18.220   1.500         
 0372   180  18.240   1.450         
 0372   507  18.240   1.450         
 0373   180  18.250   1.450         
 0373   507  18.250   1.450         
 0374   180  18.280   1.380         
 0374   507  18.280   1.380         
 0375   180  18.310   1.360         
 0375   507  18.310   1.360         
 0376   180  18.330   1.440         
 0376   507  18.330   1.440         
 0377   180  18.360   1.590         
 0377   507  18.360   1.590         
 0378   180  18.370   1.530         
 0378   507  18.370   1.530         
 0379   180  18.370   1.640         
 0379   507  18.370   1.640         
 0380   180  18.440   1.410         
 0380   507  18.440   1.410         
 0381   180  18.450   1.450         
 0381   507  18.450   1.450         
 0382   180  18.500   1.360         
 0382   507  18.500   1.360         
 0383   180  18.500   1.340         
 0383   507  18.500   1.340         
 0384   180  18.560   1.380         
 0384   507  18.560   1.380         
 0385   180  18.630   1.470         
 0385   507  18.630   1.470         
 0386   180  18.650   1.590         
 0386   507  18.650   1.590         
 0387   180  18.660   1.450         
 0387   507  18.660   1.450         
 0388   180  18.640   1.430         
 0388   507  18.640   1.430         
 0389   180  18.670   1.400         
 0389   507  18.670   1.400         
 0390   180  18.700   2.170         
 0390   507  18.700   2.170         
 0391   180  18.720   1.610         
 0391   507  18.720   1.610         
 0392   180  18.720   1.750         
 0392   507  18.720   1.750         
 0393   180  18.730   1.500         
 0393   507  18.730   1.500         
 0394   180  18.750   1.410         
 0394   507  18.750   1.410         
 0395   180  18.750   1.430         
 0395   507  18.750   1.430         
 0396   180  18.760   1.350         
 0396   507  18.760   1.350         
 0397   180  18.790   1.500         
 0397   507  18.790   1.500         
 0398   180  18.790   1.690         
 0398   507  18.790   1.690         
 0399   180  18.790   1.440         
 0399   507  18.790   1.440         
 0400   180  18.800   1.710         
 0400   507  18.800   1.710         
 0401   180  18.810   2.160         
 0401   507  18.810   2.160         
 0402   180  18.840   1.410         
 0402   507  18.840   1.410         
 0403   180  18.840   1.500         
 0403   507  18.840   1.500         
 0404   180  18.890   1.600         
 0404   507  18.890   1.600         
 0405   180  18.970   1.540         
 0405   507  18.970   1.540         
 0406   180  19.000   1.730         
 0406   507  19.000   1.730