UBV CCD observations

  No    Ref    V       B-V     U-B

 0052   368  18.836   0.997   0.509
 0053   368  18.460   1.407   0.576
 0053   495  18.514   1.973         
 0056   368  19.889   1.401         
 0057   368  20.485   1.332         
 0058   368  19.735   1.339         
 0059   368  19.911   0.661         
 0062   368  17.546   1.394   1.329
 0062   495  17.591   1.471         
 0063   368  17.672   1.142   0.538
 0063   495  17.664   1.256         
 0066   368  20.626   1.942         
 0070   368  18.478   1.288   0.651
 0070   495  18.501   1.806         
 0071   368  17.348   1.849   1.602
 0071   495  17.399   1.999         
 0073   368  19.976   1.782         
 0074   368  16.375   1.251   1.054
 0074   495  16.408   1.286         
 0075   368  18.042   1.233   0.622
 0075   495  18.073   1.301         
 0076   368  20.642   1.260         
 0079   368  18.252   1.339   0.841
 0079   495  18.303   1.594         
 0080   368  17.388   1.232   0.812
 0080   495  17.355   1.276         
 0081   368  19.931   1.524         
 0082   368  20.260   1.910         
 0083   368  20.411   1.394         
 0084   368  18.670   1.722         
 0086   368  20.137   1.654         
 0087   368  19.264   1.768         
 0088   368  20.940   1.732         
 0090   368  18.841   1.772         
 0091   368  16.811   1.379   0.690
 0091   495  16.844   1.465         
 0093   368  18.495   1.450   1.005
 0093   495  18.537   1.634         
 0096   368  20.027   1.628         
 0098   368  18.997   1.431   0.836
 0099   368  16.951   1.954   1.750
 0099   495  17.005   2.057         
 0103   368  19.947   1.351         
 0104   368  20.983   1.306         
 0106   368  19.896   1.550         
 0107   368  15.506   0.886   0.632
 0107   495  15.521   0.944         
 0110   368  17.368   1.356   0.772
 0110   495  17.336   1.350         
 0111   368  20.374   1.485         
 0112   368  19.760   1.515         
 0113   368  19.349   1.531         
 0114   368  19.720   1.408         
 0118   368  16.162   1.027   0.738
 0118   495  16.180   1.100         
 0119   368  20.127   1.270   0.225
 0122   368  19.182   1.575         
 0123   368  19.590   1.515         
 0125   368  20.437   1.731         
 0126   368  19.970   1.716         
 0127   368  16.939   1.502   0.995
 0127   495  16.972   1.603         
 0128   368  20.859   1.439         
 0129   368  18.845   1.682         
 0130   368  20.408   1.481         
 0132   368  20.107   1.602         
 0133   368  16.286   1.083   0.493
 0133   495  16.334   1.142         
 0136   368  18.802   1.474   1.023
 0137   368  18.981   1.494   0.803
 0138   368  20.582   1.574         
 0140   368  20.216   1.539         
 0141   368  18.631   1.627   1.189
 0141   495  18.717   1.845         
 0143   368  18.612   1.554   1.075
 0143   495  18.579   1.705         
 0144   368  17.990   1.232   0.620
 0144   495  17.792   1.383         
 0145   368  19.244   1.115   0.591
 0147   368  18.460   1.340   0.594
 0147   495  18.467   1.569         
 0149   368  19.569   1.367         
 0151   368  20.964   1.645         
 0152   368  19.647   1.683         
 0154   368  18.350   1.535   0.897
 0154   495  18.423   1.572         
 0155   368  18.117   1.273   0.644
 0155   495  18.204   1.693         
 0156   368  19.724   1.645         
 0157   368  20.601   1.969         
 0158   368  20.928   1.815         
 0161   368  18.992   1.789         
 0162   368  19.187   1.576         
 0164   368  19.413   1.379   0.621
 0165   368  21.069   1.307         
 0166   368  20.037   1.522         
 0167   368  19.696   1.229   0.481
 0168   368  14.926   0.975   0.461
 0168   495  14.980   1.003         
 0169   368  17.918   1.117   0.449
 0169   495  17.928   1.210         
 0169   545  17.885   1.144         
 0170   368  20.089   1.944         
 0172   368  17.649   1.995   1.681
 0172   495  17.762   2.157         
 0172   545  17.685   2.008         
 0175   368  19.040   1.260   0.542
 0175   545  18.938   1.184         
 0176   368  19.681   1.463   0.251
 0177   368  19.831   1.426         
 0178   368  19.651   1.392         
 0179   368  14.771   0.928   0.669
 0179   495  14.799   0.982         
 0179   545  14.741   0.975   0.547
 0182   368  20.681   1.696         
 0185   368  17.653   1.753   1.210
 0185   495  17.729   1.855         
 0185   545  17.708   1.833         
 0188   368  17.563   1.256   0.813
 0188   495  17.578   1.466         
 0188   545  17.565   1.302         
 0189   368  19.350   1.679         
 0190   368  20.672   1.410         
 0192   368  19.431   1.655         
 0193   368  20.886   1.365         
 0194   368  20.823   1.716         
 0195   368  17.222   1.887   1.472
 0195   495  17.336   1.938         
 0196   368  20.590   1.716         
 0197   368  20.084   1.390         
 0198   368  16.555   1.865   1.555
 0198   495  16.621   2.009         
 0198   545  16.606   1.935         
 0199   368  20.294   1.613         
 0200   368  20.582   1.780         
 0201   368  21.092   1.242         
 0202   368  19.836   1.698         
 0203   368  18.794   1.444   0.726
 0203   495  18.847   1.401         
 0204   368  19.306   1.289   0.608
 0210   368  17.720   1.139   0.540
 0210   495  17.726   1.242         
 0212   368  20.748   1.225         
 0215   368  20.599   1.541         
 0216   368  18.887   1.253   0.719
 0216   495  18.842   1.561         
 0218   368  19.858   1.499         
 0219   368  20.624   1.586         
 0220   368  20.349   1.487         
 0222   368  19.933   1.339         
 0223   368  17.642   1.096   0.513
 0223   495  17.672   1.173         
 0223   545  17.676   1.118         
 0226   368  18.868   1.351   0.426
 0226   495  18.702   1.354         
 0226   545  18.934   1.154         
 0227   368  19.056   1.337   0.594
 0228   368  17.867   1.390   0.927
 0228   495  17.918   1.549         
 0228   545  17.856   1.384         
 0230   368  17.281   1.041   0.523
 0230   495  17.081   1.220         
 0230   545  17.246   1.057   0.576
 0231   368  20.474   1.569         
 0232   368  18.709   1.276   0.560
 0232   495  18.688   1.448         
 0232   545  18.714   1.267         
 0233   368  18.773   1.595   0.997
 0235   368  18.896   1.697         
 0236   368  15.576   1.137   0.624
 0236   495  15.568   1.100         
 0236   545  15.609   1.105   0.655
 0237   368  15.587   2.366   2.514
 0237   495  15.695   2.495         
 0237   545  15.771   2.373         
 0238   368  15.945   1.396   0.929
 0238   545  15.943   1.465   0.720
 0239   368  18.831   1.547   0.956
 0241   368  15.393   1.748   1.280
 0241   495  15.426   1.820         
 0241   545  15.472   1.739   1.021
 0242   368  18.746   1.215   0.512
 0242   495  18.872   1.283         
 0242   545  18.716   1.283         
 0243   368  16.751   1.030   0.507
 0243   495  16.801   1.096         
 0243   545  16.715   1.047   0.381
 0244   368  19.725   1.563         
 0246   368  19.971   1.729         
 0247   368  19.860   1.309         
 0250   368  19.035   1.414   0.628
 0250   495  18.531   1.332         
 0252   368  18.742   1.546   1.115
 0253   368  18.051   1.323   0.685
 0253   495  18.040   1.638         
 0253   545  18.042   1.376         
 0254   368  19.829   1.220   0.542
 0257   368  19.607   1.441   0.688
 0260   368  18.842   1.370   0.553
 0260   495  18.682   1.740         
 0261   368  18.592   1.367   0.607
 0261   545  18.593   1.310         
 0262   368  19.155   1.282   0.610
 0263   368  19.895   1.330   0.360
 0264   368  17.327   1.564   1.587
 0264   495  17.197   1.536         
 0264   545  17.390   1.512         
 0265   368  20.095   1.418         
 0266   368  17.607   1.243   0.837
 0266   495  17.623   1.335         
 0266   545  17.578   1.360         
 0267   368  18.775   1.767         
 0268   368  20.927   1.970         
 0269   368  18.328   1.420   0.898
 0269   495  18.428   1.480         
 0269   545  18.286   1.402         
 0270   368  20.522   1.472         
 0271   368  16.024   1.447   0.871
 0271   495  16.067   1.523         
 0272   368  19.172   1.248   0.447
 0274   368  18.367   1.229   0.431
 0274   495  18.350   1.575         
 0274   545  18.324   1.254         
 0275   368  16.411   0.922   0.546
 0275   495  16.449   0.936         
 0275   545  16.373   0.949   0.514
 0276   368  20.478   1.509         
 0277   368  20.824   1.754         
 0279   368  18.796   1.595   0.900
 0281   368  19.274   1.430   0.502
 0283   368  19.170   1.431   0.275
 0285   368  18.755   1.226   0.541
 0285   545  18.720   1.243         
 0287   368  15.261   0.701   0.668
 0287   495  14.818   1.025         
 0287   545  15.365   0.988         
 0289   368  19.975   1.935         
 0291   368  17.108   1.148   0.614
 0291   495  17.005   1.268         
 0291   545  17.117   1.170   0.525
 0292   368  18.991   1.312   0.510
 0292   545  18.978   1.271         
 0293   368  19.727   1.284         
 0294   368  18.524   1.349   0.536
 0294   495  18.672   1.385         
 0294   545  18.474   1.357         
 0295   368  18.856   1.676         
 0296   368  18.941   1.368   0.699
 0297   368  17.674   1.261   0.618
 0297   495  17.723   1.421         
 0297   545  17.646   1.286         
 0300   368  19.934   1.827         
 0301   368  16.507   0.985   0.559
 0301   545  16.475   1.024   0.511
 0303   368  20.280   1.361   0.066
 0304   368  19.842   1.507         
 0305   368  20.854   1.198         
 0306   368  16.071   0.902   0.580
 0306   495  15.795   1.008         
 0306   545  16.045   0.904   0.538
 0307   368  15.291   0.828   0.559
 0307   495  15.317   0.848         
 0307   545  15.270   0.846   0.512
 0310   368  16.956   1.240   0.933
 0310   495  16.921   1.297         
 0310   545  16.953   1.287         
 0311   368  18.406   1.260   0.468
 0311   495  18.316   1.284         
 0311   545  18.459   1.188         
 0316   368  19.430   1.451   0.558
 0317   368  18.964   1.422   0.781
 0319   368  17.891   1.324   0.980
 0319   495  17.927   1.479         
 0322   368  17.750   1.204   0.652
 0322   545  17.772   1.189         
 0325   368  19.886   1.386   0.269
 0327   368  20.390   1.585         
 0332   368  20.244   1.887         
 0333   368  20.188   1.957         
 0335   368  19.012   1.074   0.338
 0335   545  19.008   1.121         
 0336   368  18.815   1.282   0.689
 0336   495  18.597   1.590         
 0337   368  20.608   1.777         
 0338   368  19.318   1.383   0.672
 0339   368  19.944   1.382  -0.120
 0340   368  20.054   1.713         
 0343   368  20.900   1.449         
 0344   368  19.985   1.493         
 0345   368  18.004   1.139   0.433
 0345   495  17.710   1.286         
 0345   545  17.968   1.199         
 0346   368  18.929   1.302   0.549
 0348   368  15.811   1.149   0.669
 0348   495  15.848   1.145         
 0349   368  18.721   1.107   0.507
 0349   495  18.520   1.358         
 0350   368  19.116   1.853         
 0351   368  17.836   1.257   0.709
 0351   495  17.915   1.296         
 0351   545  17.802   1.352         
 0353   368  19.321   1.388   0.773
 0356   368  19.724   1.587         
 0357   368  18.345   1.654         
 0357   495  18.390   1.773         
 0357   545  18.407   1.567         
 0358   368  18.175   1.125   0.516
 0358   545  18.183   1.156         
 0362   368  16.522   1.170   0.926
 0362   495  16.559   1.209         
 0363   368  19.017   1.348   0.527
 0364   368  19.210   1.357   0.701
 0365   368  20.225   1.733         
 0366   368  19.922   1.300         
 0368   368  17.436   0.843   0.598
 0368   495  17.170   0.977         
 0368   545  17.372   0.910   0.391
 0369   368  20.626   1.585         
 0371   368  19.320   1.641   0.927
 0372   368  18.399   1.254   0.570
 0373   368  19.728   1.663         
 0374   368  18.197   1.216   0.652
 0374   495  18.298   1.303         
 0374   545  18.124   1.263         
 0375   368  16.230   1.434   0.827
 0375   495  16.181   1.416         
 0375   545  16.248   1.415   0.792
 0376   368  19.816   1.598   0.501
 0377   368  19.012   1.476   0.770
 0378   368  19.007   1.298   0.526
 0380   368  17.889   1.463   0.775
 0380   495  17.726   1.443         
 0380   545  17.882   1.424         
 0381   368  18.064   1.347   0.734
 0381   495  17.944   1.537         
 0381   545  18.047   1.430         
 0382   368  21.243   1.240         
 0384   368  15.728   1.251   0.566
 0384   495  15.753   1.358         
 0385   368  19.272   1.547   0.557
 0386   368  20.802   1.545         
 0388   368  19.352   1.319   0.557
 0389   368  19.925   1.776         
 0394   368  20.447   1.402  -0.110
 0395   368  20.004   1.280         
 0396   368  19.380   1.250   0.485
 0396   495  19.430   1.395         
 0398   368  16.908   1.121   0.687
 0398   495  16.739   1.273         
 0398   545  16.925   1.122   0.556
 0399   368  16.125   1.067   0.742
 0399   495  16.107   1.131         
 0399   545  16.106   1.112   0.539
 0401   368  19.216   1.471   0.404
 0403   368  18.622   1.655         
 0403   545  18.654   1.680         
 0404   368  16.693   1.356   0.695
 0404   495  16.791   1.391         
 0405   368  17.804   1.193   0.545
 0405   495  17.747   1.393         
 0405   545  17.787   1.190         
 0407   368  21.263   1.478         
 0408   368  19.716   1.414   0.686
 0410   368  20.825   1.497         
 0411   368  21.122   0.987         
 0412   368  15.848   1.274   0.573
 0412   495  15.932   1.272         
 0415   368  19.147   1.720         
 0418   368  17.178   1.619   0.819
 0418   495  17.312   1.628         
 0419   368  19.471   1.317         
 0420   368  15.880   1.031   0.725
 0420   495  15.894   1.083         
 0420   545  15.869   1.027   0.597
 0421   368  19.872   1.568         
 0422   368  18.668   1.223   0.626
 0422   495  18.745   1.404         
 0422   545  18.707   1.097         
 0423   368  17.454   1.276   0.665
 0423   545  17.412   1.324         
 0424   368  17.703   0.970   0.656
 0424   495  17.656   1.100         
 0425   368  16.538   1.027   0.714
 0425   495  16.540   1.087         
 0425   545  16.511   1.129   0.472
 0426   368  18.393   1.157   0.410
 0426   495  18.451   1.117         
 0427   368  17.057   1.333   0.688
 0427   545  17.073   1.263         
 0428   368  20.645   1.319         
 0431   368  20.688   1.443         
 0432   368  20.370   1.200         
 0433   368  20.284   1.244         
 0436   368  20.482   1.802         
 0438   368  18.659   1.517   0.787
 0438   545  18.757   1.458         
 0439   368  20.562   1.278         
 0440   368  16.915   1.610   1.076
 0440   495  16.955   1.765         
 0442   368  15.783   1.112   0.452
 0442   495  15.441   0.630         
 0442   545  15.732   1.139   0.410
 0443   368  20.878   1.400         
 0444   368  15.717   0.890   0.599
 0444   495  15.714   0.917         
 0444   545  15.696   0.952   0.478
 0446   368  17.211   1.349   0.744
 0446   495  17.243   1.413         
 0447   368  17.366   1.201   0.545
 0447   495  17.400   1.288         
 0447   545  17.396   1.202   0.396
 0448   368  18.902   1.078   0.464
 0448   495  18.930   1.102         
 0449   368  20.019   1.180   0.070
 0451   368  19.680   1.374   0.497
 0452   368  16.390   0.957   0.665
 0452   495  16.433   1.018         
 0453   368  16.237   0.783   0.576
 0453   495  16.270   0.824         
 0454   368  19.300   1.321   0.407
 0455   368  17.043   1.330   0.749
 0455   495  16.947   1.428         
 0455   545  17.048   1.443   0.552
 0456   368  20.572   1.663         
 0458   368  18.822   1.301   0.513
 0459   368  20.398   1.338         
 0460   368  16.305   0.929   0.634
 0460   495  16.304   1.006         
 0460   545  16.254   0.972   0.500
 0461   368  21.033   1.483         
 0462   368  18.386   1.474   0.740
 0462   545  18.494   1.647         
 0463   368  20.044   1.515         
 0464   368  19.850   1.317         
 0466   368  18.440   1.310   0.582
 0466   495  18.655   1.137         
 0468   368  20.383   1.848         
 0469   368  20.410   1.277         
 0470   368  16.969   1.243   0.510
 0470   495  16.817   1.294         
 0470   545  16.949   1.302   0.395
 0471   368  19.356   1.409         
 0472   368  19.956   1.056         
 0473   368  19.303   1.309   0.847
 0475   368  18.658   1.476   0.603
 0476   368  18.891   1.463   0.966
 0477   368  18.349   1.306   0.621
 0477   545  18.352   1.482         
 0478   368  18.023   1.183   0.510
 0478   495  17.814   1.299         
 0479   368  16.622   0.853   0.409
 0480   368  20.320   1.374         
 0481   368  18.770   1.346   0.535
 0481   495  18.736   1.994         
 0481   545  18.673   1.371         
 0482   368  19.943   1.746         
 0483   368  18.438   1.463   0.782
 0483   545  18.491   1.274         
 0486   368  16.864   0.995   0.509
 0486   495  16.622   1.011         
 0487   368  17.730   1.234   0.580
 0487   545  17.738   1.276         
 0489   368  17.550   1.195   0.586
 0489   495  17.578   1.253         
 0489   545  17.521   1.159         
 0490   368  18.037   1.229   0.510
 0490   495  17.076   1.679         
 0491   368  18.492   1.434   0.971
 0491   545  18.501   1.587         
 0492   368  15.644   0.984   0.480
 0492   495  15.617   1.016         
 0494   368  19.258   1.787         
 0495   368  18.857   1.383   0.467
 0496   368  15.796   1.135   0.557
 0496   495  15.821   1.201         
 0496   545  15.800   1.125   0.440
 0497   368  16.040   0.990   0.661
 0497   495  16.005   0.906         
 0497   545  16.024   1.058   0.558
 0498   368  19.481   1.289   0.513
 0501   368  20.585   1.892         
 0504   368  19.555   1.393         
 0506   368  16.881   1.106   0.455
 0506   495  16.904   1.230         
 0507   368  19.215   1.479   0.682
 0508   368  19.095   1.236   0.560
 0510   368  18.823   1.350   0.569
 0511   368  20.105   1.502         
 0512   368  17.244   1.156   0.635
 0512   545  17.249   1.181         
 0513   368  17.533   1.147   0.603
 0513   545  17.548   1.225   0.274
 0514   368  20.017   1.272   0.452
 0515   368  20.457   1.467         
 0517   368  20.718   1.702         
 0519   368  14.980   0.966   0.671
 0519   495  14.991   1.043         
 0519   545  14.955   1.024   0.557
 0520   368  18.374   1.442   0.695
 0520   495  18.666   1.523         
 0520   545  18.348   1.444         
 0522   368  18.954   1.331   0.709
 0523   368  20.323   1.520         
 0525   368  16.912   1.207   0.752
 0525   495  16.822   1.326         
 0528   368  19.416   1.289   0.667
 0529   368  20.256   1.432   0.131
 0530   368  18.691   1.318   0.534
 0530   495  18.872   1.492         
 0530   545  18.732   1.533         
 0531   368  20.096   1.498   0.198
 0532   368  20.219   1.512         
 0533   368  19.463   1.150   0.556
 0534   368  17.112   1.231   0.624
 0534   495  17.119   1.363         
 0534   545  17.126   1.307   0.360
 0535   368  16.687   1.083   0.685
 0535   495  16.511   1.241         
 0535   545  16.689   1.125   0.507
 0536   368  15.714   1.001   0.727
 0536   495  15.722   1.041         
 0536   545  15.712   1.048   0.583
 0537   368  17.733   1.206   0.475
 0537   495  17.793   1.351         
 0537   545  17.720   1.213         
 0538   368  15.954   0.956   0.588
 0538   495  15.970   1.043         
 0538   545  15.918   0.987   0.511
 0539   368  16.268   1.015   0.706
 0539   495  16.308   1.063         
 0539   545  16.259   1.014   0.630
 0540   368  15.871   1.933   1.971
 0540   545  15.934   1.941         
 0543   368  14.910   1.329   1.078
 0543   495  14.830   1.467         
 0545   368  17.416   1.121   0.549
 0545   495  17.449   1.261         
 0547   368  17.718   1.687   1.558
 0547   495  17.628   1.796         
 0548   368  20.038   1.674         
 0549   368  15.620   0.983   0.684
 0549   495  15.629   1.063         
 0549   545  15.593   1.022   0.542
 0550   368  18.539   1.549   1.158
 0550   545  18.500   1.768         
 0551   368  19.832   1.346         
 0555   368  17.895   1.236   0.585
 0555   495  17.897   1.409         
 0556   368  16.561   0.973   0.648
 0556   495  16.674   0.949         
 0556   545  16.510   1.006   0.488
 0560   368  17.700   1.376   0.719
 0560   495  17.777   1.365         
 0561   368  17.793   1.166   0.503
 0561   495  17.767   1.142         
 0561   545  17.796   1.189         
 0562   368  17.798   1.622   1.138
 0562   495  17.816   1.555         
 0563   368  19.336   1.604         
 0564   368  18.802   1.416   0.711
 0564   495  18.804   1.426         
 0568   368  17.711   1.097   0.517
 0568   495  17.741   1.128         
 0568   545  17.666   1.210         
 0572   368  19.639   1.637         
 0574   368  16.661   1.326   0.578
 0574   495  16.295   1.435         
 0574   545  16.662   1.341   0.556
 0575   368  16.352   0.986   0.614
 0575   545  16.284   1.025   0.572
 0576   368  19.795   1.919         
 0579   368  17.198   1.062   0.560
 0579   495  17.214   1.130         
 0579   545  17.159   1.075   0.559
 0581   368  17.146   1.210   0.620
 0581   495  17.167   1.391         
 0581   545  17.118   1.295   0.428
 0583   368  21.248   1.708         
 0584   368  19.473   1.507         
 0586   368  17.845   1.196   0.622
 0586   495  17.655   1.435         
 0586   545  17.822   1.218         
 0587   368  20.700   1.243         
 0588   368  14.859   1.006   0.659
 0588   495  14.890   1.034         
 0588   545  14.868   1.009   0.572
 0589   368  18.021   1.225   0.561
 0589   495  18.030   1.421         
 0589   545  18.015   1.177         
 0591   368  18.125   1.255   0.563
 0591   495  18.149   1.263         
 0591   545  18.117   1.365         
 0592   368  15.540   0.895   0.607
 0592   495  15.550   0.948         
 0592   545  15.507   0.894   0.568
 0594   368  16.537   1.179   0.504
 0594   495  16.586   1.192         
 0595   368  19.964   1.844         
 0596   368  18.976   1.396   0.513
 0597   368  19.978   1.898         
 0598   368  18.508   1.331   0.587
 0600   368  16.824   1.050   0.554
 0600   495  16.815   1.198         
 0603   368  18.395   1.288   0.490
 0603   495  18.345   1.513         
 0603   545  18.401   1.260         
 0604   368  20.259   2.017         
 0605   368  20.251   1.865         
 0609   368  19.686   1.187         
 0612   368  19.793   1.532         
 0613   368  20.828   2.000         
 0614   368  19.355   1.569         
 0616   368  18.121   1.290   0.673
 0616   495  18.144   1.544         
 0619   368  21.243   1.883         
 0620   368  19.859   1.207   0.568
 0621   368  20.358   1.708         
 0622   368  19.982   1.747         
 0623   368  19.621   1.357         
 0624   368  14.915   0.917   0.582
 0624   495  14.924   0.973         
 0624   545  14.908   0.907   0.476
 0627   368  17.930   1.245   0.603
 0627   495  17.856   1.367         
 0627   545  17.917   1.354         
 0628   368  15.399   0.934   0.674
 0628   495  15.220   1.012         
 0628   545  15.391   0.948   0.545
 0629   368  18.957   1.656         
 0629   495  19.208   1.863         
 0630   368  20.071   1.563         
 0631   368  20.014   1.293         
 0632   368  17.183   1.083   0.625
 0632   545  17.175   1.081   0.412
 0633   368  19.600   1.507         
 0635   545  17.166   1.082         
 0638   368  20.403   1.292         
 0639   368  16.214   1.038   0.734
 0639   495  15.757   1.337         
 0639   545  16.194   1.084   0.575
 0641   368  19.326   1.542         
 0642   368  19.664   1.368         
 0644   368  20.086   1.369         
 0646   368  15.167   1.013   0.697
 0646   495  15.188   1.059         
 0646   545  15.161   1.029   0.610
 0647   368  14.797   1.020   0.700
 0647   495  14.692   1.052         
 0647   545  14.783   1.062   0.579
 0650   368  18.939   1.791         
 0651   368  15.227   0.929   0.636
 0651   495  15.098   1.000         
 0651   545  15.205   0.964   0.523
 0653   368  15.753   1.032   0.894
 0653   495  15.759   1.200         
 0654   368  15.656   0.999   0.618
 0654   495  15.670   1.039         
 0654   545  15.598   1.042   0.518
 0655   368  19.695   1.449   0.306
 0656   368  20.195   1.435         
 0658   368  18.755   1.269   0.468
 0658   495  18.869   1.220         
 0659   368  19.111   1.839         
 0662   368  17.384   1.632   1.064
 0662   545  17.414   1.710         
 0664   368  19.707   1.564         
 0666   368  15.075   0.883   0.614
 0666   495  15.084   0.919         
 0666   545  15.028   0.907   0.535
 0667   368  20.236   1.550         
 0668   368  15.745   1.322   1.185
 0668   495  15.801   1.323         
 0668   545  15.780   1.302   1.238
 0672   368  15.355   1.007   0.704
 0672   495  15.219   1.138         
 0672   545  15.353   1.037   0.552
 0675   368  19.943   1.305         
 0678   368  19.294   1.219   0.397
 0679   368  17.712   1.080   0.493
 0679   495  17.688   1.135         
 0683   368  19.410   1.571  -0.285
 0684   368  20.481   1.462         
 0685   368  18.489   1.398   0.742
 0685   495  18.483   1.152         
 0685   545  18.446   1.358         
 0686   368  14.979   1.656   1.222
 0686   495  14.998   1.739         
 0686   545  15.018   1.656   1.017
 0688   368  17.801   1.134   0.515
 0688   495  17.878   1.155         
 0689   368  18.548   1.453   1.055
 0690   368  19.704   1.499         
 0691   368  19.993   1.390         
 0692   368  16.412   1.021   0.760
 0692   495  16.102   1.311         
 0692   545  16.400   1.081   0.596
 0693   368  16.410   1.109   0.612
 0693   495  16.372   1.137         
 0693   545  16.383   1.153   0.455
 0694   368  16.038   1.055   0.552
 0694   495  16.020   1.117         
 0695   368  18.285   1.194   0.515
 0695   495  18.324   1.299         
 0695   545  18.272   1.333         
 0696   368  21.319   1.711         
 0697   368  16.165   0.932   0.661
 0697   495  16.149   1.001         
 0697   545  16.106   0.969   0.555
 0699   368  19.237   1.285   0.713
 0700   368  20.451   1.662         
 0702   368  18.719   1.182   0.406
 0703   368  18.576   1.764   1.420
 0704   368  19.770   1.416         
 0706   368  18.479   1.144   0.430
 0706   495  18.384   1.153         
 0707   368  19.152   1.578         
 0709   368  19.763   1.529         
 0712   368  21.196   1.311         
 0713   368  19.693   1.642         
 0717   368  19.381   1.277         
 0718   368  19.200   1.266   0.442
 0719   368  19.512   1.649         
 0722   368  17.718   1.653   1.413
 0722   495  17.711   2.052         
 0723   368  17.438   1.021   0.474
 0723   495  17.452   1.091         
 0725   368  18.167   1.210   0.504
 0725   495  18.009   1.502         
 0725   545  18.094   1.259         
 0726   368  20.417   1.589         
 0727   368  19.504   1.404   0.294
 0728   368  16.564   0.951   0.544
 0728   495  16.616   0.994         
 0730   368  20.439   1.431         
 0731   368  20.629   1.391         
 0734   368  20.009   1.454         
 0738   368  15.740   0.995   0.684
 0738   495  15.774   1.043         
 0738   545  15.734   0.990   0.576
 0739   368  18.011   1.202   0.559
 0739   495  18.068   1.305         
 0739   545  17.993   1.141         
 0740   368  16.846   1.011   0.619
 0740   495  16.809   1.090         
 0740   545  16.785   1.056   0.478
 0741   368  17.068   1.048   0.554
 0741   495  17.128   1.096         
 0745   368  18.211   1.266   0.532
 0745   495  17.861   1.450         
 0745   545  18.208   1.247         
 0746   368  19.056   1.385   0.478
 0747   368  17.479   1.522   1.074
 0747   495  17.509   1.594         
 0750   368  17.630   1.175   0.559
 0750   495  17.448   1.225         
 0750   545  17.578   1.210         
 0751   368  20.699   1.260         
 0752   368  17.518   1.428   0.935
 0752   495  17.529   1.499         
 0753   368  14.952   0.997   0.704
 0753   495  14.986   1.035         
 0753   545  14.967   0.990   0.642
 0754   368  17.945   1.584   1.382
 0754   495  18.044   1.634         
 0754   545  17.936   1.580         
 0755   368  19.053   1.436   0.640
 0755   495  19.039   1.646         
 0756   368  18.122   1.496   1.324
 0757   368  17.028   1.247   0.598
 0757   495  17.042   1.308         
 0757   545  17.055   1.254   0.469
 0759   368  21.166   1.172         
 0762   368  19.387   1.711         
 0764   368  20.241   1.261         
 0767   368  17.232   1.265   0.658
 0767   495  17.138   1.379         
 0769   368  19.634   1.602   0.798
 0772   368  19.588   1.810         
 0774   368  19.206   1.548   0.769
 0775   368  18.763   1.693         
 0777   368  15.367   1.025   0.662
 0777   495  15.374   1.060         
 0777   545  15.352   1.040   0.567
 0779   368  16.015   0.979   0.739
 0779   545  15.994   1.005   0.680
 0780   368  18.574   1.721   1.138
 0780   495  18.597   2.029         
 0780   545  18.632   1.431         
 0782   368  18.266   1.412   0.945
 0782   495  18.172   1.539         
 0783   368  21.394   1.108         
 0784   368  16.828   1.079   0.451
 0785   368  15.872   0.934   0.687
 0785   495  15.821   1.028         
 0785   545  15.818   0.987   0.530
 0786   368  19.592   1.808         
 0789   368  15.794   0.978   0.738
 0789   495  15.196   1.049         
 0789   545  15.804   0.955   0.708
 0792   368  17.663   1.127   0.509
 0792   495  17.375   1.280         
 0792   545  17.640   1.149   0.329
 0793   368  18.817   1.205         
 0793   545  18.758   1.258         
 0794   368  20.523   1.463         
 0795   368  19.622   1.225         
 0796   368  20.208   1.686         
 0797   368  18.601   1.389   0.771
 0797   495  18.630   1.407         
 0799   368  17.044   1.592   0.788
 0799   545  17.087   1.403         
 0801   368  20.567   1.592         
 0802   368  19.561   1.525         
 0803   368  19.603   1.193         
 0804   368  19.382   1.452   0.789
 0806   368  18.193   1.275   0.604
 0806   495  18.241   1.446         
 0808   368  20.356   1.408         
 0809   368  19.342   1.391   0.619
 0813   368  20.300   1.303         
 0815   368  20.645   1.435         
 0816   368  19.097   1.489   0.675
 0816   545  19.163   1.091         
 0817   368  19.240   1.327   0.478
 0817   545  19.181   0.898         
 0818   368  17.613   1.332   1.056
 0818   495  17.654   1.298         
 0818   545  17.587   1.354         
 0821   368  17.438   1.531   1.016
 0822   368  18.023   1.194   0.549
 0822   495  17.705   1.317         
 0822   545  18.008   1.223         
 0823   368  19.288   1.256         
 0824   368  20.188   1.578         
 0826   368  19.930   1.391         
 0827   368  14.826   1.692   1.280
 0827   495  14.695   1.814         
 0828   368  20.512   1.743         
 0832   368  20.143   1.621         
 0833   368  20.895   1.478         
 0834   368  20.962   1.318         
 0837   368  20.530   1.686         
 0838   368  16.689   1.657   1.164
 0838   495  16.711   1.759         
 0838   545  16.725   1.637         
 0840   368  18.550   1.314   0.553
 0840   545  18.578   1.440         
 0841   368  20.066   1.357         
 0843   368  19.803   1.655         
 0844   368  19.123   1.207   0.622
 0845   368  18.276   1.202   0.529
 0845   545  18.259   1.207         
 0846   368  16.491   0.933   0.635
 0846   495  16.558   0.998         
 0847   368  19.722   1.202   0.943
 0850   368  18.339   1.210   0.553
 0851   368  20.150   1.393  -0.104
 0852   368  18.459   1.272   0.416
 0852   545  18.459   1.248         
 0854   368  18.088   1.515   0.819
 0854   545  18.062   1.465         
 0855   368  17.192   1.328   1.266
 0855   495  17.235   1.375         
 0855   545  17.194   1.310         
 0856   368  17.153   1.192   0.528
 0856   495  17.147   1.215         
 0857   368  19.559   1.472         
 0859   368  19.916   1.336         
 0860   368  15.565   1.183   0.681
 0860   495  15.564   1.244         
 0860   545  15.568   1.184   0.646
 0861   368  16.537   1.025   0.602
 0861   545  16.524   1.026   0.602
 0862   368  16.809   1.838   1.836
 0862   495  16.826   1.908         
 0862   545  16.872   1.904         
 0863   368  18.080   1.261   0.659
 0864   368  19.363   1.685         
 0865   368  18.231   1.117   0.522
 0865   495  18.154   1.170         
 0865   545  18.238   1.095         
 0866   368  14.850   0.922   0.649
 0866   495  14.848   0.972         
 0866   545  14.814   0.925   0.572
 0868   368  19.144   1.327   0.362
 0868   495  18.927   1.488         
 0869   368  15.882   1.415   1.207
 0869   495  16.000   1.429         
 0869   545  15.930   1.355   1.184
 0870   368  20.587   2.001         
 0871   368  18.469   1.741         
 0872   368  20.501   1.621         
 0873   368  20.031   1.719         
 0874   368  19.588   1.304   0.659
 0875   368  17.879   1.139   0.540
 0875   545  17.867   1.156         
 0878   368  19.162   1.545         
 0881   368  17.159   1.195   0.815
 0881   495  17.227   1.291         
 0885   368  20.158   1.476         
 0886   368  19.636   1.352   0.576
 0887   368  18.016   1.126   0.455
 0887   495  17.995   1.171         
 0889   368  17.667   1.501   1.594
 0889   545  17.676   1.512         
 0890   368  19.641   1.507   0.672
 0893   368  20.023   1.331   0.439
 0894   368  17.589   1.355   0.796
 0894   495  17.672   1.378         
 0895   368  18.752   1.229   0.491
 0895   495  18.901   1.547         
 0896   368  17.082   1.007   0.534
 0896   495  16.636   1.228         
 0896   545  17.005   1.021   0.351
 0899   368  20.279   1.299         
 0900   368  17.716   1.619   1.319
 0900   495  17.720   1.781         
 0901   368  19.911   1.432         
 0902   368  16.499   1.057   0.710
 0902   495  16.459   1.143         
 0902   545  16.466   1.086   0.582
 0903   368  17.026   1.103   0.640
 0903   495  17.059   1.188         
 0903   545  17.022   1.114   0.542
 0904   368  16.760   1.062   0.655
 0904   495  16.734   1.152         
 0904   545  16.715   1.140   0.518
 0907   368  17.823   1.238   0.610
 0907   545  17.774   1.255         
 0908   368  19.441   1.363   0.816
 0908   545  19.334   1.120         
 0910   368  19.443   1.246   0.748
 0913   368  20.120   1.726         
 0914   368  20.468   1.355         
 0915   368  18.725   1.245   0.602
 0915   495  18.709   1.452         
 0915   545  18.735   1.225         
 0916   368  19.136   1.425   0.980
 0918   368  20.510   1.470         
 0919   368  20.494   1.280         
 0920   368  20.944   1.298         
 0921   368  20.721   1.646         
 0922   368  20.086   1.256   0.432
 0924   368  18.574   1.489   0.780
 0924   495  18.693   1.810         
 0924   545  18.603   1.326         
 0925   368  20.173   1.923         
 0929   368  19.760   1.907         
 0930   368  20.502   1.542         
 0931   368  19.960   1.301         
 0933   368  19.009   1.771         
 0934   368  20.425   1.518         
 0935   368  16.713   1.009   0.649
 0935   495  16.689   1.096         
 0936   368  16.594   1.182   0.606
 0936   495  16.600   1.228         
 0937   368  19.533   1.474         
 0940   368  20.551   1.671         
 0941   368  19.693   1.287   0.411
 0942   368  20.329   1.337         
 0945   368  19.651   1.356         
 0946   368  20.517   1.316         
 0947   368  18.836   1.255   0.515
 0947   495  18.875   1.484         
 0948   368  21.084   1.131         
 0949   368  18.655   1.274   0.832
 0949   495  18.621   1.441         
 0952   368  15.152   0.897   0.668
 0952   495  15.162   0.920         
 0953   368  20.191   1.540         
 0954   368  19.875   1.107   0.616
 0955   368  19.016   1.223   0.481
 0955   495  19.129   1.098         
 0956   368  20.134   1.265   0.402
 0957   368  21.628   1.216         
 0960   368  18.640   1.300   0.448
 0960   495  18.718   1.357         
 0961   368  18.717   1.395   0.728
 0961   495  18.409   1.637         
 0962   368  20.399   1.241         
 0963   368  20.757   1.242         
 0964   368  17.582   1.146   0.587
 0964   495  17.579   1.286         
 0967   368  14.950   0.893   0.633
 0967   495  14.947   0.924         
 0968   368  17.892   1.142   0.517
 0968   495  17.881   1.240         
 0969   368  21.611   0.842         
 0971   368  18.800   1.147   0.574
 0972   368  19.410   1.387         
 0974   368  21.297   1.442         
 0975   368  17.252  -0.112   0.252
 0976   368  16.948   1.555   1.050
 0976   495  17.010   1.622         
 0979   368  20.062   1.447         
 0980   368  18.390   1.338   0.661
 0980   495  18.509   1.335         
 0982   368  20.675   1.672         
 0984   368  19.667   1.522   0.718
 0985   368  20.276   1.539         
 0986   368  18.379   1.207   0.571
 0986   495  18.378   1.434         
 0989   368  16.635   1.185   0.529
 0989   495  16.672   1.232         
 0990   368  19.859   1.577         
 0991   368  21.351   1.381         
 0993   368  20.281   1.470         
 0994   368  18.605   1.193   0.381
 0994   495  18.662   1.167         
 0997   368  19.094   1.512   0.927
 0999   368  19.219   1.517         
 1000   368  20.027   1.508         
 1003   368  19.961   1.856         
 1004   368  19.259   1.632         
 1005   368  20.953   1.416         
 1006   368  20.661   1.639         
 1007   368  19.392   1.379         
 1009   368  20.066   1.439         
 1010   368  19.374   1.256   0.476
 1011   368  20.428   1.280         
 1012   368  20.508   1.564         
 1013   368  20.662   1.594         
 1015   368  20.435   2.227         
 1017   368  19.984   1.497         
 1018   368  20.031   1.344   0.275
 1021   368  20.079   1.329         
 1023   368  19.548   1.301   0.585
 1024   368  19.338   1.492         
 1025   368  19.606   1.266   0.286
 1026   368  19.371   1.209   0.572
 1029   368  17.208   1.083   0.513
 1029   495  17.243   1.103         
 1030   368  19.870   1.355         
 1031   368  16.653   1.572   1.054
 1031   495  16.705   1.664         
 1032   368  19.988   1.027   0.918
 1034   368  20.019   1.343   0.291
 1036   368  17.830   1.396   0.836
 1036   495  17.823   1.484         
 1038   368  19.699   1.482         
 1039   368  19.336   1.777         
 1040   368  19.539   1.402   0.614
 1044   368  18.140   1.350   0.783
 1044   495  18.149   1.501         
 1047   368  16.500   1.129   0.568
 1047   495  16.503   1.143         
 1048   368  17.194   1.303   0.729
 1048   495  17.196   1.413         
 1050   368  19.187   1.400         
 1051   368  20.796   1.347         
 1052   368  17.105   1.552   1.097
 1052   495  17.103   1.731         
 1053   368  16.510   1.315   0.744
 1053   495  16.534   1.417         
 1054   368  15.053   2.319   2.639
 1054   495  15.145   2.434         
 1056   368  17.468   1.690   1.283
 1056   495  17.336   1.689         
 1061   368  18.796   1.238   0.538
 1061   495  18.645   1.357         
 1063   368  19.732   1.244   0.293
 1064   368  20.701   1.288         
 1065   368  18.015   1.165   0.463
 1065   495  18.108   1.327         
 1066   368  19.391   1.652         
 1067   368  18.480   1.282   0.525
 1068   368  20.368   1.458         
 1069   368  19.863   1.400   0.597
 1070   368  18.675   1.258   0.711
 1070   495  18.753   1.315         
 1072   368  20.742   1.692         
 1074   368  20.036   1.390         
 1075   368  19.751   1.498         
 1077   368  14.958   1.148   0.898
 1077   495  14.987   1.144         
 1078   368  19.300   1.416   0.616
 1079   368  18.513   1.661   1.445
 1080   368  19.106   1.397   0.488
 1080   495  19.092   1.576         
 1081   368  17.822   1.132   0.493
 1081   495  17.904   1.133         
 1084   368  18.969   1.289   0.490
 1085   368  21.117   1.652         
 1086   368  14.817   1.824   1.771
 1086   495  14.858   1.892         
 1088   368  20.353   1.385         
 1090   368  18.657   1.405   0.990
 1090   495  18.831   1.431         
 1091   368  19.591   1.290   0.664
 1092   368  19.488   1.273         
 1094   368  18.794   1.333   0.479
 1095   368  20.220   1.521         
 1096   368  20.937   1.361         
 1097   368  16.907   1.446   1.516
 1097   495  16.892   1.502         
 1098   368  15.931   1.835   1.685
 1098   495  16.029   1.890         
 1099   368  20.243   1.582         
 1100   368  17.290   1.308   0.765
 1100   495  17.331   1.452         
 1101   368  19.131   1.415         
 1103   368  20.506   1.248         
 1104   368  20.229   1.655         
 1106   368  17.793   1.261   0.595
 1106   495  17.822   1.312         
 1107   368  14.903   1.655   1.377
 1107   495  14.951   1.707         
 1110   368  19.031   1.292   0.813
 1110   495  19.296   0.655         
 1111   368  19.271   1.372   0.498
 1112   368  19.469   1.406   0.397
 1113   368  20.802   1.217         
 1114   368  20.317   1.373         
 1116   368  20.785   1.745         
 1120   368  15.822   0.955   0.531
 1120   495  15.839   0.991         
 1122   368  20.204   1.242         
 1123   368  19.064   1.375   0.556
 1124   368  20.309   1.423         
 1126   368  18.488   1.354   0.699
 1127   368  20.973   1.612         
 1128   368  17.191   1.341   0.968
 1128   495  17.240   1.459         
 1129   368  19.658   1.364   0.306
 1131   368  20.757   1.523         
 1132   368  19.012   1.497         
 1133   368  18.858   1.711         
 1136   368  19.228   1.290   0.549
 1137   368  19.697   1.526   0.382
 1139   368  19.859   1.538         
 1140   368  19.359   1.479         
 1142   368  18.597   1.737   1.203
 1145   368  18.476   1.356   0.915
 1145   495  18.461   1.563         
 1148   368  20.612   1.245         
 1149   368  16.635   0.953   0.563
 1149   495  16.571   1.051         
 1151   368  19.234   1.272   0.375
 1152   368  18.763   1.356   0.705
 1152   495  18.901   1.634         
 1153   368  18.298   1.718         
 1157   368  19.598   1.366         
 1158   368  18.670   1.050   0.505
 1158   495  18.670   1.195         
 1159   368  19.267   1.454   0.258
 1161   368  16.612   0.944   0.730
 1162   368  19.759   1.795         
 1163   368  19.652   1.675         
 1165   368  18.039   1.144   0.519
 1165   495  18.144   1.306         
 1166   368  19.768   1.252   0.641
 1167   368  17.067   1.590   1.229
 1168   368  18.266   1.234   0.592
 1169   368  20.022   1.643         
 1170   368  20.080   1.630         
 1172   368  17.760   1.289   0.919
 1175   368  17.966   1.406   1.065
 1175   495  18.040   1.488         
 1178   368  14.894   0.881   0.295
 1178   495  14.922   0.936         
 1179   368  20.042   1.998         
 1180   368  16.821   1.272   0.779
 1180   495  16.836   1.335         
 1181   368  20.781   1.362         
 1182   368  18.428   1.163   0.562
 1182   495  18.592   1.091         
 1184   368  15.952   1.090   0.643
 1184   495  15.992   1.143         
 1185   368  17.754   1.433   0.933
 1185   495  17.733   1.629         
 1186   368  20.865   1.444         
 1187   368  17.718   1.785   1.885
 1187   495  17.797   2.128         
 1188   368  21.205   1.039         
 1189   368  17.362   1.074   0.618
 1192   368  20.280   1.762         
 1193   368  18.881   1.620         
 1194   368  19.231   1.328   0.825
 1195   368  18.862   1.644   0.896
 1196   368  19.588   1.695         
 1197   368  17.369   1.595   1.730
 1197   495  17.394   1.583         
 1198   368  17.584   1.296   0.994
 1198   495  17.343   1.447         
 1199   368  19.058   1.429   0.720
 1200   368  18.752   1.202   0.529
 1205   368  19.798   1.417   0.697
 1206   368  19.724   1.481         
 1207   368  19.922   1.236         
 1211   368  17.791   1.299   0.635
 1211   495  17.879   1.273         
 1212   368  20.260   1.450         
 1213   368  19.726   1.451         
 1214   368  19.686   0.174  -0.560
 1217   368  18.135   1.217   0.596
 1217   495  18.057   1.272         
 1218   368  16.903   1.003   0.605
 1218   495  16.932   1.063         
 1219   368  19.785   1.751         
 1221   368  18.963   1.587   0.760
 1222   368  18.925   1.086   0.428
 1223   368  17.598   1.188   0.598
 1223   495  17.690   1.259         
 1226   368  20.441   1.475         
 1227   368  15.786   0.908   0.638
 1228   368  18.711   1.699         
 1229   368  19.525   1.664         
 1231   368  18.035   1.180   0.557
 1233   368  20.380   1.753         
 1234   368  19.873   1.411   0.662
 1235   368  16.496   0.995   0.726
 1235   495  16.529   1.035         
 1237   368  14.852   1.036   0.652
 1237   495  14.886   1.084         
 1238   368  19.848   1.393         
 1240   368  20.448   1.382         
 1241   368  17.558   1.471   0.956
 1242   368  18.263   1.284   0.605
 1242   495  18.263   1.351         
 1245   368  18.003   1.690   1.607
 1245   495  18.073   2.060         
 1246   368  16.322   1.161   0.530
 1246   495  16.355   1.200         
 1247   368  20.906   1.679         
 1248   368  20.087   1.418   0.416
 1249   368  19.422   1.728         
 1250   368  16.421   1.158   0.488
 1250   495  16.449   1.210         
 1251   368  16.889   1.219   0.600
 1251   495  16.959   1.232         
 1254   368  16.809   1.207   0.628
 1254   495  16.857   1.296         
 1256   368  16.092   1.362   1.376
 1256   495  16.199   1.409         
 1257   368  17.253   1.701   1.501
 1257   495  17.299   1.896         
 1259   368  19.017   0.927  -0.238
 1259   495  18.896   1.578         
 1261   368  20.913   1.323         
 1262   368  20.367   1.549         
 1263   368  20.808   1.337         
 1264   368  18.294   1.219   0.592
 1264   495  18.373   1.443         
 1265   368  18.316   1.268   0.631
 1265   495  18.442   1.071         
 1266   368  18.788   1.307   0.727
 1266   495  18.689   1.757         
 1269   368  18.520   1.387   0.847
 1269   495  18.657   1.330         
 1271   368  19.817   1.377         
 1273   368  20.964   1.196         
 1275   368  18.542   1.210   0.521
 1275   495  18.659   1.145         
 1276   368  16.645   1.709   1.500
 1276   495  16.669   1.822         
 1277   368  18.552   1.209   0.641
 1277   495  18.689   1.302         
 1280   368  20.582   1.387         
 1282   368  20.505   1.420         
 1283   368  17.689   1.417   0.749
 1283   495  17.771   1.466         
 1286   368  20.781   1.808         
 1288   368  18.229   1.219   0.530
 1288   495  18.328   1.371         
 1289   368  20.367   1.593         
 1290   368  19.994   1.440   0.449
 1291   368  17.103   1.412   0.745
 1291   495  17.139   1.533         
 1292   368  20.259   1.376         
 1293   368  20.591   1.427         
 1295   368  20.457   1.228         
 1296   368  20.720   1.395         
 1297   368  18.149   1.314   0.669
 1297   495  18.192   1.308         
 1298   368  20.352   1.330         
 1299   368  19.190   1.618         
 1299   495  19.477   1.358         
 1300   368  20.053   1.640         
 1303   368  20.808   1.224         
 1305   368  20.046   1.396         
 1306   368  20.648   1.379         
 1307   368  19.633   1.532         
 1309   368  20.758   1.112         
 1312   368  20.601   1.367         
 1313   368  19.211   1.287   0.717
 1314   368  18.112   1.182   0.606
 1314   495  18.206   1.331         
 1315   368  20.446   1.725         
 1316   368  20.004   1.371   0.567
 1320   368  18.516   1.236   0.462
 1320   495  18.730   0.997         
 1326   368  19.555   1.522         
 1327   368  20.197   1.416         
 1329   368  19.980   1.577         
 1330   368  18.970   1.310   0.680
 1333   368  18.218   1.655   0.774
 1333   495  18.169   1.943         
 1334   368  20.061   1.342         
 1336   368  19.280   1.246   0.503
 1337   368  18.802   1.401   0.624
 1337   495  18.526   1.553         
 1340   368  19.722   1.769         
 1341   368  19.935   1.528         
 1345   368  20.173   1.314         
 1346   368  18.989   1.402   0.649
 1347   368  14.997   1.581   1.182
 1347   495  15.047   1.666         
 1348   368  18.314   1.259   0.614
 1348   495  18.328   1.653         
 1349   368  20.524   1.422   0.150
 1350   368  19.586   1.930         
 1353   368  20.065   1.355         
 1354   368  20.835   1.145         
 1355   368  17.022   1.368   1.380
 1355   495  17.062   1.465         
 1358   368  19.598   1.485   1.281
 1359   368  16.207   1.084   0.456
 1359   495  16.238   1.201         
 1360   368  20.374   2.072         
 1362   368  20.597   1.639         
 1363   368  20.314   1.249         
 1364   368  19.941   1.235         
 1365   368  19.894   1.228         
 1366   368  18.526   1.368   0.715
 1367   368  20.002   1.368         
 1368   368  19.147   1.442   0.710
 1369   368  18.862   1.459   0.729
 1371   368  20.417   1.579         
 1372   368  19.713   1.564         
 1373   368  16.632   1.248   0.598
 1373   495  16.667   1.332         
 1375   368  14.907   0.957   0.444
 1375   495  14.949   1.037         
 1377   368  18.169   1.206   0.600
 1377   495  18.220   1.254         
 1378   368  19.146   1.289   0.634
 1379   368  18.060   1.156   0.743
 1379   495  18.145   1.031         
 1380   368  18.991   1.183   0.753
 1383   368  20.209   1.710         
 1385   368  18.946   1.313   0.822
 1386   368  19.636   1.393   0.037
 1387   368  18.890   1.383   0.527
 1389   368  15.379   1.213   0.850
 1389   495  15.413   1.282         
 1392   368  18.976   1.695         
 1393   368  17.790   1.231   0.669
 1393   495  17.843   1.391         
 1394   368  18.878   1.289   0.871
 1394   495  18.939   1.785         
 1396   368  18.162   1.213   0.765
 1396   495  18.261   1.440         
 1397   368  18.694   1.483   0.776
 1397   495  18.791   1.728         
 1399   368  19.918   1.431   0.582
 1401   368  19.790   1.696         
 1402   368  18.470   1.234   0.578
 1402   495  18.524   1.389         
 1405   368  20.334   1.203         
 1408   368  20.138   1.628         
 1409   368  20.904   1.288         
 1411   368  20.862   1.560         
 1412   368  20.268   1.415         
 1413   368  17.382   1.391   0.935
 1413   495  17.415   1.415         
 1417   368  19.160   1.146   0.239
 1417   495  18.809   1.999         
 1418   368  20.505   1.962         
 1420   368  17.498   1.124   0.770
 1420   495  17.505   1.238         
 1422   368  17.877   1.355   0.883
 1422   495  17.749   1.551         
 1423   368  16.190   1.356   0.774
 1423   495  16.206   1.423         
 1424   368  18.043   1.539   0.896
 1424   495  18.027   1.578         
 1425   368  19.230   1.496         
 1426   368  16.498   0.811   0.520
 1426   495  16.487   0.884         
 1427   368  15.702   1.228   0.569
 1427   495  15.740   1.350         
 1429   368  19.943   1.962         
 1435   368  17.223   1.385   0.823
 1435   495  17.244   1.568         
 1436   368  20.266   1.393         
 1437   368  20.401   1.424         
 1438   368  20.180   1.623         
 1439   368  19.857   1.312         
 1443   368  18.358   1.107   0.429
 1443   495  18.288   1.222         
 1444   368  19.960   1.313  -0.181
 1445   368  19.469   1.245         
 1447   368  19.292   1.347   0.133
 1448   368  19.845   1.138         
 1449   368  16.503   1.148   0.580
 1449   495  16.577   1.150         
 1450   368  20.103   1.218         
 1451   368  18.810   0.932  -1.077
 1452   368  20.279   1.247         
 1453   368  17.496   1.282   0.391
 1453   495  17.507   1.460         
 1454   368  20.519   1.075         
 1455   368  18.503   1.183         
 1455   495  18.535   1.643         
 1456   368  20.062   1.299         
 1457   368  20.218   1.178         
 1460   368  19.155  -0.424         
 5039   368  13.908   0.795   0.222
 5039   495  13.972   0.824         
 5066   368  14.263   0.891   0.430
 5066   495  14.312   0.932         
 5107   368  13.544   0.774   0.258
 5107   495  13.549   1.488         
 5107   545  13.573   0.794   0.213
 5115   368  13.541   0.772   0.206
 5115   495  13.613   0.775         
 5115   545  13.562   0.771   0.174
 5160   368  14.431   1.602   1.154
 5160   495  14.474   1.650         
 5160   545  14.437   1.655   0.976
 5168   368  14.404   0.877   0.591
 5168   495  14.448   0.906         
 5168   545  14.418   0.861   0.496
 5263   368  11.257   0.373   0.317
 5263   495  11.330   0.378         
 5263   545  11.244   0.433   0.246
 5268   368  13.771   0.783   0.272
 5268   495  13.774   0.842         
 5268   545  13.729   0.823   0.227
 5284   368  14.645   1.353   0.831
 5284   495  14.664   1.395         
 5284   545  14.681   1.387   0.694
 5296   368  14.605   1.586   1.079
 5296   495  14.654   1.652         
 5296   545  14.646   1.570   0.914
 5306   368  14.010   1.488   1.073
 5306   495  14.087   1.538         
 5334   368  13.942   1.081   1.049
 5334   495  13.973   1.070         
 5334   545  13.945   1.083   1.061
 5337   368  14.592   0.912   0.641
 5337   495  14.413   1.023         
 5337   545  14.555   0.950   0.520
 5343   368  14.507   1.729   1.362
 5343   495  14.155   1.603         
 5343   545  14.542   1.759   1.117
 5359   368  13.254   0.672   0.216
 5359   495  13.323   0.683         
 5362   368  12.319   1.471   1.469
 5362   495  12.368   1.522         
 5362   545  12.352   1.483   1.346
 5406   368  14.697   0.877   0.617
 5406   495  14.725   0.911         
 5406   545  14.681   0.876   0.567
 5461   368  14.681   1.579   1.191
 5461   495  14.676   1.668         
 5461   545  14.689   1.573   1.054
 5491   368  12.787   0.726   0.280
 5491   495  12.819   0.760         
 5491   545  12.746   0.738   0.231
 5507   368  14.743   2.082   2.143
 5507   495  14.645   2.135         
 5560   368  14.611   1.609   1.164
 5560   495  14.644   1.647         
 5560   545  14.664   1.603   0.960
 5565   368  14.651   1.595   1.153
 5565   495  14.707   1.643         
 5645   368  12.226   0.764   0.264
 5693   368  14.482   1.530   1.133
 5693   495  14.514   1.604         
 5725   368  14.704   1.024   0.714
 5725   495  14.740   1.085         
 8000   495  14.695   0.888         
 8003   495  17.359   1.362         
 8006   495  17.768   1.647         
 8007   495  17.976   1.921         
 8008   495  18.099   1.266         
 8010   495  15.953   1.539         
 8011   495  17.749   1.577         
 8016   495  15.357   1.839         
 8017   495  18.395   1.715         
 8018   495  17.919   1.588         
 8021   495  16.442   1.306         
 8023   495  18.390   1.627         
 8025   495  11.839   2.061         
 8027   495  18.470   1.393         
 8028   495  18.465   1.602         
 8029   495  17.852   1.400         
 8033   495  13.734   1.025         
 8034   495  15.179   1.076         
 8035   495  17.567   1.115         
 8036   495  16.747   1.364         
 8040   495  17.846   1.223         
 8041   495  16.471   1.385         
 8042   495  18.898   1.457         
 8043   495  18.212   1.800         
 8044   495  17.781   1.377         
 8045   495  18.145   1.723         
 8046   495  18.081   1.195         
 8047   495  17.420   1.680         
 8048   495  18.806   1.438         
 8049   495  18.200   1.627         
 8051   495  18.901   1.398         
 8055   495  17.750   1.591         
 8056   495  18.454   1.482         
 8057   495  18.355   1.292         
 8058   495  18.095   1.243         
 8059   495  18.572   1.302         
 8060   495  18.126   1.559         
 8062   495  17.001   1.364         
 8065   495  14.223   1.387         
 8067   495  18.456   1.677         
 8069   495  17.955   1.703         
 8071   495  18.467   1.294         
 8072   495  18.030   1.321         
 8073   495  18.774   1.555         
 8074   495  17.249   1.606         
 8075   495  16.773   1.497         
 8076   495  16.198   1.450         
 8077   495  13.960   0.881         
 8078   495  18.758   1.462         
 8080   495  16.684   1.800         
 8081   495  17.703   1.435         
 8083   495  17.487   1.445         
 8084   495  17.659   2.163         
 8085   495  17.591   1.491         
 8086   495  18.380   1.352         
 8088   495  16.133   1.190         
 8091   495  16.578   1.524         
 8092   495  18.537   1.437         
 8093   495  17.553   2.001         
 8095   495  16.594   1.451         
 8096   495  17.893   1.298         
 8097   495  18.892   1.634         
 8098   495  16.622   1.812         
 8101   495  14.165   0.919         
 8102   495  18.821   1.342         
 8104   495  16.915   1.417         
 8105   495  18.851   1.572         
 8107   495  17.392   1.878         
 8108   495  17.231   1.589         
 8109   495  16.286   1.191         
 8110   495  17.169   1.499         
 8111   495  18.742   1.796         
 8114   495  18.303   1.465         
 8116   495  17.506   1.252         
 8117   495  18.594   1.559         
 8119   495  17.770   1.353         
 8120   495  18.436   1.840         
 8123   495  17.856   1.552         
 8124   495  16.210   1.325         
 8125   495  18.508   1.419         
 8126   495  13.964   1.094         
 8128   495  11.798   0.898         
 8130   495  19.264   2.099         
 8131   495  17.662   1.190         
 8132   495  17.539   1.255         
 8134   495  17.328   1.778         
 8136   495  16.322   1.343         
 8138   495  18.100   1.039         
 8139   495  18.344   1.574         
 8140   495  17.464   1.433         
 8141   495  16.818   0.596         
 8144   495  18.328   1.627         
 8145   495  16.872   1.568         
 8146   495  18.197   1.255         
 8147   495  17.939   1.806         
 8149   495  18.045   1.446         
 8151   495  16.709   1.367         
 8153   495  18.194   1.153         
 8154   495  15.020   1.269         
 8155   495  18.307   1.469         
 8157   495  18.643   1.491         
 8159   495  17.967   1.516         
 8160   495  17.793   1.403         
 8161   495  17.247   1.488         
 8164   495  18.234   1.310         
 8166   495  18.164   1.476         
 8170   495  14.334   1.022         
 8171   495  17.358   1.282         
 8173   495  16.342   1.529         
 8174   495  17.819   1.264         
 8176   495  18.513   1.592         
 8177   495  15.257   1.671         
 8178   495  18.701   1.362         
 8180   495  17.049   1.551         
 8181   495  17.695   1.467         
 8183   495  17.270   1.367         
 8184   495  18.114   1.557         
 8185   495  18.883   1.452         
 8186   495  18.234   1.632         
 8190   495  16.245   1.353         
 8191   495  17.288   1.516         
 8193   495  18.186   1.060         
 8195   495  16.990   1.451         
 8196   495  17.612   1.045         
 8198   495  18.727   1.329         
 8203   495  16.261   1.331         
 8204   495  18.472   1.545         
 8206   495  18.462   1.885         
 8210   495  18.066   1.341         
 8215   495  17.230   1.378         
 8216   495  16.175   1.316         
 8217   495  18.303   1.575         
 8220   495  16.902   1.448         
 8221   495  18.351   1.561         
 8222   495  17.974   1.484         
 8226   495  18.407   2.022         
 8227   495  18.530   1.574         
 8230   495  17.216   1.387         
 8232   495  12.981   0.938         
 8234   495  18.278   1.608         
 8236   495  18.864   1.454         
 8240   495  18.510   1.554         
 8241   495  17.545   1.406         
 8243   495  18.668   1.871         
 8245   495  16.342   1.045         
 8249   495  18.341   1.055         
 8251   495  17.544   1.952         
 8256   495  18.405   1.355         
 8257   495  18.692   1.257         
 8259   495  15.462   2.114         
 8260   495  18.245   1.363         
 8261   495  16.839   1.402         
 8262   495  13.378   0.939         
 8264   495  17.721  -0.192         
 8266   495  17.069   1.453         
 8268   495  18.584   1.328         
 8270   495  17.907   1.829         
 8271   495  16.511   1.380         
 8272   495  17.893   1.522         
 8274   495  15.779   1.106         
 8275   495  18.540   1.718         
 8277   495  12.600   1.559         
 8278   495  14.950  -2.284         
 8279   495  16.862   1.372         
 8280   495  17.205   1.549         
 8282   495  17.382   1.618         
 8284   495  17.935   0.852         
 8289   495  17.244   1.494         
 8292   495  18.042   1.496         
 8293   495  16.278   1.949         
 8295   495  18.180   2.128         
 8297   495  17.087   1.875         
 8299   495  15.420   1.765         
 8300   495  17.648   1.228         
 8301   495  15.672   0.896         
 8302   495  14.250   2.112         
 8303   495  14.187   1.008         
 8306   495  18.548   2.066         
 8309   495  16.845   1.888         
 8310   495  17.179   1.258         
 8313   495  17.440   1.475         
 8315   495  17.186   1.993         
 8316   495  16.760   1.767         
 8317   495  18.508   1.314         
 8319   495  16.780   1.793         
 8320   495  16.858   2.047         
 8322   495  14.763   1.003         
 8323   495  19.274   1.266         
 8324   495  17.746   1.281         
 8326   495  14.664   1.121         
 8327   495  16.109   0.957         
 8328   495  17.927   1.479         
 8329   495  16.329   1.592         
 8330   495  18.320   2.060         
 8331   495  14.086   1.304         
 8333   495  18.045   1.180         
 8334   495  18.221   1.635         
 8335   495  15.476   1.099         
 8336   495  18.771   0.171         
 8337   495  14.985   1.171         
 8338   495  15.687   1.858         
 8339   495  15.648   1.104         
 8341   495  17.610   1.844         
 8343   495  18.528   1.450         
 8344   495  16.878   1.133         
 8345   495  18.165   1.374         
 8346   495  16.552   1.353         
 8347   495  17.489   1.353         
 8349   495  13.709   2.277         
 8350   495  17.482   1.593         
 8351   495  17.573   2.309         
 8358   495  17.633   1.917         
 8362   495  17.687   1.775         
 8364   495  19.025   1.377         
 8365   495  18.515   1.535         
 8368   495  16.989   0.938         
 8369   495  18.235   1.844         
 8370   495  15.328   1.012         
 8371   495  18.442   1.142         
 8372   495  15.462   1.066         
 8376   495  19.042   1.420         
 8379   495  13.575   0.896         
 8381   495  16.454   1.269         
 8382   495  16.354   1.175         
 8383   495  19.338   1.459         
 8384   495  17.213   1.125         
 8385   495  18.253   1.274         
 8386   495  17.892   1.267         
 8388   495  17.522   1.625         
 8393   495  18.592   0.957         
 8398   495  17.793   1.483         
 8400   495  18.742   1.085         
 8404   495  18.499   1.390         
 8405   495  18.033   1.572         
 8406   495  17.846   1.623         
 8410   495  18.125   1.303         
 8411   495  15.825   0.997         
 8412   495  17.215   0.997         
 8414   495  17.990   1.254         
 8415   495  17.637   1.323         
 8416   495  18.875   1.337         
 8418   495  16.638   1.184         
 8419   495  17.441   1.543         
 8421   495  12.970   0.750         
 8422   495  18.250   1.720         
 8423   495  17.842   1.836         
 8424   495  16.604   0.997         
 8425   495  17.480   1.835         
 8426   495  16.038   1.328         
 8427   495  17.268   1.353         
 8428   495  17.793   1.545         
 8429   495  14.615   0.968         
 8430   495  18.383   1.860         
 8432   495  16.747   1.881         
 8435   495  18.282   1.606         
 8437   495  16.484   1.451         
 8440   495  15.822   1.279         
 8441   495  17.015   1.438         
 8442   495  17.009   1.437         
 8446   495  16.232   1.376         
 8447   495  15.265   0.952         
 8448   495  15.037   1.814         
 8449   495  17.735   1.457         
 8455   495  16.496   1.716         
 8456   495  18.503   1.547         
 8460   495  18.126   1.636         
 8461   495  17.490   1.427         
 8463   495  18.645   0.255         
 8465   495  18.281   1.622         
 8469   495  13.727   0.928         
 8470   495  16.070   0.946         
 8474   495  16.324   1.055         
 8476   495  16.100   2.175         
 8477   495  18.141   1.210         
 8479   495  15.815   1.079         
 8481   495  18.265   1.613         
 8482   495  18.572   1.780         
 8483   495  18.277   1.736         
 8485   495  17.692   1.488         
 8486   495  15.874   1.041         
 8487   495  18.550   1.549         
 8488   495  18.851   1.460         
 8490   495  18.651   1.236         
 8491   495  16.984   1.247         
 8493   495  19.114   1.162         
 8495   495  17.719   1.636         
 8496   495  17.371   1.476         
 8497   495  18.889   1.500         
 8498   495  15.189   0.989         
 8500   495  18.657   1.272         
 8502   495  18.412   1.449         
 8505   495  18.137   1.269         
 8508   495  18.518   1.506         
 8510   495  16.460   1.363         
 8511   495  17.905   1.748         
 8516   495  18.049   1.435         
 8517   495  17.003   1.327         
 8519   495  18.744   1.266         
 8520   495  14.018   0.813         
 8521   495  14.018   0.938         
 8522   495  17.849   1.389         
 8524   495  16.299   1.818         
 8525   495  16.991   1.789         
 8526   495  15.691   1.062         
 8527   495  16.976   1.356         
 8531   495  17.110   1.298         
 8532   495  14.725   1.022         
 8533   495  17.869   1.506         
 8534   495  17.290   1.712         
 8538   495  15.644   1.175         
 8539   495  17.603   1.488         
 8540   495  18.731   1.497         
 8541   495  18.881   1.681         
 8542   495  18.293   1.662         
 8544   495  18.617   1.421         
 8546   495  18.629   1.061         
 8547   495  17.736   1.369         
 8549   495  18.426   1.415         
 8550   495  14.327   0.914         
 8551   495  18.267   1.667         
 8552   495  19.186   1.517         
 8553   495  17.932   1.557         
 8554   495  13.912   0.903         
 8555   495  17.986   1.457         
 8556   495  18.485   1.760         
 8558   495  18.494   1.478         
 8559   495  17.804   1.273         
 8561   495  17.945   1.965         
 8564   495  18.255   1.688         
 8565   495  16.723   1.287         
 8567   495  18.061   1.161         
 8568   495  18.924   1.615         
 8569   495  16.665   1.904         
 8570   495  17.457   1.693         
 8573   495  18.509   1.340         
 8574   495  15.174   1.111         
 8577   495  18.046   1.158         
 8578   495  17.654   1.469         
 8579   495  14.386   1.131         
 8580   495  18.790   1.300         
 8581   495  18.361   1.575         
 8582   495  15.940   1.419         
 8583   495  15.798   1.905         
 8584   495  13.318   0.854         
 8588   495  16.046   1.054         
 8593   495  15.687   0.998         
 8594   495  18.268   1.238         
 8597   495  18.103   1.258         
 8598   495  14.119   0.959         
 8600   495  15.674   1.041         
 8601   495  18.166   1.625         
 8603   495  16.745   1.189         
 8605   495  12.682   0.804         
 8606   495  18.539   1.781         
 8610   495  16.790   1.906         
 8612   495  16.053   1.363         
 8614   495  19.054   1.688         
 8615   495  16.954   1.239         
 8616   495  17.446   1.399         
 8617   495  18.528   1.530         
 8618   495  17.189   1.168         
 8619   495  16.178   1.728         
 8620   495  13.516   0.929         
 8621   495  18.356   1.374         
 8622   495  16.727   1.300         
 8624   495  16.916   1.856         
 8625   495  18.870   1.503         
 8626   495  17.304   1.084         
 8628   495  17.954   1.575         
 8629   495  18.546   2.168         
 8630   495  17.679   1.397         
 8631   495  17.915   1.479         
 8634   495  18.141   0.987         
 8635   495  18.657   1.615         
 8637   495  17.557   1.756         
 8638   495  16.447   1.239         
 8642   495  16.252   1.159         
 8643   495  17.764   1.528         
 8645   495  16.026   1.073         
 8647   495  14.868   1.029         
 8650   495  18.432   1.933         
 8651   495  18.756   0.958         
 8653   495  17.716   1.566         
 8655   495  16.602   1.325         
 8656   495  16.952   1.757         
 8657   495  17.712   1.204         
 8658   495  15.087   1.466         
 8660   495  14.020   1.889         
 8662   495  15.640   1.002         
 8663   495  18.443   1.839         
 8664   495  17.070   1.437         
 8665   495  17.050   1.313         
 8666   495  18.068   2.246         
 8668   495  18.847   1.772         
 8669   495  18.893   1.228         
 8670   495  16.768   1.936         
 8671   495  17.481   1.057         
 8672   495  18.303   1.600         
 8673   495  17.219   1.883         
 8674   495  11.755   0.666         
 8675   495  18.805   1.778         
 8677   495  18.676   1.279         
 8679   495  14.451   1.232         
 8680   495  16.802   1.414         
 8682   495  18.560   1.379         
 8686   495  18.819   1.360         
 8691   495  17.472   1.202         
 8692   495  18.689   1.598         
 8693   495  19.132   1.316         
 8697   495  19.014   1.079         
 8698   495  16.269   1.011         
 8699   495  18.685   1.281         
 8703   495  16.017   1.177         
 8704   495  17.129   1.391         
 8705   495  18.069   1.357         
 8706   495  15.730   1.946         
 8707   495  13.149   2.078         
 8708   495  15.525   0.969         
 8709   495  15.838   1.163         
 8711   495  17.924   1.357         
 8714   495  17.606   1.384         
 8715   495  16.452   2.019         
 8716   495  15.731   1.831         
 8718   495  18.426   1.131         
 8719   495  17.576   1.317         
 8721   495  17.463   1.520         
 8723   495  18.207   1.650         
 8725   495  17.442   1.377         
 8726   495  15.723   1.761         
 8727   495  16.795   1.238         
 8728   495  17.973   1.279         
 8729   495  17.281   1.542         
 8730   495  17.535   1.473         
 8732   495  17.531   1.259         
 8733   495  14.544   0.927         
 8734   495  17.394   1.205         
 8735   495  18.109   1.764         
 8736   495  17.202   1.255         
 8737   495  18.645   1.409         
 8740   495  17.852   1.248         
 8741   495  17.865   1.226         
 8743   495  16.861   1.238         
 8744   495  13.401   0.970         
 8747   495  17.612   1.337         
 8748   495  18.224   1.480         
 8749   495  18.765   1.235         
 8751   495  18.053   1.337         
 8755   495  16.019   1.268         
 8756   495  14.290   2.273         
 8757   495  15.896   1.108         
 8760   495  18.187   1.462         
 8761   495  14.121   1.004         
 8767   495  17.979   1.516         
 8768   495  17.318   1.156         
 8769   495  18.155   1.404         
 8771   495  18.626   1.134         
 8772   495  15.439   0.987         
 8773   495  18.122   1.231         
 8774   495  17.215   1.386         
 8775   495  14.276   1.820         
 8779   495  17.056   1.566         
 8780   495  17.901   1.308         
 8782   495  16.547   1.585         
 8787   495  17.643   1.358         
 8788   495  14.232   0.826         
 8790   495  16.959   1.710         
 8792   495  18.225   1.360         
 8793   495  16.167   0.996         
 8798   495  18.891   1.322         
 8799   495  18.878   1.261         
 8800   495  18.514   1.354         
 8803   495  16.405   1.714         
 8807   495  13.956   0.858         
 8811   495  18.202   1.722         
 8812   495  18.136   1.296         
 8813   495  18.479   1.245         
 8814   495  18.628   1.259         
 8816   495  18.690   1.763         
 8818   495  18.347   1.365         
 8819   495  15.492   1.083         
 8820   495  18.011   1.578         
 8821   495  16.668   1.672         
 8823   495  17.308   1.338         
 8824   495  18.357   1.626         
 8826   495  18.848   1.320         
 9000   545  15.804   1.002