2454750.3     10.0
2454750.30208     9.7
2454750.3125     9.8
2454750.60     10.0
2454751.3     9.6
2454751.32445     9.397
2454751.346     9.5
2454751.34653     9.6
2454751.42494     9.376
2454751.4256     9.40
2454752.27431     9.1
2454752.324248     9.318
2454752.40208333     9.8
2454753.311678     9.242
2454754.2     9.2
2454755.35     9.4
2454756.3     9.5
2454756.3     9.7
2454756.335     9.1
2454756.58333     9.7
2454756.6     9.6
2454757.26     9.6
2454757.3     8.9
2454757.41172     8.870
2454757.58897     10.62
2454757.58897     8.83
2454757.6431     9.7
2454758.3     9.5
2454758.30     9.3
2454758.30     9.1
2454758.3000     9.3
2454758.3280     9.6
2454758.3424     9.4
2454758.354     9.1
2454758.3854     9.00
2454758.39653     9.1
2454759.2729     9.2
2454759.308     9.0
2454759.3125     8.8
2454759.38263889     9.8
2454759.43     9.1
2454759.5     9.0
2454760.221     8.9
2454760.3     8.9
2454760.35555556     9.7
2454760.3646     8.7
2454760.40729     8.646
2454760.59     9.2
2454761.2     8.6
2454761.2000     9.2
2454761.3     9.5
2454761.3039     8.7
2454761.45139     9.0
2454762.2000     8.9
2454762.307     8.90
2454762.3229     9.0
2454762.3540     9.3
2454763.288     8.8
2454763.32430556     9.7
2454763.39685     8.428
2454763.4     9.3
2454763.7     8.6
2454764.3     8.6
2454764.304416     8.278
2454764.33     9.4
2454764.33     9.4
2454764.33     8.5
2454764.33958333     9.6
2454764.34     9.1
2454764.4283     8.70
2454765.2     8.0
2454765.25     8.5
2454765.3     8.6
2454765.3361     8.7
2454765.6     8.7
2454766.3361     8.8
2454766.3840     8.0
2454766.4     8.3
2454767.2     8.0
2454767.3     9.0
2454767.3000     8.7
2454767.3119     8.9
2454767.334832     8.075
2454767.4     8.2
2454768.2604     8.5
2454768.346291     8.032
2454768.3934     8.50
2454768.55556     8.4
2454769.2590     8.1
2454769.26     8.5
2454769.30     8.7
2454769.31042     8.1
2454769.6250     8.2
2454769.76     8.9
2454770.4     8.2
2454770.40     8.2
2454771.28     8.2
2454771.306     8.0
2454771.346267     7.791
2454771.35278     8.4
2454771.3562     8.5
2454771.59     8.4
2454771.64236     7.9
2454772.2     8.0
2454772.5     7.8
2454772.5414     7.644
2454772.5414     4.57
2454772.5414     9.40
2454772.6     8.9
2454773.25     8.1
2454773.3000     8.3
2454773.39     8.9
2454773.5     9.0
2454773.91     8.3
2454774.30     8.4
2454774.3243     8.6
2454774.5     7.8
2454775.2     7.8
2454776.25     8.4
2454776.313     8.0
2454776.32     7.8
2454777.2     8.3
2454777.30     7.9
2454777.54844     4.07
2454777.54844     7.50
2454777.54844     9.13
2454778.63     8.5
2454779.27     8.0
2454779.3021     8.5
2454779.5     7.1
2454779.64792     7.4
2454780.2326     8.2
2454780.2535     7.8
2454780.26597     7.5
2454780.275     7.6
2454780.3332     8.1
2454781.24     7.5
2454781.51042     7.8
2454781.515     7.20
2454781.51750     7.385
2454781.54083     2.665
2454781.54167     1.895
2454781.56458     5.430
2454781.56583     4.598
2454782.30     8.6
2454782.30     7.5
2454782.3000     7.7
2454783.3     8.2
2454783.5     8.0
2454784.2222     8.1
2454784.228     7.5
2454784.28125     7.6
2454784.3     7.5
2454784.35278     8.0
2454786.24     7.8
2454787.276     7.4
2454787.29     8.5
2454787.3     7.3
2454787.5     7.2
2454788.1897     8.6
2454788.23     8.0
2454788.24     8.3
2454788.25486     8.0
2454788.3     7.3
2454788.32     7.4
2454788.342     7.8
2454788.5     7.4
2454789.19     7.3
2454789.2     7.1
2454789.2000     7.7
2454789.23     7.0
2454789.24     7.3
2454789.24     7.4
2454789.54028     7.2
2454789.6     7.5
2454790.3     8.1
2454790.3493     7.6
2454791.3     7.2
2454791.9     6.4
2454792.2     7.2
2454792.2188     7.8
2454792.29369     7.760
2454792.298     7.5
2454792.41667     7.5
2454793.21     7.1
2454793.21     7.9
2454793.2776     8.7
2454793.3     7.4
2454793.30     7.9
2454793.3472     6.9
2454793.59028     8.5
2454793.61583     7.254
2454793.63958     2.567
2454793.64042     1.783
2454794.18     6.9
2454794.26250     7.6
2454794.33     7.2
2454794.33     8.3
2454794.5     8.3
2454795.3     8.2
2454795.3173     7.2
2454795.3486     7.3
2454795.3749     8.10
2454796.2     7.0
2454796.24     7.0
2454796.2431     6.6
2454796.278     7.5
2454796.28     7.8
2454796.3     7.1
2454797.19     6.7
2454797.55764     7.5
2454797.6     7.0
2454798.20     6.8
2454798.21     8.0
2454798.24     7.8
2454798.3     7.9
2454798.3154     8.1
2454798.3298     7.8
2454798.5938     7.5
2454799.2000     7.4
2454799.21     7.3
2454799.22     8.3
2454799.27259     7.879
2454799.5     7.5
2454799.55208     2.510
2454799.55292     1.712
2454799.57792     4.936
2454799.58042     7.117
2454799.6278     7.0
2454799.6597     7.3
2454800.3     6.8
2454800.3382     8.6
2454800.3403     7.6
2454800.4     8.7
2454800.56     7.5
2454800.9     6.4
2454801.19097222     8.3
2454801.2     6.9
2454802.3695     8.0
2454802.37361     6.8
2454803.1403     6.8
2454803.22917     7.1
2454804.24     6.8
2454804.3     7.3
2454804.3433     7.90
2454804.45208     7.211
2454804.45333     5.074
2454804.45972222     8.0
2454804.46583     7.197
2454804.46750     5.079
2454805.333     7.4
2454806.4     8.3
2454808.19     7.2
2454808.20486     6.9
2454808.26597     7.7
2454808.3     7.0
2454808.3181     7.3
2454808.344     7.4
2454809.17     6.9
2454809.21     7.2
2454809.27     7.9
2454810.18     7.1
2454810.2     7.0
2454810.21181     7.0
2454810.2153     7.7
2454810.2639     6.8
2454812.25     6.8
2454812.55087     7.23
2454812.55087     8.90
2454813.20     7.1
2454814.2     6.9
2454814.20903     7.1
2454815.2000     7.8
2454815.5     7.0
2454816.5     8.2
2454817.2     6.9
2454818.27431     7.4
2454818.3     7.3
2454818.5     7.6
2454819.30470     7.0
2454820.2229     8.5
2454821.2     7.0
2454821.313     7.7
2454822.20     8.0
2454822.2181     8.0
2454822.24     7.5
2454822.24     8.2
2454822.2434     8.2
2454822.29     7.6
2454822.306     8.40
2454822.3236     8.0
2454823.186     7.6
2454824.20     8.3
2454824.2000     8.2
2454824.21     7.9
2454824.21111     7.3
2454824.21308     7.908
2454824.72     7.3
2454826.18     7.6
2454826.19     7.8
2454826.2618     8.0
2454826.27639     7.6
2454826.279     7.6
2454826.3472     7.0
2454827.2     7.3
2454827.20     8.2
2454827.2153     8.2
2454827.22     7.5
2454827.2525     8.10
2454827.2819     7.3
2454827.3     7.6
2454827.3170     8.6
2454828.2     6.8
2454828.3     7.6
2454829.19583333     7.8
2454829.23     7.6
2454829.23     6.6
2454829.2361     8.5
2454829.26     8.0
2454829.2619     7.60
2454829.3     7.3
2454829.42     7.8
2454829.5     7.9
2454830.2368     8.0
2454830.2697     7.50
2454830.29166667     7.8
2454831.18498     7.630
2454831.20277778     7.8
2454832.17352     7.728
2454832.192     7.7
2454832.5     8.2
2454833.163     7.8
2454833.23819     7.0
2454834.18649     7.754
2454834.19     7.4
2454834.2     7.4
2454834.25417     7.3
2454834.2778     7.6
2454834.3     7.2
2454835.2     7.5
2454835.20     8.5
2454835.2000     8.7
2454835.21     7.5
2454835.22     7.6
2454835.23     7.7
2454835.54861     7.0
2454836.179     7.9
2454837.18078     7.751
2454837.190     7.9
2454837.2410     7.6
2454837.291273     7.478
2454838.2     8.2
2454838.253021     7.544
2454839.17366     8.091
2454839.2118     7.7
2454839.25     9.1
2454839.6     7.6
2454840.20     7.5
2454840.6     7.7
2454840.72     7.7
2454841.192     8.0
2454841.20     8.6
2454841.22     7.8
2454841.2544     7.70
2454841.33681     7.6
2454842.2326     7.8
2454842.2493     7.7
2454842.3     7.7
2454843.18750     7.4
2454844.3     7.6
2454844.4     8.1
2454845.3056     7.9
2454845.5     8.1
2454845.5     8.3
2454847.232     8.1
2454849.19444     7.3
2454849.20139     7.9
2454849.2465     8.7
2454850.2     8.4
2454851.20     8.8
2454851.2000     8.6
2454851.253137     7.831
2454852.25     8.5
2454853.235     8.2
2454854.2431     8.1
2454854.3     8.2
2454854.70555556     8.2
2454855.9     8.6
2454857.2396     8.3
2454857.26389     8.5
2454857.3     7.9
2454857.3     8.7
2454857.3     8.1
2454858.2049     8.5
2454858.21     8.5
2454858.2147     8.9
2454858.2472     8.2
2454860.2465     8.6
2454863.275     8.4
2454863.6937     8.30
2454864.0     8.4
2454864.215     8.5
2454866.23611     8.9
2454866.6910     8.9
2454867.0160     8.6
2454867.9     8.8
2454868.22569     8.2
2454870.9896     8.2
2454871.23681     8.7
2454871.265     8.7
2454877.46875     8.9
2454877.9     9.3
2454879.6681     8.8
2454882.0     8.8
2454882.9549     8.9
2454886.9     9.6
2454887.6813     9.6
2454892.72     8.8
2454893.42431     9.5
2454895.47708     10.0
2454895.9     9.4
2454896.72     9.4
2454897.6326     9.4
2454897.9     9.9
2454898.6319     9.8
2454899.71     9.4
2454900.30903     9.7
2454904.6264     10.0
2454907.68     9.64
2454907.9     10.2
2454908.313     9.8
2454908.47013889     10.1
2454908.6243     9.9
2454908.6514     9.6
2454910.39513889     10.4
2454910.6563     10.2
2454910.7     10.0
2454910.8     9.9
2454911.593     9.78
2454912.6056     10.0
2454912.65     10.5
2454914.41667     10.0
2454914.66     10.1
2454917.48     10.1
2454917.69     10.3
2454917.9     11.0
2454918.5625     10.3
2454919.5833     10.4
2454921.60763889     11.1
2454923.5958     10.3
2454923.6     10.8
2454923.62     10.3
2454923.6507     10.5
2454923.9     10.3
2454924.6     10.2
2454924.6528     10.1
2454924.677     10.15
2454926.5701     10.4
2454927.5909     10.0
2454931.6063     10.7
2454931.9     11.3
2454932.41736     10.4
2454937.62     10.4
2454937.8     11.0
2454938.6056     11.1
2454939.6     11.1
2454940.2     10.9
2454940.5     10.7
2454941.4944     11.2
2454942.377     11.6
2454942.5847     11.2
2454943.35     11.0
2454943.43     10.8
2454944.6063     11.3
2454945.8     11.6
2454946.4     10.8
2454947.37     11.0
2454947.44     10.9
2454947.5139     11.8
2454947.53     11.1
2454947.6     11.1
2454950.4     11.1
2454950.5854     11.1
2454950.643     10.94
2454951.42083     11.1
2454951.592     10.91
2454952.9     11.4
2454953.5104     11.1
2454953.575     10.99
2454953.5938     11.9
2454953.6007     10.9
2454953.6394     12.2
2454954.4     11.2
2454954.482     11.01
2454955.45     11.7
2454955.8     11.7
2454958.5806     11.8
2454962.5382     11.6
2454963.5139     11.6
2454964.38     11.6
2454965.30     12.0
2454966.42     11.6
2454967.5028     11.8
2454967.5854     11.2
2454968.3768     12.3
2454968.44     11.9
2454968.549     11.46
2454969.505     11.49
2454969.8     11.9
2454969.8     12.0
2454970.491     11.51
2454971.492     11.51
2454973.4     11.5
2454973.5076     12.1
2454974.4576     11.7
2454975.3875     12.1
2454975.4     11.8
2454975.44     12.3
2454975.484     11.68
2454975.50     12.4
2454975.5563     12.2
2454975.57     12.8
2454975.57     12.4
2454976.36     11.3
2454976.46597     12.2
2454976.5423     12.4
2454977.39     12.6
2454977.5     12.4
2454979.39     12.0
2454980.501     11.83
2454980.6076     12.3
2454980.8     12.5
2454981.482     11.86
2454981.5028     12.6
2454982.3528     12.2
2454982.4389     12.3
2454982.5     12.5
2454982.5298     12.5
2454984.5799     12.5
2454985.4507     12.5
2454985.494     11.98
2454986.38     12.3
2454986.44     12.5
2454986.485     12.00
2454992.3770     13.0
2454994.4882     12.8
2454995.5     13.0
2454995.5     12.30
2454996.41     12.6
2454996.493     12.31
2454996.5     12.3
2454996.509     12.9
2454997.3543     12.9
2454997.38     12.2
2454998.7     12.9
2454999.4625     12.5
2455001.469     12.46
2455002.3667     13.0
2455002.47     13.0
2455003.39      12.3
2455004.5646     13.0
2455006.4646     13.0
2455006.493     12.62
2455007.4054     13.1
2455007.472     12.69
2455008.7     13.0
2455009.508     12.72
2455010.36     13.0
2455010.465     12.75
2455011.38     13.2
2455011.461     12.78
2455013.40     13.8
2455013.4701     13.4
2455014.505     12.86
2455015.4292     13.4
2455016.5      12.3
2455016.9194      12.9
2455017.41      12.3
2455017.44     13.3
2455019.72014      10.7
2455021.76111      13.8
2455022.35     13.3
2455023.4076      13.7
2455023.5      12.8
2455025.3917     13.2
2455026.67639      10.7
2455027.3732     13.5
2455027.42     13.3
2455028.473     13.35
2455028.6     14.0
2455031.72390      12.4
2455032.36     13.5
2455032.6965      12.4
2455032.8     13.6
2455033.35     13.7
2455035.38     13.4
2455035.5218     13.8
2455037.4174     13.8
2455038.4201      13.9
2455038.4604     13.6
2455039.40     13.5
2455039.40     13.9
2455039.72014      10.7
2455040.41     13.8
2455041.3612     13.4
2455041.4      13.5
2455042.8     13.6
2455043.5      12.8
2455044.6278     13.8
2455046.72361      10.7
2455049.41111     13.90
2455050.50884     13.246
2455051.51050     13.554
2455052.3309      13.1
2455052.3861      14.0
2455053.68750      10.7
2455054.5      12.8
2455054.531     14.20
2455054.7326     13.8
2455055.465     14.27
2455055.48819     14.23
2455057.478     14.12
2455058.44     13.8
2455058.473     14.26
2455058.50625     14.48
2455058.67014      10.7
2455059.474     14.31
2455059.49456     13.842
2455059.6910      13.6
2455060.38     13.8
2455060.48921     13.748
2455060.523     14.37
2455060.8611     14.1
2455061.3      13.5
2455061.36      12.8
2455061.4      13.6
2455061.4290     13.3
2455061.442     14.30
2455062.444     14.03
2455062.48022     13.994
2455062.8     13.9
2455063.30     13.9
2455063.463     14.32
2455063.48112     13.832
2455064.44      13.6
2455064.449     14.41
2455064.47250     13.839
2455064.6      12.9
2455065.3840      14.0
2455065.41     13.8
2455065.435     14.52
2455065.70069      10.8
2455066.3662      13.6
2455066.465     14.29
2455066.47581     13.834
2455067.47446     14.145
2455067.6035      13.9
2455068.30     14.0
2455068.4      12.8
2455068.47038     14.061
2455068.67986      10.8
2455068.7729      13.6
2455069.44     14.1
2455069.6     13.8
2455069.8438     14.1
2455072.34      11.5
2455072.42     14.59
2455072.44     13.6
2455073.453     14.52
2455073.72569      10.7
2455074.378     14.66
2455075.407     14.31
2455075.4271      14.0
2455076.41      12.8
2455076.5656      13.6
2455077.39      13.5
2455080.428     14.9
2455080.722      13.8
2455081.407     14.7
2455081.67222      10.8
2455083.412     14.8
2455084.3806      13.1
2455084.42      11.5
2455085.5     14.1
2455088.4      13.6
2455089.41774     13.818
2455089.5      12.9
2455089.65833      10.7
2455090.30     14.3
2455090.80163     14.929
2455091.407     14.4
2455091.43234     14.147
2455091.4951      12.8
2455091.6694     14.6
2455091.6910      13.6
2455093.40984     14.319
2455093.7     14.4
2455094.36     14.4
2455094.40575     14.266
2455094.4153      13.8
2455094.7188      13.6
2455094.72778      10.7
2455095.33      13.6
2455095.40057     14.030
2455096.36      14.0
2455096.41991     14.301
2455096.4272      14.0
2455098.429     13.82
2455099.403     14.91
2455099.40322     14.072
2455101.3472      13.1
2455101.37      13.8
2455101.3750      14.5
2455101.38853     14.146
2455101.4514      13.6
2455101.6493     14.6
2455102.38718     13.952
2455103.36     13.4
2455104.34375     14.0
2455104.35867     14.282
2455104.6215     14.6
2455104.64514      10.7
2455105.411     14.8
2455107.36009     13.780
2455110.30     14.1
2455113.36917     13.866
2455113.4     13.8
2455115.56703     14.198
2455115.67014      10.7
2455116.28     14.0
2455116.28     13.5
2455116.2917      12.9
2455116.4479      13.6
2455116.6     14.1
2455118.30208      11.9
2455120.419     12.37
2455122.4     14.4
2455122.4618      14.0
2455122.63611      10.8
2455123.346     13.10
2455123.6111      13.6
2455125.30417      12.9
2455125.641      12.4
2455127.30     13.8
2455128.33611     13.75
2455130.388     13.59
2455130.6     14.0
2455130.66567     13.541
2455131.334     13.58
2455132.342     13.45
2455132.35      9.90
2455134.29763     12.894
2455134.37      11.3
2455134.436     13.43
2455135.32     13.0
2455136.32014      13.6
2455136.416     13.31
2455140.3993      12.8
2455142.6     13.6
2455143.34236      12.4
2455143.5181     12.6
2455143.59375      10.7
2455145.24     12.6
2455145.26     13.2
2455145.6000     13.8
2455147.519      10.8
2455149.20     13.1
2455149.2868     12.7
2455150.2     12.8
2455150.6     12.6
2455151.25556     12.7
2455152.5     12.8
2455153.31     12.4
2455153.3854     13.1
2455153.4     12.2
2455154.22     12.3
2455155.25     12.8
2455155.27431     12.7
2455155.2806     12.4
2455155.3     12.4
2455156.2569     12.9
2455156.299     11.97
2455157.357     12.3
2455157.36042     11.1
2455157.47917     12.4
2455158.5590     12.3
2455159.26806     12.0
2455160.367     11.70
2455161.21     12.0
2455161.30     11.7
2455161.60293     11.656
2455163.19236     10.9
2455164.24     11.8
2455164.3     11.8
2455165.20     11.0
2455165.31944     12.3
2455166.2590     12.1
2455167.344     11.5
2455167.4965     11.9
2455170.17222     10.8
2455170.5     11.6
2455171.21736     11.7
2455171.5     11.5
2455172.300     10.8
2455174.21806     10.7
2455175.30     10.3
2455175.54107     12.9366
2455175.54107     10.5343
2455176.2431     10.7
2455176.319     10.55
2455177.26389     10.6
2455178.3     9.9
2455179.300     10.5
2455179.3160     10.6
2455179.6278     11.0
2455181.307     10.17
2455182.5     10.7
2455184.22083     10.0
2455184.252     10.2
2455185.26042     9.9
2455186.20     10.0
2455186.2455     9.5
2455186.2625     10.1
2455186.27778     9.8
2455187.0     10.2
2455187.21319     9.8
2455187.25972     9.9
2455188.16944     9.2
2455188.2840     9.5
2455188.3     9.4
2455189.190     9.4
2455189.2826     9.4
2455189.2917     9.8
2455191.291     9.10
2455191.6750     9.2
2455192.20     9.3
2455192.522     9.5
2455193.15410     8.930
2455193.268     8.98
2455194.17500     8.5
2455194.1924     8.9
2455194.20     9.2
2455194.20     9.4
2455194.225     8.9
2455194.319     9.2
2455194.7042     8.2
2455195.0     9.3
2455196.22222     9.0
2455198.2396     8.7
2455198.2604     8.9
2455198.274427     8.536
2455198.3     9.0
2455198.3604     9.0
2455198.5     8.7
2455199.19167     8.3
2455199.274473     8.459
2455200.18     8.7
2455201.20     9.2
2455202.180     8.3
2455202.24167     8.6
2455202.4     8.1
2455203.25     8.29
2455203.25     8.2
2455204.2451     9.4
2455206.5     9.0
2455208.20     8.5
2455208.20     8.4
2455208.2243     8.9
2455208.2292     8.7
2455209.2243     7.5
2455209.5     8.2
2455211.20     8.9
2455211.2438     8.5
2455212.32500     8.1
2455213.1993     7.5
2455213.3     7.8
2455214.3     7.8
2455214.7604     8.8
2455215.26     7.6
2455215.714     8.23
2455215.714     8.2
2455216.7313     8.7
2455217.9     8.8
2455218.2     7.8
2455218.709     7.97
2455218.709     7.9
2455219.26     7.9
2455221.20     8.1
2455222.711     8.0
2455224.27     7.6
2455225.0     7.9
2455227.19375     8.3
2455227.53472     7.7
2455228.2     7.7
2455228.25     7.6
2455228.2792     7.6
2455228.30556     8.1
2455229.0     8.5
2455229.20     8.5
2455236.227     8.3
2455238.9     8.8
2455239.0     8.2
2455242.0     8.2
2455244.252     8.1
2455244.35139     8.1
2455244.6792     9.0
2455244.718     8.2
2455248.627     8.66
2455248.9     8.9
2455252.34514     8.2
2455254.0     8.3
2455254.61     8.61
2455256.608     8.65
2455257.59028     8.7
2455257.69     9.0
2455258.4722     7.9
2455259.9     8.8
2455260.6632     8.9
2455260.710     8.3
2455261.664     8.60
2455262.633     8.6
2455262.7021     8.4
2455263.54     8.8
2455264.6389     9.1
2455264.689     8.2
2455265.60069     8.4
2455265.6326     9.1
2455270.5000     9.0
2455270.68     9.1
2455271.571     8.85
2455271.8     8.9
2455271.9     8.6
2455272.46     8.9
2455273.569     8.70
2455273.6354     9.5
2455274.56944     8.2
2455275.0     8.6
2455275.61     9.1
2455277.41181     8.5
2455277.5     9.1
2455277.631     8.9
2455277.68     8.0
2455279.54167     8.2
2455280.6417     9.0
2455281.9     8.8
2455282.9     9.1
2455283.4     9.2
2455286.6979     8.3
2455287.308     9.0
2455287.56597     8.1
2455287.6403     8.3
2455287.65     9.2
2455287.66     9.2
2455288.54     8.80
2455288.54     8.8
2455288.56597     8.1
2455289.6014     9.4
2455292.522     8.75
2455292.522     8.7
2455293.338     9.1
2455293.52083     8.5
2455294.3722     9.5
2455294.53125     8.5
2455295.56     9.3
2455295.63194     8.7
2455295.9     8.8
2455296.338     9.3
2455296.455324     8.662
2455296.455706     8.641
2455296.456088     8.610
2455296.456481     8.615
2455296.458113     8.635
2455296.458507     8.685
2455296.458877     8.617
2455296.459699     8.652
2455296.460081     8.637
2455296.460868     8.606
2455296.46125     8.648
2455296.461632     8.656
2455296.462014     8.644
2455296.495     8.84
2455296.495     8.8
2455296.9     9.5
2455297.5     9.3
2455297.65     8.5
2455299.51042     8.6
2455301.4444     9.2
2455301.4465     9.3
2455301.495     8.82
2455301.495     8.8
2455303.347     9.0
2455303.3972     9.1
2455303.4174     9.5
2455303.48958     8.8
2455303.5     9.5
2455303.57     9.5
2455303.6049     8.9
2455304.43     9.0
2455304.4403     9.6
2455304.48611     8.8
2455304.6000     9.2
2455305.8     9.6
2455307.507     8.95
2455307.507     8.9
2455308.308     8.9
2455308.40625     8.8
2455308.47569     9.0
2455308.9     9.0
2455309.63     9.3
2455310.4097     9.5
2455310.4111     9.1
2455310.5819     8.7
2455311.5069     9.4
2455311.5486     9.6
2455314.46528     9.1
2455315.4000     9.1
2455315.517     9.21
2455315.9     9.7
2455316.5     8.9
2455320.9     9.2
2455321.337     9.2
2455321.4896     9.4
2455322.4368     9.3
2455322.8     9.2
2455324.0     9.1
2455324.39     8.6
2455324.4112     9.5
2455325.43     9.2
2455326.6     9.9
2455331.4000     9.6
2455331.5806     9.9
2455332.54     9.3
2455333.357     9.6
2455335.4     9.8
2455335.54     9.5
2455335.72569     9.7
2455336.4     9.9
2455336.51     9.49
2455336.8     9.9
2455336.8     9.7
2455336.9     9.6
2455338.4     10.0
2455338.4264     9.8
2455338.4743     10.1
2455338.475     9.55
2455339.4424     9.8
2455339.51     9.5
2455340.31944     9.6
2455340.39     9.9
2455340.39     9.7
2455340.42     9.7
2455340.5     9.7
2455340.551     9.6
2455341.501     9.62
2455343.41     9.6
2455344.52     9.71
2455345.32778     9.8
2455345.40     9.9
2455345.61     9.5
2455346.40     9.7
2455346.494     9.77
2455346.6     10.1
2455349.4792     9.9
2455349.51     10.3
2455350.355     9.8
2455350.3979     9.4
2455350.4153     10.1
2455350.487     9.88
2455350.487     9.8
2455351.352     9.9
2455351.3819     9.9
2455351.7     10.0
2455352.33056     9.9
2455352.40     10.0
2455352.455     9.83
2455352.4556     9.9
2455352.467     9.95
2455352.467     9.9
2455352.67037     9.7
2455353.4     10.9
2455353.40     10.0
2455353.40     9.9
2455353.40     10.1
2455353.4187     10.5
2455353.5031     9.8
2455354.3750     10.1
2455354.3868     9.3
2455354.6833     10.0
2455355.3743     10.1
2455355.4     10.1
2455355.4000     10.0
2455355.489     10.04
2455355.489     10.0
2455355.68     10.0
2455356.42     10.3
2455357.43     9.9
2455358.387     9.9
2455358.4382     10.1
2455359.31250     9.9
2455359.3840     10.2
2455359.39     10.0
2455359.44     10.3
2455359.50     10.7
2455361.357     9.9
2455362.41     10.2
2455362.45     10.3
2455362.7     11.0
2455363.354     10.0
2455364.7     10.4
2455365.352     10.0
2455365.3726     9.7
2455365.39     10.1
2455366.33264     10.2
2455366.487     10.35
2455366.487     10.3
2455366.6743     10.5
2455367.44     10.3
2455367.81250     10.7
2455368.4375     10.3
2455368.4903     11.1
2455369.505     10.39
2455369.505     10.3
2455370.36     11.5
2455370.44     10.4
2455371.30     10.4
2455371.4292     9.9
2455372.4653     10.7
2455372.526     10.50
2455372.526     10.5
2455373.36528     10.2
2455373.377     10.7
2455373.4326     10.8
2455373.5     10.5
2455374.44     10.5
2455375.4361     10.8
2455375.71622     9.9
2455376.5000     11.8
2455376.6     11.4
2455376.72786     10.5
2455377.3799     10.3
2455377.69     10.2
2455377.7     10.9
2455378.4     10.3
2455378.82553     10.637
2455379.28333     10.3
2455381.39     11.3
2455381.43     10.5
2455382.3764     10.5
2455382.389     11.2
2455382.41     10.3
2455382.411     10.77
2455382.411     10.7
2455382.46     11.4
2455382.68550     11.2
2455383.4826     11.3
2455383.5     11.0
2455383.58611     10.8
2455384.411     10.86
2455384.411     10.8
2455384.4215     11.5
2455385.47917     11.2
2455385.58     10.8
2455386.30     10.9
2455386.30417     10.9
2455386.4     11.4
2455386.41     10.9
2455386.416     10.93
2455386.416     10.9
2455386.4688     11.5
2455386.53     11.4
2455387.3750     10.9
2455387.4000     11.2
2455387.4539     10.4
2455387.8     11.8
2455388.388     10.7
2455388.4145     11.5
2455388.7     11.5
2455389.4     11.0
2455389.405     11.01
2455389.405     11.0
2455391.4097     12.2
2455391.5     11.2
2455391.5153     10.8
2455392.401     11.11
2455392.401     11.1
2455393.3714     10.8
2455393.4000     11.2
2455393.4299     11.7
2455394.30     12.0
2455394.459     11.15
2455394.459     11.1
2455395.3993     11.6
2455395.42     10.9
2455395.59792     11.5
2455395.68853     10.5
2455395.8771     11.9
2455396.37     12.0
2455396.387     11.8
2455396.4     11.9
2455396.4056     11.5
2455397.4     11.0
2455398.8     12.0
2455399.60417     11.2
2455399.8     12.2
2455400.4     11.8
2455400.4285     11.7
2455400.43     12.1
2455400.64469     11.4
2455401.64549     11.3
2455401.71862     11.2
2455404.57986     11.9
2455404.65     11.1
2455407.30     12.2
2455407.70936     11.4
2455408.4     11.7
2455409.4     12.1
2455409.409     12.1
2455410.3896     11.8
2455411.3     12.4
2455411.3861     12.1
2455411.4     12.6
2455411.4     11.0
2455411.48     11.8
2455413.45833     12.6
2455414.6     12.3
2455414.7104     12.3
2455414.8     12.5
2455415.57361     12.4
2455415.68127     11.5
2455416.3313     12.3
2455416.645     11.86
2455416.645     11.8
2455417.33     12.6
2455417.3611     12.5
2455417.4000     12.3
2455417.4215     12.6
2455417.49     12.3
2455417.55556     12.2
2455418.4021     11.8
2455418.4479     12.4
2455419.38     12.6
2455419.455      11.7
2455420.30     12.5
2455420.41     12.2
2455421.4     13.1
2455421.48     12.6
2455422.7125     12.8
2455423.4396     12
2455423.60     12.5
2455423.69061     12.0
2455424.3421     12.6
2455424.49653      8.4
2455425.46     12.7
2455425.6     12.6
2455426.459     12.16
2455426.459     12.1
2455428.46332     11.986
2455429.466     12.22
2455429.466     12.2
2455429.5153     12.5
2455429.70087     12.100
2455430.4000     12.2
2455430.48     12.5
2455430.4986     12.5
2455430.5859     12.6
2455430.63971     12.0
2455431.467     12.27
2455431.467     12.2
2455431.49     12.6
2455433.4111      12.4
2455433.45175     12.165
2455433.475     12.34
2455433.475     12.3
2455434.6083     12.7
2455435.4340     12.8
2455435.55764     12.9
2455436.60     13.1
2455437.3694     13.0
2455437.44083     12.133
2455438.34722     13.1
2455438.6     12.9
2455438.6563     12.4
2455440.3312     12.4
2455440.416     12.59
2455440.416     12.5
2455440.43306     12.401
2455440.6     13.0
2455441.5     12.7
2455441.61458     12.4
2455442.42664     12.276
2455443.41     13.0
2455443.469     12.70
2455443.469     12.7
2455444.42340     12.453
2455444.54028     13.2
2455444.63220      12.0
2455445.4090     13.1
2455445.41917     12.484
2455445.4681     12.7
2455445.758      12.4
2455447.34861     13.1
2455447.41353     12.279
2455447.6653     13.3
2455448.43     13.1
2455450.41896     12.591
2455453.30     13.5
2455453.405     13.00
2455453.405     13.0
2455454.5     13.0
2455454.52083     13.1
2455455.477     13.06
2455455.477     13.0
2455456.3438     12.8
2455457.38649     12.816
2455458.38326     12.847
2455459.34     13.24
2455459.429     13.18
2455459.429     13.1
2455460.33     13.2
2455461.37618     12.928
2455462.37427     12.812
2455462.404     13.2
2455463.37069     13.062
2455465.50000      12.9
2455466.41389      12.4
2455466.61458      10.7
2455466.61806      13.8
2455468.498     12.90
2455468.498     12.9
2455469.35748     13.223
2455470.08333      12.4
2455470.35109     13.134
2455472.6     13.6
2455473.35     13.6
2455473.36806     13.7
2455473.54167      11.0
2455475.374     13.69
2455475.6375     13.4
2455476.3006     13.60
2455477.3056      13.6
2455477.35     13.5
2455477.375     13.78
2455477.62986     13.6
2455477.638      12.9
2455478.3     13.6
2455478.36      13.6
2455478.5833     13.7
2455479.3458     13.9
2455479.4     13.7
2455480.5      12.0
2455480.5715     13.6
2455481.39      13.6
2455482.31     13.8
2455482.40     13.6
2455482.5     13.8
2455485.485     13.8
2455488.339     12.67
2455489.35694      13.1
2455491.26     13.9
2455492.30     14.2
2455495.32569     13.9
2455496.36     12.94
2455496.5660      13.6
2455497.63611      12.0
2455498.378     12.83
2455499.3333      10.7
2455500.35208      12.4
2455500.36      13.6
2455501.25     13.9
2455501.6     14.0
2455503.392     13.08
2455505.393     13.00
2455506.45972     14.0
2455506.52789     14.317
2455507.23     13.8
2455507.27     14.0
2455508.57804     14.398
2455510.495      12.4
2455510.5     14.3
2455512.5097     13.9
2455514.33      13.6
2455514.52922     14.418
2455516.20     14.1
2455519.325     13.07
2455520.2778      12.3
2455520.55082     14.351
2455523.52533     14.375
2455526.20     14.2
2455526.2903      14.0
2455526.54141     14.327
2455527.36     12.90
2455527.50970     14.263
2455528.21     14.1
2455528.52388     14.242
2455529.361     12.80
2455529.6     13.6
2455533.337     12.68
2455534.53365     14.020
2455535.339     12.63
2455539.5     13.7
2455540.32      13.5
2455541.26     13.5
2455541.334     12.35
2455543.3069     13.8
2455543.342      13.6
2455543.51023     13.554
2455544.335     12.15
2455546.2583     13.8
2455546.325     12.02
2455548.304     11.90
2455552.55764      9.9
2455554.2410     13.0
2455557.268     11.51
2455563.253     13.02
2455564.21     12.6
2455564.265     12.5
2455566.25347      12.3
2455567.5     12.6
2455569.224     12.4
2455569.24861     12.2
2455569.26667     12.7
2455569.2667     12.7
2455571.2444     12.7
2455571.3     12.2
2455574.19     12.0
2455577.23     11.6
2455577.724     11.88
2455578.3      11.3
2455578.3056     11.8
2455579.718     11.79
2455580.217     12.2
2455582.225     12.1
2455582.2521     12.7
2455583.25347     12.1
2455584.20     11.4
2455585.702     11.60
2455590.2514     11.7
2455590.2583     11.9
2455590.71     11.6
2455592.9     11.7
2455594.691     10.97
2455596.31667     11.6
2455596.681     10.85
2455598.679     10.63
2455599.20     10.8
2455599.20     10.8
2455600.59     10.3
2455600.674     10.48
2455602.9     11.2
2455603.0     10.5
2455603.635     10.22
2455605.50     9.9
2455605.629     10.06
2455608.33472     10.1
2455608.57     9.7
2455611.612     9.42
2455613.712     9.7
2455613.9     9.4
2455615.32153     9.4
2455615.601     9.02
2455616.2451     9.4
2455617.6861     9.5
2455618.6528     9.5
2455619.58     7.0
2455619.60     9.6
2455620.0     9.0
2455620.603     8.71
2455621.4965     9.4
2455622.0     8.6
2455622.4438     9.0
2455622.66458     9.0
2455622.713     9.2
2455623.4472     9.0
2455623.7125     9.4
2455623.9     9.0
2455625.6549     8.9
2455626.661     8.72
2455627.60     7.5
2455627.6604     8.9
2455627.689     8.7
2455628.50     9.4
2455628.61     9.0
2455628.6576     8.4
2455628.688     8.6
2455629.6521     8.2
2455629.690     8.6
2455630.561     8.43
2455630.7     8.0
2455631.59     9.3
2455631.8     8.2
2455632.265     8.3
2455632.5896     8.2
2455634.60     8.0
2455635.31875     8.2
2455635.9     8.6
2455640.296     8.1
2455640.86458     8.4
2455642.5819     8.4
2455643.565     8.14
2455643.61     7.3
2455643.6139     8.4
2455644.338     8.2
2455644.4611     8.4
2455645.300     8.1
2455645.50     7.6
2455645.52     7.89
2455645.9     8.2
2455647.307     7.7
2455647.9     7.7
2455648.5771     8.1
2455648.648     7.7
2455649.5639     8.1
2455649.669     7.5
2455649.84931     8.5
