    119.5000     0.29252964E-03
    120.5000     0.33359832E-03
    121.5000     0.37948298E-03
    122.5000     0.43062575E-03
    123.5000     0.48749999E-03
    124.5000     0.55060926E-03
    125.5000     0.62048220E-03
    126.5000     0.69768372E-03
    127.5000     0.78280637E-03
    128.5000     0.87647868E-03
    129.5000     0.97934809E-03
    130.5000     0.10921103E-02
    131.5000     0.12154867E-02
    132.5000     0.13502274E-02
    133.5000     0.14971214E-02
    134.5000     0.16569908E-02
    135.5000     0.18306823E-02
    136.5000     0.20190794E-02
    137.5000     0.22231087E-02
    138.5000     0.24437078E-02
    139.5000     0.26818651E-02
    140.5000     0.29385914E-02
    141.5000     0.32149216E-02
    142.5000     0.35119336E-02
    143.5000     0.38307267E-02
    144.5000     0.41724238E-02
    145.5000     0.45381952E-02
    146.5000     0.49292156E-02
    147.5000     0.53466857E-02
    148.5000     0.57918471E-02
    149.5000     0.62659611E-02
    150.5000     0.67702839E-02
    151.5000     0.73061306E-02
    152.5000     0.78747999E-02
    153.5000     0.84776497E-02
    154.5000     0.91160117E-02
    155.5000     0.97912578E-02
    156.5000     0.10504760E-01
    157.5000     0.11257912E-01
    158.5000     0.12052109E-01
    159.5000     0.12888758E-01
    160.5000     0.13769292E-01
    161.5000     0.14695066E-01
    162.5000     0.15667606E-01
    163.5000     0.16688258E-01
    164.5000     0.17758435E-01
    165.5000     0.18879628E-01
    166.5000     0.20053156E-01
    167.5000     0.21280542E-01
    168.5000     0.22563117E-01
    169.5000     0.23902263E-01
    170.5000     0.25299448E-01
    171.5000     0.26755953E-01
    172.5000     0.28273176E-01
    173.5000     0.29852470E-01
    174.5000     0.31495132E-01
    175.5000     0.33202488E-01
    176.5000     0.34975842E-01
    177.5000     0.36816470E-01
    178.5000     0.38725469E-01
    179.5000     0.40704299E-01
    180.5000     0.42753972E-01
    181.5000     0.44875696E-01
    182.5000     0.47070593E-01
    183.5000     0.49339797E-01
    184.5000     0.51684436E-01
    185.5000     0.54105379E-01
    186.5000     0.56603801E-01
    187.5000     0.59180707E-01
    188.5000     0.61836854E-01
    189.5000     0.64573348E-01
    190.5000     0.67390800E-01
    191.5000     0.70290215E-01
    192.5000     0.73272497E-01
    193.5000     0.76338209E-01
    194.5000     0.79488091E-01
    195.5000     0.82722813E-01
    196.5000     0.86043015E-01
    197.5000     0.89449324E-01
    198.5000     0.92942327E-01
    199.5000     0.96522398E-01
    200.5000     0.10019013E+00
    201.5000     0.10394575E+00
    202.5000     0.10778987E+00
    203.5000     0.11172271E+00
    204.5000     0.11574444E+00
    205.5000     0.11985539E+00
    206.5000     0.12405609E+00
    207.5000     0.12834616E+00
    208.5000     0.13272603E+00
    209.5000     0.13719568E+00
    210.5000     0.14175515E+00
    211.5000     0.14640458E+00
    212.5000     0.15114346E+00
    213.5000     0.15597221E+00
    214.5000     0.16089046E+00
    215.5000     0.16589795E+00
    216.5000     0.17099471E+00
    217.5000     0.17618011E+00
    218.5000     0.18145403E+00
    219.5000     0.18681657E+00
    220.5000     0.19226655E+00
    221.5000     0.19780365E+00
    222.5000     0.20342816E+00
    223.5000     0.20913894E+00
    224.5000     0.21493551E+00
    225.5000     0.22081770E+00
    226.5000     0.22678398E+00
    227.5000     0.23283502E+00
    228.5000     0.23896901E+00
    229.5000     0.24518557E+00
    230.5000     0.25148436E+00
    231.5000     0.25786388E+00
    232.5000     0.26432386E+00
    233.5000     0.27086359E+00
    234.5000     0.27748179E+00
    235.5000     0.28417805E+00
    236.5000     0.29095039E+00
    237.5000     0.29779899E+00
    238.5000     0.30472231E+00
    239.5000     0.31171978E+00
    240.5000     0.31878957E+00
    241.5000     0.32593161E+00
    242.5000     0.33314401E+00
    243.5000     0.34042630E+00
    244.5000     0.34777689E+00
    245.5000     0.35519513E+00
    246.5000     0.36267871E+00
    247.5000     0.37022799E+00
    248.5000     0.37784079E+00
    249.5000     0.38551611E+00
    250.5000     0.39325306E+00
    251.5000     0.40105012E+00
    252.5000     0.40890536E+00
    253.5000     0.41681874E+00
    254.5000     0.42478758E+00
    255.5000     0.43281242E+00
    256.5000     0.44089040E+00
    257.5000     0.44902071E+00
    258.5000     0.45720229E+00
    259.5000     0.46543330E+00
    260.5000     0.47371283E+00
    261.5000     0.48203889E+00
    262.5000     0.49041036E+00
    263.5000     0.49882567E+00
    264.5000     0.50728482E+00
    265.5000     0.51578498E+00
    266.5000     0.52432567E+00
    267.5000     0.53290385E+00
    268.5000     0.54152054E+00
    269.5000     0.55017179E+00
    270.5000     0.55885863E+00
    271.5000     0.56757772E+00
    272.5000     0.57632917E+00
    273.5000     0.58511043E+00
    274.5000     0.59392077E+00
    275.5000     0.60275835E+00
    276.5000     0.61162204E+00
    277.5000     0.62051100E+00
    278.5000     0.62942296E+00
    279.5000     0.63835645E+00
    280.5000     0.64731097E+00
    281.5000     0.65628445E+00
    282.5000     0.66527539E+00
    283.5000     0.67428327E+00
    284.5000     0.68330562E+00
    285.5000     0.69234246E+00
    286.5000     0.70139188E+00
    287.5000     0.71045208E+00
    288.5000     0.71952170E+00
    289.5000     0.72859973E+00
    290.5000     0.73768467E+00
    291.5000     0.74677610E+00
    292.5000     0.75587142E+00
    293.5000     0.76497006E+00
    294.5000     0.77407163E+00
    295.5000     0.78317308E+00
    296.5000     0.79227412E+00
    297.5000     0.80137372E+00
    298.5000     0.81047040E+00
    299.5000     0.81956196E+00
    300.5000     0.82864887E+00
    301.5000     0.83772844E+00
    302.5000     0.84680086E+00
    303.5000     0.85586363E+00
    304.5000     0.86491764E+00
    305.5000     0.87395900E+00
    306.5000     0.88298869E+00
    307.5000     0.89200538E+00
    308.5000     0.90100664E+00
    309.5000     0.90999252E+00
    310.5000     0.91896224E+00
    311.5000     0.92791265E+00
    312.5000     0.93684530E+00
    313.5000     0.94575852E+00
    314.5000     0.95464921E+00
    315.5000     0.96351939E+00
    316.5000     0.97236663E+00
    317.5000     0.98118985E+00
    318.5000     0.98998773E+00
    319.5000     0.99876046E+00
    320.5000     0.10075055E+01
    321.5000     0.10162240E+01
    322.5000     0.10249141E+01
    323.5000     0.10335736E+01
    324.5000     0.10422044E+01
    325.5000     0.10508032E+01
    326.5000     0.10593708E+01
    327.5000     0.10679042E+01
    328.5000     0.10764052E+01
    329.5000     0.10848718E+01
    330.5000     0.10933024E+01
    331.5000     0.11016979E+01
    332.5000     0.11100570E+01
    333.5000     0.11183776E+01
    334.5000     0.11266607E+01
    335.5000     0.11349056E+01
    336.5000     0.11431108E+01
    337.5000     0.11512744E+01
    338.5000     0.11593986E+01
    339.5000     0.11674799E+01
    340.5000     0.11755208E+01
    341.5000     0.11835183E+01
    342.5000     0.11914715E+01
    343.5000     0.11993823E+01
    344.5000     0.12072481E+01
    345.5000     0.12150692E+01
    346.5000     0.12228436E+01
    347.5000     0.12305731E+01
    348.5000     0.12382553E+01
    349.5000     0.12458893E+01
    350.5000     0.12534773E+01
    351.5000     0.12610166E+01
    352.5000     0.12685064E+01
    353.5000     0.12759494E+01
    354.5000     0.12833416E+01
    355.5000     0.12906846E+01
    356.5000     0.12979761E+01
    357.5000     0.13052174E+01
    358.5000     0.13124074E+01
    359.5000     0.13195463E+01
    360.5000     0.13266340E+01
    361.5000     0.13336685E+01
    362.5000     0.13406508E+01
    363.5000     0.13475814E+01
    364.5000     0.13544577E+01
    365.5000     0.13612803E+01
    366.5000     0.13680507E+01
    367.5000     0.13747660E+01
    368.5000     0.13814270E+01
    369.5000     0.13880334E+01
    370.5000     0.13945862E+01
    371.5000     0.14010830E+01
    372.5000     0.14075249E+01
    373.5000     0.14139128E+01
    374.5000     0.14202434E+01
    375.5000     0.14265189E+01
    376.5000     0.14327375E+01
    377.5000     0.14389005E+01
    378.5000     0.14450089E+01
    379.5000     0.14510593E+01
    380.5000     0.14570526E+01
    381.5000     0.14629912E+01
    382.5000     0.14688720E+01
    383.5000     0.14746964E+01
    384.5000     0.14804633E+01
    385.5000     0.14861734E+01
    386.5000     0.14918264E+01
    387.5000     0.14974216E+01
    388.5000     0.15029614E+01
    389.5000     0.15084425E+01
    390.5000     0.15138655E+01
    391.5000     0.15192325E+01
    392.5000     0.15245420E+01
    393.5000     0.15297939E+01
    394.5000     0.15349885E+01
    395.5000     0.15401261E+01
    396.5000     0.15452048E+01
    397.5000     0.15502269E+01
    398.5000     0.15551916E+01
    399.5000     0.15601002E+01
    400.5000     0.15649496E+01
    401.5000     0.15697426E+01
    402.5000     0.15744792E+01
    403.5000     0.15791575E+01
    404.5000     0.15837786E+01
    405.5000     0.15883446E+01
    406.5000     0.15928510E+01
    407.5000     0.15973022E+01
    408.5000     0.16016965E+01
    409.5000     0.16060334E+01
    410.5000     0.16103151E+01
    411.5000     0.16145391E+01
    412.5000     0.16187080E+01
    413.5000     0.16228181E+01
    414.5000     0.16268750E+01
    415.5000     0.16308750E+01
    416.5000     0.16348181E+01
    417.5000     0.16387069E+01
    418.5000     0.16425391E+01
    419.5000     0.16463164E+01
    420.5000     0.16500396E+01
    421.5000     0.16537060E+01
    422.5000     0.16573174E+01
    423.5000     0.16608757E+01
    424.5000     0.16643783E+01
    425.5000     0.16678263E+01
    426.5000     0.16712203E+01
    427.5000     0.16745610E+01
    428.5000     0.16778470E+01
    429.5000     0.16810797E+01
    430.5000     0.16842592E+01
    431.5000     0.16873854E+01
    432.5000     0.16904582E+01
    433.5000     0.16934776E+01
    434.5000     0.16964456E+01
    435.5000     0.16993605E+01
    436.5000     0.17022234E+01
    437.5000     0.17050349E+01
    438.5000     0.17077932E+01
    439.5000     0.17105010E+01
    440.5000     0.17131569E+01
    441.5000     0.17157624E+01
    442.5000     0.17183180E+01
    443.5000     0.17208211E+01
    444.5000     0.17232745E+01
    445.5000     0.17256781E+01
    446.5000     0.17280315E+01
    447.5000     0.17303355E+01
    448.5000     0.17325896E+01
    449.5000     0.17347959E+01
    450.5000     0.17369529E+01
    451.5000     0.17390600E+01
    452.5000     0.17411209E+01
    453.5000     0.17431320E+01
    454.5000     0.17450961E+01
    455.5000     0.17470120E+01
    456.5000     0.17488816E+01
    457.5000     0.17507031E+01
    458.5000     0.17524787E+01
    459.5000     0.17542077E+01
    460.5000     0.17558899E+01
    461.5000     0.17575258E+01
    462.5000     0.17591172E+01
    463.5000     0.17606623E+01
    464.5000     0.17621629E+01
    465.5000     0.17636179E+01
    466.5000     0.17650299E+01
    467.5000     0.17663965E+01
    468.5000     0.17677189E+01
    469.5000     0.17689986E+01
    470.5000     0.17702328E+01
    471.5000     0.17714257E+01
    472.5000     0.17725754E+01
    473.5000     0.17736812E+01
    474.5000     0.17747464E+01
    475.5000     0.17757680E+01
    476.5000     0.17767483E+01
    477.5000     0.17776884E+01
    478.5000     0.17785859E+01
    479.5000     0.17794435E+01
    480.5000     0.17802596E+01
    481.5000     0.17810364E+01
    482.5000     0.17817714E+01
    483.5000     0.17824681E+01
    484.5000     0.17831252E+01
    485.5000     0.17837425E+01
    486.5000     0.17843212E+01
    487.5000     0.17848618E+01
    488.5000     0.17853627E+01
    489.5000     0.17858270E+01
    490.5000     0.17862533E+01
    491.5000     0.17866414E+01
    492.5000     0.17869918E+01
    493.5000     0.17873061E+01
    494.5000     0.17875845E+01
    495.5000     0.17878256E+01
    496.5000     0.17880310E+01
    497.5000     0.17881998E+01
    498.5000     0.17883344E+01
    499.5000     0.17884331E+01
    500.5000     0.17884972E+01
    501.5000     0.17885256E+01
    502.5000     0.17885208E+01
    503.5000     0.17884822E+01
    504.5000     0.17884082E+01
    505.5000     0.17883017E+01
    506.5000     0.17881613E+01
    507.5000     0.17879894E+01
    508.5000     0.17877834E+01
    509.5000     0.17875466E+01
    510.5000     0.17872759E+01
    511.5000     0.17869749E+01
    512.5000     0.17866404E+01
    513.5000     0.17862748E+01
    514.5000     0.17858797E+01
    515.5000     0.17854532E+01
    516.5000     0.17849962E+01
    517.5000     0.17845093E+01
    518.5000     0.17839921E+01
    519.5000     0.17834440E+01
    520.5000     0.17828679E+01
    521.5000     0.17822628E+01
    522.5000     0.17816280E+01
    523.5000     0.17809652E+01
    524.5000     0.17802742E+01
    525.5000     0.17795533E+01
    526.5000     0.17788059E+01
    527.5000     0.17780313E+01
    528.5000     0.17772286E+01
    529.5000     0.17764007E+01
    530.5000     0.17755433E+01
    531.5000     0.17746615E+01
    532.5000     0.17737520E+01
    533.5000     0.17728167E+01
    534.5000     0.17718561E+01
    535.5000     0.17708690E+01
    536.5000     0.17698579E+01
    537.5000     0.17688204E+01
    538.5000     0.17677597E+01
    539.5000     0.17666734E+01
    540.5000     0.17655640E+01
    541.5000     0.17644291E+01
    542.5000     0.17632698E+01
    543.5000     0.17620885E+01
    544.5000     0.17608838E+01
    545.5000     0.17596552E+01
    546.5000     0.17584046E+01
    547.5000     0.17571315E+01
    548.5000     0.17558352E+01
    549.5000     0.17545173E+01
    550.5000     0.17531766E+01
    551.5000     0.17518150E+01
    552.5000     0.17504330E+01
    553.5000     0.17490277E+01
    554.5000     0.17476023E+01
    555.5000     0.17461565E+01
    556.5000     0.17446899E+01
    557.5000     0.17432033E+01
    558.5000     0.17416966E+01
    559.5000     0.17401700E+01
    560.5000     0.17386227E+01
    561.5000     0.17370577E+01
    562.5000     0.17354730E+01
    563.5000     0.17338691E+01
    564.5000     0.17322458E+01
    565.5000     0.17306049E+01
    566.5000     0.17289454E+01
    567.5000     0.17272667E+01
    568.5000     0.17255712E+01
    569.5000     0.17238585E+01
    570.5000     0.17221279E+01
    571.5000     0.17203794E+01
    572.5000     0.17186141E+01
    573.5000     0.17168314E+01
    574.5000     0.17150333E+01
    575.5000     0.17132179E+01
    576.5000     0.17113860E+01
    577.5000     0.17095382E+01
    578.5000     0.17076761E+01
    579.5000     0.17057961E+01
    580.5000     0.17039008E+01
    581.5000     0.17019917E+01
    582.5000     0.17000664E+01
    583.5000     0.16981272E+01
    584.5000     0.16961715E+01
    585.5000     0.16942031E+01
    586.5000     0.16922188E+01
    587.5000     0.16902213E+01
    588.5000     0.16882097E+01
    589.5000     0.16861844E+01
    590.5000     0.16841451E+01
    591.5000     0.16820923E+01
    592.5000     0.16800271E+01
    593.5000     0.16779479E+01
    594.5000     0.16758569E+01
    595.5000     0.16737516E+01
    596.5000     0.16716353E+01
    597.5000     0.16695052E+01
    598.5000     0.16673636E+01
    599.5000     0.16652099E+01
    600.5000     0.16630439E+01
    601.5000     0.16608676E+01
    602.5000     0.16586781E+01
    603.5000     0.16564790E+01
    604.5000     0.16542670E+01
    605.5000     0.16520445E+01
    606.5000     0.16498116E+01
    607.5000     0.16475680E+01
    608.5000     0.16453134E+01
    609.5000     0.16430477E+01
    610.5000     0.16407728E+01
    611.5000     0.16384869E+01
    612.5000     0.16361926E+01
    613.5000     0.16338873E+01
    614.5000     0.16315715E+01
    615.5000     0.16292489E+01
    616.5001     0.16269147E+01
    617.5000     0.16245722E+01
    618.5000     0.16222211E+01
    619.5000     0.16198604E+01
    620.5000     0.16174903E+01
    621.5000     0.16151127E+01
    622.5000     0.16127266E+01
    623.5000     0.16103320E+01
    624.5000     0.16079289E+01
    625.5001     0.16055181E+01
    626.5001     0.16030993E+01
    627.5000     0.16006727E+01
    628.5000     0.15982380E+01
    629.5000     0.15957963E+01
    631.0000     0.15921203E+01
    633.0000     0.15871935E+01
    635.0001     0.15822392E+01
    637.0000     0.15772580E+01
    639.0000     0.15722517E+01
    641.0000     0.15672194E+01
    643.0000     0.15621645E+01
    645.0001     0.15570873E+01
    647.0000     0.15519874E+01
    649.0000     0.15468674E+01
    651.0000     0.15417272E+01
    653.0000     0.15365679E+01
    655.0001     0.15313900E+01
    657.0000     0.15261953E+01
    659.0000     0.15209841E+01
    661.0000     0.15157565E+01
    663.0000     0.15105149E+01
    665.0001     0.15052592E+01
    667.0000     0.14999897E+01
    669.0000     0.14947078E+01
    671.0000     0.14894147E+01
    673.0001     0.14841104E+01
    675.0000     0.14787949E+01
    677.0000     0.14734704E+01
    679.0000     0.14681364E+01
    681.0000     0.14627950E+01
    683.0001     0.14574457E+01
    685.0000     0.14520894E+01
    687.0000     0.14467274E+01
    689.0000     0.14413592E+01
    691.0000     0.14359862E+01
    693.0001     0.14306083E+01
    695.0000     0.14252274E+01
    697.0000     0.14198428E+01
    699.0000     0.14144547E+01
    701.0000     0.14090655E+01
    703.0001     0.14036745E+01
    705.0000     0.13982821E+01
    707.0000     0.13928903E+01
    709.0000     0.13874975E+01
    711.0000     0.13821057E+01
    713.0000     0.13767146E+01
    715.0000     0.13713247E+01
    717.0000     0.13659366E+01
    719.0000     0.13605514E+01
    721.0001     0.13551688E+01
    723.0000     0.13497896E+01
    725.0000     0.13444141E+01
    727.0000     0.13390429E+01
    729.0000     0.13336757E+01
    731.0001     0.13283134E+01
    733.0000     0.13229574E+01
    735.0000     0.13176063E+01
    737.0000     0.13122613E+01
    739.0000     0.13069224E+01
    741.0001     0.13015910E+01
    743.0000     0.12962667E+01
    745.0000     0.12909495E+01
    747.0000     0.12856411E+01
    749.0000     0.12803395E+01
    751.0001     0.12750468E+01
    753.0000     0.12697630E+01
    755.0000     0.12644879E+01
    757.0000     0.12592231E+01
    759.0001     0.12539670E+01
    761.0000     0.12487210E+01
    763.0000     0.12434857E+01
    765.0000     0.12382605E+01
    767.0000     0.12330462E+01
    769.0001     0.12278425E+01
    771.0000     0.12226505E+01
    773.0000     0.12174696E+01
    775.0000     0.12123003E+01
    777.0000     0.12071434E+01
    779.0001     0.12019982E+01
    781.0000     0.11968654E+01
    783.0000     0.11917452E+01
    785.0000     0.11866378E+01
    787.0000     0.11815434E+01
    789.0001     0.11764618E+01
    791.0000     0.11713942E+01
    793.0000     0.11663390E+01
    795.0000     0.11612982E+01
    797.0000     0.11562710E+01
    799.0001     0.11512581E+01
    801.0000     0.11462592E+01
    803.0000     0.11412745E+01
    805.0000     0.11363046E+01
    807.0001     0.11313487E+01
    809.0000     0.11264081E+01
    811.0000     0.11214826E+01
    813.0000     0.11165712E+01
    815.0000     0.11116755E+01
    817.0001     0.11067951E+01
    819.0000     0.11019299E+01
    821.0000     0.10970803E+01
    823.0000     0.10922462E+01
    825.0000     0.10874280E+01
    826.0001     0.10850245E+01
    828.0000     0.10802296E+01
    830.0000     0.10754510E+01
    832.0000     0.10706885E+01
    834.0000     0.10659417E+01
    836.0001     0.10612111E+01
    838.0000     0.10564975E+01
    840.0000     0.10517994E+01
    842.0000     0.10471183E+01
    844.0000     0.10424534E+01
    846.0001     0.10378052E+01
    848.0000     0.10331734E+01
    850.0000     0.10285584E+01
    852.0000     0.10239604E+01
    854.0000     0.10193788E+01
    856.0001     0.10148141E+01
    858.0000     0.10102668E+01
    860.0000     0.10057361E+01
    862.0000     0.10012221E+01
    864.0001     0.99672544E+00
    866.0001     0.99224603E+00
    868.0000     0.98778355E+00
    870.0000     0.98333830E+00
    872.0000     0.97891033E+00
    874.0001     0.97449863E+00
    876.0000     0.97010535E+00
    878.0000     0.96572906E+00
    880.0000     0.96136934E+00
    882.0000     0.95702761E+00
    884.0001     0.95270282E+00
    886.0000     0.94839537E+00
    888.0000     0.94410568E+00
    890.0000     0.93983281E+00
    892.0000     0.93557727E+00
    894.0001     0.93133944E+00
    896.0000     0.92711884E+00
    898.0000     0.92291552E+00
    900.0000     0.91872942E+00
    902.0000     0.91456121E+00
    904.0001     0.91040981E+00
    906.0000     0.90627593E+00
    908.0000     0.90215969E+00
    910.0000     0.89806044E+00
    912.0001     0.89397824E+00
    914.0000     0.88991421E+00
    916.0000     0.88586670E+00
    918.0000     0.88183671E+00
    920.0000     0.87782407E+00
    922.0001     0.87382865E+00
    924.0000     0.86985064E+00
    926.0000     0.86588949E+00
    928.0000     0.86194593E+00
    930.0000     0.85801899E+00
    932.0001     0.85410976E+00
    934.0000     0.85021758E+00
    936.0000     0.84634215E+00
    938.0000     0.84248418E+00
    940.0000     0.83864319E+00
    942.0001     0.83481932E+00
    944.0000     0.83101219E+00
    946.0000     0.82722205E+00
    948.0000     0.82344890E+00
    950.0001     0.81969249E+00
    952.0001     0.81595308E+00
    954.0000     0.81223065E+00
    956.0000     0.80852485E+00
    958.0000     0.80483603E+00
    960.0001     0.80116367E+00
    962.0000     0.79750782E+00
    964.0000     0.79386872E+00
    966.0000     0.79024637E+00
    968.0000     0.78664052E+00
    970.0001     0.78305107E+00
    972.0000     0.77947867E+00
    974.0000     0.77592212E+00
    976.0000     0.77238202E+00
    978.0000     0.76885831E+00
    980.0001     0.76535088E+00
    982.0000     0.76186001E+00
    984.0000     0.75838482E+00
    986.0000     0.75492603E+00
    988.0000     0.75148332E+00
    990.0001     0.74805677E+00
    992.0000     0.74464637E+00
    994.0000     0.74125171E+00
    996.0000     0.73787314E+00
    998.0001     0.73450994E+00
   1000.0001     0.73116297E+00
   1002.0000     0.72783202E+00
   1004.0000     0.72451639E+00
   1006.0000     0.72121668E+00
   1008.0001     0.71793211E+00
   1010.0000     0.71466374E+00
   1012.0000     0.71141040E+00
   1014.0000     0.70817286E+00
   1016.0000     0.70495051E+00
   1018.0001     0.70174325E+00
   1020.0000     0.69855183E+00
   1022.0000     0.69537544E+00
   1024.0000     0.69221431E+00
   1026.0000     0.68906796E+00
   1028.0000     0.68593723E+00
   1030.0000     0.68282109E+00
   1032.0000     0.67972016E+00
   1034.0000     0.67663395E+00
   1036.0000     0.67356265E+00
   1038.0000     0.67050612E+00
   1040.0000     0.66746455E+00
   1042.0000     0.66443765E+00
   1044.0000     0.66142488E+00
   1046.0000     0.65842730E+00
   1048.0000     0.65544385E+00
   1050.0000     0.65247506E+00
   1052.0000     0.64952058E+00
   1054.0000     0.64658010E+00
   1056.0000     0.64365470E+00
   1058.0000     0.64074302E+00
   1060.0000     0.63784552E+00
   1062.0000     0.63496208E+00
   1064.0000     0.63209301E+00
   1066.0000     0.62923765E+00
   1068.0000     0.62639636E+00
   1070.0000     0.62356883E+00
   1072.0000     0.62075537E+00
   1074.0000     0.61795539E+00
   1076.0000     0.61516911E+00
   1078.0000     0.61239666E+00
   1080.0000     0.60963768E+00
   1082.0000     0.60689241E+00
   1084.0000     0.60416043E+00
   1086.0000     0.60144174E+00
   1088.0000     0.59873670E+00
   1090.0000     0.59604490E+00
   1092.0000     0.59336603E+00
   1094.0000     0.59070075E+00
   1096.0000     0.58804858E+00
   1098.0000     0.58540922E+00
   1100.0000     0.58278298E+00
   1102.0000     0.58016956E+00
   1104.0000     0.57756943E+00
   1106.0000     0.57498163E+00
   1108.0000     0.57240683E+00
   1110.0000     0.56984490E+00
   1112.0000     0.56729537E+00
   1114.0000     0.56475842E+00
   1116.0000     0.56223422E+00
   1118.0000     0.55972248E+00
   1120.0000     0.55722302E+00
   1122.0000     0.55473602E+00
   1124.0000     0.55226135E+00
   1126.0000     0.54979897E+00
   1128.0000     0.54734856E+00
   1130.0000     0.54491055E+00
   1132.0000     0.54248452E+00
   1134.0000     0.54007047E+00
   1136.0000     0.53766853E+00
   1138.0000     0.53527838E+00
   1140.0000     0.53290021E+00
   1142.0000     0.53053361E+00
   1144.0000     0.52817899E+00
   1146.0000     0.52583617E+00
   1148.0000     0.52350467E+00
   1150.0000     0.52118498E+00
   1152.0000     0.51887655E+00
   1154.0000     0.51657993E+00
   1156.0000     0.51429439E+00
   1158.0000     0.51202035E+00
   1160.0000     0.50975764E+00
   1162.0000     0.50750613E+00
   1164.0000     0.50526595E+00
   1166.0000     0.50303662E+00
   1168.0000     0.50081867E+00
   1170.0000     0.49861148E+00
   1172.0000     0.49641550E+00
   1174.0000     0.49423024E+00
   1176.0000     0.49205595E+00
   1178.0000     0.48989260E+00
   1180.0000     0.48773977E+00
   1182.0000     0.48559785E+00
   1184.0000     0.48346660E+00
   1186.0000     0.48134571E+00
   1188.0000     0.47923556E+00
   1190.0000     0.47713578E+00
   1192.0000     0.47504658E+00
   1194.0000     0.47296780E+00
   1196.0000     0.47089916E+00
   1198.0000     0.46884087E+00
   1200.0000     0.46679285E+00
   1202.0000     0.46475509E+00
   1204.0000     0.46272737E+00
   1206.0000     0.46070963E+00
   1208.0000     0.45870206E+00
   1210.0000     0.45670441E+00
   1212.0000     0.45471686E+00
   1214.0000     0.45273891E+00
   1216.0000     0.45077100E+00
   1218.0000     0.44881284E+00
   1220.0000     0.44686425E+00
   1222.0000     0.44492558E+00
   1224.0000     0.44299647E+00
   1226.0000     0.44107676E+00
   1228.0000     0.43916669E+00
   1230.0000     0.43726617E+00
   1232.0001     0.43537501E+00
   1234.0001     0.43349332E+00
   1236.0000     0.43162110E+00
   1238.0000     0.42975795E+00
   1240.0000     0.42790404E+00
   1242.0000     0.42605942E+00
   1244.0000     0.42422381E+00
   1246.0000     0.42239729E+00
   1248.0000     0.42057997E+00
   1250.0000     0.41877154E+00
   1252.0001     0.41697213E+00
   1254.0000     0.41518191E+00
   1256.0000     0.41340023E+00
   1258.0000     0.41162726E+00
   1260.0000     0.40986338E+00
   1262.0000     0.40810800E+00
   1264.0000     0.40636140E+00
   1266.0000     0.40462336E+00
   1268.0000     0.40289402E+00
   1270.0001     0.40117320E+00
   1272.0001     0.39946094E+00
   1274.0000     0.39775708E+00
   1276.0000     0.39606163E+00
   1278.0000     0.39437467E+00
   1280.0000     0.39269584E+00
   1282.0000     0.39102530E+00
   1284.0000     0.38936317E+00
   1286.0000     0.38770911E+00
   1288.0000     0.38606331E+00
   1290.0001     0.38442558E+00
   1292.0000     0.38279587E+00
   1294.0000     0.38117430E+00
   1296.0000     0.37956065E+00
   1298.0000     0.37795499E+00
   1300.0000     0.37635720E+00
   1302.0000     0.37476721E+00
   1304.0000     0.37318504E+00
   1306.0000     0.37161073E+00
   1308.0001     0.37004411E+00
   1310.0001     0.36848518E+00
   1312.0000     0.36693409E+00
   1314.0000     0.36539036E+00
   1316.0000     0.36385432E+00
   1318.0000     0.36232582E+00
   1320.0000     0.36080480E+00
   1322.0000     0.35929117E+00
   1324.0000     0.35778514E+00
   1326.0000     0.35628626E+00
   1328.0001     0.35479483E+00
   1330.0001     0.35331076E+00
   1332.0000     0.35183385E+00
   1334.0000     0.35036430E+00
   1336.0000     0.34890190E+00
   1338.0000     0.34744653E+00
   1340.0000     0.34599835E+00
   1342.0000     0.34455729E+00
   1344.0000     0.34312320E+00
   1346.0001     0.34169608E+00
   1348.0001     0.34027597E+00
   1350.0000     0.33886284E+00
   1352.0000     0.33745649E+00
   1354.0000     0.33605704E+00
   1356.0000     0.33466437E+00
   1358.0000     0.33327842E+00
   1360.0000     0.33189937E+00
   1362.0000     0.33052695E+00
   1364.0000     0.32916123E+00
   1366.0001     0.32780206E+00
   1368.0001     0.32644957E+00
   1370.0000     0.32510364E+00
   1372.0000     0.32376432E+00
   1374.0000     0.32243136E+00
   1376.0000     0.32110491E+00
   1378.0000     0.31978488E+00
   1380.0000     0.31847122E+00
   1382.0000     0.31716397E+00
   1384.0001     0.31586286E+00
   1386.0001     0.31456831E+00
   1388.0000     0.31328002E+00
   1390.0000     0.31199792E+00
   1392.0000     0.31072187E+00
   1394.0000     0.30945206E+00
   1396.0000     0.30818829E+00
   1398.0000     0.30693066E+00
   1400.0000     0.30567920E+00
   1402.0000     0.30443361E+00
   1404.0001     0.30319405E+00
   1406.0001     0.30196056E+00
   1408.0000     0.30073306E+00
   1410.0000     0.29951122E+00
   1412.0000     0.29829547E+00
   1414.0000     0.29708552E+00
   1416.0000     0.29588127E+00
   1418.0000     0.29468289E+00
   1420.0000     0.29349023E+00
   1422.0000     0.29230332E+00
   1424.0001     0.29112199E+00
   1426.0000     0.28994650E+00
   1428.0000     0.28877643E+00
   1430.0000     0.28761211E+00
   1432.0000     0.28645331E+00
   1434.0000     0.28530002E+00
   1436.0000     0.28415224E+00
   1438.0000     0.28300992E+00
   1440.0000     0.28187305E+00
   1442.0001     0.28074169E+00
   1444.0001     0.27961567E+00
   1446.0000     0.27849507E+00
   1448.0000     0.27737972E+00
   1450.0000     0.27626973E+00
   1452.0000     0.27516499E+00
   1454.0000     0.27406552E+00
   1456.0000     0.27297121E+00
   1458.0000     0.27188215E+00
   1460.0000     0.27079824E+00
   1462.0001     0.26971945E+00
   1464.0001     0.26864582E+00
   1466.0000     0.26757735E+00
   1468.0000     0.26651379E+00
   1470.0000     0.26545537E+00
   1472.0000     0.26440182E+00
   1474.0000     0.26335338E+00
   1476.0000     0.26230988E+00
   1478.0000     0.26127124E+00
   1480.0001     0.26023751E+00
   1482.0001     0.25920871E+00
   1484.0000     0.25818479E+00
   1486.0000     0.25716564E+00
   1488.0000     0.25615132E+00
   1490.0000     0.25514165E+00
   1492.0000     0.25413680E+00
   1494.0000     0.25313678E+00
   1496.0000     0.25214127E+00
   1498.0000     0.25115055E+00
   1500.0001     0.25016445E+00
   1502.0001     0.24918295E+00
   1504.0000     0.24820615E+00
   1506.0000     0.24723382E+00
   1508.0000     0.24626611E+00
   1510.0000     0.24530281E+00
   1512.0000     0.24434413E+00
   1514.0000     0.24338995E+00
   1516.0000     0.24244013E+00
   1518.0001     0.24149477E+00
   1520.0001     0.24055381E+00
   1522.0000     0.23961729E+00
   1524.0000     0.23868515E+00
   1526.0000     0.23775730E+00
   1528.0000     0.23683375E+00
   1530.0000     0.23591448E+00
   1532.0000     0.23499948E+00
   1534.0000     0.23408885E+00
   1536.0000     0.23318230E+00
   1538.0001     0.23228002E+00
   1540.0001     0.23138189E+00
   1542.0000     0.23048803E+00
   1544.0000     0.22959822E+00
   1546.0000     0.22871250E+00
   1548.0000     0.22783098E+00
   1550.0000     0.22695340E+00
   1552.0000     0.22607993E+00
   1554.0000     0.22521055E+00
   1556.0001     0.22434510E+00
   1558.0001     0.22348368E+00
   1560.0000     0.22262627E+00
   1562.0000     0.22177272E+00
   1564.0000     0.22092316E+00
   1566.0000     0.22007748E+00
   1568.0000     0.21923566E+00
   1570.0000     0.21839774E+00
   1572.0000     0.21756366E+00
   1574.0000     0.21673343E+00
   1576.0001     0.21590701E+00
   1578.0001     0.21508433E+00
   1580.0000     0.21426547E+00
   1582.0000     0.21345037E+00
   1584.0000     0.21263893E+00
   1586.0000     0.21183118E+00
   1588.0000     0.21102718E+00
   1590.0000     0.21022683E+00
   1592.0000     0.20943013E+00
   1594.0000     0.20863704E+00
   1596.0001     0.20784758E+00
   1598.0001     0.20706178E+00
   1600.0000     0.20627956E+00
   1602.0000     0.20550078E+00
   1604.0000     0.20472567E+00
   1606.0000     0.20395392E+00
   1608.0000     0.20318580E+00
   1610.0000     0.20242111E+00
   1612.0000     0.20165986E+00
   1614.0001     0.20090212E+00
   1616.0001     0.20014781E+00
   1618.0000     0.19939691E+00
   1620.0000     0.19864938E+00
   1622.0000     0.19790526E+00
   1624.0000     0.19716440E+00
   1626.0000     0.19642697E+00
   1628.0000     0.19569288E+00
   1630.0000     0.19496204E+00
   1632.0000     0.19423452E+00
   1634.0001     0.19351029E+00
   1636.0001     0.19278927E+00
   1638.0000     0.19207159E+00
   1640.0000     0.19135705E+00
   1642.0000     0.19064575E+00
   1644.0000     0.18993758E+00
   1646.0000     0.18923266E+00
   1648.0000     0.18853088E+00
   1650.0000     0.18783224E+00
   1652.0001     0.18713668E+00
   1654.0001     0.18644424E+00
   1656.0000     0.18575497E+00
   1658.0000     0.18506877E+00
   1660.0000     0.18438557E+00
   1662.0000     0.18370546E+00
   1664.0000     0.18302834E+00
   1666.0000     0.18235423E+00
   1668.0000     0.18168314E+00
   1670.0000     0.18101504E+00
   1672.0001     0.18034992E+00
   1674.0001     0.17968774E+00
   1676.0000     0.17902856E+00
   1678.0000     0.17837223E+00
   1680.0000     0.17771883E+00
   1682.0000     0.17706838E+00
   1684.0000     0.17642070E+00
   1686.0000     0.17577595E+00
   1688.0000     0.17513403E+00
   1690.0001     0.17449495E+00
   1692.0001     0.17385870E+00
   1694.0000     0.17322531E+00
   1696.0000     0.17259464E+00
   1698.0000     0.17196679E+00
   1700.0000     0.17134164E+00
   1702.0000     0.17071930E+00
   1704.0000     0.17009972E+00
   1706.0000     0.16948277E+00
   1708.0000     0.16886863E+00
   1710.0001     0.16825713E+00
   1712.0001     0.16764827E+00
   1714.0000     0.16704223E+00
   1716.0000     0.16643873E+00
   1718.0000     0.16583787E+00
   1720.0000     0.16523969E+00
   1722.0000     0.16464406E+00
   1724.0000     0.16405106E+00
   1726.0000     0.16346067E+00
   1728.0001     0.16287284E+00
   1730.0001     0.16228759E+00
   1732.0001     0.16170485E+00
   1734.0000     0.16112472E+00
   1736.0000     0.16054708E+00
   1738.0000     0.15997194E+00
   1740.0000     0.15939930E+00
   1742.0000     0.15882912E+00
   1744.0000     0.15826148E+00
   1746.0000     0.15769625E+00
   1748.0001     0.15713343E+00
   1750.0001     0.15657313E+00
   1752.0000     0.15601526E+00
   1754.0000     0.15545978E+00
   1756.0000     0.15490669E+00
   1758.0000     0.15435597E+00
   1760.0000     0.15380761E+00
   1762.0000     0.15326166E+00
   1764.0000     0.15271808E+00
   1766.0000     0.15217680E+00
   1768.0001     0.15163785E+00
   1770.0001     0.15110128E+00
   1772.0000     0.15056697E+00
   1774.0000     0.15003496E+00
   1776.0000     0.14950524E+00
   1778.0000     0.14897779E+00
   1780.0000     0.14845255E+00
   1782.0000     0.14792964E+00
   1784.0000     0.14740889E+00
   1786.0001     0.14689045E+00
   1788.0001     0.14637418E+00
   1790.0000     0.14586017E+00
   1792.0000     0.14534828E+00
   1794.0000     0.14483860E+00
   1796.0000     0.14433111E+00
   1798.0000     0.14382578E+00
   1800.0000     0.14332257E+00
   1802.0000     0.14282154E+00
   1804.0000     0.14232264E+00
   1806.0001     0.14182581E+00
   1808.0001     0.14133114E+00
   1810.0000     0.14083862E+00
   1812.0000     0.14034808E+00
   1814.0000     0.13985968E+00
   1816.0000     0.13937333E+00
   1818.0000     0.13888903E+00
   1820.0000     0.13840680E+00
   1822.0000     0.13792658E+00
   1824.0001     0.13744837E+00
   1826.0001     0.13697226E+00
   1828.0000     0.13649815E+00
   1830.0000     0.13602598E+00
   1832.0000     0.13555580E+00
   1834.0000     0.13508764E+00
   1836.0000     0.13462141E+00
   1838.0000     0.13415718E+00
   1840.0000     0.13369487E+00
   1842.0000     0.13323452E+00
   1844.0001     0.13277608E+00
   1846.0001     0.13231954E+00
   1848.0000     0.13186499E+00
   1850.0000     0.13141230E+00
   1852.0000     0.13096151E+00
   1854.0000     0.13051260E+00
   1856.0000     0.13006558E+00
   1858.0000     0.12962037E+00
   1860.0000     0.12917705E+00
   1862.0001     0.12873557E+00
   1864.0001     0.12829597E+00
   1866.0001     0.12785821E+00
   1868.0000     0.12742224E+00
   1870.0000     0.12698808E+00
   1872.0000     0.12655571E+00
   1874.0000     0.12612517E+00
   1876.0000     0.12569638E+00
   1878.0000     0.12526941E+00
   1880.0000     0.12484419E+00
   1882.0001     0.12442070E+00
   1884.0001     0.12399901E+00
   1886.0000     0.12357906E+00
   1888.0000     0.12316082E+00
   1890.0000     0.12274434E+00
   1892.0000     0.12232953E+00
   1894.0000     0.12191642E+00
   1896.0000     0.12150508E+00
   1898.0000     0.12109540E+00
   1900.0001     0.12068740E+00
   1902.0001     0.12028106E+00
   1904.0001     0.11987644E+00
   1906.0000     0.11947348E+00
   1908.0000     0.11907216E+00
   1910.0000     0.11867249E+00
   1912.0000     0.11827444E+00
   1914.0000     0.11787802E+00
   1916.0000     0.11748325E+00
   1918.0000     0.11709006E+00
   1920.0001     0.11669851E+00
   1922.0001     0.11630853E+00
   1924.0000     0.11592016E+00
   1926.0000     0.11553340E+00
   1928.0000     0.11514816E+00
   1930.0000     0.11476453E+00
   1932.0000     0.11438244E+00
   1934.0000     0.11400193E+00
   1936.0000     0.11362293E+00
   1938.0000     0.11324550E+00
   1940.0001     0.11286958E+00
   1942.0001     0.11249520E+00
   1944.0000     0.11212238E+00
   1946.0000     0.11175103E+00
   1948.0000     0.11138117E+00
   1950.0000     0.11101282E+00
   1952.0000     0.11064596E+00
   1954.0000     0.11028057E+00
   1956.0000     0.10991667E+00
   1958.0001     0.10955423E+00
   1960.0001     0.10919324E+00
   1962.0000     0.10883377E+00
   1964.0000     0.10847569E+00
   1966.0000     0.10811906E+00
   1968.0000     0.10776385E+00
   1970.0000     0.10741007E+00
   1972.0000     0.10705771E+00
   1974.0000     0.10670680E+00
   1976.0000     0.10635727E+00
   1978.0001     0.10600916E+00
   1980.0001     0.10566241E+00
   1982.0000     0.10531709E+00
   1984.0000     0.10497313E+00
   1986.0000     0.10463055E+00
   1988.0000     0.10428934E+00
   1990.0000     0.10394945E+00
   1992.0000     0.10361098E+00
   1994.0000     0.10327382E+00
   1996.0001     0.10293800E+00
   1998.0001     0.10260353E+00
   2000.0001     0.10227039E+00
   2002.0000     0.10193861E+00
   2004.0000     0.10160811E+00
   2006.0000     0.10127892E+00
   2008.0000     0.10095103E+00
   2010.0000     0.10062445E+00
   2012.0000     0.10029918E+00
   2014.0000     0.99975191E-01
   2016.0001     0.99652439E-01
   2018.0001     0.99331014E-01
   2020.0000     0.99010877E-01
   2022.0000     0.98691955E-01
   2024.0000     0.98374300E-01
   2026.0000     0.98057911E-01
   2028.0000     0.97742781E-01
   2030.0000     0.97428858E-01
   2032.0000     0.97116202E-01
   2034.0001     0.96804745E-01
   2036.0001     0.96494518E-01
   2038.0001     0.96185550E-01
   2040.0000     0.95877774E-01
   2042.0000     0.95571190E-01
   2044.0000     0.95265813E-01
   2046.0000     0.94961658E-01
   2048.0000     0.94658658E-01
   2050.0000     0.94356835E-01
   2052.0000     0.94056204E-01
   2054.0000     0.93756743E-01
   2056.0000     0.93458496E-01
   2058.0000     0.93161389E-01
   2060.0000     0.92865430E-01
   2062.0000     0.92570618E-01
   2064.0000     0.92276975E-01
   2066.0000     0.91984451E-01
   2068.0000     0.91693066E-01
   2070.0000     0.91402821E-01
   2072.0000     0.91113694E-01
   2074.0000     0.90825707E-01
   2076.0000     0.90538822E-01
   2078.0000     0.90253062E-01
   2080.0000     0.89968406E-01
   2082.0000     0.89684837E-01
   2084.0000     0.89402392E-01
   2086.0000     0.89121006E-01
   2088.0000     0.88840708E-01
   2090.0000     0.88561512E-01
   2092.0000     0.88283405E-01
   2094.0000     0.88006333E-01
   2096.0000     0.87730356E-01
   2098.0000     0.87455444E-01
   2100.0000     0.87181561E-01
   2102.0000     0.86908735E-01
   2104.0000     0.86636975E-01
   2106.0000     0.86366229E-01
   2108.0000     0.86096533E-01
   2110.0000     0.85827909E-01
   2112.0000     0.85560300E-01
   2114.0000     0.85293673E-01
   2116.0000     0.85028119E-01
   2118.0000     0.84763572E-01
   2120.0000     0.84499992E-01
   2122.0000     0.84237449E-01
   2124.0000     0.83975896E-01
   2126.0000     0.83715387E-01
   2128.0000     0.83455823E-01
   2130.0000     0.83197244E-01
   2132.0000     0.82939662E-01
   2134.0000     0.82683057E-01
   2136.0000     0.82427442E-01
   2138.0000     0.82172789E-01
   2140.0000     0.81919089E-01
   2142.0000     0.81666358E-01
   2144.0000     0.81414610E-01
   2146.0000     0.81163779E-01
   2148.0000     0.80913909E-01
   2150.0000     0.80664970E-01
   2152.0000     0.80416992E-01
   2154.0000     0.80169976E-01
   2156.0000     0.79923853E-01
   2158.0000     0.79678677E-01
   2160.0000     0.79434402E-01
   2162.0000     0.79191096E-01
   2164.0000     0.78948662E-01
   2166.0000     0.78707144E-01
   2168.0000     0.78466549E-01
   2170.0000     0.78226827E-01
   2172.0000     0.77988021E-01
   2174.0000     0.77750139E-01
   2176.0000     0.77513151E-01
   2178.0000     0.77277034E-01
   2180.0000     0.77041775E-01
   2182.0000     0.76807424E-01
   2184.0000     0.76573938E-01
   2186.0000     0.76341338E-01
   2188.0000     0.76109588E-01
   2190.0000     0.75878732E-01
   2192.0000     0.75648725E-01
   2194.0000     0.75419568E-01
   2196.0000     0.75191274E-01
   2198.0000     0.74963816E-01
   2200.0000     0.74737206E-01
   2202.0000     0.74511431E-01
   2204.0000     0.74286513E-01
   2206.0000     0.74062422E-01
   2208.0000     0.73839188E-01
   2210.0000     0.73616743E-01
   2212.0000     0.73395140E-01
   2214.0000     0.73174357E-01
   2216.0000     0.72954394E-01
   2218.0000     0.72735235E-01
   2220.0000     0.72516903E-01
   2222.0000     0.72299354E-01
   2224.0000     0.72082616E-01
   2226.0000     0.71866684E-01
   2228.0000     0.71651533E-01
   2230.0000     0.71437202E-01
   2232.0000     0.71223654E-01
   2234.0000     0.71010873E-01
   2236.0000     0.70798881E-01
   2238.0000     0.70587680E-01
   2240.0000     0.70377238E-01
   2242.0000     0.70167571E-01
   2244.0000     0.69958672E-01
   2246.0000     0.69750555E-01
   2248.0000     0.69543190E-01
   2250.0000     0.69336593E-01
   2252.0000     0.69130741E-01
   2254.0000     0.68925634E-01
   2256.0000     0.68721279E-01
   2258.0000     0.68517670E-01
   2260.0000     0.68314813E-01
   2262.0000     0.68112686E-01
   2264.0000     0.67911305E-01
   2266.0000     0.67710645E-01
   2268.0000     0.67510724E-01
   2270.0000     0.67311533E-01
   2272.0000     0.67113064E-01
   2274.0000     0.66915303E-01
   2276.0000     0.66718273E-01
   2278.0000     0.66521950E-01
   2280.0000     0.66326350E-01
   2282.0000     0.66131450E-01
   2284.0000     0.65937236E-01
   2286.0000     0.65743752E-01
   2288.0000     0.65550968E-01
   2290.0000     0.65358877E-01
   2292.0000     0.65167479E-01
   2294.0000     0.64976752E-01
   2296.0000     0.64786740E-01
   2298.0000     0.64597391E-01
   2300.0000     0.64408742E-01
   2302.0000     0.64220749E-01
   2304.0000     0.64033441E-01
   2306.0000     0.63846812E-01
   2308.0000     0.63660875E-01
   2310.0000     0.63475564E-01
   2312.0000     0.63290939E-01
   2314.0000     0.63106984E-01
   2316.0000     0.62923670E-01
   2318.0000     0.62741011E-01
   2320.0000     0.62559016E-01
   2322.0000     0.62377650E-01
   2324.0000     0.62196963E-01
   2326.0000     0.62016915E-01
   2328.0000     0.61837506E-01
   2330.0000     0.61658729E-01
   2332.0000     0.61480593E-01
   2334.0000     0.61303101E-01
   2336.0000     0.61126232E-01
   2338.0000     0.60949978E-01
   2340.0000     0.60774360E-01
   2342.0000     0.60599379E-01
   2344.0000     0.60425010E-01
   2346.0000     0.60251258E-01
   2348.0000     0.60078122E-01
   2350.0000     0.59905596E-01
   2352.0000     0.59733685E-01
   2354.0000     0.59562392E-01
   2356.0000     0.59391700E-01
   2358.0000     0.59221603E-01
   2360.0000     0.59052102E-01
   2362.0000     0.58883212E-01
   2364.0000     0.58714926E-01
   2366.0000     0.58547206E-01
   2368.0000     0.58380105E-01
   2370.0000     0.58213577E-01
   2372.0000     0.58047630E-01
   2374.0000     0.57882268E-01
   2376.0000     0.57717491E-01
   2378.0000     0.57553303E-01
   2380.0000     0.57389669E-01
   2382.0000     0.57226624E-01
   2384.0000     0.57064153E-01
   2386.0000     0.56902252E-01
   2388.0000     0.56740917E-01
   2390.0000     0.56580130E-01
   2392.0000     0.56419917E-01
   2394.0000     0.56260254E-01
   2396.0000     0.56101162E-01
   2398.0000     0.55942621E-01
   2400.0000     0.55784624E-01
   2402.0000     0.55627178E-01
   2404.0000     0.55470306E-01
   2406.0000     0.55313956E-01
   2408.0000     0.55158161E-01
   2410.0000     0.55002890E-01
   2412.0000     0.54848168E-01
   2414.0000     0.54693993E-01
   2416.0000     0.54540336E-01
   2418.0000     0.54387219E-01
   2420.0000     0.54234628E-01
   2422.0000     0.54082580E-01
   2424.0000     0.53931057E-01
   2426.0000     0.53780049E-01
   2428.0000     0.53629547E-01
   2430.0000     0.53479601E-01
   2432.0000     0.53330142E-01
   2434.0000     0.53181224E-01
   2436.0000     0.53032789E-01
   2438.0000     0.52884873E-01
   2440.0000     0.52737471E-01
   2442.0000     0.52590605E-01
   2444.0000     0.52444208E-01
   2446.0000     0.52298315E-01
   2448.0000     0.52152943E-01
   2450.0000     0.52008063E-01
   2452.0000     0.51863655E-01
   2454.0000     0.51719774E-01
   2456.0000     0.51576368E-01
   2458.0000     0.51433444E-01
   2460.0000     0.51291041E-01
   2462.0000     0.51149111E-01
   2464.0002     0.51007658E-01
   2466.0002     0.50866697E-01
   2468.0002     0.50726213E-01
   2470.0000     0.50586224E-01
   2472.0000     0.50446711E-01
   2474.0000     0.50307650E-01
   2476.0000     0.50169073E-01
   2478.0000     0.50030969E-01
   2480.0000     0.49893327E-01
   2482.0000     0.49756143E-01
   2484.0000     0.49619451E-01
   2486.0000     0.49483199E-01
   2488.0000     0.49347430E-01
   2490.0000     0.49212109E-01
   2492.0000     0.49077231E-01
   2494.0000     0.48942838E-01
   2496.0000     0.48808891E-01
   2498.0000     0.48675396E-01
   2500.0000     0.48542347E-01
   2520.0000     0.47236331E-01
   2540.0002     0.45973450E-01
   2560.0000     0.44752080E-01
   2580.0002     0.43570574E-01
   2600.0000     0.42427439E-01
   2620.0002     0.41321166E-01
   2640.0000     0.40250380E-01
   2660.0002     0.39213728E-01
   2680.0000     0.38209930E-01
   2700.0000     0.37237771E-01
   2720.0000     0.36296036E-01
   2740.0000     0.35383638E-01
   2760.0000     0.34499478E-01
   2780.0000     0.33642545E-01
   2800.0000     0.32811813E-01
   2820.0000     0.32006361E-01
   2840.0000     0.31225285E-01
   2860.0000     0.30467700E-01
   2880.0000     0.29732767E-01
   2900.0000     0.29019704E-01
   2920.0000     0.28327716E-01
   2940.0000     0.27656095E-01
   2960.0002     0.27004102E-01
   2980.0000     0.26371084E-01
   3000.0002     0.25756368E-01
   3020.0000     0.25159342E-01
   3040.0002     0.24579393E-01
   3060.0000     0.24015950E-01
   3080.0002     0.23468450E-01
   3100.0000     0.22936368E-01
   3120.0000     0.22419186E-01
   3140.0000     0.21916393E-01
   3160.0000     0.21427540E-01
   3180.0000     0.20952152E-01
   3200.0000     0.20489808E-01
   3220.0000     0.20040058E-01
   3240.0000     0.19602509E-01
   3260.0000     0.19176768E-01
   3280.0000     0.18762466E-01
   3300.0000     0.18359220E-01
   3320.0000     0.17966695E-01
   3340.0000     0.17584544E-01
   3360.0000     0.17212447E-01
   3380.0002     0.16850084E-01
   3400.0000     0.16497161E-01
   3420.0002     0.16153380E-01
   3440.0000     0.15818467E-01
   3460.0002     0.15492140E-01
   3480.0000     0.15174146E-01
   3500.0002     0.14864227E-01
   3520.0000     0.14562143E-01
   3540.0002     0.14267657E-01
   3560.0000     0.13980542E-01
   3580.0000     0.13700582E-01
   3600.0000     0.13427558E-01
   3620.0000     0.13161279E-01
   3640.0000     0.12901531E-01
   3660.0000     0.12648134E-01
   3680.0000     0.12400897E-01
   3700.0000     0.12159649E-01
   3720.0000     0.11924211E-01
   3740.0000     0.11694426E-01
   3760.0000     0.11470122E-01
   3780.0000     0.11251153E-01
   3800.0002     0.11037354E-01
   3820.0000     0.10828596E-01
   3840.0002     0.10624728E-01
   3860.0000     0.10425619E-01
   3880.0002     0.10231129E-01
   3900.0000     0.10041143E-01
   3920.0002     0.98555246E-02
   3940.0000     0.96741617E-02
   3960.0002     0.94969338E-02
   3980.0000     0.93237348E-02
   4000.0002     0.91544502E-02
   4020.0000     0.89889765E-02
   4040.0000     0.88272151E-02
   4060.0000     0.86690588E-02
   4080.0000     0.85144173E-02
   4100.0000     0.83631976E-02
   4120.0000     0.82153073E-02
   4140.0000     0.80706635E-02
   4160.0000     0.79291779E-02
   4180.0000     0.77907685E-02
   4200.0000     0.76553556E-02
   4220.0000     0.75228624E-02
   4240.0000     0.73932158E-02
   4260.0000     0.72663389E-02
   4280.0000     0.71421652E-02
   4300.0000     0.70206239E-02
   4320.0000     0.69016507E-02
   4340.0000     0.67851772E-02
   4360.0000     0.66711446E-02
   4380.0000     0.65594916E-02
   4400.0000     0.64501572E-02
   4420.0000     0.63430835E-02
   4440.0000     0.62382179E-02
   4460.0000     0.61355028E-02
   4480.0000     0.60348879E-02
   4500.0000     0.59363218E-02
   4520.0000     0.58397525E-02
   4540.0000     0.57451348E-02
   4560.0000     0.56524198E-02
   4580.0000     0.55615637E-02
   4600.0000     0.54725204E-02
   4620.0000     0.53852475E-02
   4640.0000     0.52997028E-02
   4660.0000     0.52158460E-02
   4680.0000     0.51336354E-02
   4700.0000     0.50530364E-02
   4720.0000     0.49740081E-02
   4740.0000     0.48965146E-02
   4760.0000     0.48205205E-02
   4780.0000     0.47459919E-02
   4800.0000     0.46728947E-02
   4820.0000     0.46011964E-02
   4840.0000     0.45308634E-02
   4860.0000     0.44618682E-02
   4880.0000     0.43941755E-02
   4900.0000     0.43277615E-02
   4920.0000     0.42625922E-02
   4940.0000     0.41986448E-02
   4960.0000     0.41358881E-02
   4980.0000     0.40742960E-02
   5000.0000     0.40138438E-02
   5050.0000     0.38675391E-02
   5100.0000     0.37278249E-02
   5150.0000     0.35943503E-02
   5200.0000     0.34667861E-02
   5250.0000     0.33448199E-02
   5300.0000     0.32281589E-02
   5350.0000     0.31165320E-02
   5400.0000     0.30096793E-02
   5450.0000     0.29073579E-02
   5500.0000     0.28093420E-02
   5550.0005     0.27154135E-02
   5600.0000     0.26253725E-02
   5650.0000     0.25390270E-02
   5700.0005     0.24561950E-02
   5750.0000     0.23767091E-02
   5800.0000     0.23004087E-02
   5850.0005     0.22271387E-02
   5900.0000     0.21567605E-02
   5950.0000     0.20891360E-02
   6000.0005     0.20241365E-02
   6050.0000     0.19616424E-02
   6100.0000     0.19015382E-02
   6150.0005     0.18437146E-02
   6200.0000     0.17880704E-02
   6250.0000     0.17345065E-02
   6300.0000     0.16829306E-02
   6350.0000     0.16332553E-02
   6400.0000     0.15853974E-02
   6450.0000     0.15392763E-02
   6500.0000     0.14948193E-02
   6550.0000     0.14519539E-02
   6600.0000     0.14106114E-02
   6650.0000     0.13707286E-02
   6700.0000     0.13322440E-02
   6750.0000     0.12950988E-02
   6800.0000     0.12592379E-02
   6850.0005     0.12246082E-02
   6900.0000     0.11911599E-02
   6950.0000     0.11588442E-02
   7000.0005     0.11276160E-02
   7050.0000     0.10974316E-02
   7100.0000     0.10682497E-02
   7150.0005     0.10400300E-02
   7200.0000     0.10127351E-02
   7250.0000     0.98632928E-03
   7300.0005     0.96077705E-03
   7350.0000     0.93604700E-03
   7400.0000     0.91210613E-03
   7450.0005     0.88892528E-03
   7500.0000     0.86647586E-03
   7550.0000     0.84473001E-03
   7600.0005     0.82366099E-03
   7650.0000     0.80324442E-03
   7700.0000     0.78345620E-03
   7750.0000     0.76427287E-03
   7800.0000     0.74567262E-03
   7850.0000     0.72763459E-03
   7900.0000     0.71013812E-03
   7950.0000     0.69316389E-03
   8000.0005     0.67669316E-03
   8050.0000     0.66070893E-03
   8100.0000     0.64519315E-03
   8150.0005     0.63012983E-03
   8200.0000     0.61550346E-03
   8250.0000     0.60129864E-03
   8300.0000     0.58750087E-03
   8350.0000     0.57409640E-03
   8400.0000     0.56107173E-03
   8450.0000     0.54841384E-03
   8500.0000     0.53611112E-03
   8550.0000     0.52415096E-03
   8600.0000     0.51252230E-03
   8650.0000     0.50121400E-03
   8700.0000     0.49021596E-03
   8750.0000     0.47951753E-03
   8800.0000     0.46910925E-03
   8850.0000     0.45898152E-03
   8900.0000     0.44912563E-03
   8950.0000     0.43953263E-03
   9000.0000     0.43019440E-03
   9050.0000     0.42110239E-03
   9100.0000     0.41224947E-03
   9150.0000     0.40362775E-03
   9200.0000     0.39522996E-03
   9250.0000     0.38704940E-03
   9300.0000     0.37907937E-03
   9350.0000     0.37131322E-03
   9400.0000     0.36374494E-03
   9450.0000     0.35636834E-03
   9500.0000     0.34917769E-03
   9550.0000     0.34216742E-03
   9600.0000     0.33533198E-03
   9650.0000     0.32866627E-03
   9700.0000     0.32216546E-03
   9750.0000     0.31582438E-03
   9800.0000     0.30963856E-03
   9850.0010     0.30360330E-03
   9900.0000     0.29771435E-03
   9950.0000     0.29196739E-03
  10000.0000     0.28635823E-03
  11000.0000     0.19790320E-03
  12000.0010     0.14110611E-03
  13000.0000     0.10329546E-03
  14000.0010     0.77340454E-04
  15000.0000     0.59047874E-04
  16000.0010     0.45856839E-04
  17000.0000     0.36151618E-04
  18000.0000     0.28883096E-04
  19000.0000     0.23352699E-04
  20000.0000     0.19084717E-04
  25000.0000     0.79169458E-05
  30000.0000     0.38503022E-05
  35000.0000     0.20908221E-05
  40000.0000     0.12311265E-05
  50000.0000     0.50745075E-06
  60000.0000     0.24574590E-06
  80000.0000     0.78162699E-07
 100000.0000     0.32115771E-07
 120000.0000     0.15520253E-07
 150000.0000     0.63703420E-08
 200000.0000     0.20198139E-08
 250000.0000     0.82834945E-09
 300000.0000     0.39980808E-09
 400000.0000     0.12663211E-09
1000000.0000     0.32479158E-11
